20:12:13,07:02:31
0.0
0.0
0.0
0.0
0.0
3.0
-54.0
-47.0
-42.0
-8.0
-18.0
-29.0
-19.0
-42.0
-35.0
-8.0
-10.0
-46.0
-21.0
-8.0
-10.0
3.0
-19.0
-5.0
4.0
-4.0
-11.0
-31.0
-21.0
-1.0
-3.0
-24.0
-18.0
-23.0
-14.0
5.0
-2.0
4.0
-5.0
9.0
6.0
11.0
4.0
-11.0
6.0
-12.0
-13.0
-5.0
-25.0
-34.0
-35.0
-27.0
-8.0
-9.0
17.0
31.0
24.0
18.0
-10.0
1.0
-7.0
-11.0
-17.0
-20.0
-32.0
-31.0
-21.0
-7.0
-13.0
-2.0
-5.0
1.0
-48.0
-14.0
-11.0
-14.0
-15.0
-8.0
-16.0
13.0
19.0
-1.0
-52.0
-35.0
-13.0
1.0
15.0
-1.0
-14.0
-21.0
-6.0
-38.0
8.0
-4.0
25.0
9.0
-16.0
-4.0
-33.0
-17.0
11.0
-5.0
-34.0
-21.0
-20.0
17.0
-25.0
2.0
23.0
-11.0
-38.0
17.0
-18.0
-21.0
17.0
13.0
-20.0
2.0
10.0
-27.0
-21.0
-32.0
-13.0
-11.0
-10.0
37.0
-7.0
-2.0
10.0
31.0
6.0
7.0
-18.0
-25.0
-15.0
-37.0
-8.0
6.0
-4.0
30.0
-1.0
-6.0
24.0
2.0
46.0
-29.0
42.0
20.0
-137.0
-283.0
-313.0
-313.0
252.0
313.0
313.0
313.0
313.0
282.0
187.0
147.0
145.0
106.0
50.0
34.0
-19.0
-68.0
-82.0
-73.0
-87.0
-106.0
-86.0
-68.0
-73.0
-59.0
-82.0
-67.0
-52.0
-72.0
-70.0
-84.0
-89.0
-56.0
-110.0
-46.0
-68.0
-48.0
-35.0
-18.0
-40.0
-33.0
-36.0
-2.0
-28.0
-18.0
-26.0
-19.0
-25.0
-17.0
-29.0
-42.0
-48.0
-10.0
-23.0
-20.0
-30.0
-27.0
-20.0
-15.0
-14.0
8.0
13.0
-5.0
2.0
-18.0
-18.0
-14.0
33.0
-33.0
-6.0
-14.0
-6.0
5.0
-5.0
-7.0
-31.0
5.0
-10.0
-10.0
-23.0
-30.0
-25.0
-15.0
4.0
42.0
-2.0
-5.0
5.0
-7.0
-2.0
-32.0
-16.0
-24.0
-22.0
-41.0
-22.0
3.0
22.0
23.0
9.0
27.0
27.0
12.0
-55.0
0.0
6.0
7.0
4.0
27.0
36.0
7.0
-5.0
32.0
6.0
-22.0
-14.0
-27.0
0.0
-6.0
-6.0
-25.0
-57.0
12.0
6.0
-9.0
-15.0
14.0
15.0
-3.0
6.0
24.0
15.0
14.0
26.0
22.0
12.0
12.0
24.0
-5.0
-5.0
-20.0
-4.0
-17.0
16.0
-13.0
17.0
11.0
28.0
-17.0
-13.0
-13.0
-32.0
-22.0
-11.0
-17.0
-1.0
18.0
-40.0
12.0
-5.0
-9.0
8.0
-17.0
-20.0
1.0
-18.0
-32.0
-3.0
-18.0
-29.0
-5.0
1.0
38.0
40.0
34.0
10.0
22.0
17.0
-6.0
28.0
-17.0
-10.0
-32.0
-60.0
-42.0
-42.0
-30.0
2.0
-10.0
-23.0
-37.0
-48.0
-42.0
-38.0
-55.0
-14.0
-25.0
3.0
-7.0
8.0
20.0
13.0
8.0
19.0
12.0
20.0
29.0
6.0
3.0
24.0
-5.0
22.0
5.0
6.0
-2.0
10.0
8.0
0.0
0.0
16.0
28.0
5.0
4.0
3.0
-23.0
0.0
40.0
-1.0
-10.0
6.0
-12.0
-10.0
19.0
14.0
-3.0
-20.0
-9.0
-2.0
-6.0
40.0
-13.0
-5.0
-26.0
-22.0
-46.0
-2.0
49.0
17.0
11.0
4.0
26.0
9.0
-45.0
30.0
-48.0
-44.0
-33.0
-40.0
-10.0
17.0
42.0
-20.0
-45.0
-29.0
16.0
30.0
-35.0
13.0
-16.0
43.0
-27.0
-12.0
6.0
-10.0
18.0
2.0
8.0
14.0
-13.0
45.0
22.0
17.0
31.0
12.0
-19.0
-3.0
2.0
-22.0
13.0
-11.0
-18.0
12.0
-35.0
-13.0
-31.0
17.0
-27.0
10.0
30.0
23.0
4.0
18.0
8.0
-11.0
22.0
-3.0
-29.0
-19.0
-17.0
-2.0
4.0
-3.0
24.0
13.0
-8.0
3.0
-10.0
6.0
-17.0
-2.0
-20.0
4.0
-28.0
-37.0
-55.0
-21.0
9.0
11.0
-39.0
-7.0
-20.0
-38.0
-2.0
-3.0
6.0
9.0
-24.0
47.0
-11.0
-7.0
11.0
-26.0
-27.0
-12.0
-28.0
6.0
13.0
11.0
19.0
-3.0
-19.0
-12.0
6.0
-5.0
21.0
-5.0
-1.0
19.0
6.0
12.0
4.0
-8.0
-1.0
-7.0
15.0
3.0
-1.0
-4.0
-10.0
18.0
-11.0
15.0
5.0
23.0
-1.0
41.0
19.0
4.0
12.0
-13.0
-11.0
-25.0
-25.0
0.0
-19.0
32.0
23.0
37.0
-3.0
-15.0
-1.0
0.0
-2.0
-3.0
-16.0
2.0
26.0
10.0
10.0
-7.0
-14.0
-26.0
-3.0
-47.0
-42.0
-47.0
12.0
7.0
-15.0
-12.0
-15.0
-40.0
-39.0
2.0
-38.0
-25.0
11.0
4.0
-10.0
4.0
15.0
24.0
6.0
-2.0
4.0
-5.0
-14.0
-7.0
-5.0
-17.0
-14.0
-25.0
-3.0
-6.0
-7.0
8.0
29.0
0.0
12.0
-18.0
12.0
6.0
12.0
-6.0
-34.0
8.0
-4.0
16.0
-18.0
-17.0
-1.0
-20.0
-25.0
-16.0
2.0
6.0
23.0
-16.0
-19.0
0.0
-11.0
14.0
9.0
-16.0
6.0
-1.0
24.0
-10.0
6.0
18.0
-25.0
-28.0
-23.0
-12.0
-2.0
16.0
-35.0
-24.0
7.0
6.0
18.0
13.0
15.0
-7.0
-13.0
-5.0
10.0
16.0
15.0
-3.0
-15.0
-5.0
12.0
37.0
3.0
-18.0
-24.0
0.0
5.0
7.0
-1.0
11.0
-10.0
11.0
-10.0
-7.0
-8.0
-31.0
-17.0
-23.0
22.0
16.0
-17.0
-21.0
-9.0
-12.0
13.0
24.0
23.0
10.0
-15.0
-20.0
-12.0
-21.0
14.0
4.0
3.0
42.0
125.0
41.0
-72.0
-49.0
-72.0
-10.0
6.0
-27.0
-8.0
-5.0
-35.0
-36.0
-14.0
-11.0
-31.0
26.0
4.0
11.0
-10.0
2.0
32.0
-14.0
9.0
13.0
-7.0
-17.0
-18.0
-24.0
-16.0
-4.0
21.0
11.0
19.0
35.0
24.0
40.0
5.0
-5.0
0.0
-15.0
3.0
1.0
12.0
16.0
11.0
8.0
2.0
-22.0
-28.0
-29.0
-23.0
-12.0
-5.0
-8.0
-10.0
-19.0
-1.0
10.0
26.0
15.0
-9.0
-17.0
-8.0
-10.0
-37.0
-6.0
-16.0
-16.0
18.0
23.0
-17.0
-3.0
-1.0
12.0
0.0
-16.0
-10.0
3.0
-3.0
2.0
8.0
-14.0
5.0
-1.0
-27.0
-30.0
-23.0
-10.0
-13.0
-1.0
-21.0
-7.0
-3.0
-4.0
-5.0
21.0
-3.0
1.0
-3.0
16.0
-16.0
12.0
-11.0
-11.0
37.0
1.0
7.0
-19.0
12.0
-26.0
-33.0
-17.0
-49.0
-30.0
-24.0
6.0
0.0
0.0
2.0
5.0
-1.0
-7.0
17.0
18.0
-15.0
-19.0
-31.0
7.0
8.0
-3.0
0.0
6.0
0.0
6.0
18.0
12.0
5.0
-24.0
-11.0
-33.0
-1.0
-10.0
-20.0
-10.0
-18.0
-2.0
4.0
-2.0
3.0
2.0
12.0
-15.0
-21.0
-12.0
90.0
3.0
-13.0
-8.0
16.0
-13.0
-27.0
5.0
-59.0
-47.0
-5.0
0.0
-4.0
-28.0
-4.0
10.0
-12.0
1.0
-3.0
-6.0
-6.0
-9.0
-28.0
1.0
10.0
18.0
9.0
5.0
-52.0
-27.0
-3.0
-10.0
30.0
32.0
22.0
-5.0
1.0
8.0
13.0
18.0
1.0
15.0
-25.0
-36.0
-6.0
-18.0
-9.0
-8.0
-35.0
-30.0
-9.0
-15.0
-36.0
-5.0
1.0
8.0
9.0
25.0
9.0
7.0
-6.0
-14.0
-4.0
-1.0
2.0
-17.0
-36.0
-3.0
3.0
-32.0
-25.0
2.0
-26.0
0.0
-17.0
-39.0
4.0
6.0
-13.0
-2.0
12.0
-13.0
2.0
32.0
35.0
20.0
-3.0
24.0
-10.0
-7.0
-35.0
-21.0
-19.0
1.0
0.0
10.0
-2.0
2.0
-5.0
-41.0
-37.0
-17.0
-10.0
10.0
-11.0
-15.0
-8.0
-26.0
34.0
30.0
0.0
-9.0
-57.0
-90.0
-57.0
-51.0
-8.0
-22.0
-29.0
-14.0
-31.0
-48.0
-13.0
-36.0
-40.0
-38.0
-27.0
-45.0
-46.0
-34.0
-52.0
-43.0
37.0
59.0
9.0
45.0
86.0
76.0
26.0
31.0
27.0
16.0
15.0
24.0
22.0
-8.0
24.0
17.0
4.0
1.0
13.0
14.0
-2.0
7.0
-12.0
20.0
2.0
5.0
17.0
28.0
16.0
6.0
-7.0
-9.0
-22.0
-8.0
4.0
-4.0
-17.0
-33.0
1.0
-25.0
-39.0
-1.0
-29.0
-32.0
-51.0
-50.0
-38.0
-39.0
-2.0
5.0
12.0
4.0
25.0
13.0
10.0
7.0
7.0
12.0
14.0
-11.0
0.0
-20.0
7.0
14.0
18.0
9.0
19.0
5.0
18.0
-23.0
-9.0
-15.0
-2.0
-7.0
1.0
-20.0
-2.0
-23.0
-24.0
-22.0
-28.0
-6.0
9.0
29.0
21.0
11.0
1.0
-10.0
2.0
-27.0
-2.0
-19.0
-15.0
-3.0
2.0
11.0
2.0
-5.0
-7.0
3.0
-7.0
0.0
-23.0
-39.0
-29.0
11.0
-13.0
-30.0
28.0
-3.0
4.0
6.0
-19.0
-5.0
27.0
6.0
-3.0
-9.0
7.0
-20.0
8.0
-3.0
9.0
-31.0
-34.0
5.0
-8.0
-4.0
25.0
8.0
3.0
-22.0
7.0
-9.0
-18.0
0.0
3.0
5.0
9.0
18.0
23.0
8.0
-5.0
0.0
-13.0
3.0
-4.0
-15.0
16.0
3.0
16.0
-8.0
-4.0
26.0
7.0
-4.0
-30.0
-2.0
15.0
10.0
-2.0
-31.0
-28.0
-18.0
-11.0
-11.0
-11.0
-13.0
0.0
-10.0
8.0
-7.0
12.0
-2.0
-10.0
22.0
-2.0
13.0
-13.0
-46.0
-29.0
-16.0
-2.0
-15.0
-18.0
3.0
28.0
9.0
-4.0
-3.0
-34.0
17.0
-9.0
7.0
-5.0
12.0
9.0
13.0
-18.0
-13.0
-35.0
8.0
30.0
23.0
-21.0
-18.0
-7.0
-22.0
7.0
4.0
-18.0
-42.0
-18.0
2.0
-4.0
18.0
13.0
-12.0
8.0
10.0
20.0
4.0
-3.0
-10.0
-24.0
-2.0
-26.0
-19.0
-17.0
-26.0
-13.0
-7.0
-12.0
11.0
6.0
14.0
18.0
17.0
11.0
-20.0
-21.0
-24.0
-4.0
18.0
-52.0
-40.0
-24.0
-25.0
-15.0
3.0
-4.0
-16.0
10.0
34.0
0.0
-25.0
-29.0
-41.0
-33.0
16.0
2.0
29.0
1.0
2.0
-10.0
-28.0
-20.0
-6.0
-11.0
-18.0
-1.0
-19.0
-5.0
3.0
17.0
18.0
-13.0
-8.0
-3.0
-5.0
-13.0
-7.0
-10.0
-19.0
-8.0
-11.0
28.0
17.0
2.0
-4.0
0.0
-6.0
-16.0
-12.0
-29.0
8.0
-11.0
-24.0
-5.0
-4.0
-38.0
-9.0
12.0
0.0
-4.0
33.0
32.0
29.0
9.0
-35.0
-31.0
-20.0
-16.0
20.0
0.0
-8.0
-23.0
15.0
-9.0
2.0
-39.0
-17.0
10.0
50.0
22.0
5.0
-26.0
-2.0
-1.0
-5.0
-13.0
11.0
-35.0
-7.0
-15.0
-29.0
-15.0
-4.0
-16.0
-18.0
4.0
-1.0
-11.0
7.0
-4.0
-3.0
11.0
-17.0
17.0
10.0
-25.0
-10.0
3.0
13.0
13.0
15.0
-30.0
0.0
-3.0
-37.0
-14.0
-4.0
-16.0
-15.0
-2.0
-8.0
-26.0
-15.0
-24.0
-1.0
-6.0
-5.0
-6.0
0.0
14.0
-11.0
-30.0
-22.0
1.0
-8.0
16.0
-4.0
-30.0
-25.0
-28.0
1.0
-44.0
-29.0
25.0
10.0
22.0
0.0
-14.0
7.0
13.0
5.0
-4.0
-5.0
5.0
-5.0
1.0
-5.0
7.0
-42.0
11.0
39.0
23.0
20.0
-4.0
-26.0
-2.0
-21.0
-2.0
-3.0
-29.0
-32.0
-11.0
-16.0
-3.0
-2.0
-6.0
-7.0
-29.0
-11.0
-6.0
8.0
-10.0
1.0
6.0
-12.0
-1.0
5.0
-5.0
-25.0
-4.0
37.0
52.0
49.0
-12.0
16.0
-10.0
4.0
-1.0
-1.0
-11.0
-25.0
-11.0
-22.0
6.0
24.0
2.0
-1.0
1.0
21.0
21.0
1.0
-56.0
-12.0
-10.0
-20.0
-6.0
-7.0
-10.0
-32.0
-31.0
-11.0
-2.0
-22.0
11.0
18.0
-3.0
28.0
2.0
24.0
6.0
-7.0
-1.0
7.0
-22.0
-37.0
-21.0
-23.0
2.0
-9.0
-16.0
5.0
-8.0
-27.0
9.0
1.0
9.0
34.0
40.0
13.0
4.0
-10.0
2.0
12.0
10.0
-10.0
25.0
-21.0
-12.0
-12.0
-6.0
-32.0
-66.0
-45.0
-64.0
-91.0
-72.0
-4.0
-97.0
-19.0
-36.0
-27.0
-26.0
-30.0
-50.0
-45.0
-26.0
-13.0
19.0
9.0
7.0
36.0
8.0
31.0
52.0
0.0
1.0
-17.0
-28.0
1.0
-19.0
-33.0
28.0
26.0
-17.0
36.0
28.0
79.0
26.0
35.0
2.0
0.0
-18.0
17.0
9.0
23.0
1.0
24.0
3.0
-19.0
-6.0
-32.0
-18.0
-12.0
12.0
0.0
34.0
18.0
-4.0
-12.0
4.0
22.0
37.0
32.0
30.0
35.0
37.0
32.0
-8.0
-3.0
-20.0
-20.0
-23.0
-13.0
6.0
-12.0
-36.0
14.0
-14.0
-7.0
-35.0
-9.0
-14.0
-40.0
-8.0
-9.0
-24.0
-20.0
-13.0
-37.0
25.0
-33.0
-12.0
-8.0
24.0
2.0
-3.0
-8.0
-21.0
-31.0
-8.0
-44.0
-60.0
-50.0
-71.0
-4.0
-12.0
-9.0
14.0
-24.0
20.0
4.0
10.0
-34.0
8.0
-21.0
-17.0
-11.0
-27.0
-29.0
-10.0
-13.0
-5.0
-8.0
-1.0
29.0
-26.0
10.0
-4.0
5.0
-25.0
13.0
-4.0
1.0
-7.0
11.0
10.0
-21.0
-3.0
-16.0
-30.0
-11.0
39.0
29.0
-6.0
-29.0
-1.0
24.0
-11.0
-14.0
-5.0
1.0
-12.0
7.0
-19.0
2.0
9.0
30.0
19.0
23.0
2.0
-7.0
-16.0
9.0
-13.0
3.0
10.0
20.0
-3.0
-22.0
8.0
5.0
-13.0
11.0
-30.0
18.0
-32.0
11.0
12.0
-42.0
-6.0
-18.0
-66.0
-57.0
-30.0
15.0
0.0
-11.0
-17.0
-11.0
-29.0
-31.0
-13.0
-3.0
-25.0
-12.0
4.0
18.0
-2.0
10.0
15.0
0.0
-10.0
-9.0
16.0
15.0
25.0
-24.0
-18.0
-23.0
21.0
-28.0
-62.0
-46.0
5.0
6.0
-23.0
-14.0
1.0
-17.0
0.0
-19.0
-42.0
-21.0
-16.0
12.0
18.0
31.0
11.0
19.0
56.0
27.0
9.0
30.0
8.0
-3.0
-18.0
11.0
3.0
4.0
-17.0
-37.0
-30.0
-34.0
-28.0
-57.0
-9.0
-24.0
3.0
11.0
4.0
14.0
-35.0
-11.0
-15.0
10.0
-18.0
-32.0
-3.0
-6.0
-3.0
-5.0
-19.0
-18.0
1.0
-29.0
-8.0
6.0
9.0
-12.0
-1.0
2.0
21.0
5.0
23.0
14.0
8.0
9.0
-13.0
21.0
7.0
-5.0
0.0
15.0
13.0
-3.0
-18.0
7.0
15.0
-40.0
-23.0
-30.0
-7.0
-37.0
-20.0
-2.0
23.0
12.0
8.0
-36.0
-15.0
-2.0
-8.0
-17.0
-6.0
0.0
-19.0
8.0
-11.0
-20.0
1.0
-15.0
-27.0
-41.0
-22.0
-13.0
-18.0
-13.0
6.0
6.0
-10.0
6.0
-29.0
-33.0
-28.0
-11.0
0.0
9.0
44.0
-11.0
-23.0
-20.0
-16.0
-12.0
-5.0
-14.0
-30.0
-22.0
-15.0
-17.0
-33.0
7.0
-6.0
9.0
-31.0
-18.0
6.0
1.0
16.0
25.0
11.0
5.0
4.0
0.0
-1.0
-5.0
7.0
18.0
-4.0
11.0
-2.0
4.0
22.0
33.0
9.0
13.0
6.0
-11.0
-6.0
-28.0
-4.0
4.0
-8.0
-22.0
-5.0
-29.0
-11.0
-23.0
-16.0
-8.0
-20.0
-11.0
-9.0
-11.0
11.0
8.0
13.0
28.0
15.0
18.0
34.0
8.0
-4.0
-11.0
1.0
-2.0
-17.0
3.0
9.0
21.0
2.0
-21.0
21.0
5.0
0.0
-22.0
-7.0
-12.0
11.0
-12.0
-34.0
-15.0
-20.0
0.0
-16.0
-39.0
-12.0
4.0
14.0
-19.0
1.0
7.0
29.0
13.0
5.0
41.0
-1.0
18.0
-11.0
15.0
-5.0
26.0
-15.0
-13.0
-51.0
-39.0
-15.0
27.0
38.0
-5.0
-8.0
-27.0
-12.0
-2.0
3.0
0.0
9.0
-5.0
1.0
-13.0
-24.0
-18.0
4.0
3.0
5.0
-20.0
-18.0
-8.0
-59.0
-21.0
-9.0
-21.0
-61.0
-49.0
-5.0
-11.0
-27.0
18.0
28.0
-10.0
0.0
-25.0
-24.0
-12.0
-35.0
11.0
-10.0
-3.0
1.0
-16.0
-9.0
20.0
2.0
8.0
-27.0
7.0
3.0
-22.0
-27.0
-8.0
2.0
26.0
-10.0
-17.0
-4.0
-9.0
33.0
28.0
18.0
30.0
14.0
47.0
20.0
-7.0
7.0
19.0
18.0
6.0
-24.0
-5.0
-21.0
0.0
-25.0
-46.0
-49.0
14.0
29.0
16.0
14.0
-3.0
-6.0
25.0
-2.0
-12.0
-4.0
-25.0
-27.0
-23.0
-19.0
6.0
-27.0
-5.0
-22.0
-17.0
12.0
18.0
-23.0
-16.0
-14.0
-23.0
-7.0
-13.0
-7.0
-23.0
2.0
-6.0
-8.0
-35.0
11.0
21.0
57.0
18.0
-5.0
10.0
32.0
12.0
-23.0
-31.0
-2.0
11.0
-35.0
-8.0
-9.0
-7.0
-16.0
-19.0
18.0
-13.0
23.0
-5.0
-1.0
6.0
-33.0
-22.0
12.0
-16.0
30.0
9.0
-3.0
0.0
-4.0
10.0
20.0
14.0
-9.0
-12.0
7.0
-9.0
-12.0
-15.0
-10.0
15.0
0.0
9.0
-9.0
-16.0
-32.0
-19.0
12.0
-3.0
-5.0
14.0
11.0
16.0
26.0
17.0
-39.0
-26.0
4.0
-16.0
-13.0
-23.0
-15.0
-17.0
0.0
-33.0
11.0
-27.0
-11.0
7.0
12.0
-19.0
7.0
2.0
-26.0
-33.0
-6.0
-25.0
18.0
33.0
18.0
2.0
5.0
-28.0
22.0
1.0
20.0
9.0
-15.0
4.0
-23.0
-6.0
8.0
12.0
23.0
5.0
13.0
-4.0
-23.0
-21.0
-16.0
-9.0
-17.0
4.0
-11.0
16.0
2.0
-4.0
-16.0
-5.0
-19.0
-23.0
14.0
11.0
3.0
2.0
-28.0
38.0
7.0
9.0
7.0
-9.0
4.0
17.0
2.0
-17.0
-12.0
-15.0
17.0
5.0
1.0
-43.0
-30.0
-33.0
-7.0
-20.0
-15.0
-29.0
-28.0
-28.0
-14.0
-11.0
-14.0
17.0
36.0
1.0
5.0
13.0
26.0
-9.0
3.0
7.0
-14.0
14.0
-30.0
-4.0
-13.0
-16.0
-17.0
-9.0
-21.0
-20.0
-12.0
-26.0
-6.0
-42.0
-9.0
-11.0
-19.0
6.0
8.0
8.0
-21.0
-3.0
2.0
12.0
-3.0
0.0
2.0
-6.0
-7.0
-35.0
-20.0
-21.0
13.0
-12.0
-35.0
18.0
4.0
-4.0
9.0
6.0
15.0
11.0
-12.0
-4.0
-10.0
-13.0
-16.0
3.0
-12.0
-1.0
8.0
-6.0
-21.0
-19.0
-22.0
-14.0
-6.0
-9.0
-1.0
-18.0
7.0
-26.0
-15.0
25.0
17.0
13.0
23.0
-20.0
-3.0
2.0
-4.0
-7.0
21.0
-29.0
-20.0
-29.0
6.0
8.0
-19.0
-15.0
0.0
-2.0
-28.0
7.0
-23.0
0.0
-8.0
-17.0
-26.0
-23.0
4.0
-7.0
-25.0
-31.0
13.0
-6.0
15.0
-5.0
-3.0
6.0
4.0
2.0
6.0
-30.0
4.0
-5.0
-18.0
15.0
1.0
-50.0
-22.0
-5.0
-37.0
-4.0
8.0
-13.0
13.0
26.0
17.0
1.0
5.0
10.0
-2.0
-10.0
-10.0
-25.0
13.0
8.0
28.0
13.0
-29.0
-42.0
-13.0
-6.0
-19.0
-24.0
-18.0
-17.0
-9.0
-24.0
-28.0
0.0
-14.0
12.0
-14.0
-23.0
-20.0
-33.0
10.0
7.0
7.0
7.0
31.0
8.0
1.0
-21.0
4.0
-2.0
-43.0
-35.0
-20.0
-1.0
5.0
24.0
-16.0
16.0
26.0
1.0
4.0
-2.0
-12.0
-14.0
-30.0
-25.0
0.0
26.0
-24.0
-7.0
-13.0
-26.0
-17.0
-9.0
-29.0
-14.0
-16.0
17.0
6.0
0.0
-2.0
-12.0
-11.0
2.0
-1.0
8.0
37.0
17.0
-22.0
2.0
7.0
-34.0
-39.0
-36.0
-13.0
11.0
-15.0
10.0
-15.0
-20.0
-29.0
-29.0
-19.0
-19.0
18.0
22.0
33.0
1.0
-20.0
7.0
7.0
-2.0
4.0
10.0
22.0
9.0
-5.0
11.0
9.0
-2.0
-10.0
-1.0
3.0
-17.0
-15.0
-20.0
17.0
31.0
-4.0
-21.0
-27.0
-25.0
-44.0
-16.0
-13.0
-18.0
8.0
-14.0
-13.0
2.0
23.0
-1.0
7.0
-17.0
-12.0
17.0
25.0
13.0
-14.0
-23.0
-28.0
-26.0
15.0
-17.0
3.0
-29.0
-15.0
-9.0
6.0
-39.0
-23.0
-17.0
-9.0
-14.0
-23.0
-33.0
-5.0
-2.0
-20.0
-6.0
-12.0
-5.0
-5.0
-6.0
-18.0
-42.0
-50.0
-11.0
-35.0
-7.0
-11.0
-36.0
-9.0
-8.0
-5.0
-7.0
32.0
57.0
5.0
15.0
34.0
34.0
-36.0
-13.0
15.0
5.0
-3.0
-12.0
7.0
-8.0
-1.0
-30.0
11.0
-18.0
25.0
-3.0
-22.0
-2.0
-3.0
-23.0
-36.0
-2.0
-15.0
-16.0
-23.0
-7.0
-19.0
-2.0
7.0
16.0
18.0
16.0
8.0
15.0
15.0
-2.0
-9.0
-14.0
5.0
12.0
-2.0
-8.0
-3.0
-11.0
-5.0
10.0
2.0
-18.0
-24.0
9.0
1.0
-10.0
-6.0
-22.0
-14.0
-2.0
2.0
-6.0
33.0
33.0
4.0
-18.0
5.0
-13.0
28.0
-26.0
-13.0
-30.0
2.0
-3.0
11.0
-26.0
-13.0
-16.0
-22.0
-22.0
-40.0
-15.0
-9.0
-22.0
-17.0
-6.0
23.0
22.0
20.0
1.0
16.0
43.0
20.0
38.0
14.0
3.0
-3.0
-2.0
-9.0
-5.0
33.0
21.0
-10.0
29.0
-1.0
-2.0
7.0
-1.0
-13.0
-26.0
-9.0
5.0
6.0
-2.0
0.0
-49.0
-39.0
-26.0
-3.0
-6.0
4.0
-25.0
-3.0
-47.0
19.0
-24.0
0.0
-5.0
0.0
4.0
4.0
7.0
5.0
-20.0
-8.0
-5.0
-20.0
-32.0
-7.0
-5.0
4.0
9.0
21.0
-15.0
-21.0
-37.0
-5.0
-27.0
-52.0
-30.0
-20.0
9.0
23.0
-9.0
-7.0
-10.0
-23.0
-24.0
-16.0
-4.0
15.0
33.0
26.0
-19.0
17.0
6.0
55.0
30.0
-11.0
6.0
-23.0
-28.0
-20.0
72.0
13.0
-11.0
-40.0
-29.0
17.0
-5.0
4.0
6.0
-6.0
-40.0
60.0
-11.0
-41.0
-10.0
13.0
63.0
8.0
9.0
1.0
6.0
-2.0
9.0
37.0
39.0
26.0
22.0
-1.0
-3.0
-24.0
-5.0
-19.0
-18.0
-14.0
-15.0
-23.0
-31.0
-17.0
-23.0
-15.0
-29.0
-18.0
-4.0
11.0
3.0
-5.0
-4.0
19.0
14.0
-6.0
-3.0
16.0
-8.0
-8.0
-20.0
-4.0
-10.0
-4.0
-19.0
-18.0
3.0
4.0
-6.0
-6.0
-15.0
-27.0
-43.0
0.0
6.0
-5.0
-20.0
30.0
2.0
21.0
24.0
-10.0
15.0
-5.0
2.0
-13.0
1.0
8.0
2.0
-15.0
-13.0
13.0
35.0
-10.0
9.0
0.0
12.0
28.0
2.0
-15.0
-12.0
-9.0
-15.0
-4.0
-35.0
-22.0
-26.0
-26.0
2.0
-13.0
-8.0
7.0
-20.0
-10.0
-16.0
9.0
-15.0
-18.0
1.0
-34.0
-16.0
23.0
-17.0
-4.0
-9.0
0.0
2.0
2.0
-30.0
4.0
11.0
-10.0
-27.0
0.0
-36.0
-9.0
-27.0
7.0
-2.0
29.0
15.0
6.0
35.0
-4.0
-18.0
2.0
-15.0
-10.0
-9.0
-7.0
-16.0
29.0
6.0
49.0
11.0
4.0
-5.0
20.0
4.0
7.0
6.0
-16.0
-15.0
-9.0
-1.0
-5.0
-12.0
-5.0
16.0
-18.0
-8.0
5.0
-16.0
-21.0
5.0
-22.0
9.0
-16.0
-2.0
14.0
17.0
-3.0
13.0
6.0
24.0
-14.0
-30.0
-21.0
-12.0
-15.0
-8.0
-20.0
13.0
7.0
-5.0
11.0
14.0
17.0
1.0
-30.0
-35.0
-31.0
-12.0
-28.0
4.0
-12.0
20.0
-12.0
-1.0
-2.0
-2.0
-17.0
7.0
-42.0
-15.0
-25.0
-19.0
-18.0
-4.0
18.0
15.0
11.0
17.0
1.0
-17.0
6.0
0.0
22.0
16.0
8.0
21.0
-19.0
-12.0
-8.0
-11.0
19.0
-3.0
-4.0
34.0
-1.0
-11.0
12.0
-41.0
-52.0
-12.0
-27.0
2.0
18.0
19.0
9.0
0.0
-2.0
1.0
-35.0
-9.0
-31.0
-7.0
24.0
-5.0
-2.0
8.0
5.0
-8.0
-3.0
30.0
-89.0
-52.0
-94.0
-35.0
-75.0
-14.0
37.0
-17.0
27.0
3.0
53.0
3.0
17.0
18.0
63.0
11.0
-5.0
16.0
-57.0
-14.0
-17.0
-28.0
-17.0
-10.0
-28.0
-45.0
1.0
6.0
59.0
45.0
-13.0
32.0
26.0
91.0
76.0
29.0
46.0
14.0
-313.0
-313.0
70.0
313.0
313.0
313.0
313.0
313.0
313.0
313.0
313.0
271.0
156.0
101.0
45.0
17.0
-27.0
-35.0
-103.0
-152.0
-173.0
-182.0
-191.0
-187.0
-166.0
-169.0
-180.0
-161.0
-164.0
-161.0
-152.0
-123.0
-100.0
-73.0
-71.0
-99.0
-101.0
-95.0
-79.0
-101.0
-75.0
-72.0
-55.0
-90.0
-81.0
-57.0
-96.0
-84.0
-71.0
-95.0
-71.0
-74.0
-40.0
-24.0
-28.0
-13.0
-13.0
3.0
-9.0
8.0
3.0
1.0
-32.0
-31.0
-6.0
-17.0
-24.0
-22.0
-47.0
-21.0
-7.0
-19.0
-26.0
-11.0
-2.0
15.0
17.0
12.0
4.0
45.0
62.0
63.0
31.0
87.0
20.0
6.0
6.0
0.0
18.0
9.0
10.0
35.0
-2.0
13.0
-20.0
11.0
-23.0
-24.0
-15.0
-16.0
-8.0
-10.0
27.0
16.0
-8.0
16.0
-13.0
-3.0
13.0
-4.0
-13.0
-34.0
16.0
-1.0
1.0
-13.0
2.0
-21.0
-22.0
13.0
-5.0
-23.0
25.0
-6.0
1.0
-35.0
-19.0
-37.0
15.0
-16.0
-11.0
3.0
-1.0
-13.0
0.0
11.0
-12.0
-5.0
-10.0
-2.0
1.0
2.0
-39.0
-12.0
-21.0
15.0
42.0
36.0
4.0
4.0
6.0
-7.0
-20.0
-20.0
16.0
-29.0
20.0
9.0
-5.0
-27.0
-15.0
-8.0
-38.0
-12.0
-22.0
-22.0
-9.0
-7.0
-22.0
-19.0
-9.0
5.0
7.0
0.0
-14.0
-8.0
101.0
212.0
-67.0
9.0
14.0
44.0
-5.0
-31.0
5.0
15.0
-16.0
-12.0
-5.0
-25.0
39.0
-7.0
-17.0
-27.0
8.0
28.0
-10.0
3.0
3.0
10.0
17.0
8.0
-3.0
-30.0
-1.0
0.0
23.0
22.0
8.0
-8.0
-26.0
-35.0
-20.0
11.0
6.0
-13.0
2.0
19.0
-4.0
8.0
27.0
-22.0
-11.0
26.0
-7.0
7.0
-17.0
-8.0
0.0
-8.0
-7.0
-6.0
-18.0
-8.0
4.0
32.0
12.0
19.0
-48.0
-25.0
-152.0
-114.0
-51.0
-134.0
-57.0
-127.0
-42.0
-36.0
-91.0
4.0
3.0
-44.0
-13.0
17.0
23.0
-12.0
4.0
-8.0
57.0
11.0
43.0
29.0
65.0
-50.0
-52.0
-53.0
-61.0
-49.0
-42.0
-43.0
-38.0
-14.0
110.0
183.0
177.0
139.0
112.0
120.0
76.0
23.0
33.0
43.0
42.0
42.0
28.0
-5.0
12.0
3.0
2.0
-31.0
-27.0
-57.0
-55.0
-41.0
-39.0
-16.0
-19.0
-27.0
-46.0
-48.0
-33.0
-13.0
3.0
11.0
11.0
-2.0
-7.0
-8.0
-27.0
-38.0
-16.0
-21.0
53.0
313.0
313.0
313.0
237.0
231.0
128.0
54.0
77.0
-7.0
14.0
0.0
-24.0
-58.0
-1.0
-34.0
-27.0
-9.0
-49.0
-16.0
-54.0
-30.0
-73.0
-67.0
-86.0
-71.0
-90.0
-75.0
-85.0
-96.0
-94.0
-72.0
-42.0
-26.0
-60.0
-39.0
-50.0
-64.0
-82.0
-38.0
-41.0
-63.0
-55.0
-52.0
-33.0
-29.0
-27.0
-19.0
-22.0
-23.0
-91.0
-39.0
-17.0
0.0
-20.0
-1.0
7.0
-60.0
-61.0
-22.0
-57.0
-53.0
-49.0
-53.0
-46.0
-55.0
-44.0
-27.0
-47.0
-20.0
-33.0
-13.0
-21.0
-13.0
-34.0
-52.0
-29.0
-54.0
-72.0
-92.0
-41.0
0.0
31.0
-3.0
-7.0
-30.0
8.0
-3.0
4.0
24.0
-34.0
-22.0
-19.0
-27.0
-28.0
17.0
5.0
-20.0
-24.0
-2.0
8.0
-18.0
13.0
-12.0
-31.0
-17.0
-45.0
-35.0
-25.0
-14.0
-34.0
-25.0
-8.0
-7.0
1.0
1.0
-4.0
-20.0
-22.0
31.0
19.0
21.0
31.0
10.0
6.0
27.0
9.0
18.0
-39.0
-16.0
4.0
-3.0
11.0
-28.0
2.0
24.0
33.0
39.0
18.0
23.0
-8.0
-20.0
6.0
0.0
13.0
2.0
-1.0
14.0
16.0
9.0
18.0
0.0
-22.0
-2.0
-26.0
-17.0
-5.0
-11.0
-10.0
6.0
-1.0
-7.0
6.0
-4.0
30.0
22.0
29.0
37.0
54.0
3.0
34.0
13.0
4.0
-13.0
-22.0
-2.0
24.0
-6.0
-11.0
10.0
9.0
-4.0
30.0
5.0
-35.0
-17.0
10.0
-15.0
-10.0
-15.0
-28.0
6.0
17.0
7.0
12.0
22.0
24.0
-3.0
8.0
-27.0
-16.0
22.0
21.0
-34.0
1.0
-7.0
9.0
-11.0
-7.0
-20.0
116.0
-100.0
-231.0
-313.0
-313.0
-313.0
-313.0
-287.0
107.0
137.0
177.0
231.0
242.0
265.0
201.0
225.0
161.0
122.0
82.0
69.0
-49.0
42.0
28.0
34.0
-39.0
74.0
-58.0
35.0
13.0
63.0
60.0
38.0
54.0
-5.0
47.0
23.0
41.0
-31.0
3.0
21.0
-17.0
-3.0
27.0
7.0
-4.0
-5.0
-24.0
-56.0
-32.0
-58.0
-23.0
-38.0
-11.0
-26.0
-1.0
-12.0
-4.0
16.0
-15.0
7.0
-10.0
-14.0
-12.0
12.0
-23.0
-17.0
4.0
8.0
-7.0
-29.0
-25.0
-35.0
-12.0
-3.0
-7.0
2.0
20.0
12.0
6.0
1.0
18.0
0.0
-20.0
26.0
-4.0
-12.0
4.0
25.0
-32.0
-11.0
-6.0
-31.0
-10.0
-32.0
-10.0
5.0
43.0
28.0
32.0
32.0
1.0
-2.0
-23.0
-3.0
15.0
3.0
-11.0
12.0
1.0
-35.0
6.0
-6.0
12.0
15.0
7.0
16.0
12.0
20.0
52.0
50.0
31.0
21.0
-20.0
-11.0
-8.0
10.0
-10.0
-25.0
-41.0
6.0
-8.0
-10.0
12.0
37.0
-18.0
-27.0
-19.0
-5.0
-19.0
29.0
-11.0
-24.0
-30.0
21.0
32.0
23.0
28.0
9.0
-17.0
4.0
-17.0
6.0
0.0
-6.0
-15.0
-17.0
-6.0
-5.0
8.0
1.0
-8.0
-10.0
-5.0
9.0
9.0
21.0
19.0
-18.0
8.0
-41.0
-10.0
1.0
38.0
32.0
-20.0
-7.0
1.0
2.0
-59.0
12.0
-24.0
-10.0
-38.0
-2.0
6.0
-10.0
-6.0
-17.0
9.0
-38.0
-24.0
-17.0
26.0
-17.0
15.0
13.0
7.0
-7.0
-34.0
-14.0
2.0
0.0
-19.0
-15.0
12.0
18.0
21.0
19.0
2.0
16.0
18.0
9.0
-12.0
0.0
-39.0
-15.0
-4.0
-5.0
-22.0
6.0
3.0
8.0
2.0
12.0
7.0
21.0
32.0
35.0
4.0
13.0
6.0
13.0
6.0
-22.0
-1.0
-21.0
-7.0
-22.0
35.0
5.0
-41.0
-16.0
-21.0
10.0
14.0
2.0
-30.0
-33.0
-10.0
-28.0
9.0
11.0
-7.0
-1.0
-24.0
-14.0
-4.0
-17.0
10.0
-5.0
-32.0
12.0
-16.0
-15.0
-29.0
-34.0
-13.0
-20.0
-37.0
-59.0
-30.0
-10.0
8.0
16.0
4.0
-6.0
0.0
22.0
12.0
20.0
-22.0
-14.0
5.0
25.0
8.0
7.0
20.0
22.0
-14.0
9.0
2.0
-27.0
-20.0
9.0
59.0
47.0
18.0
12.0
7.0
-1.0
-32.0
-2.0
-11.0
23.0
-8.0
0.0
-23.0
-8.0
-13.0
-7.0
-13.0
1.0
0.0
-2.0
-22.0
-15.0
-60.0
8.0
-13.0
-31.0
-3.0
-14.0
0.0
-7.0
3.0
17.0
-28.0
-9.0
-5.0
-1.0
-13.0
18.0
6.0
-9.0
-3.0
-22.0
-2.0
14.0
-2.0
-5.0
12.0
-4.0
-16.0
3.0
13.0
19.0
9.0
11.0
-24.0
-54.0
-29.0
-19.0
-3.0
-4.0
3.0
10.0
-8.0
-22.0
-10.0
25.0
35.0
10.0
-3.0
-16.0
-20.0
4.0
4.0
-27.0
-17.0
-29.0
2.0
-9.0
11.0
12.0
9.0
22.0
6.0
-15.0
3.0
-8.0
-11.0
-24.0
-4.0
-16.0
-14.0
-3.0
1.0
16.0
-10.0
-16.0
23.0
13.0
-16.0
-3.0
-33.0
-18.0
19.0
12.0
1.0
7.0
-38.0
-7.0
-16.0
0.0
-9.0
-21.0
-20.0
-1.0
-5.0
6.0
10.0
-9.0
16.0
-8.0
4.0
24.0
2.0
-4.0
-25.0
6.0
-18.0
-15.0
-64.0
-8.0
6.0
-10.0
14.0
0.0
15.0
-7.0
-21.0
14.0
16.0
-10.0
-35.0
-29.0
-24.0
-9.0
4.0
-9.0
11.0
12.0
-2.0
2.0
-16.0
-13.0
-4.0
-24.0
0.0
10.0
16.0
-5.0
0.0
5.0
6.0
0.0
9.0
17.0
-15.0
-40.0
-1.0
-26.0
-42.0
-10.0
-41.0
-41.0
-36.0
-38.0
-46.0
-14.0
-1.0
-28.0
-52.0
-13.0
-33.0
-7.0
-33.0
-17.0
19.0
39.0
-3.0
-1.0
13.0
13.0
26.0
11.0
-15.0
11.0
4.0
4.0
0.0
-3.0
3.0
1.0
-22.0
-32.0
-16.0
1.0
2.0
-2.0
17.0
9.0
-24.0
-1.0
5.0
10.0
38.0
11.0
41.0
4.0
-17.0
25.0
-3.0
-18.0
-9.0
6.0
-19.0
-30.0
-18.0
-40.0
-22.0
-43.0
-30.0
-46.0
-15.0
-9.0
-4.0
12.0
1.0
20.0
-15.0
67.0
-8.0
10.0
-313.0
-313.0
-313.0
-313.0
-313.0
-313.0
-313.0
-197.0
-67.0
100.0
122.0
130.0
140.0
140.0
101.0
233.0
229.0
267.0
239.0
294.0
268.0
313.0
274.0
313.0
220.0
212.0
189.0
129.0
138.0
17.0
21.0
46.0
0.0
0.0
-96.0
-42.0
-53.0
-92.0
-69.0
-47.0
5.0
-10.0
-42.0
52.0
81.0
44.0
7.0
43.0
16.0
-37.0
-19.0
-76.0
-15.0
23.0
-121.0
-139.0
-58.0
-13.0
-66.0
-52.0
-88.0
-132.0
-78.0
-93.0
-42.0
23.0
30.0
32.0
24.0
-37.0
-77.0
-45.0
-41.0
-36.0
-67.0
19.0
18.0
-36.0
-6.0
18.0
21.0
-9.0
20.0
-69.0
63.0
35.0
34.0
17.0
13.0
-13.0
34.0
43.0
-9.0
4.0
14.0
-1.0
46.0
16.0
-3.0
34.0
1.0
52.0
-13.0
31.0
32.0
5.0
74.0
213.0
273.0
280.0
235.0
233.0
172.0
112.0
91.0
84.0
40.0
8.0
-17.0
-56.0
-40.0
-37.0
72.0
99.0
102.0
102.0
96.0
79.0
193.0
226.0
196.0
191.0
130.0
63.0
6.0
-39.0
83.0
34.0
-27.0
-44.0
-76.0
-72.0
-63.0
-99.0
-129.0
-119.0
-173.0
-179.0
-151.0
-151.0
-146.0
-156.0
-162.0
-158.0
-116.0
-45.0
48.0
52.0
36.0
18.0
15.0
15.0
28.0
-20.0
-36.0
-50.0
-77.0
-100.0
-92.0
-107.0
-127.0
-128.0
-92.0
-86.0
-88.0
-64.0
-53.0
4.0
15.0
-16.0
-13.0
-24.0
-23.0
-35.0
-32.0
-20.0
-29.0
-57.0
-24.0
-38.0
-60.0
-54.0
-21.0
-33.0
-34.0
9.0
18.0
26.0
12.0
-6.0
-24.0
-12.0
-29.0
-35.0
-32.0
-16.0
-31.0
4.0
6.0
5.0
29.0
34.0
20.0
18.0
-16.0
0.0
9.0
-4.0
8.0
-14.0
-17.0
-13.0
-17.0
-16.0
-23.0
-2.0
-31.0
-2.0
5.0
-2.0
15.0
23.0
22.0
115.0
104.0
115.0
51.0
43.0
70.0
56.0
58.0
58.0
25.0
28.0
3.0
-31.0
-24.0
-9.0
-12.0
-32.0
-21.0
-29.0
-6.0
-15.0
1.0
-32.0
-29.0
-56.0
-48.0
-32.0
11.0
3.0
8.0
-12.0
-3.0
-10.0
3.0
0.0
-30.0
-31.0
-20.0
-18.0
-7.0
-24.0
-25.0
-3.0
7.0
-53.0
-26.0
-22.0
-6.0
-9.0
-15.0
-16.0
-14.0
-37.0
-35.0
-4.0
8.0
9.0
16.0
9.0
17.0
7.0
-17.0
-27.0
4.0
1.0
-10.0
-13.0
-14.0
-35.0
-8.0
12.0
-17.0
-5.0
6.0
0.0
15.0
-6.0
-8.0
-15.0
-11.0
-9.0
-7.0
-11.0
-24.0
-17.0
-25.0
-23.0
-28.0
-10.0
-13.0
-9.0
17.0
46.0
13.0
16.0
0.0
12.0
15.0
20.0
-10.0
-5.0
-15.0
2.0
-6.0
16.0
-5.0
-8.0
31.0
41.0
22.0
6.0
24.0
19.0
8.0
16.0
-17.0
-15.0
-2.0
1.0
111.0
76.0
225.0
313.0
313.0
313.0
313.0
280.0
183.0
164.0
106.0
50.0
25.0
9.0
-47.0
-44.0
-59.0
-87.0
-88.0
-78.0
-114.0
-102.0
-121.0
-141.0
-148.0
-155.0
-138.0
-123.0
-83.0
-99.0
-57.0
-151.0
-150.0
-153.0
-134.0
-147.0
-154.0
-145.0
-121.0
-143.0
-116.0
-99.0
-70.0
-71.0
-44.0
-62.0
-46.0
-45.0
-45.0
-52.0
-26.0
-22.0
-44.0
-38.0
-64.0
-80.0
-49.0
-62.0
-33.0
-44.0
-33.0
-11.0
-50.0
-39.0
-18.0
-18.0
-8.0
55.0
31.0
40.0
-4.0
22.0
7.0
15.0
18.0
-10.0
-13.0
-23.0
17.0
9.0
1.0
16.0
44.0
37.0
46.0
34.0
35.0
-7.0
-1.0
4.0
0.0
-7.0
14.0
21.0
24.0
10.0
48.0
21.0
7.0
6.0
-2.0
-4.0
4.0
-17.0
15.0
-17.0
8.0
-8.0
-19.0
-24.0
6.0
9.0
17.0
-13.0
-5.0
0.0
9.0
26.0
23.0
13.0
6.0
-11.0
-28.0
23.0
-1.0
6.0
-24.0
5.0
14.0
21.0
-35.0
-15.0
9.0
1.0
21.0
30.0
2.0
-13.0
-17.0
-35.0
-28.0
-14.0
-2.0
-3.0
-3.0
-30.0
-12.0
-28.0
-4.0
0.0
-14.0
-11.0
8.0
-10.0
2.0
5.0
13.0
-10.0
-20.0
-22.0
-16.0
-27.0
-39.0
0.0
-2.0
0.0
-11.0
-1.0
-15.0
-11.0
2.0
4.0
-8.0
-21.0
-19.0
-6.0
-2.0
3.0
-11.0
-21.0
-29.0
8.0
-4.0
22.0
7.0
-28.0
-8.0
30.0
-1.0
13.0
-8.0
-10.0
-5.0
-28.0
-29.0
-16.0
-27.0
-39.0
-20.0
-16.0
-7.0
-18.0
-22.0
-18.0
21.0
6.0
20.0
4.0
-12.0
-7.0
-11.0
8.0
3.0
-4.0
-17.0
10.0
10.0
-1.0
-1.0
7.0
-7.0
-11.0
-10.0
-6.0
-11.0
9.0
-12.0
-7.0
0.0
-8.0
-9.0
7.0
12.0
12.0
-37.0
2.0
1.0
19.0
17.0
9.0
14.0
30.0
-9.0
-19.0
-29.0
-38.0
-22.0
-16.0
-14.0
-17.0
4.0
8.0
30.0
4.0
21.0
31.0
12.0
6.0
-7.0
-2.0
-10.0
-13.0
12.0
32.0
13.0
2.0
4.0
5.0
-12.0
-15.0
-33.0
-11.0
-9.0
-22.0
5.0
4.0
-15.0
-9.0
-10.0
-15.0
-12.0
2.0
-3.0
4.0
2.0
-21.0
-22.0
28.0
-7.0
-4.0
-8.0
-26.0
-19.0
-41.0
-12.0
20.0
7.0
-23.0
-9.0
-11.0
26.0
55.0
-2.0
4.0
11.0
38.0
7.0
-7.0
-15.0
-15.0
-10.0
-34.0
-28.0
-36.0
-46.0
-18.0
-26.0
-52.0
-21.0
-14.0
15.0
-11.0
-12.0
0.0
23.0
28.0
1.0
18.0
-5.0
0.0
-12.0
-40.0
-27.0
-3.0
11.0
18.0
6.0
1.0
-7.0
-9.0
17.0
24.0
5.0
16.0
-11.0
-11.0
-22.0
-27.0
-1.0
7.0
-46.0
-43.0
-24.0
9.0
1.0
-41.0
-1.0
-11.0
13.0
20.0
29.0
43.0
7.0
-3.0
16.0
13.0
15.0
2.0
-2.0
-16.0
-24.0
-22.0
8.0
3.0
21.0
0.0
-9.0
-21.0
-22.0
-34.0
-33.0
-33.0
-12.0
-3.0
-16.0
-5.0
-8.0
6.0
11.0
1.0
-4.0
-15.0
-16.0
19.0
41.0
20.0
-4.0
9.0
-21.0
-1.0
-41.0
-41.0
-17.0
-10.0
17.0
-8.0
-10.0
-12.0
12.0
8.0
55.0
-3.0
-28.0
-18.0
4.0
-17.0
-4.0
-13.0
6.0
8.0
21.0
33.0
11.0
-17.0
-20.0
-33.0
0.0
6.0
-21.0
-5.0
15.0
24.0
6.0
12.0
2.0
-6.0
-7.0
-6.0
-16.0
-22.0
-20.0
-17.0
-4.0
-5.0
-38.0
-20.0
-25.0
-22.0
1.0
-7.0
-7.0
-13.0
-20.0
-11.0
-19.0
-13.0
31.0
24.0
-9.0
-15.0
2.0
20.0
-12.0
1.0
3.0
35.0
18.0
28.0
6.0
20.0
9.0
16.0
19.0
-27.0
0.0
-11.0
0.0
-6.0
12.0
5.0
15.0
-12.0
7.0
-4.0
-27.0
-10.0
-1.0
-13.0
-13.0
-7.0
14.0
-24.0
-36.0
-19.0
-15.0
-16.0
-5.0
2.0
3.0
1.0
10.0
-6.0
-5.0
-14.0
7.0
30.0
13.0
-7.0
-13.0
-3.0
-6.0
2.0
-3.0
-51.0
-36.0
-38.0
-37.0
-22.0
-43.0
-37.0
-12.0
-12.0
13.0
-25.0
-19.0
11.0
9.0
25.0
28.0
28.0
24.0
2.0
11.0
-1.0
-16.0
-12.0
4.0
-5.0
-27.0
-20.0
6.0
-7.0
7.0
-8.0
6.0
30.0
52.0
37.0
25.0
22.0
19.0
16.0
-4.0
2.0
7.0
-12.0
-13.0
-20.0
11.0
6.0
-3.0
-10.0
-12.0
-37.0
-2.0
-30.0
-23.0
-13.0
-8.0
-7.0
-11.0
-2.0
5.0
17.0
15.0
-6.0
-4.0
-7.0
8.0
1.0
5.0
1.0
13.0
7.0
0.0
15.0
7.0
-10.0
6.0
6.0
-30.0
8.0
-16.0
-2.0
-11.0
1.0
-10.0
-25.0
-30.0
-26.0
-2.0
5.0
-13.0
5.0
-25.0
-27.0
-45.0
4.0
18.0
1.0
10.0
-8.0
6.0
15.0
-12.0
4.0
-13.0
2.0
19.0
9.0
2.0
-3.0
-12.0
-22.0
-8.0
-5.0
-5.0
-29.0
2.0
-5.0
-23.0
37.0
13.0
21.0
-5.0
-73.0
-41.0
19.0
-67.0
-46.0
26.0
-10.0
-13.0
10.0
12.0
-11.0
5.0
-19.0
17.0
18.0
22.0
-26.0
-9.0
-47.0
-20.0
-15.0
2.0
-11.0
-8.0
-23.0
-1.0
-15.0
3.0
2.0
-23.0
-6.0
13.0
2.0
3.0
5.0
17.0
22.0
-3.0
29.0
-6.0
17.0
-7.0
-13.0
-8.0
-14.0
-46.0
-46.0
-18.0
-14.0
-31.0
-4.0
-17.0
0.0
-11.0
-19.0
4.0
28.0
26.0
-15.0
-22.0
-11.0
5.0
15.0
-4.0
-10.0
-27.0
-22.0
-23.0
-5.0
14.0
0.0
-1.0
-9.0
-23.0
-6.0
-13.0
-14.0
-25.0
-17.0
12.0
9.0
20.0
-2.0
-10.0
-20.0
-8.0
10.0
6.0
9.0
26.0
116.0
93.0
64.0
82.0
83.0
57.0
77.0
72.0
63.0
85.0
64.0
73.0
96.0
70.0
64.0
41.0
38.0
40.0
22.0
6.0
14.0
2.0
-17.0
30.0
19.0
-14.0
0.0
-27.0
13.0
47.0
44.0
31.0
18.0
-50.0
-61.0
-96.0
-134.0
-143.0
-180.0
-158.0
-200.0
-131.0
-102.0
-92.0
-93.0
-85.0
-89.0
-107.0
-93.0
-39.0
-43.0
-50.0
-3.0
-34.0
-48.0
-40.0
-23.0
-24.0
-46.0
-33.0
-68.0
-35.0
-20.0
-7.0
-11.0
-14.0
-6.0
14.0
-17.0
24.0
25.0
6.0
-19.0
-5.0
2.0
15.0
13.0
-11.0
-7.0
22.0
19.0
10.0
13.0
30.0
21.0
32.0
34.0
-10.0
5.0
8.0
24.0
-19.0
-8.0
-27.0
-15.0
16.0
37.0
5.0
17.0
5.0
5.0
-12.0
-3.0
-20.0
-20.0
21.0
2.0
0.0
38.0
12.0
4.0
-14.0
-12.0
17.0
24.0
36.0
0.0
-18.0
8.0
-9.0
7.0
-9.0
26.0
0.0
10.0
-7.0
-4.0
-10.0
-10.0
-11.0
-5.0
7.0
6.0
27.0
22.0
12.0
-2.0
-9.0
-10.0
2.0
6.0
0.0
3.0
-12.0
-13.0
-18.0
-9.0
-18.0
-10.0
-13.0
18.0
-14.0
-3.0
-15.0
-7.0
-11.0
-16.0
-21.0
2.0
-3.0
4.0
0.0
-16.0
15.0
17.0
29.0
29.0
13.0
-1.0
-23.0
-25.0
-11.0
-34.0
5.0
-1.0
-8.0
-15.0
25.0
-5.0
-35.0
-27.0
-13.0
22.0
-7.0
-8.0
1.0
-19.0
2.0
-4.0
-5.0
2.0
-3.0
-8.0
-28.0
-17.0
0.0
21.0
-2.0
28.0
-10.0
11.0
-20.0
-34.0
-6.0
-2.0
-2.0
2.0
-4.0
8.0
-12.0
-4.0
-17.0
-25.0
-28.0
-31.0
1.0
-21.0
12.0
29.0
17.0
-10.0
14.0
23.0
-21.0
-24.0
-17.0
0.0
26.0
-5.0
-16.0
-22.0
-31.0
-13.0
-27.0
-29.0
-7.0
6.0
12.0
21.0
17.0
2.0
10.0
-33.0
-4.0
-9.0
-27.0
-17.0
-13.0
-11.0
25.0
-3.0
13.0
0.0
-8.0
-15.0
4.0
-29.0
2.0
-26.0
-38.0
-38.0
-7.0
2.0
33.0
25.0
-1.0
2.0
3.0
4.0
-20.0
-5.0
-12.0
35.0
34.0
37.0
14.0
9.0
-10.0
6.0
-17.0
-40.0
-22.0
-35.0
-20.0
-27.0
-15.0
-13.0
-65.0
-55.0
-5.0
-31.0
42.0
57.0
63.0
56.0
5.0
13.0
53.0
-6.0
14.0
6.0
-36.0
-50.0
-37.0
-37.0
-33.0
-13.0
26.0
15.0
21.0
6.0
4.0
-22.0
17.0
24.0
13.0
4.0
2.0
-9.0
28.0
21.0
-19.0
-2.0
12.0
-2.0
0.0
17.0
11.0
-4.0
-27.0
13.0
-14.0
-25.0
-52.0
-59.0
-15.0
-35.0
-23.0
-39.0
-16.0
8.0
41.0
26.0
15.0
5.0
-12.0
-17.0
-10.0
2.0
-10.0
-22.0
-8.0
-5.0
-24.0
-37.0
-27.0
-28.0
-1.0
-22.0
-23.0
-1.0
-21.0
-25.0
-47.0
-44.0
-45.0
-44.0
-10.0
-8.0
20.0
-10.0
-20.0
-17.0
6.0
1.0
-23.0
-5.0
-30.0
-19.0
-9.0
-31.0
-32.0
-2.0
9.0
-1.0
-2.0
44.0
2.0
-8.0
45.0
13.0
8.0
33.0
14.0
9.0
-15.0
-16.0
-14.0
12.0
-2.0
5.0
15.0
2.0
-28.0
-34.0
-12.0
17.0
23.0
23.0
20.0
13.0
25.0
34.0
46.0
45.0
17.0
3.0
11.0
-32.0
-12.0
-5.0
2.0
-28.0
-10.0
-8.0
-6.0
7.0
-19.0
-2.0
-18.0
-9.0
-2.0
-36.0
-42.0
-62.0
-48.0
-61.0
-15.0
-39.0
-1.0
-20.0
-44.0
-28.0
-16.0
-5.0
35.0
30.0
10.0
20.0
-2.0
8.0
-3.0
-22.0
-24.0
-16.0
-21.0
-35.0
-36.0
-17.0
-11.0
1.0
10.0
-1.0
-7.0
10.0
1.0
-25.0
14.0
-9.0
-20.0
-9.0
-25.0
8.0
-8.0
-10.0
8.0
5.0
0.0
-13.0
14.0
1.0
38.0
40.0
48.0
44.0
9.0
30.0
51.0
23.0
10.0
-14.0
2.0
26.0
34.0
28.0
7.0
-16.0
-7.0
-2.0
23.0
-4.0
-9.0
-19.0
-29.0
-10.0
2.0
21.0
-13.0
-58.0
22.0
7.0
7.0
13.0
-6.0
-4.0
-14.0
-15.0
0.0
2.0
-11.0
2.0
4.0
-17.0
-11.0
8.0
0.0
-4.0
-11.0
-10.0
-4.0
-5.0
-12.0
8.0
-12.0
-20.0
21.0
8.0
-27.0
14.0
3.0
5.0
9.0
11.0
19.0
8.0
-2.0
-5.0
38.0
2.0
-7.0
-33.0
-21.0
-85.0
-112.0
-131.0
-215.0
-214.0
-189.0
-143.0
-183.0
-168.0
-201.0
-142.0
-83.0
-140.0
-76.0
-64.0
-68.0
16.0
65.0
52.0
98.0
43.0
60.0
63.0
63.0
25.0
38.0
107.0
68.0
79.0
30.0
91.0
89.0
31.0
0.0
69.0
47.0
10.0
98.0
-35.0
-2.0
-33.0
-226.0
-82.0
-39.0
39.0
-24.0
-67.0
-81.0
-20.0
-9.0
12.0
-18.0
25.0
-194.0
-80.0
-119.0
-118.0
-159.0
-80.0
-13.0
4.0
43.0
24.0
51.0
58.0
-27.0
-10.0
21.0
29.0
35.0
199.0
313.0
313.0
313.0
313.0
313.0
313.0
283.0
142.0
13.0
-58.0
-131.0
-158.0
-232.0
-274.0
-267.0
-241.0
-238.0
-246.0
-249.0
-244.0
-250.0
-235.0
-269.0
-243.0
-220.0
-175.0
-142.0
-135.0
-132.0
-111.0
-109.0
-106.0
-78.0
-86.0
-89.0
-87.0
-106.0
-79.0
-95.0
-96.0
-49.0
-59.0
-45.0
-72.0
-80.0
-74.0
-64.0
-22.0
-39.0
-34.0
-66.0
-63.0
-44.0
-44.0
0.0
-6.0
11.0
12.0
6.0
4.0
-36.0
-33.0
-9.0
-14.0
-55.0
-29.0
-7.0
18.0
3.0
0.0
-32.0
-37.0
-16.0
-28.0
3.0
6.0
23.0
9.0
-20.0
-36.0
-5.0
-8.0
-14.0
-6.0
17.0
34.0
3.0
13.0
30.0
44.0
37.0
43.0
32.0
30.0
26.0
110.0
-9.0
-3.0
-7.0
-3.0
-8.0
-20.0
-18.0
-12.0
-18.0
33.0
23.0
11.0
-14.0
-1.0
-6.0
-12.0
13.0
-13.0
13.0
11.0
47.0
9.0
-64.0
6.0
134.0
171.0
90.0
76.0
8.0
-26.0
-31.0
-48.0
-19.0
-5.0
-48.0
-57.0
-91.0
-45.0
-33.0
-35.0
-20.0
-23.0
-34.0
-17.0
1.0
11.0
-25.0
-8.0
2.0
-7.0
1.0
23.0
-18.0
-15.0
-5.0
-10.0
-9.0
9.0
-5.0
-13.0
-4.0
6.0
28.0
-26.0
-24.0
-18.0
1.0
28.0
5.0
-30.0
20.0
4.0
1.0
-2.0
1.0
-9.0
3.0
-2.0
-7.0
-6.0
-22.0
-42.0
-24.0
2.0
-9.0
-20.0
-32.0
-26.0
-14.0
-35.0
5.0
-22.0
9.0
19.0
0.0
-8.0
-5.0
-27.0
-18.0
-14.0
23.0
-7.0
3.0
2.0
25.0
39.0
31.0
42.0
22.0
26.0
39.0
30.0
7.0
-25.0
-40.0
-40.0
-35.0
-10.0
-1.0
17.0
-9.0
-7.0
-34.0
18.0
32.0
31.0
18.0
1.0
-19.0
0.0
3.0
-2.0
-11.0
-22.0
-31.0
-27.0
-29.0
-17.0
3.0
-17.0
-20.0
-6.0
-34.0
0.0
-12.0
-27.0
23.0
-24.0
-39.0
-15.0
7.0
14.0
-3.0
4.0
2.0
-2.0
-18.0
1.0
-4.0
-2.0
12.0
2.0
-12.0
-9.0
-17.0
-21.0
14.0
-4.0
-25.0
-22.0
-15.0
-48.0
-12.0
-12.0
-4.0
-29.0
1.0
12.0
11.0
39.0
33.0
20.0
17.0
-7.0
-32.0
-38.0
-43.0
-18.0
0.0
-15.0
6.0
24.0
17.0
19.0
14.0
6.0
-14.0
-5.0
21.0
10.0
-7.0
-14.0
-31.0
3.0
-10.0
-11.0
-47.0
-32.0
28.0
6.0
-31.0
2.0
18.0
0.0
-15.0
-11.0
-6.0
-2.0
-37.0
1.0
-28.0
3.0
26.0
10.0
16.0
28.0
-4.0
-10.0
-18.0
-12.0
8.0
-20.0
-20.0
-5.0
-5.0
-15.0
4.0
2.0
-24.0
80.0
-33.0
-33.0
-7.0
28.0
-19.0
-21.0
-30.0
-9.0
-18.0
-1.0
-18.0
-8.0
-15.0
-6.0
-35.0
-35.0
-24.0
-34.0
-30.0
-28.0
-32.0
-28.0
-8.0
13.0
9.0
-3.0
-8.0
13.0
-12.0
11.0
5.0
12.0
-1.0
-7.0
1.0
-20.0
-24.0
-38.0
-19.0
0.0
-3.0
17.0
-10.0
40.0
25.0
17.0
-18.0
-2.0
-4.0
-8.0
-5.0
-7.0
28.0
9.0
-28.0
-36.0
20.0
-1.0
6.0
-13.0
-7.0
-22.0
13.0
9.0
16.0
2.0
55.0
27.0
3.0
2.0
-21.0
-25.0
-6.0
-4.0
25.0
1.0
12.0
-20.0
23.0
-4.0
12.0
-20.0
4.0
-24.0
-36.0
-32.0
-31.0
-40.0
4.0
-53.0
-34.0
-20.0
-16.0
4.0
-9.0
-2.0
-4.0
33.0
16.0
-6.0
-25.0
-24.0
-7.0
11.0
25.0
29.0
5.0
13.0
11.0
9.0
-8.0
-4.0
-22.0
-5.0
-14.0
-16.0
32.0
6.0
-3.0
7.0
-1.0
33.0
23.0
28.0
29.0
11.0
0.0
15.0
15.0
-43.0
0.0
9.0
32.0
8.0
-2.0
-4.0
8.0
-14.0
-28.0
-15.0
-10.0
23.0
-18.0
-59.0
-37.0
7.0
-59.0
-19.0
-34.0
0.0
65.0
42.0
27.0
15.0
15.0
23.0
20.0
21.0
-14.0
-4.0
-7.0
-21.0
-15.0
-28.0
-10.0
-12.0
0.0
-7.0
7.0
8.0
-37.0
-30.0
-11.0
1.0
-15.0
4.0
27.0
32.0
9.0
13.0
21.0
10.0
-10.0
-13.0
-5.0
-9.0
22.0
11.0
11.0
-18.0
-35.0
-35.0
-30.0
-9.0
-9.0
5.0
-19.0
-17.0
19.0
12.0
-16.0
15.0
8.0
9.0
13.0
10.0
-2.0
42.0
2.0
-25.0
-4.0
-31.0
-2.0
-12.0
-20.0
-10.0
14.0
-31.0
-62.0
42.0
-124.0
-148.0
-123.0
-154.0
-163.0
-141.0
-200.0
-126.0
-313.0
-141.0
313.0
313.0
313.0
313.0
247.0
228.0
159.0
107.0
95.0
88.0
70.0
45.0
3.0
1.0
-11.0
-22.0
-25.0
-44.0
-53.0
-58.0
-55.0
-52.0
-45.0
-25.0
-57.0
-62.0
-44.0
-78.0
-55.0
-58.0
-39.0
-24.0
-12.0
-22.0
-19.0
-18.0
-21.0
-26.0
-36.0
-39.0
-35.0
-42.0
-3.0
18.0
-15.0
-29.0
-11.0
-26.0
-9.0
1.0
-34.0
-15.0
-26.0
-33.0
-25.0
-34.0
-30.0
-15.0
-8.0
-16.0
-9.0
-8.0
-41.0
-46.0
-48.0
-40.0
21.0
-7.0
8.0
-5.0
11.0
-66.0
3.0
43.0
-1.0
50.0
9.0
-4.0
16.0
33.0
80.0
-4.0
12.0
2.0
-11.0
-7.0
-10.0
-18.0
-10.0
-47.0
9.0
10.0
14.0
-15.0
-5.0
-7.0
-35.0
1.0
18.0
13.0
-1.0
-4.0
-11.0
9.0
6.0
3.0
22.0
18.0
5.0
-24.0
-15.0
17.0
-6.0
9.0
-14.0
-26.0
-15.0
-29.0
-20.0
0.0
-3.0
-2.0
2.0
-9.0
-5.0
-5.0
11.0
-24.0
-28.0
0.0
-25.0
-24.0
3.0
-18.0
-3.0
-7.0
-20.0
-12.0
1.0
-7.0
-10.0
2.0
6.0
21.0
18.0
0.0
1.0
17.0
-14.0
-29.0
-18.0
-2.0
8.0
-24.0
5.0
14.0
15.0
25.0
12.0
4.0
2.0
-6.0
2.0
-6.0
-23.0
-23.0
-15.0
-15.0
-7.0
7.0
10.0
12.0
3.0
7.0
20.0
14.0
0.0
-13.0
3.0
14.0
7.0
0.0
-14.0
-40.0
-29.0
-19.0
12.0
0.0
14.0
10.0
-17.0
-29.0
-28.0
0.0
15.0
-29.0
-6.0
12.0
-1.0
10.0
21.0
22.0
-31.0
7.0
-14.0
30.0
30.0
28.0
8.0
-23.0
-20.0
-45.0
8.0
-9.0
-33.0
-2.0
-3.0
-56.0
-45.0
-7.0
-7.0
-7.0
8.0
44.0
8.0
16.0
3.0
8.0
-63.0
22.0
11.0
25.0
-18.0
55.0
-3.0
-13.0
-64.0
0.0
6.0
-19.0
-37.0
-15.0
4.0
-28.0
4.0
-41.0
-16.0
-18.0
28.0
-13.0
-11.0
-22.0
14.0
11.0
17.0
17.0
8.0
6.0
-21.0
-19.0
-3.0
-91.0
39.0
20.0
-20.0
-15.0
-29.0
-1.0
-19.0
-12.0
-23.0
16.0
15.0
34.0
-6.0
-4.0
22.0
-36.0
-6.0
-25.0
-17.0
10.0
-9.0
1.0
-5.0
-4.0
-6.0
-18.0
-13.0
-21.0
-26.0
-36.0
-8.0
-3.0
-32.0
-28.0
-11.0
-29.0
-11.0
-7.0
-1.0
-13.0
-44.0
-26.0
-10.0
-8.0
29.0
8.0
16.0
33.0
-6.0
-28.0
-32.0
-11.0
-26.0
-8.0
16.0
-25.0
2.0
14.0
35.0
3.0
4.0
-19.0
11.0
3.0
-15.0
-10.0
-30.0
-47.0
-7.0
10.0
-1.0
41.0
17.0
6.0
1.0
-19.0
-155.0
-50.0
0.0
-35.0
-11.0
42.0
-1.0
-7.0
-10.0
-19.0
26.0
-7.0
15.0
16.0
-15.0
-43.0
-21.0
-45.0
-30.0
-7.0
15.0
-18.0
-4.0
-11.0
-12.0
-8.0
20.0
8.0
-18.0
-21.0
9.0
-9.0
-6.0
-25.0
-11.0
3.0
31.0
47.0
-29.0
4.0
-3.0
22.0
-9.0
2.0
-1.0
-18.0
-16.0
-9.0
15.0
1.0
18.0
-11.0
5.0
-12.0
-18.0
12.0
15.0
-22.0
-20.0
7.0
-10.0
-11.0
14.0
1.0
25.0
11.0
-5.0
2.0
-21.0
2.0
-12.0
-13.0
-14.0
-23.0
-12.0
-32.0
-95.0
-153.0
-21.0
154.0
5.0
46.0
-25.0
-18.0
-145.0
-2.0
-12.0
-60.0
-51.0
-60.0
26.0
-6.0
0.0
-2.0
13.0
1.0
10.0
19.0
6.0
14.0
23.0
23.0
21.0
-13.0
-11.0
18.0
2.0
1.0
11.0
8.0
-17.0
2.0
-3.0
-2.0
-45.0
-44.0
-13.0
-25.0
-8.0
11.0
-17.0
7.0
-4.0
20.0
30.0
-5.0
-42.0
-41.0
-49.0
-13.0
4.0
3.0
39.0
-16.0
-35.0
2.0
-12.0
-9.0
-22.0
-34.0
-10.0
15.0
17.0
6.0
7.0
1.0
0.0
-10.0
-6.0
-20.0
-13.0
8.0
24.0
4.0
-28.0
-14.0
-35.0
-33.0
-10.0
-34.0
-23.0
-37.0
-31.0
-38.0
29.0
-24.0
-16.0
-18.0
-37.0
2.0
0.0
-14.0
-13.0
7.0
-5.0
-18.0
-2.0
-7.0
7.0
-12.0
29.0
7.0
-17.0
-13.0
14.0
-21.0
-58.0
-33.0
-17.0
-4.0
-7.0
17.0
-12.0
-7.0
7.0
-18.0
12.0
-8.0
0.0
-8.0
-7.0
6.0
-6.0
12.0
0.0
8.0
23.0
12.0
7.0
20.0
14.0
13.0
-6.0
-7.0
-31.0
-33.0
-5.0
-12.0
9.0
-14.0
4.0
-4.0
-2.0
-5.0
-3.0
-11.0
-14.0
-24.0
13.0
11.0
6.0
-7.0
17.0
-12.0
-31.0
-6.0
-6.0
-10.0
21.0
17.0
0.0
-1.0
-28.0
-3.0
15.0
-9.0
-26.0
-9.0
-8.0
0.0
-11.0
-3.0
11.0
2.0
7.0
-9.0
20.0
17.0
15.0
21.0
17.0
-1.0
-42.0
-32.0
-6.0
-17.0
-21.0
-16.0
7.0
9.0
23.0
0.0
21.0
5.0
-36.0
-17.0
-3.0
0.0
4.0
-5.0
-23.0
20.0
26.0
-4.0
7.0
-2.0
-1.0
0.0
-17.0
-8.0
-31.0
-38.0
-28.0
-36.0
-18.0
-3.0
26.0
22.0
-12.0
31.0
-7.0
-31.0
4.0
-10.0
-19.0
-5.0
-4.0
2.0
-5.0
-17.0
-32.0
-17.0
-30.0
-8.0
-19.0
-6.0
20.0
18.0
-3.0
-12.0
5.0
-1.0
11.0
-1.0
-7.0
7.0
1.0
-4.0
30.0
7.0
11.0
-18.0
-21.0
-29.0
-26.0
-25.0
-16.0
-18.0
-11.0
-14.0
9.0
22.0
-9.0
12.0
11.0
14.0
-2.0
-5.0
5.0
45.0
21.0
23.0
-2.0
-12.0
8.0
-13.0
-1.0
-12.0
-20.0
-9.0
4.0
-1.0
9.0
11.0
14.0
8.0
-14.0
-24.0
7.0
-10.0
-10.0
11.0
36.0
17.0
1.0
27.0
8.0
-2.0
3.0
15.0
-17.0
-25.0
-29.0
-35.0
-46.0
-10.0
4.0
4.0
-4.0
13.0
11.0
5.0
-1.0
9.0
-4.0
17.0
30.0
17.0
2.0
-5.0
11.0
7.0
-13.0
-15.0
-19.0
-15.0
-24.0
-15.0
-24.0
-3.0
-18.0
-11.0
22.0
-20.0
14.0
-40.0
24.0
29.0
-9.0
-17.0
-12.0
-4.0
-2.0
-44.0
-104.0
88.0
62.0
118.0
64.0
-40.0
-141.0
-201.0
-257.0
-194.0
-265.0
-191.0
-189.0
-215.0
-116.0
-158.0
-104.0
-158.0
-211.0
-75.0
107.0
-58.0
-29.0
-8.0
26.0
29.0
-191.0
-34.0
28.0
39.0
-22.0
110.0
51.0
55.0
-36.0
-40.0
27.0
27.0
-24.0
-35.0
-39.0
3.0
-9.0
-12.0
-24.0
-64.0
-33.0
-57.0
-16.0
-25.0
-6.0
31.0
14.0
8.0
-20.0
45.0
233.0
313.0
313.0
313.0
313.0
313.0
313.0
313.0
313.0
259.0
188.0
189.0
112.0
111.0
-15.0
92.0
-18.0
-74.0
-33.0
-42.0
-20.0
-68.0
-88.0
-122.0
-70.0
-87.0
-126.0
-125.0
-93.0
-212.0
-63.0
-74.0
-53.0
-88.0
-68.0
-75.0
-114.0
-136.0
-132.0
-116.0
-153.0
-149.0
-147.0
-78.0
-99.0
-101.0
-99.0
-105.0
-33.0
-31.0
-74.0
-50.0
-62.0
-160.0
-46.0
-41.0
-74.0
-42.0
-75.0
-84.0
-79.0
-63.0
-37.0
-58.0
-58.0
-5.0
-50.0
-50.0
-70.0
-70.0
-34.0
-40.0
-19.0
-34.0
-51.0
-68.0
-37.0
-40.0
10.0
28.0
36.0
12.0
3.0
-16.0
-22.0
-3.0
7.0
28.0
61.0
5.0
-8.0
-11.0
26.0
25.0
44.0
4.0
18.0
26.0
19.0
46.0
25.0
57.0
74.0
27.0
15.0
30.0
44.0
48.0
42.0
38.0
17.0
65.0
74.0
60.0
42.0
43.0
39.0
33.0
-21.0
-11.0
15.0
55.0
44.0
27.0
41.0
58.0
44.0
43.0
14.0
-6.0
-8.0
28.0
2.0
-31.0
-26.0
176.0
313.0
313.0
313.0
313.0
313.0
313.0
287.0
152.0
67.0
36.0
-7.0
33.0
-38.0
-115.0
-105.0
-111.0
-92.0
-100.0
-162.0
-154.0
-127.0
-114.0
-129.0
-107.0
-107.0
-134.0
-205.0
-313.0
-313.0
-313.0
-284.0
-313.0
-224.0
-180.0
-177.0
-117.0
-94.0
-66.0
-43.0
-42.0
-28.0
-22.0
-55.0
-17.0
-30.0
-27.0
-6.0
-8.0
-24.0
8.0
-8.0
3.0
2.0
2.0
23.0
14.0
16.0
6.0
52.0
40.0
14.0
15.0
32.0
-2.0
43.0
37.0
10.0
20.0
-14.0
28.0
37.0
27.0
17.0
18.0
8.0
37.0
40.0
59.0
1.0
-2.0
30.0
17.0
20.0
34.0
30.0
2.0
32.0
16.0
26.0
22.0
13.0
19.0
-15.0
18.0
6.0
-113.0
-55.0
-60.0
-47.0
3.0
-9.0
-27.0
7.0
7.0
15.0
19.0
73.0
8.0
30.0
15.0
-5.0
-17.0
-16.0
-14.0
-37.0
-29.0
-39.0
-52.0
-4.0
-18.0
4.0
-14.0
-7.0
-4.0
17.0
-12.0
1.0
20.0
13.0
16.0
1.0
8.0
-15.0
-31.0
3.0
-12.0
-30.0
-6.0
21.0
-34.0
-1.0
13.0
55.0
35.0
21.0
48.0
27.0
18.0
17.0
12.0
6.0
-8.0
43.0
1.0
-28.0
1.0
-39.0
7.0
-32.0
-15.0
-23.0
-2.0
44.0
18.0
-19.0
-38.0
-1.0
-17.0
-40.0
-19.0
4.0
-20.0
23.0
-13.0
10.0
11.0
11.0
-37.0
10.0
-38.0
-55.0
-86.0
-11.0
-11.0
1.0
16.0
-24.0
11.0
-22.0
-26.0
-35.0
-34.0
-24.0
-56.0
-81.0
-6.0
-68.0
-57.0
-51.0
-9.0
-21.0
-22.0
14.0
-4.0
19.0
59.0
15.0
26.0
47.0
36.0
22.0
10.0
-14.0
21.0
17.0
2.0
30.0
24.0
-18.0
-13.0
-7.0
-20.0
0.0
-21.0
31.0
-4.0
4.0
-45.0
24.0
-26.0
-227.0
-280.0
-182.0
-79.0
36.0
84.0
90.0
70.0
93.0
76.0
32.0
99.0
54.0
-1.0
0.0
-52.0
32.0
-14.0
-1.0
-5.0
-3.0
-38.0
-4.0
-26.0
-14.0
-17.0
12.0
-6.0
-64.0
-7.0
-70.0
-18.0
72.0
185.0
210.0
205.0
103.0
52.0
6.0
-39.0
-46.0
-43.0
-20.0
-77.0
-151.0
-127.0
-121.0
-115.0
-129.0
-140.0
-39.0
-37.0
-10.0
45.0
29.0
30.0
39.0
56.0
72.0
83.0
18.0
70.0
51.0
19.0
52.0
45.0
-31.0
-222.0
-313.0
-272.0
9.0
1.0
13.0
26.0
-9.0
-17.0
-23.0
46.0
22.0
-8.0
-9.0
-61.0
-13.0
-70.0
-40.0
-147.0
-15.0
33.0
3.0
-31.0
-12.0
32.0
54.0
118.0
196.0
170.0
128.0
164.0
138.0
88.0
13.0
33.0
-8.0
-78.0
-49.0
-31.0
-69.0
-69.0
-54.0
-81.0
-73.0
-62.0
-54.0
-50.0
-66.0
-14.0
26.0
-7.0
-27.0
-22.0
26.0
13.0
17.0
0.0
1.0
-11.0
-7.0
8.0
-17.0
-14.0
-7.0
-13.0
-15.0
3.0
-50.0
-48.0
-27.0
4.0
6.0
40.0
25.0
22.0
26.0
0.0
9.0
6.0
45.0
3.0
31.0
50.0
24.0
8.0
18.0
29.0
6.0
-37.0
26.0
14.0
22.0
26.0
1.0
-1.0
-4.0
12.0
-7.0
-20.0
-11.0
-4.0
-8.0
-12.0
-9.0
-13.0
-12.0
-37.0
-37.0
-32.0
5.0
-2.0
2.0
-1.0
30.0
35.0
-7.0
-41.0
-25.0
-14.0
-6.0
10.0
3.0
17.0
13.0
-11.0
32.0
21.0
-13.0
9.0
-26.0
-56.0
-32.0
-31.0
-42.0
-29.0
-24.0
-18.0
-45.0
-5.0
-40.0
-34.0
-24.0
21.0
24.0
9.0
8.0
1.0
-6.0
1.0
-20.0
-4.0
0.0
18.0
-38.0
-37.0
13.0
-23.0
-10.0
0.0
-2.0
13.0
14.0
-14.0
-45.0
-24.0
-35.0
4.0
5.0
30.0
12.0
10.0
9.0
26.0
-11.0
27.0
17.0
-28.0
2.0
-3.0
-36.0
-37.0
0.0
-8.0
17.0
12.0
50.0
-7.0
-2.0
16.0
2.0
16.0
-35.0
0.0
17.0
13.0
2.0
-6.0
-14.0
9.0
6.0
-17.0
-24.0
-7.0
-4.0
2.0
-20.0
-17.0
38.0
61.0
61.0
15.0
42.0
17.0
9.0
18.0
41.0
30.0
33.0
15.0
32.0
-6.0
8.0
-11.0
-28.0
-45.0
-11.0
-11.0
-3.0
-10.0
-15.0
-7.0
-16.0
-37.0
-5.0
-6.0
-26.0
-31.0
6.0
-5.0
-42.0
3.0
-11.0
18.0
-3.0
4.0
15.0
-12.0
-29.0
-14.0
15.0
-9.0
-19.0
-17.0
-24.0
-41.0
-31.0
-13.0
-25.0
-3.0
14.0
2.0
-16.0
-38.0
-9.0
-13.0
-7.0
1.0
-28.0
7.0
-13.0
-55.0
-37.0
-43.0
-2.0
-18.0
-21.0
-8.0
-20.0
-42.0
-10.0
20.0
-1.0
-8.0
-20.0
-9.0
-25.0
-26.0
-43.0
-18.0
-11.0
-14.0
-12.0
3.0
20.0
22.0
-8.0
-24.0
30.0
-4.0
-9.0
0.0
13.0
-28.0
-40.0
-17.0
-9.0
-30.0
-1.0
-7.0
-1.0
4.0
22.0
3.0
5.0
21.0
57.0
48.0
-14.0
18.0
11.0
0.0
-33.0
1.0
-1.0
-14.0
-5.0
-38.0
7.0
-36.0
-33.0
-28.0
-6.0
13.0
-14.0
-1.0
-13.0
-31.0
-18.0
-12.0
-26.0
-52.0
-27.0
-15.0
30.0
10.0
35.0
25.0
23.0
18.0
10.0
18.0
-9.0
-10.0
-11.0
-15.0
-28.0
-9.0
-19.0
-11.0
7.0
5.0
-47.0
-9.0
-41.0
-24.0
-26.0
-21.0
-3.0
-3.0
-26.0
-40.0
-26.0
-28.0
-6.0
-18.0
-13.0
20.0
-21.0
9.0
-30.0
-2.0
-7.0
58.0
-2.0
-17.0
24.0
12.0
28.0
-7.0
-20.0
22.0
36.0
-5.0
10.0
-12.0
-4.0
-6.0
-5.0
-4.0
-13.0
-43.0
-32.0
-14.0
-18.0
0.0
24.0
2.0
-3.0
5.0
-6.0
21.0
23.0
31.0
31.0
20.0
28.0
-23.0
-15.0
-4.0
-11.0
-19.0
5.0
-2.0
-12.0
0.0
19.0
-2.0
0.0
2.0
-9.0
-10.0
-10.0
-20.0
-51.0
-37.0
-48.0
-33.0
-28.0
-31.0
-14.0
-1.0
6.0
0.0
4.0
16.0
25.0
9.0
13.0
15.0
5.0
23.0
21.0
-16.0
-9.0
1.0
3.0
-21.0
-9.0
-15.0
-30.0
-22.0
-37.0
-47.0
-29.0
-24.0
-10.0
33.0
-7.0
-22.0
24.0
63.0
29.0
13.0
-28.0
6.0
21.0
20.0
20.0
22.0
26.0
-7.0
5.0
-19.0
1.0
5.0
-33.0
-10.0
-7.0
-44.0
-35.0
-23.0
-11.0
9.0
32.0
15.0
2.0
13.0
44.0
23.0
5.0
-15.0
-15.0
-52.0
-44.0
-31.0
-27.0
-49.0
-28.0
-40.0
8.0
4.0
20.0
33.0
33.0
11.0
35.0
39.0
26.0
51.0
14.0
2.0
-17.0
-31.0
-24.0
-23.0
-12.0
-27.0
-25.0
-11.0
22.0
-2.0
-13.0
-7.0
-15.0
-2.0
2.0
-15.0
28.0
19.0
1.0
33.0
2.0
27.0
26.0
38.0
-36.0
-7.0
6.0
-5.0
7.0
-5.0
-15.0
-7.0
-25.0
-26.0
-4.0
-17.0
-10.0
-27.0
-9.0
15.0
0.0
-23.0
-4.0
2.0
8.0
28.0
35.0
16.0
28.0
8.0
10.0
-2.0
-41.0
-47.0
-33.0
-17.0
-32.0
-10.0
-36.0
-28.0
-16.0
-5.0
-6.0
-29.0
-33.0
-13.0
-1.0
-20.0
10.0
9.0
27.0
23.0
10.0
-12.0
40.0
18.0
2.0
-11.0
9.0
-16.0
-34.0
-36.0
-1.0
-3.0
-39.0
-28.0
-5.0
-59.0
-62.0
-18.0
-21.0
4.0
-46.0
-22.0
-48.0
-3.0
-22.0
-41.0
-9.0
9.0
-11.0
4.0
41.0
35.0
33.0
31.0
18.0
29.0
-2.0
39.0
-5.0
10.0
-27.0
-23.0
-31.0
14.0
-7.0
-12.0
-2.0
-6.0
-38.0
18.0
-1.0
-9.0
-22.0
-16.0
-24.0
-26.0
-10.0
-23.0
11.0
-3.0
-19.0
17.0
-18.0
-5.0
-19.0
-10.0
36.0
59.0
17.0
60.0
0.0
1.0
-18.0
17.0
-27.0
-20.0
1.0
-18.0
-8.0
-17.0
-12.0
-7.0
-15.0
1.0
11.0
26.0
8.0
-21.0
2.0
-27.0
-13.0
-38.0
-40.0
-29.0
-20.0
-27.0
5.0
-48.0
-3.0
-22.0
-3.0
8.0
35.0
0.0
-13.0
-9.0
-11.0
-16.0
24.0
-4.0
0.0
-1.0
-34.0
-34.0
-27.0
-2.0
39.0
38.0
30.0
37.0
39.0
42.0
16.0
-15.0
6.0
10.0
19.0
10.0
-43.0
-16.0
-22.0
-9.0
-10.0
-29.0
-41.0
-15.0
-15.0
-48.0
11.0
-19.0
-13.0
15.0
-28.0
14.0
6.0
0.0
24.0
7.0
23.0
11.0
14.0
18.0
-1.0
-2.0
1.0
-6.0
-38.0
-16.0
0.0
-14.0
-15.0
-38.0
-23.0
-36.0
-32.0
-14.0
-27.0
10.0
-6.0
-8.0
-11.0
1.0
-10.0
-20.0
-1.0
2.0
-6.0
-4.0
9.0
18.0
16.0
13.0
13.0
-3.0
20.0
11.0
-9.0
-24.0
12.0
10.0
4.0
-18.0
15.0
-6.0
-2.0
-6.0
16.0
-1.0
-10.0
-23.0
-21.0
-24.0
-18.0
-30.0
-18.0
-11.0
-1.0
1.0
-23.0
-27.0
-21.0
-31.0
0.0
-3.0
11.0
15.0
-2.0
41.0
30.0
42.0
25.0
26.0
21.0
2.0
-7.0
9.0
-17.0
10.0
-12.0
22.0
8.0
11.0
4.0
-2.0
-38.0
-29.0
-3.0
-13.0
2.0
-12.0
3.0
1.0
-9.0
-3.0
10.0
4.0
-4.0
1.0
5.0
2.0
14.0
16.0
30.0
17.0
-7.0
-16.0
14.0
20.0
14.0
6.0
-1.0
-18.0
-28.0
-37.0
-51.0
-51.0
-63.0
-17.0
13.0
22.0
29.0
14.0
18.0
11.0
22.0
-14.0
-17.0
-27.0
-31.0
-33.0
-12.0
-17.0
4.0
-17.0
23.0
-18.0
-35.0
-34.0
-13.0
-11.0
-24.0
-26.0
-2.0
-4.0
-10.0
-5.0
39.0
27.0
5.0
7.0
13.0
19.0
9.0
1.0
-1.0
-10.0
3.0
-25.0
-14.0
-34.0
-18.0
-38.0
-1.0
0.0
-18.0
2.0
-13.0
7.0
-12.0
20.0
21.0
24.0
22.0
-17.0
-18.0
-5.0
-1.0
3.0
-32.0
-13.0
3.0
8.0
-13.0
-47.0
-50.0
-38.0
-34.0
-9.0
18.0
24.0
22.0
4.0
-11.0
23.0
-17.0
17.0
-7.0
-17.0
-28.0
-6.0
-18.0
-19.0
-13.0
2.0
-9.0
-17.0
-24.0
-30.0
-12.0
-9.0
-46.0
-50.0
-45.0
-33.0
9.0
31.0
-7.0
26.0
20.0
48.0
-1.0
5.0
2.0
-9.0
16.0
12.0
11.0
17.0
0.0
32.0
12.0
-1.0
9.0
-21.0
-50.0
-26.0
-40.0
-27.0
-24.0
-8.0
4.0
6.0
-5.0
41.0
52.0
39.0
36.0
14.0
6.0
-7.0
-36.0
-20.0
0.0
15.0
5.0
25.0
4.0
7.0
-16.0
-36.0
-14.0
-10.0
-13.0
-18.0
-16.0
-28.0
-6.0
-4.0
35.0
2.0
19.0
9.0
9.0
20.0
-6.0
-6.0
-4.0
19.0
5.0
10.0
-6.0
-10.0
-25.0
-18.0
-12.0
0.0
-31.0
-28.0
18.0
17.0
6.0
0.0
-2.0
-33.0
-25.0
-9.0
-18.0
-11.0
-15.0
13.0
-5.0
-20.0
15.0
12.0
38.0
0.0
27.0
-8.0
3.0
-9.0
13.0
10.0
12.0
-19.0
-14.0
14.0
-26.0
-11.0
-3.0
-18.0
-82.0
-71.0
-28.0
1.0
-17.0
-21.0
-6.0
14.0
15.0
19.0
13.0
7.0
4.0
-2.0
5.0
-13.0
-2.0
-6.0
-3.0
-27.0
-68.0
-67.0
-33.0
-43.0
-25.0
-3.0
15.0
19.0
-1.0
1.0
20.0
17.0
38.0
23.0
4.0
22.0
-4.0
3.0
-15.0
-5.0
-38.0
-11.0
-19.0
-7.0
-31.0
-3.0
-6.0
-22.0
-5.0
4.0
5.0
-18.0
-20.0
10.0
30.0
16.0
21.0
32.0
27.0
57.0
15.0
30.0
7.0
-26.0
-40.0
-25.0
1.0
-3.0
-22.0
-6.0
16.0
8.0
17.0
22.0
-8.0
8.0
8.0
-35.0
-72.0
-59.0
-284.0
-274.0
-180.0
-127.0
54.0
55.0
149.0
169.0
230.0
260.0
64.0
89.0
-49.0
63.0
-5.0
306.0
313.0
313.0
4.0
-109.0
149.0
162.0
57.0
140.0
-33.0
-58.0
-313.0
-170.0
-201.0
-150.0
-277.0
-253.0
-254.0
17.0
-224.0
-251.0
-189.0
-145.0
-313.0
-159.0
-188.0
-171.0
-119.0
66.0
53.0
37.0
15.0
109.0
38.0
-10.0
-20.0
-22.0
18.0
10.0
-3.0
-51.0
-37.0
-35.0
19.0
11.0
-37.0
-36.0
-7.0
-63.0
-46.0
-83.0
-92.0
12.0
8.0
-14.0
-39.0
-58.0
-16.0
6.0
0.0
23.0
35.0
-9.0
31.0
-27.0
-34.0
-32.0
-5.0
4.0
-31.0
-95.0
31.0
53.0
53.0
34.0
30.0
26.0
-29.0
-10.0
2.0
32.0
15.0
-3.0
-31.0
-3.0
-26.0
-30.0
14.0
32.0
7.0
-4.0
-22.0
9.0
-5.0
0.0
-7.0
0.0
2.0
13.0
4.0
4.0
-16.0
29.0
-118.0
-81.0
-20.0
-33.0
1.0
0.0
0.0
15.0
19.0
-35.0
22.0
57.0
74.0
76.0
82.0
30.0
34.0
-24.0
62.0
34.0
4.0
-4.0
7.0
-7.0
46.0
21.0
2.0
-38.0
-52.0
-53.0
-63.0
-20.0
-31.0
-15.0
-29.0
-5.0
17.0
10.0
22.0
46.0
17.0
-1.0
-16.0
-22.0
-9.0
2.0
-16.0
18.0
-96.0
106.0
133.0
134.0
127.0
80.0
-156.0
-162.0
-191.0
313.0
214.0
313.0
308.0
189.0
199.0
161.0
46.0
313.0
313.0
117.0
153.0
67.0
-33.0
-188.0
-105.0
-129.0
-105.0
-110.0
-131.0
-233.0
-313.0
-256.0
-313.0
-313.0
24.0
-20.0
5.0
-152.0
-73.0
-313.0
-313.0
-313.0
-313.0
-313.0
-313.0
-313.0
-313.0
-284.0
-313.0
-186.0
34.0
225.0
312.0
113.0
261.0
214.0
313.0
313.0
313.0
313.0
313.0
313.0
312.0
313.0
313.0
313.0
287.0
313.0
313.0
221.0
222.0
285.0
288.0
313.0
313.0
313.0
313.0
313.0
313.0
313.0
274.0
177.0
194.0
157.0
-289.0
-294.0
2.0
67.0
174.0
135.0
163.0
65.0
69.0
32.0
67.0
-9.0
23.0
-31.0
-176.0
-88.0
-86.0
-56.0
-39.0
-48.0
-58.0
-64.0
-84.0
-72.0
-50.0
-40.0
8.0
-5.0
-32.0
7.0
-39.0
-53.0
-39.0
-31.0
1.0
-59.0
-43.0
-53.0
-48.0
-72.0
-39.0
-9.0
-18.0
41.0
-45.0
-48.0
-45.0
-28.0
19.0
-8.0
1.0
49.0
11.0
15.0
20.0
2.0
15.0
79.0
111.0
96.0
-35.0
-29.0
18.0
45.0
-143.0
-108.0
-88.0
-69.0
-10.0
50.0
49.0
70.0
16.0
-23.0
-68.0
-36.0
26.0
117.0
228.0
313.0
313.0
313.0
313.0
313.0
313.0
313.0
313.0
313.0
313.0
168.0
21.0
65.0
-83.0
-165.0
-159.0
-152.0
-261.0
-197.0
-271.0
-296.0
-222.0
-160.0
-115.0
-140.0
-157.0
-109.0
-86.0
-107.0
-119.0
-113.0
-96.0
-99.0
-96.0
-85.0
-106.0
-122.0
-127.0
-91.0
-111.0
-107.0
-190.0
-178.0
-197.0
-18.0
-12.0
-57.0
2.0
30.0
31.0
-2.0
-6.0
-7.0
72.0
-38.0
-61.0
-39.0
-41.0
-6.0
9.0
-19.0
-25.0
-41.0
-3.0
-25.0
-26.0
-53.0
-99.0
-109.0
-89.0
-87.0
-66.0
-53.0
-29.0
23.0
24.0
22.0
-10.0
-4.0
-28.0
-29.0
-22.0
-15.0
-64.0
-34.0
-68.0
-88.0
-60.0
-64.0
-64.0
-68.0
-24.0
-33.0
16.0
24.0
33.0
14.0
1.0
-10.0
-18.0
-19.0
-36.0
-31.0
-13.0
-6.0
-4.0
8.0
-32.0
8.0
-51.0
-26.0
-6.0
-1.0
-26.0
-38.0
-22.0
-48.0
-55.0
16.0
-43.0
35.0
32.0
74.0
-2.0
45.0
-4.0
29.0
9.0
-13.0
12.0
-16.0
-1.0
3.0
4.0
3.0
26.0
-2.0
-8.0
-5.0
14.0
22.0
30.0
26.0
14.0
13.0
-4.0
14.0
-5.0
-5.0
26.0
-7.0
24.0
27.0
3.0
6.0
13.0
12.0
15.0
6.0
1.0
8.0
4.0
-5.0
-9.0
-33.0
-29.0
-44.0
-52.0
6.0
-9.0
16.0
-4.0
-5.0
37.0
31.0
27.0
33.0
14.0
31.0
9.0
18.0
21.0
-5.0
8.0
-11.0
-26.0
-63.0
-41.0
-7.0
0.0
15.0
8.0
17.0
5.0
-3.0
12.0
49.0
26.0
-6.0
-3.0
-3.0
24.0
24.0
13.0
-11.0
1.0
0.0
-31.0
-23.0
-31.0
-13.0
-34.0
-45.0
-39.0
-21.0
-41.0
-53.0
-24.0
-33.0
-7.0
10.0
30.0
38.0
38.0
-2.0
15.0
13.0
-2.0
15.0
-33.0
6.0
-32.0
-28.0
-5.0
-7.0
-38.0
-23.0
-21.0
-9.0
15.0
9.0
0.0
27.0
35.0
39.0
25.0
20.0
8.0
-17.0
17.0
2.0
0.0
13.0
29.0
13.0
-4.0
-29.0
20.0
-30.0
-1.0
-12.0
-21.0
-10.0
-33.0
-34.0
-32.0
-68.0
-37.0
4.0
-14.0
1.0
18.0
15.0
2.0
44.0
20.0
-2.0
24.0
13.0
15.0
22.0
1.0
-20.0
5.0
-1.0
10.0
-7.0
-10.0
-1.0
-11.0
-76.0
-41.0
-36.0
-20.0
0.0
-9.0
7.0
2.0
13.0
-6.0
1.0
1.0
-8.0
8.0
-17.0
9.0
22.0
-11.0
-22.0
-28.0
-9.0
-7.0
2.0
-42.0
-29.0
-44.0
-26.0
-22.0
-19.0
-26.0
1.0
11.0
-3.0
30.0
17.0
14.0
16.0
-10.0
8.0
6.0
8.0
-13.0
31.0
-10.0
-16.0
-5.0
-17.0
-45.0
-36.0
-16.0
-39.0
-37.0
-47.0
-31.0
-30.0
-36.0
0.0
-12.0
-10.0
-52.0
-29.0
-36.0
-45.0
-33.0
-24.0
-34.0
-27.0
15.0
-27.0
-53.0
-61.0
0.0
-11.0
-40.0
-55.0
-14.0
1.0
-22.0
-14.0
-4.0
24.0
42.0
42.0
34.0
41.0
21.0
66.0
57.0
37.0
113.0
88.0
57.0
57.0
51.0
13.0
15.0
12.0
-1.0
-12.0
-35.0
16.0
36.0
13.0
9.0
-1.0
-20.0
-33.0
-40.0
13.0
-23.0
-21.0
-12.0
-8.0
29.0
7.0
4.0
48.0
6.0
29.0
31.0
24.0
83.0
64.0
26.0
8.0
12.0
4.0
15.0
20.0
34.0
1.0
12.0
13.0
-2.0
-45.0
-15.0
-10.0
-31.0
7.0
4.0
-3.0
-2.0
19.0
-7.0
-21.0
13.0
-18.0
-9.0
-9.0
-17.0
-15.0
17.0
-17.0
-21.0
-24.0
-53.0
-25.0
-18.0
-9.0
0.0
21.0
57.0
43.0
2.0
12.0
1.0
36.0
17.0
-9.0
-6.0
-12.0
-19.0
-5.0
-31.0
-9.0
20.0
-4.0
-2.0
18.0
-10.0
-31.0
-6.0
-35.0
-20.0
19.0
6.0
4.0
-31.0
-22.0
-31.0
-33.0
-45.0
-9.0
-14.0
-16.0
-30.0
-14.0
18.0
-35.0
-38.0
-7.0
-23.0
-21.0
-50.0
-30.0
-13.0
-3.0
-37.0
-28.0
-29.0
-26.0
-1.0
-31.0
6.0
22.0
-14.0
31.0
11.0
35.0
31.0
23.0
-1.0
-4.0
18.0
17.0
-25.0
-46.0
-52.0
-17.0
-31.0
-32.0
-39.0
-2.0
-22.0
-31.0
-17.0
14.0
30.0
13.0
14.0
0.0
14.0
14.0
-19.0
7.0
-7.0
-9.0
-2.0
5.0
-19.0
-32.0
-75.0
-52.0
-29.0
-45.0
-3.0
-14.0
17.0
-50.0
-16.0
18.0
17.0
30.0
7.0
16.0
16.0
14.0
10.0
1.0
-40.0
-166.0
-241.0
-243.0
-208.0
-184.0
-159.0
-162.0
-199.0
-132.0
-97.0
-119.0
-85.0
-87.0
-70.0
-32.0
4.0
74.0
52.0
60.0
30.0
55.0
40.0
55.0
41.0
85.0
59.0
39.0
28.0
16.0
2.0
3.0
19.0
10.0
67.0
96.0
84.0
55.0
58.0
42.0
19.0
-8.0
34.0
47.0
19.0
8.0
9.0
4.0
-19.0
-53.0
-18.0
-4.0
-6.0
-12.0
23.0
46.0
18.0
29.0
72.0
82.0
45.0
75.0
47.0
36.0
3.0
-20.0
10.0
1.0
24.0
30.0
-14.0
-49.0
-22.0
-46.0
-43.0
15.0
27.0
182.0
164.0
194.0
216.0
265.0
233.0
236.0
161.0
102.0
72.0
-61.0
-45.0
-40.0
-32.0
20.0
44.0
37.0
50.0
-2.0
-9.0
-12.0
-21.0
-8.0
-36.0
-54.0
-46.0
-52.0
-22.0
-6.0
-4.0
-21.0
-40.0
-25.0
-30.0
-50.0
-66.0
-65.0
-62.0
-143.0
-104.0
-103.0
-68.0
-38.0
-63.0
-45.0
-37.0
-75.0
-39.0
-47.0
-42.0
24.0
51.0
147.0
292.0
313.0
313.0
313.0
313.0
313.0
274.0
182.0
165.0
28.0
-27.0
-169.0
-158.0
-145.0
-204.0
-215.0
-271.0
-258.0
-274.0
-214.0
-193.0
-185.0
-206.0
-206.0
-193.0
-147.0
-147.0
-47.0
-82.0
-80.0
-53.0
-57.0
-11.0
-9.0
-52.0
-70.0
-76.0
-66.0
-62.0
-33.0
-42.0
-41.0
-26.0
-41.0
-49.0
-40.0
-26.0
-35.0
-119.0
-104.0
-143.0
-37.0
-74.0
-67.0
-46.0
-50.0
288.0
103.0
-74.0
-48.0
-160.0
-83.0
-48.0
-79.0
-161.0
-144.0
-160.0
-232.0
-98.0
151.0
289.0
239.0
-151.0
-145.0
-74.0
-38.0
40.0
48.0
65.0
85.0
179.0
147.0
113.0
109.0
106.0
81.0
76.0
52.0
67.0
70.0
76.0
44.0
57.0
50.0
77.0
69.0
53.0
72.0
38.0
54.0
36.0
-30.0
-7.0
-3.0
29.0
5.0
-9.0
-28.0
17.0
-2.0
32.0
11.0
14.0
17.0
-32.0
-17.0
-26.0
-88.0
-69.0
-37.0
-30.0
2.0
-5.0
-16.0
-14.0
-6.0
0.0
21.0
11.0
-10.0
35.0
17.0
5.0
7.0
-29.0
-45.0
-40.0
10.0
22.0
5.0
-16.0
24.0
-3.0
15.0
46.0
18.0
10.0
27.0
9.0
9.0
-28.0
-62.0
-88.0
-88.0
-61.0
-63.0
-62.0
-47.0
-44.0
30.0
47.0
42.0
-3.0
17.0
-9.0
-19.0
-24.0
-81.0
-115.0
-157.0
-176.0
-124.0
-198.0
-114.0
-117.0
-27.0
-83.0
-51.0
-13.0
-5.0
313.0
238.0
111.0
105.0
52.0
-100.0
-263.0
-185.0
-214.0
-82.0
122.0
243.0
293.0
280.0
216.0
223.0
204.0
193.0
133.0
118.0
69.0
73.0
51.0
63.0
45.0
28.0
12.0
23.0
-5.0
-24.0
-56.0
-50.0
-98.0
-101.0
-94.0
-79.0
-74.0
-62.0
-54.0
-49.0
-21.0
-27.0
-32.0
-35.0
-42.0
-14.0
-29.0
14.0
0.0
75.0
23.0
-25.0
-50.0
-35.0
-31.0
-27.0
-26.0
-19.0
-32.0
-50.0
-34.0
-39.0
-18.0
0.0
1.0
-29.0
-21.0
-29.0
-17.0
-30.0
-39.0
-41.0
-28.0
-41.0
-22.0
-25.0
-4.0
23.0
1.0
-19.0
-13.0
28.0
26.0
38.0
22.0
21.0
32.0
29.0
-18.0
6.0
-6.0
-7.0
13.0
-4.0
-15.0
5.0
0.0
-16.0
-12.0
-17.0
-27.0
-28.0
-11.0
-23.0
32.0
6.0
-5.0
-7.0
-28.0
-12.0
0.0
-36.0
-32.0
-28.0
-9.0
7.0
6.0
51.0
65.0
37.0
41.0
25.0
-2.0
6.0
13.0
-9.0
-28.0
4.0
-15.0
-36.0
-31.0
-6.0
-22.0
-5.0
-27.0
-4.0
-12.0
-19.0
-44.0
-70.0
-72.0
-31.0
-6.0
-16.0
-33.0
-20.0
9.0
11.0
17.0
33.0
36.0
31.0
14.0
1.0
18.0
35.0
36.0
16.0
-6.0
-17.0
-18.0
-17.0
-15.0
-20.0
-31.0
-40.0
-54.0
-31.0
-31.0
-4.0
-6.0
-13.0
48.0
47.0
61.0
36.0
17.0
-19.0
-29.0
-12.0
0.0
7.0
19.0
12.0
4.0
-13.0
7.0
-25.0
26.0
-11.0
-12.0
10.0
-31.0
-36.0
13.0
6.0
13.0
32.0
-23.0
-14.0
7.0
11.0
-13.0
-4.0
6.0
14.0
13.0
3.0
-61.0
-40.0
-13.0
2.0
3.0
8.0
13.0
11.0
-7.0
-2.0
-12.0
-43.0
22.0
50.0
43.0
38.0
38.0
17.0
1.0
-14.0
0.0
11.0
-7.0
-20.0
-28.0
-58.0
-33.0
-29.0
-5.0
-2.0
-4.0
5.0
-9.0
-17.0
-44.0
-34.0
-10.0
-4.0
-12.0
-9.0
3.0
20.0
19.0
20.0
58.0
31.0
24.0
-3.0
-11.0
-28.0
-54.0
-24.0
12.0
-6.0
77.0
79.0
44.0
50.0
55.0
31.0
35.0
-1.0
22.0
-4.0
0.0
12.0
-25.0
-13.0
-23.0
-15.0
6.0
6.0
7.0
0.0
-9.0
-19.0
-12.0
-1.0
-25.0
-28.0
-37.0
-33.0
-16.0
-22.0
12.0
2.0
-36.0
18.0
28.0
24.0
18.0
-6.0
18.0
-1.0
26.0
29.0
-16.0
-16.0
-30.0
-22.0
12.0
-27.0
10.0
20.0
42.0
40.0
-12.0
19.0
17.0
-7.0
-5.0
-25.0
-37.0
-5.0
-6.0
-8.0
-26.0
13.0
4.0
-20.0
6.0
13.0
23.0
15.0
-12.0
-22.0
-9.0
-42.0
-61.0
-46.0
-21.0
-49.0
26.0
-21.0
14.0
9.0
11.0
26.0
17.0
-1.0
-2.0
13.0
-18.0
-3.0
-41.0
-17.0
12.0
44.0
11.0
-22.0
-1.0
3.0
4.0
5.0
-4.0
7.0
7.0
45.0
-2.0
-5.0
6.0
-34.0
-11.0
3.0
-3.0
-9.0
3.0
-32.0
-1.0
-48.0
-41.0
-84.0
-59.0
-53.0
-50.0
-61.0
-16.0
-3.0
20.0
17.0
27.0
13.0
26.0
26.0
25.0
18.0
37.0
21.0
6.0
-4.0
6.0
-31.0
-40.0
-43.0
-44.0
-40.0
-5.0
33.0
-31.0
5.0
13.0
-16.0
-7.0
-24.0
-33.0
-21.0
-27.0
5.0
-20.0
-13.0
-5.0
-14.0
-6.0
-13.0
-65.0
-69.0
-57.0
-17.0
-23.0
-30.0
1.0
-23.0
-18.0
-10.0
-9.0
-3.0
-4.0
-7.0
21.0
-14.0
-8.0
23.0
33.0
6.0
-5.0
-7.0
7.0
8.0
42.0
18.0
7.0
0.0
3.0
-3.0
6.0
1.0
-6.0
-9.0
-27.0
-27.0
-20.0
-13.0
-24.0
-7.0
-18.0
-15.0
6.0
-28.0
18.0
31.0
6.0
-13.0
-25.0
-12.0
-55.0
-43.0
-53.0
-53.0
0.0
4.0
-7.0
0.0
6.0
15.0
11.0
10.0
11.0
29.0
-8.0
13.0
-12.0
-12.0
-20.0
-20.0
-28.0
-20.0
-37.0
11.0
33.0
23.0
8.0
-1.0
17.0
-18.0
-14.0
1.0
8.0
8.0
0.0
16.0
11.0
1.0
-3.0
-16.0
-17.0
-19.0
-52.0
-37.0
-26.0
6.0
7.0
-21.0
6.0
-23.0
10.0
3.0
-29.0
-3.0
-17.0
-31.0
-29.0
-51.0
-15.0
-5.0
1.0
37.0
23.0
0.0
-4.0
-12.0
-15.0
0.0
2.0
26.0
38.0
53.0
10.0
-1.0
-10.0
-6.0
-12.0
9.0
-14.0
-24.0
-3.0
-13.0
-10.0
18.0
-6.0
-13.0
-2.0
3.0
7.0
-16.0
-1.0
20.0
3.0
15.0
-4.0
-40.0
2.0
13.0
38.0
2.0
21.0
-10.0
-26.0
11.0
-21.0
-43.0
-40.0
-2.0
-14.0
-8.0
11.0
-2.0
-3.0
30.0
-8.0
-3.0
60.0
14.0
-5.0
14.0
30.0
31.0
-19.0
28.0
9.0
15.0
-13.0
-21.0
-20.0
-4.0
36.0
14.0
6.0
4.0
22.0
41.0
1.0
-28.0
-20.0
15.0
-14.0
-26.0
-1.0
16.0
4.0
-13.0
26.0
6.0
12.0
-40.0
-22.0
-28.0
-29.0
-32.0
-19.0
5.0
-2.0
8.0
-15.0
10.0
-9.0
-14.0
18.0
-24.0
-15.0
-35.0
-14.0
-22.0
-4.0
4.0
7.0
17.0
0.0
49.0
43.0
12.0
0.0
12.0
11.0
18.0
7.0
-15.0
-14.0
-18.0
-15.0
-18.0
7.0
-7.0
-10.0
-12.0
-35.0
-42.0
-41.0
-46.0
-38.0
4.0
-14.0
14.0
-6.0
-13.0
13.0
-18.0
1.0
-11.0
20.0
9.0
24.0
21.0
8.0
30.0
-11.0
-4.0
2.0
-11.0
3.0
-6.0
11.0
10.0
24.0
-3.0
9.0
-17.0
-16.0
-22.0
-14.0
-58.0
-46.0
-24.0
7.0
-18.0
-15.0
-7.0
36.0
34.0
-3.0
38.0
32.0
8.0
9.0
-16.0
-17.0
-39.0
-43.0
-39.0
20.0
-24.0
-49.0
-49.0
-9.0
12.0
-1.0
12.0
15.0
-5.0
17.0
9.0
17.0
23.0
0.0
-9.0
-34.0
-4.0
19.0
4.0
-17.0
-22.0
-38.0
-37.0
-41.0
0.0
-9.0
-26.0
4.0
9.0
3.0
-2.0
9.0
65.0
61.0
29.0
16.0
4.0
22.0
19.0
22.0
1.0
19.0
164.0
138.0
93.0
120.0
132.0
98.0
134.0
92.0
75.0
45.0
-3.0
-6.0
-36.0
-31.0
-22.0
-36.0
-22.0
-68.0
-95.0
-146.0
-220.0
-169.0
-172.0
-153.0
-139.0
-105.0
-88.0
-115.0
-77.0
-54.0
-15.0
-34.0
-14.0
-2.0
-33.0
-31.0
-20.0
-29.0
-11.0
26.0
-12.0
50.0
38.0
23.0
35.0
-9.0
-4.0
-15.0
6.0
16.0
29.0
-15.0
-4.0
-31.0
-19.0
12.0
-30.0
17.0
22.0
42.0
11.0
35.0
17.0
30.0
46.0
22.0
39.0
24.0
43.0
22.0
55.0
32.0
13.0
-4.0
-17.0
-27.0
-20.0
-20.0
9.0
-22.0
-22.0
-48.0
-29.0
-46.0
-41.0
3.0
17.0
29.0
53.0
-18.0
14.0
-9.0
1.0
1.0
5.0
-1.0
0.0
-30.0
-9.0
-15.0
5.0
-20.0
3.0
-29.0
-18.0
-22.0
-25.0
-18.0
-27.0
-17.0
-49.0
-21.0
-51.0
-4.0
-9.0
-3.0
-3.0
-27.0
-24.0
-22.0
16.0
21.0
29.0
66.0
59.0
36.0
30.0
-6.0
32.0
-13.0
17.0
-14.0
-29.0
-22.0
14.0
-23.0
4.0
-34.0
-13.0
-12.0
11.0
-12.0
-1.0
-26.0
-21.0
-65.0
-61.0
-21.0
-14.0
-7.0
-12.0
4.0
0.0
35.0
38.0
26.0
68.0
18.0
13.0
10.0
6.0
2.0
-7.0
-3.0
6.0
-28.0
-20.0
35.0
-3.0
7.0
12.0
5.0
-33.0
-33.0
-16.0
-55.0
-63.0
-40.0
-68.0
-36.0
-22.0
34.0
23.0
21.0
36.0
72.0
40.0
19.0
-5.0
-23.0
31.0
22.0
13.0
-14.0
-23.0
-17.0
-57.0
-22.0
-35.0
-4.0
-6.0
-14.0
-38.0
7.0
13.0
-20.0
-30.0
-59.0
-11.0
-30.0
-18.0
-6.0
19.0
24.0
15.0
25.0
29.0
7.0
13.0
37.0
-9.0
-12.0
-3.0
-12.0
-4.0
-36.0
-11.0
7.0
-13.0
20.0
0.0
-61.0
-70.0
-53.0
-43.0
-54.0
-9.0
-27.0
19.0
-20.0
-46.0
24.0
37.0
17.0
20.0
28.0
7.0
43.0
-7.0
-28.0
-7.0
-13.0
-6.0
2.0
16.0
-8.0
-55.0
-12.0
-43.0
-14.0
-3.0
-2.0
-8.0
41.0
28.0
52.0
24.0
-5.0
0.0
-12.0
-29.0
-29.0
3.0
10.0
1.0
-37.0
-17.0
-24.0
-2.0
-21.0
0.0
-37.0
-8.0
-32.0
-45.0
-70.0
-39.0
-31.0
16.0
22.0
9.0
40.0
26.0
15.0
-12.0
41.0
35.0
3.0
12.0
30.0
27.0
13.0
3.0
-2.0
-28.0
-19.0
-13.0
-35.0
-43.0
-62.0
-25.0
-21.0
-34.0
-11.0
-13.0
-1.0
-22.0
-15.0
3.0
43.0
34.0
37.0
24.0
28.0
11.0
18.0
21.0
-41.0
-21.0
-39.0
-15.0
-5.0
-15.0
-10.0
-5.0
-31.0
-22.0
-26.0
-38.0
4.0
-5.0
-11.0
-5.0
22.0
1.0
18.0
54.0
45.0
33.0
4.0
9.0
13.0
-26.0
-1.0
-13.0
-22.0
-26.0
-60.0
-33.0
-6.0
-12.0
-6.0
-5.0
0.0
19.0
7.0
-9.0
-37.0
-26.0
-67.0
-18.0
-20.0
20.0
-3.0
-8.0
6.0
7.0
-8.0
-15.0
-17.0
-23.0
9.0
68.0
37.0
26.0
-7.0
7.0
4.0
3.0
-30.0
-11.0
-17.0
-15.0
-27.0
-8.0
-7.0
-10.0
-12.0
-22.0
-10.0
-57.0
-44.0
-39.0
11.0
1.0
18.0
12.0
16.0
27.0
6.0
8.0
-6.0
25.0
2.0
-15.0
-7.0
-4.0
-25.0
-41.0
-21.0
-40.0
-68.0
-42.0
-76.0
-54.0
-27.0
8.0
37.0
27.0
30.0
21.0
55.0
48.0
23.0
31.0
10.0
28.0
-19.0
0.0
10.0
-21.0
-6.0
12.0
-2.0
-1.0
-13.0
-12.0
-3.0
9.0
-37.0
8.0
-4.0
-4.0
-6.0
-14.0
-7.0
-7.0
3.0
-3.0
-77.0
-59.0
-28.0
-44.0
-21.0
-42.0
7.0
-9.0
0.0
44.0
7.0
33.0
34.0
21.0
-20.0
-5.0
10.0
25.0
-9.0
-6.0
0.0
-11.0
-1.0
9.0
-9.0
-14.0
1.0
-1.0
-1.0
-26.0
-15.0
-10.0
7.0
-7.0
6.0
7.0
10.0
4.0
3.0
40.0
24.0
-13.0
-24.0
-22.0
38.0
30.0
-4.0
-10.0
0.0
4.0
-13.0
-31.0
-4.0
-46.0
-32.0
-43.0
-17.0
-1.0
-50.0
-24.0
-26.0
-38.0
20.0
19.0
-8.0
-15.0
-33.0
-39.0
0.0
-3.0
-18.0
14.0
-6.0
12.0
7.0
28.0
6.0
50.0
27.0
31.0
-30.0
24.0
-28.0
0.0
-30.0
-13.0
0.0
-11.0
21.0
-22.0
-36.0
-1.0
1.0
5.0
-1.0
3.0
2.0
-45.0
-57.0
-79.0
-37.0
-57.0
-50.0
12.0
7.0
50.0
-2.0
18.0
10.0
14.0
5.0
-36.0
-10.0
6.0
-13.0
-15.0
-22.0
15.0
-14.0
16.0
-1.0
4.0
-15.0
-16.0
17.0
14.0
-12.0
2.0
6.0
4.0
3.0
21.0
27.0
0.0
-19.0
12.0
-57.0
-11.0
8.0
-49.0
-3.0
-18.0
4.0
3.0
-39.0
-12.0
-26.0
-30.0
-5.0
35.0
8.0
4.0
-13.0
4.0
-1.0
20.0
20.0
11.0
9.0
6.0
-6.0
-20.0
-22.0
-15.0
3.0
-9.0
-13.0
-14.0
10.0
-9.0
-40.0
8.0
0.0
-4.0
8.0
16.0
-14.0
10.0
-25.0
5.0
-20.0
-12.0
-5.0
7.0
5.0
-33.0
-8.0
9.0
-18.0
20.0
-2.0
7.0
-2.0
-15.0
-7.0
-20.0
-9.0
1.0
-36.0
-21.0
-21.0
0.0
-12.0
-12.0
9.0
2.0
20.0
-15.0
37.0
9.0
-42.0
10.0
-59.0
-64.0
-37.0
-24.0
9.0
-30.0
-13.0
37.0
10.0
21.0
-23.0
-20.0
-14.0
37.0
27.0
22.0
13.0
6.0
9.0
31.0
5.0
24.0
3.0
3.0
-48.0
-57.0
-38.0
6.0
-10.0
-25.0
-62.0
-20.0
-17.0
-18.0
-2.0
-15.0
4.0
16.0
-9.0
-19.0
17.0
-13.0
-18.0
-11.0
-15.0
-13.0
-46.0
-71.0
-74.0
-26.0
-42.0
19.0
34.0
23.0
38.0
13.0
21.0
-13.0
15.0
24.0
7.0
31.0
-1.0
44.0
-10.0
15.0
-2.0
19.0
4.0
0.0
6.0
-1.0
-22.0
-35.0
-8.0
-11.0
-52.0
-23.0
-64.0
-8.0
7.0
-43.0
-23.0
-28.0
-26.0
-41.0
-51.0
-32.0
0.0
-8.0
2.0
-25.0
-14.0
-7.0
31.0
56.0
42.0
47.0
-10.0
2.0
-20.0
40.0
-27.0
-25.0
13.0
-37.0
-4.0
-5.0
-25.0
-2.0
9.0
14.0
-26.0
-37.0
8.0
-25.0
-26.0
-19.0
-21.0
13.0
-19.0
-7.0
-50.0
-53.0
-27.0
-5.0
16.0
-5.0
-4.0
-13.0
5.0
-7.0
-6.0
9.0
-35.0
-35.0
-14.0
-3.0
10.0
31.0
-15.0
-59.0
-43.0
-20.0
13.0
16.0
-8.0
30.0
-8.0
62.0
-26.0
13.0
-18.0
-25.0
-11.0
-25.0
-9.0
5.0
-12.0
-34.0
-29.0
-11.0
-64.0
-87.0
-9.0
-76.0
-28.0
-40.0
31.0
-9.0
-4.0
3.0
-2.0
11.0
48.0
18.0
18.0
20.0
9.0
11.0
-51.0
27.0
19.0
10.0
41.0
-12.0
-32.0
13.0
-2.0
-12.0
0.0
-16.0
-10.0
-38.0
-9.0
-2.0
-16.0
-29.0
-10.0
-9.0
12.0
-22.0
35.0
24.0
17.0
-8.0
14.0
-3.0
4.0
-12.0
-25.0
10.0
-22.0
-32.0
-8.0
-38.0
6.0
-17.0
25.0
28.0
-13.0
26.0
6.0
23.0
27.0
-18.0
-11.0
-20.0
-20.0
-27.0
-25.0
-26.0
-10.0
-30.0
-49.0
-92.0
-73.0
-44.0
-22.0
11.0
67.0
55.0
29.0
39.0
9.0
44.0
27.0
-22.0
19.0
8.0
-5.0
5.0
-34.0
-48.0
6.0
-26.0
7.0
15.0
18.0
-18.0
4.0
-16.0
17.0
2.0
21.0
-23.0
2.0
-6.0
-43.0
-65.0
-37.0
13.0
-17.0
-7.0
-41.0
-26.0
-47.0
-32.0
2.0
-23.0
-3.0
18.0
-22.0
-19.0
9.0
51.0
59.0
-5.0
20.0
46.0
50.0
15.0
7.0
-2.0
16.0
-19.0
0.0
5.0
-26.0
-14.0
3.0
-17.0
-19.0
3.0
-21.0
-77.0
0.0
9.0
-23.0
-57.0
-1.0
-20.0
-76.0
-80.0
-3.0
-43.0
22.0
30.0
43.0
12.0
40.0
27.0
48.0
32.0
-4.0
1.0
-7.0
6.0
5.0
-24.0
-13.0
-36.0
12.0
2.0
-12.0
-9.0
-52.0
16.0
-4.0
-30.0
-13.0
-33.0
-22.0
-20.0
-8.0
-11.0
-21.0
-49.0
-32.0
-28.0
-8.0
-14.0
-17.0
-10.0
15.0
39.0
47.0
31.0
-4.0
0.0
24.0
-47.0
-17.0
-9.0
-5.0
15.0
-25.0
-20.0
-20.0
-2.0
-24.0
30.0
-1.0
-13.0
20.0
7.0
-6.0
30.0
7.0
13.0
35.0
0.0
-9.0
-16.0
-2.0
-36.0
-22.0
-42.0
-34.0
-63.0
-8.0
10.0
-32.0
-13.0
-9.0
20.0
-1.0
-5.0
61.0
25.0
75.0
17.0
39.0
22.0
-19.0
36.0
-7.0
4.0
3.0
3.0
-19.0
10.0
-22.0
-29.0
-38.0
45.0
11.0
8.0
-6.0
-12.0
5.0
-3.0
-18.0
6.0
-24.0
-11.0
-47.0
0.0
-46.0
-9.0
8.0
-5.0
-59.0
-15.0
-4.0
-7.0
-27.0
-11.0
6.0
16.0
67.0
49.0
16.0
24.0
-5.0
19.0
8.0
-36.0
7.0
4.0
-26.0
0.0
-17.0
-27.0
2.0
-16.0
-6.0
15.0
-4.0
-26.0
-42.0
-42.0
-68.0
-33.0
-35.0
-40.0
-14.0
-34.0
-1.0
9.0
11.0
19.0
32.0
41.0
22.0
51.0
49.0
25.0
13.0
0.0
33.0
3.0
9.0
-16.0
17.0
11.0
2.0
-12.0
-22.0
-41.0
-59.0
-58.0
-36.0
-40.0
-59.0
-15.0
4.0
3.0
12.0
50.0
49.0
40.0
57.0
54.0
15.0
4.0
6.0
-20.0
-29.0
13.0
2.0
-13.0
-20.0
-25.0
9.0
-15.0
-5.0
-26.0
-61.0
-17.0
-51.0
-24.0
-7.0
0.0
38.0
-5.0
55.0
18.0
42.0
18.0
32.0
-14.0
38.0
32.0
-19.0
2.0
-24.0
-6.0
-28.0
-20.0
-36.0
11.0
-6.0
-12.0
-25.0
-16.0
10.0
11.0
-28.0
-42.0
-46.0
-45.0
-51.0
-52.0
-37.0
-40.0
6.0
-21.0
56.0
57.0
1.0
26.0
33.0
8.0
14.0
12.0
-13.0
1.0
-9.0
42.0
9.0
-9.0
-5.0
-28.0
2.0
-15.0
-27.0
-1.0
3.0
-25.0
-16.0
-32.0
-21.0
-4.0
-42.0
-12.0
10.0
-7.0
14.0
8.0
-6.0
3.0
26.0
46.0
48.0
41.0
61.0
34.0
3.0
-30.0
15.0
-31.0
0.0
-4.0
-21.0
-18.0
-7.0
-12.0
16.0
-20.0
20.0
-49.0
-28.0
-6.0
-35.0
-31.0
-46.0
-36.0
-39.0
-24.0
-18.0
-24.0
-5.0
-25.0
52.0
26.0
73.0
46.0
1.0
49.0
19.0
48.0
-33.0
0.0
-2.0
15.0
-16.0
15.0
1.0
5.0
-50.0
-23.0
-33.0
-15.0
-39.0
-25.0
-52.0
-22.0
-28.0
-33.0
-5.0
20.0
67.0
58.0
15.0
45.0
4.0
-4.0
25.0
-1.0
6.0
-3.0
4.0
17.0
-10.0
18.0
28.0
-4.0
5.0
-13.0
-30.0
-19.0
-29.0
-28.0
-28.0
-14.0
-24.0
-10.0
54.0
53.0
47.0
11.0
-7.0
12.0
33.0
32.0
-7.0
-8.0
13.0
-26.0
18.0
15.0
0.0
-16.0
20.0
9.0
-10.0
-9.0
11.0
-4.0
-2.0
-18.0
-33.0
-27.0
-50.0
-25.0
-23.0
-14.0
-10.0
-3.0
43.0
63.0
47.0
34.0
11.0
64.0
-1.0
3.0
2.0
5.0
-24.0
-4.0
17.0
-13.0
-11.0
-21.0
10.0
-23.0
15.0
-60.0
-69.0
-62.0
-22.0
-35.0
-33.0
-19.0
-39.0
-24.0
2.0
60.0
42.0
53.0
17.0
7.0
-3.0
-19.0
-13.0
7.0
-6.0
8.0
-25.0
27.0
0.0
-19.0
12.0
-12.0
-8.0
-35.0
-61.0
-35.0
-40.0
-27.0
-44.0
-31.0
-25.0
-15.0
-14.0
-55.0
-13.0
43.0
18.0
19.0
13.0
12.0
0.0
2.0
16.0
4.0
-15.0
18.0
27.0
9.0
-18.0
-38.0
17.0
0.0
16.0
-23.0
-47.0
-27.0
-33.0
7.0
-61.0
-11.0
0.0
-19.0
22.0
-8.0
0.0
72.0
34.0
-17.0
30.0
23.0
24.0
4.0
-8.0
0.0
-36.0
-6.0
12.0
-18.0
-40.0
-25.0
-28.0
-23.0
17.0
20.0
-81.0
-34.0
-85.0
-19.0
-53.0
-37.0
-27.0
-55.0
-19.0
48.0
15.0
18.0
45.0
31.0
-1.0
19.0
20.0
16.0
23.0
58.0
0.0
5.0
32.0
11.0
-27.0
-6.0
-9.0
18.0
-15.0
-11.0
34.0
-34.0
-24.0
-59.0
-1.0
6.0
-4.0
-6.0
22.0
-7.0
18.0
20.0
-18.0
27.0
52.0
50.0
41.0
28.0
26.0
12.0
10.0
-12.0
10.0
8.0
-3.0
-7.0
-17.0
-13.0
-68.0
-4.0
-58.0
11.0
29.0
-9.0
-7.0
0.0
-29.0
13.0
-51.0
-28.0
-35.0
2.0
21.0
28.0
-12.0
-14.0
29.0
30.0
9.0
14.0
-6.0
-6.0
34.0
11.0
-49.0
-24.0
-14.0
-4.0
-23.0
7.0
-16.0
0.0
-19.0
-33.0
-47.0
-45.0
-33.0
-46.0
-35.0
-53.0
24.0
26.0
21.0
-1.0
17.0
12.0
20.0
22.0
17.0
34.0
-13.0
-8.0
6.0
0.0
-22.0
-11.0
18.0
2.0
-17.0
-9.0
-8.0
-11.0
-41.0
-63.0
-49.0
-43.0
-23.0
4.0
25.0
14.0
1.0
3.0
-19.0
18.0
21.0
28.0
43.0
23.0
18.0
27.0
2.0
9.0
2.0
-5.0
21.0
19.0
-14.0
29.0
-2.0
-17.0
-37.0
-72.0
-51.0
-39.0
-22.0
-22.0
-17.0
27.0
8.0
54.0
63.0
41.0
21.0
14.0
61.0
14.0
-11.0
13.0
16.0
33.0
-55.0
15.0
-52.0
-23.0
-20.0
-21.0
-17.0
3.0
-51.0
2.0
-62.0
-81.0
-38.0
-17.0
15.0
-5.0
13.0
-15.0
1.0
2.0
-13.0
15.0
15.0
-16.0
26.0
15.0
-2.0
-18.0
-5.0
-28.0
-45.0
-14.0
-31.0
-48.0
-3.0
-21.0
15.0
5.0
-37.0
11.0
14.0
-32.0
-17.0
4.0
-30.0
-24.0
-28.0
-67.0
-37.0
-20.0
-11.0
-24.0
-12.0
15.0
76.0
71.0
54.0
-14.0
48.0
14.0
6.0
25.0
33.0
21.0
0.0
-1.0
-7.0
-51.0
10.0
63.0
-19.0
17.0
-44.0
-39.0
-31.0
-32.0
-24.0
4.0
-22.0
6.0
31.0
-12.0
-16.0
2.0
57.0
47.0
16.0
52.0
14.0
49.0
-9.0
17.0
4.0
2.0
1.0
8.0
-20.0
-33.0
-34.0
-67.0
-38.0
-38.0
-18.0
-25.0
-13.0
-22.0
-12.0
-31.0
39.0
30.0
57.0
22.0
26.0
4.0
7.0
12.0
9.0
1.0
-4.0
45.0
-10.0
12.0
1.0
45.0
-21.0
-28.0
-32.0
-3.0
5.0
3.0
33.0
11.0
16.0
-5.0
14.0
5.0
-17.0
6.0
-17.0
-17.0
-17.0
-22.0
-55.0
-35.0
-59.0
-67.0
-35.0
-25.0
3.0
2.0
-7.0
-14.0
-11.0
16.0
15.0
18.0
35.0
-8.0
-7.0
16.0
17.0
5.0
18.0
9.0
29.0
25.0
19.0
11.0
11.0
-7.0
-15.0
-5.0
-5.0
-14.0
-28.0
-29.0
-20.0
-35.0
-27.0
-63.0
-66.0
-39.0
-20.0
-38.0
-19.0
-17.0
-11.0
-34.0
4.0
2.0
29.0
41.0
7.0
28.0
14.0
18.0
31.0
20.0
29.0
6.0
-1.0
17.0
33.0
-7.0
33.0
35.0
17.0
-6.0
18.0
-25.0
-5.0
-45.0
-25.0
-12.0
-13.0
-29.0
-1.0
5.0
11.0
8.0
2.0
-18.0
-22.0
-36.0
-63.0
-38.0
-21.0
-24.0
-16.0
-17.0
-29.0
-20.0
14.0
36.0
65.0
68.0
33.0
35.0
60.0
-20.0
6.0
-22.0
10.0
-16.0
16.0
4.0
-34.0
-13.0
-31.0
-20.0
-53.0
-52.0
-32.0
-53.0
-59.0
-55.0
-28.0
5.0
-17.0
12.0
14.0
-42.0
-13.0
60.0
24.0
0.0
42.0
43.0
3.0
18.0
23.0
-32.0
-15.0
10.0
18.0
28.0
22.0
23.0
3.0
-15.0
32.0
20.0
-10.0
4.0
-36.0
-31.0
-19.0
-20.0
44.0
-23.0
12.0
40.0
-40.0
-29.0
-51.0
-59.0
-17.0
-27.0
6.0
15.0
18.0
9.0
4.0
6.0
37.0
16.0
0.0
2.0
-28.0
20.0
17.0
-9.0
12.0
22.0
-11.0
16.0
6.0
-11.0
-14.0
-3.0
-28.0
-30.0
-34.0
31.0
-31.0
-12.0
-11.0
-14.0
-33.0
-47.0
-48.0
-43.0
-67.0
-35.0
9.0
4.0
-5.0
20.0
-9.0
6.0
16.0
23.0
-6.0
8.0
32.0
10.0
16.0
39.0
-8.0
24.0
17.0
9.0
14.0
15.0
-8.0
1.0
7.0
-14.0
2.0
-5.0
1.0
-2.0
-15.0
17.0
-16.0
-22.0
-21.0
5.0
-41.0
-24.0
-7.0
-20.0
-15.0
-20.0
-96.0
-71.0
-26.0
-103.0
-24.0
-44.0
-15.0
-23.0
21.0
-8.0
9.0
10.0
16.0
9.0
-10.0
10.0
34.0
25.0
15.0
5.0
-4.0
6.0
20.0
13.0
-1.0
-20.0
-25.0
-12.0
-35.0
-14.0
-24.0
-17.0
10.0
-60.0
29.0
-11.0
0.0
16.0
33.0
-12.0
7.0
8.0
-22.0
-69.0
-35.0
-39.0
-12.0
-23.0
36.0
-35.0
23.0
30.0
46.0
-20.0
29.0
-8.0
22.0
76.0
-46.0
42.0
-10.0
-27.0
-46.0
-39.0
13.0
12.0
-3.0
42.0
31.0
5.0
0.0
14.0
14.0
27.0
-42.0
-20.0
-3.0
-46.0
-44.0
-21.0
-31.0
-20.0
-16.0
-1.0
-49.0
5.0
11.0
28.0
7.0
12.0
-17.0
-25.0
46.0
-56.0
-8.0
-23.0
-63.0
-16.0
-39.0
-29.0
-38.0
-49.0
47.0
-16.0
13.0
23.0
9.0
19.0
-14.0
0.0
78.0
79.0
50.0
15.0
0.0
59.0
-21.0
36.0
24.0
-43.0
46.0
37.0
-34.0
28.0
-42.0
-44.0
24.0
-25.0
-57.0
-41.0
-57.0
-59.0
-35.0
-30.0
-42.0
20.0
-20.0
11.0
16.0
-4.0
6.0
19.0
2.0
24.0
39.0
36.0
11.0
42.0
7.0
23.0
-22.0
-9.0
-16.0
18.0
-39.0
-20.0
-14.0
-15.0
5.0
4.0
-18.0
-19.0
-63.0
-49.0
-69.0
-44.0
-8.0
3.0
38.0
7.0
-23.0
-20.0
-19.0
0.0
-10.0
13.0
7.0
29.0
-26.0
-33.0
-22.0
-29.0
-22.0
2.0
-26.0
0.0
-16.0
-11.0
29.0
22.0
14.0
24.0
1.0
-5.0
-28.0
-61.0
-64.0
3.0
-13.0
-4.0
-2.0
5.0
-23.0
9.0
26.0
11.0
21.0
8.0
27.0
35.0
30.0
33.0
-4.0
4.0
12.0
-16.0
5.0
16.0
-16.0
29.0
36.0
25.0
-13.0
15.0
-22.0
-55.0
-30.0
-39.0
-44.0
-36.0
-17.0
-17.0
-61.0
-42.0
-3.0
70.0
30.0
54.0
33.0
26.0
11.0
31.0
18.0
15.0
-61.0
-15.0
-4.0
22.0
-40.0
-28.0
2.0
-13.0
-42.0
-61.0
-22.0
-51.0
-28.0
-2.0
-34.0
-34.0
0.0
-2.0
-15.0
-38.0
-7.0
17.0
31.0
29.0
0.0
43.0
34.0
31.0
19.0
23.0
26.0
18.0
-1.0
18.0
9.0
-8.0
-7.0
-20.0
1.0
5.0
6.0
-59.0
-63.0
3.0
-27.0
-30.0
-21.0
-21.0
-8.0
-33.0
-21.0
-11.0
-19.0
-22.0
-8.0
43.0
-1.0
1.0
38.0
20.0
33.0
41.0
-3.0
-17.0
0.0
-3.0
61.0
59.0
-15.0
-41.0
2.0
-11.0
-29.0
-44.0
-36.0
-21.0
-20.0
-22.0
-27.0
-3.0
23.0
-22.0
27.0
-33.0
17.0
37.0
25.0
24.0
24.0
0.0
2.0
-19.0
-29.0
7.0
26.0
-10.0
-17.0
-9.0
10.0
-13.0
4.0
-35.0
-49.0
-15.0
-45.0
-29.0
-41.0
-37.0
-27.0
2.0
-9.0
-14.0
-3.0
-4.0
7.0
16.0
78.0
84.0
21.0
46.0
44.0
18.0
-3.0
-21.0
-17.0
19.0
3.0
2.0
-5.0
-10.0
-42.0
-9.0
-53.0
-26.0
-31.0
-60.0
-16.0
-14.0
-20.0
-30.0
15.0
17.0
0.0
14.0
23.0
47.0
-10.0
-10.0
-12.0
6.0
14.0
18.0
15.0
-11.0
3.0
0.0
-21.0
-14.0
-21.0
-23.0
-34.0
-32.0
-51.0
-46.0
-47.0
-20.0
-20.0
-28.0
-14.0
-18.0
43.0
16.0
13.0
51.0
52.0
34.0
53.0
51.0
15.0
26.0
8.0
-18.0
-5.0
-13.0
4.0
1.0
-8.0
17.0
-9.0
-29.0
-25.0
-59.0
-45.0
-43.0
-57.0
-34.0
-9.0
-11.0
15.0
2.0
-27.0
32.0
8.0
28.0
45.0
44.0
28.0
23.0
23.0
-17.0
-49.0
13.0
16.0
42.0
3.0
-24.0
-17.0
-31.0
4.0
3.0
-16.0
12.0
19.0
-5.0
-7.0
-20.0
-41.0
-25.0
-88.0
-74.0
-57.0
-21.0
3.0
-29.0
-26.0
21.0
-3.0
17.0
24.0
27.0
10.0
-4.0
13.0
22.0
42.0
1.0
24.0
22.0
7.0
-3.0
-3.0
7.0
3.0
-44.0
-12.0
-6.0
-37.0
-39.0
-42.0
-43.0
-20.0
-40.0
-29.0
-18.0
-18.0
-6.0
-10.0
-9.0
2.0
-16.0
18.0
48.0
47.0
24.0
19.0
0.0
0.0
-6.0
-12.0
-2.0
14.0
-3.0
-20.0
-11.0
-1.0
3.0
-39.0
-46.0
-66.0
-32.0
-40.0
-26.0
-23.0
-35.0
3.0
25.0
-13.0
-7.0
-7.0
19.0
0.0
11.0
20.0
18.0
4.0
21.0
19.0
31.0
21.0
16.0
9.0
-3.0
2.0
10.0
13.0
1.0
-48.0
-35.0
-13.0
-13.0
-42.0
-25.0
-10.0
-75.0
-31.0
-16.0
-17.0
-13.0
-34.0
8.0
18.0
23.0
9.0
6.0
16.0
41.0
29.0
42.0
25.0
-7.0
19.0
32.0
-2.0
-10.0
-21.0
-25.0
-49.0
-30.0
1.0
-13.0
-19.0
-27.0
-42.0
-59.0
-56.0
-25.0
-48.0
-51.0
-53.0
-27.0
-52.0
-56.0
-61.0
-25.0
-6.0
-2.0
7.0
18.0
14.0
-6.0
9.0
19.0
49.0
-18.0
-18.0
23.0
38.0
45.0
50.0
0.0
-2.0
27.0
9.0
14.0
9.0
7.0
-1.0
-7.0
-19.0
-7.0
-15.0
-25.0
10.0
-11.0
8.0
-18.0
7.0
13.0
-8.0
64.0
67.0
30.0
28.0
-22.0
28.0
-26.0
80.0
73.0
-24.0
68.0
-29.0
16.0
-9.0
17.0
-22.0
-4.0
-33.0
-40.0
-56.0
-60.0
-36.0
-18.0
11.0
-49.0
-23.0
-11.0
-35.0
-21.0
-39.0
-41.0
2.0
-23.0
-23.0
-28.0
-35.0
-50.0
-1.0
7.0
-44.0
3.0
-2.0
-5.0
-37.0
-27.0
-64.0
-71.0
-87.0
-97.0
-75.0
-55.0
-55.0
-40.0
-28.0
-85.0
-10.0
-2.0
8.0
13.0
31.0
24.0
20.0
13.0
42.0
58.0
48.0
31.0
20.0
16.0
68.0
55.0
44.0
45.0
32.0
17.0
-10.0
-33.0
7.0
6.0
29.0
23.0
47.0
22.0
15.0
10.0
-29.0
-14.0
-20.0
-10.0
-15.0
2.0
-39.0
-19.0
-15.0
24.0
39.0
-32.0
8.0
14.0
63.0
56.0
-4.0
39.0
20.0
21.0
9.0
-10.0
6.0
-1.0
10.0
1.0
7.0
0.0
-24.0
-51.0
-14.0
-62.0
-17.0
-12.0
-56.0
-39.0
-29.0
-21.0
-6.0
27.0
-13.0
-5.0
18.0
14.0
28.0
60.0
57.0
49.0
34.0
-14.0
-7.0
-2.0
37.0
31.0
-3.0
-37.0
-52.0
-17.0
-26.0
-37.0
-32.0
-54.0
-28.0
-35.0
-51.0
-35.0
17.0
-8.0
9.0
-25.0
-11.0
9.0
-5.0
8.0
32.0
49.0
58.0
50.0
29.0
35.0
16.0
1.0
13.0
14.0
34.0
-5.0
4.0
-7.0
4.0
-25.0
-11.0
-58.0
-90.0
-85.0
-131.0
-120.0
-173.0
-167.0
-197.0
-131.0
-126.0
-73.0
-94.0
-79.0
-18.0
6.0
31.0
70.0
40.0
98.0
112.0
95.0
113.0
113.0
110.0
97.0
85.0
77.0
28.0
4.0
44.0
26.0
3.0
-5.0
-34.0
-39.0
-33.0
-70.0
-88.0
-70.0
-71.0
-80.0
-68.0
-70.0
-72.0
-88.0
-58.0
-94.0
-77.0
-54.0
6.0
24.0
14.0
15.0
44.0
20.0
32.0
18.0
15.0
35.0
29.0
29.0
20.0
20.0
32.0
-12.0
-19.0
-14.0
-26.0
-3.0
1.0
-6.0
18.0
20.0
9.0
12.0
34.0
25.0
62.0
46.0
48.0
57.0
58.0
51.0
14.0
25.0
-20.0
-9.0
-19.0
-7.0
-37.0
-35.0
-48.0
-45.0
-78.0
-115.0
-142.0
-168.0
-166.0
-133.0
-114.0
-90.0
-74.0
-75.0
-40.0
-34.0
34.0
68.0
74.0
60.0
37.0
61.0
59.0
63.0
62.0
77.0
53.0
67.0
55.0
17.0
37.0
23.0
50.0
48.0
61.0
-2.0
-3.0
4.0
-15.0
-15.0
-4.0
11.0
-7.0
-4.0
0.0
-1.0
-21.0
-31.0
3.0
17.0
8.0
-21.0
-33.0
-29.0
-24.0
-29.0
-36.0
-43.0
-10.0
-37.0
-43.0
-6.0
-29.0
-28.0
-39.0
-44.0
-42.0
-87.0
-82.0
-95.0
-57.0
-70.0
-56.0
-51.0
-38.0
8.0
25.0
59.0
72.0
56.0
49.0
79.0
86.0
79.0
51.0
88.0
51.0
44.0
42.0
11.0
-33.0
-45.0
-52.0
-44.0
-49.0
-48.0
-32.0
-5.0
-19.0
-47.0
-59.0
-58.0
-3.0
-5.0
-15.0
-7.0
-25.0
-2.0
-25.0
14.0
28.0
72.0
76.0
82.0
59.0
74.0
-6.0
17.0
54.0
-8.0
15.0
9.0
8.0
10.0
33.0
-25.0
23.0
37.0
20.0
21.0
-40.0
-39.0
-98.0
-94.0
-105.0
-97.0
-96.0
-129.0
-157.0
-141.0
-96.0
-51.0
-6.0
3.0
49.0
99.0
102.0
83.0
63.0
110.0
114.0
108.0
71.0
76.0
45.0
21.0
21.0
55.0
61.0
38.0
14.0
-7.0
-19.0
-31.0
-27.0
-29.0
-21.0
-50.0
-16.0
-18.0
-19.0
-21.0
-28.0
-34.0
-49.0
-22.0
-44.0
-77.0
-74.0
-46.0
-24.0
-44.0
-5.0
-5.0
-1.0
13.0
22.0
6.0
-34.0
19.0
43.0
30.0
-21.0
-27.0
-23.0
-30.0
2.0
10.0
30.0
8.0
-10.0
-1.0
19.0
8.0
-25.0
-60.0
-29.0
-44.0
-61.0
-40.0
-24.0
10.0
20.0
14.0
22.0
46.0
52.0
36.0
-17.0
21.0
10.0
2.0
-18.0
-25.0
-74.0
-74.0
-70.0
-77.0
-81.0
-29.0
6.0
45.0
54.0
60.0
81.0
52.0
36.0
31.0
34.0
57.0
70.0
41.0
9.0
-4.0
-13.0
-19.0
-3.0
-8.0
-1.0
-19.0
-72.0
-37.0
17.0
33.0
19.0
54.0
48.0
48.0
22.0
8.0
1.0
-3.0
-37.0
-35.0
-45.0
-60.0
-32.0
-53.0
-51.0
-99.0
-100.0
-82.0
-37.0
-33.0
-20.0
-50.0
-44.0
-95.0
-95.0
-73.0
-65.0
-58.0
-70.0
-72.0
-114.0
-142.0
-155.0
-135.0
-104.0
-99.0
-45.0
-56.0
33.0
37.0
24.0
55.0
86.0
98.0
87.0
93.0
77.0
98.0
103.0
98.0
57.0
23.0
38.0
29.0
65.0
101.0
107.0
120.0
153.0
154.0
121.0
158.0
175.0
153.0
127.0
93.0
67.0
34.0
35.0
30.0
-21.0
-30.0
-34.0
-40.0
-53.0
-75.0
-70.0
-85.0
-35.0
-28.0
-77.0
-55.0
-30.0
-50.0
-33.0
-40.0
-28.0
-21.0
-16.0
-26.0
-15.0
22.0
24.0
13.0
-26.0
-57.0
-38.0
-38.0
-51.0
-54.0
-29.0
-10.0
-41.0
-3.0
10.0
-33.0
-1.0
26.0
20.0
20.0
35.0
46.0
20.0
-51.0
-23.0
8.0
31.0
32.0
47.0
35.0
24.0
26.0
40.0
36.0
25.0
13.0
-9.0
17.0
20.0
19.0
-5.0
0.0
-1.0
10.0
-10.0
-15.0
-16.0
-41.0
-70.0
-67.0
-19.0
2.0
-8.0
-6.0
14.0
8.0
-17.0
-34.0
-59.0
-63.0
-77.0
-104.0
-65.0
-41.0
-4.0
31.0
69.0
86.0
101.0
99.0
43.0
15.0
30.0
60.0
77.0
36.0
42.0
41.0
92.0
83.0
64.0
50.0
64.0
73.0
59.0
18.0
-9.0
-39.0
-26.0
-28.0
-12.0
-22.0
-19.0
-23.0
-1.0
-14.0
-42.0
-34.0
-28.0
-33.0
-47.0
-38.0
-47.0
-65.0
-44.0
-44.0
-74.0
-46.0
-74.0
-78.0
-38.0
-22.0
-5.0
10.0
-2.0
4.0
20.0
41.0
-14.0
-15.0
11.0
12.0
-60.0
-83.0
-58.0
-86.0
-116.0
-102.0
-40.0
-44.0
-35.0
31.0
91.0
100.0
83.0
153.0
105.0
107.0
58.0
67.0
64.0
54.0
63.0
65.0
45.0
58.0
33.0
-8.0
-11.0
-2.0
5.0
4.0
-21.0
-49.0
-75.0
-88.0
-74.0
-62.0
-96.0
-97.0
-113.0
-97.0
-110.0
-80.0
-75.0
-68.0
-51.0
-35.0
-11.0
-6.0
11.0
-23.0
3.0
-21.0
35.0
6.0
-16.0
38.0
-45.0
-49.0
-45.0
-120.0
-112.0
-135.0
-106.0
-24.0
34.0
85.0
158.0
165.0
175.0
221.0
230.0
194.0
169.0
169.0
149.0
143.0
125.0
126.0
111.0
79.0
111.0
113.0
59.0
6.0
8.0
-31.0
-65.0
-65.0
-79.0
-89.0
-95.0
-115.0
-123.0
-169.0
-200.0
-184.0
-154.0
-152.0
-98.0
-104.0
-72.0
-59.0
-63.0
-50.0
-35.0
-59.0
-54.0
-51.0
-33.0
20.0
41.0
58.0
59.0
75.0
88.0
103.0
82.0
79.0
64.0
43.0
49.0
-20.0
-27.0
-20.0
-14.0
-35.0
-66.0
-66.0
-68.0
-117.0
-116.0
-118.0
-133.0
-135.0
-117.0
-115.0
-89.0
-92.0
-55.0
-13.0
9.0
18.0
-4.0
-47.0
-25.0
-33.0
-31.0
-37.0
-16.0
18.0
57.0
62.0
77.0
107.0
106.0
140.0
139.0
131.0
107.0
71.0
67.0
53.0
19.0
-21.0
-52.0
-65.0
-68.0
-61.0
-50.0
-45.0
-77.0
-59.0
-95.0
-90.0
-91.0
-154.0
-151.0
-151.0
-122.0
-126.0
-107.0
-84.0
-14.0
44.0
65.0
101.0
87.0
91.0
71.0
72.0
87.0
67.0
46.0
73.0
91.0
46.0
35.0
36.0
-5.0
8.0
-22.0
-17.0
-21.0
-35.0
-26.0
-23.0
-26.0
-24.0
15.0
7.0
-9.0
13.0
19.0
28.0
-9.0
-33.0
-18.0
-15.0
-13.0
11.0
-26.0
-36.0
-23.0
-50.0
-66.0
-88.0
-55.0
-57.0
-81.0
-68.0
-38.0
17.0
64.0
95.0
90.0
77.0
123.0
119.0
105.0
111.0
114.0
85.0
68.0
37.0
48.0
26.0
28.0
26.0
-3.0
-40.0
-60.0
-72.0
-33.0
6.0
65.0
72.0
157.0
155.0
127.0
96.0
88.0
60.0
40.0
45.0
29.0
-15.0
-20.0
-16.0
-39.0
-67.0
-78.0
-90.0
-127.0
-86.0
-80.0
-58.0
-20.0
-24.0
-9.0
2.0
44.0
32.0
23.0
38.0
42.0
11.0
3.0
-3.0
-13.0
-39.0
-4.0
-25.0
-76.0
-101.0
-123.0
-144.0
-65.0
-66.0
-103.0
-98.0
-78.0
-84.0
-66.0
-44.0
-78.0
-98.0
-147.0
-147.0
-166.0
-141.0
-107.0
-69.0
-27.0
26.0
107.0
220.0
214.0
214.0
232.0
282.0
239.0
222.0
210.0
178.0
183.0
138.0
75.0
73.0
55.0
21.0
-26.0
-40.0
-77.0
-89.0
-157.0
-158.0
-113.0
-109.0
-169.0
-118.0
-106.0
-127.0
-118.0
-153.0
-162.0
-124.0
-111.0
-109.0
-123.0
-147.0
-88.0
-44.0
-42.0
-10.0
20.0
27.0
18.0
23.0
71.0
43.0
21.0
7.0
66.0
36.0
-5.0
-12.0
-30.0
-24.0
23.0
22.0
21.0
3.0
13.0
-24.0
-44.0
-48.0
-70.0
-64.0
-69.0
-103.0
-55.0
-24.0
-5.0
22.0
62.0
121.0
131.0
140.0
86.0
59.0
92.0
110.0
106.0
103.0
127.0
150.0
158.0
154.0
109.0
105.0
123.0
110.0
88.0
42.0
20.0
-5.0
-4.0
-15.0
-60.0
-113.0
-148.0
-148.0
-130.0
-117.0
-89.0
-65.0
-32.0
-25.0
8.0
76.0
88.0
127.0
161.0
159.0
140.0
102.0
101.0
98.0
125.0
79.0
75.0
9.0
-5.0
-11.0
7.0
26.0
22.0
18.0
-37.0
-43.0
-78.0
-110.0
-135.0
-120.0
-102.0
-114.0
-127.0
-129.0
-155.0
-186.0
-166.0
-161.0
-138.0
-95.0
-72.0
-16.0
9.0
12.0
43.0
31.0
25.0
0.0
22.0
27.0
24.0
-8.0
18.0
14.0
36.0
29.0
46.0
51.0
41.0
45.0
49.0
33.0
11.0
10.0
10.0
-17.0
-81.0
-87.0
-106.0
-66.0
-69.0
-50.0
-29.0
-28.0
-45.0
-38.0
9.0
23.0
-24.0
-48.0
-36.0
-31.0
-49.0
-54.0
-43.0
-18.0
-3.0
-48.0
6.0
63.0
75.0
3.0
44.0
46.0
35.0
23.0
24.0
-23.0
-65.0
-72.0
-82.0
-85.0
-77.0
-71.0
-97.0
-75.0
-78.0
-49.0
-71.0
-69.0
-59.0
-63.0
-61.0
-64.0
-41.0
-71.0
-63.0
-31.0
-39.0
-67.0
-56.0
-18.0
7.0
6.0
-16.0
-41.0
-48.0
-79.0
-119.0
-99.0
-60.0
-53.0
23.0
28.0
55.0
123.0
149.0
212.0
222.0
183.0
146.0
97.0
114.0
118.0
91.0
72.0
77.0
70.0
137.0
151.0
125.0
127.0
121.0
119.0
142.0
96.0
66.0
55.0
24.0
0.0
-14.0
-40.0
-81.0
-87.0
-105.0
-133.0
-147.0
-152.0
-113.0
-147.0
-146.0
-112.0
-123.0
-120.0
-179.0
-127.0
-143.0
-147.0
-122.0
-75.0
-11.0
9.0
39.0
43.0
68.0
94.0
104.0
112.0
114.0
117.0
79.0
48.0
37.0
38.0
29.0
44.0
68.0
61.0
68.0
28.0
44.0
36.0
10.0
4.0
-18.0
-9.0
-10.0
-32.0
-66.0
-44.0
-53.0
-88.0
-66.0
-63.0
-83.0
-67.0
-59.0
-63.0
-72.0
-45.0
-32.0
-36.0
-24.0
-21.0
-11.0
-24.0
-24.0
-1.0
-5.0
-30.0
-45.0
-87.0
-122.0
-119.0
-105.0
-68.0
-33.0
41.0
90.0
110.0
155.0
163.0
134.0
120.0
149.0
162.0
128.0
94.0
61.0
89.0
55.0
59.0
16.0
20.0
-8.0
-54.0
-22.0
-18.0
-58.0
-89.0
-43.0
-65.0
-69.0
-72.0
-97.0
-109.0
-136.0
-144.0
-170.0
-160.0
-119.0
-50.0
-4.0
-5.0
23.0
131.0
143.0
174.0
176.0
219.0
219.0
210.0
164.0
157.0
128.0
96.0
84.0
10.0
17.0
-63.0
-33.0
-57.0
-48.0
-44.0
-75.0
-109.0
-134.0
-128.0
-198.0
-174.0
-169.0
-139.0
-75.0
-70.0
-33.0
22.0
68.0
57.0
92.0
131.0
109.0
130.0
104.0
106.0
114.0
55.0
31.0
-25.0
-52.0
-48.0
-20.0
-10.0
31.0
39.0
48.0
59.0
62.0
48.0
57.0
25.0
-21.0
-34.0
-29.0
-27.0
-2.0
-4.0
-3.0
-55.0
-65.0
-25.0
-59.0
-130.0
-159.0
-168.0
-171.0
-143.0
-95.0
-70.0
-68.0
19.0
68.0
81.0
121.0
119.0
164.0
168.0
144.0
130.0
94.0
56.0
36.0
-31.0
-27.0
-31.0
9.0
14.0
20.0
-7.0
18.0
8.0
-9.0
-10.0
-52.0
-53.0
-86.0
-73.0
-32.0
-67.0
-90.0
-44.0
-63.0
-87.0
-87.0
-92.0
-87.0
-33.0
-82.0
-67.0
-44.0
-39.0
-76.0
-76.0
-49.0
-48.0
-72.0
-76.0
-86.0
-112.0
-69.0
-27.0
-22.0
10.0
80.0
87.0
121.0
119.0
123.0
121.0
129.0
144.0
145.0
99.0
70.0
74.0
30.0
-5.0
-3.0
-6.0
-20.0
-56.0
-59.0
-118.0
-76.0
-75.0
-108.0
-103.0
-103.0
-73.0
-112.0
-137.0
-129.0
-200.0
-180.0
-182.0
-146.0
-141.0
-126.0
-74.0
-20.0
7.0
53.0
92.0
97.0
102.0
84.0
110.0
93.0
89.0
68.0
43.0
48.0
-40.0
-40.0
-37.0
17.0
35.0
69.0
71.0
64.0
104.0
112.0
123.0
100.0
104.0
78.0
58.0
55.0
31.0
26.0
-31.0
-12.0
-36.0
9.0
12.0
38.0
36.0
39.0
78.0
101.0
59.0
28.0
26.0
6.0
5.0
-21.0
-18.0
-65.0
-81.0
-97.0
-96.0
-138.0
-135.0
-116.0
-113.0
-71.0
-34.0
-12.0
-33.0
-16.0
-27.0
-45.0
-38.0
-33.0
-31.0
-8.0
-29.0
-31.0
-23.0
24.0
48.0
18.0
-14.0
51.0
47.0
29.0
60.0
15.0
-30.0
-77.0
-82.0
-70.0
-47.0
-43.0
-49.0
-45.0
-32.0
-34.0
-29.0
-67.0
-83.0
-30.0
-50.0
-79.0
-74.0
-78.0
-36.0
-25.0
-49.0
6.0
23.0
-25.0
-77.0
-103.0
-103.0
-37.0
-48.0
-52.0
-62.0
-23.0
-2.0
20.0
49.0
48.0
55.0
70.0
55.0
84.0
133.0
132.0
194.0
220.0
257.0
251.0
244.0
270.0
248.0
238.0
196.0
125.0
125.0
71.0
55.0
39.0
33.0
-28.0
-23.0
-61.0
-99.0
-146.0
-146.0
-153.0
-131.0
-184.0
-184.0
-166.0
-164.0
-156.0
-170.0
-159.0
-165.0
-101.0
-140.0
-112.0
-107.0
-75.0
-105.0
-102.0
-98.0
-31.0
-15.0
53.0
79.0
82.0
85.0
85.0
148.0
125.0
124.0
151.0
125.0
174.0
149.0
146.0
144.0
131.0
81.0
88.0
57.0
18.0
-61.0
-21.0
-28.0
-64.0
-71.0
-39.0
-54.0
-77.0
-108.0
-97.0
-108.0
-82.0
-107.0
-88.0
-94.0
-85.0
-91.0
-127.0
-120.0
-107.0
-118.0
-83.0
-26.0
13.0
13.0
86.0
133.0
166.0
173.0
195.0
175.0
230.0
156.0
102.0
110.0
97.0
81.0
41.0
8.0
-40.0
-147.0
-116.0
-49.0
-79.0
-76.0
-138.0
-145.0
-157.0
-166.0
-157.0
-139.0
-109.0
-85.0
-68.0
-61.0
-78.0
-29.0
-2.0
1.0
-26.0
36.0
9.0
-30.0
-40.0
-45.0
-77.0
-86.0
-88.0
-71.0
-86.0
-36.0
79.0
57.0
39.0
40.0
62.0
92.0
119.0
159.0
199.0
211.0
242.0
194.0
231.0
230.0
207.0
145.0
147.0
110.0
61.0
-4.0
-49.0
-29.0
-76.0
-81.0
-76.0
-81.0
-82.0
-39.0
-84.0
-16.0
-29.0
-14.0
-12.0
-11.0
-31.0
-36.0
-69.0
-84.0
-108.0
-159.0
-156.0
-147.0
-94.0
-96.0
-149.0
-84.0
-86.0
-73.0
-57.0
-40.0
-83.0
-50.0
-14.0
-15.0
9.0
63.0
123.0
96.0
133.0
155.0
144.0
147.0
104.0
107.0
66.0
22.0
15.0
-2.0
-53.0
-67.0
-66.0
-105.0
-125.0
-124.0
-107.0
-111.0
-178.0
-189.0
-165.0
-165.0
-101.0
-85.0
-32.0
-26.0
5.0
44.0
64.0
49.0
120.0
119.0
105.0
73.0
62.0
56.0
77.0
65.0
20.0
5.0
-10.0
50.0
50.0
59.0
68.0
74.0
83.0
66.0
35.0
41.0
28.0
10.0
-42.0
-30.0
-31.0
-31.0
-45.0
-40.0
-92.0
-105.0
-108.0
-102.0
-135.0
-135.0
-165.0
-167.0
-203.0
-166.0
-102.0
-49.0
20.0
65.0
87.0
74.0
128.0
128.0
125.0
123.0
107.0
60.0
70.0
102.0
22.0
15.0
-26.0
-23.0
-28.0
-66.0
-37.0
-70.0
-113.0
-122.0
-87.0
-38.0
-68.0
-70.0
-129.0
-159.0
-185.0
-194.0
-136.0
-112.0
3.0
87.0
149.0
155.0
241.0
294.0
313.0
313.0
313.0
313.0
285.0
233.0
182.0
181.0
122.0
72.0
-1.0
0.0
-70.0
-108.0
-118.0
-136.0
-136.0
-141.0
-156.0
-178.0
-203.0
-185.0
-204.0
-198.0
-129.0
-145.0
-101.0
-105.0
-148.0
-120.0
-88.0
-122.0
-155.0
-179.0
-172.0
-203.0
-159.0
-160.0
-101.0
-14.0
29.0
110.0
141.0
170.0
164.0
198.0
247.0
247.0
240.0
239.0
226.0
239.0
240.0
233.0
186.0
143.0
109.0
105.0
72.0
9.0
-29.0
-69.0
-129.0
-141.0
-202.0
-158.0
-120.0
-115.0
-96.0
-63.0
-85.0
-134.0
-105.0
-142.0
-155.0
-130.0
-155.0
-150.0
-85.0
-52.0
-29.0
-49.0
-27.0
14.0
5.0
51.0
12.0
6.0
20.0
25.0
8.0
-34.0
-23.0
-6.0
-11.0
34.0
97.0
98.0
101.0
98.0
87.0
137.0
100.0
78.0
89.0
42.0
7.0
10.0
-27.0
-20.0
-54.0
-97.0
-84.0
-94.0
-96.0
-103.0
-96.0
-94.0
-106.0
-136.0
-165.0
-153.0
-166.0
-154.0
-74.0
1.0
99.0
108.0
161.0
229.0
215.0
205.0
221.0
143.0
186.0
132.0
114.0
107.0
109.0
75.0
53.0
87.0
54.0
33.0
15.0
-5.0
-6.0
-7.0
-35.0
-43.0
-63.0
-77.0
-110.0
-103.0
-158.0
-183.0
-174.0
-171.0
-139.0
-76.0
-45.0
-3.0
59.0
84.0
71.0
107.0
127.0
124.0
103.0
95.0
35.0
-1.0
10.0
25.0
19.0
38.0
46.0
49.0
41.0
93.0
50.0
45.0
64.0
61.0
13.0
29.0
17.0
25.0
-59.0
-106.0
-112.0
-162.0
-191.0
-234.0
-250.0
-216.0
-192.0
-194.0
-142.0
-135.0
-91.0
-38.0
1.0
32.0
42.0
50.0
-10.0
-12.0
25.0
25.0
53.0
59.0
74.0
50.0
83.0
92.0
26.0
31.0
24.0
36.0
29.0
37.0
80.0
60.0
54.0
69.0
79.0
72.0
78.0
59.0
34.0
19.0
-15.0
-59.0
-90.0
-125.0
-127.0
-133.0
-191.0
-184.0
-197.0
-230.0
-242.0
-223.0
-213.0
-164.0
-62.0
-58.0
-37.0
39.0
48.0
102.0
87.0
102.0
64.0
60.0
17.0
18.0
108.0
141.0
189.0
153.0
203.0
217.0
181.0
168.0
128.0
127.0
110.0
33.0
1.0
-27.0
-61.0
-90.0
-129.0
-153.0
-198.0
-200.0
-208.0
-183.0
-251.0
-228.0
-267.0
-277.0
-291.0
-266.0
-200.0
-201.0
-69.0
43.0
121.0
183.0
182.0
199.0
238.0
229.0
202.0
205.0
158.0
153.0
129.0
139.0
85.0
49.0
68.0
62.0
74.0
77.0
67.0
71.0
91.0
79.0
31.0
35.0
12.0
-43.0
-55.0
-49.0
-95.0
-104.0
-145.0
-173.0
-203.0
-211.0
-179.0
-154.0
-166.0
-171.0
-189.0
-188.0
-154.0
-117.0
-109.0
-77.0
-63.0
-47.0
-49.0
-49.0
13.0
77.0
48.0
20.0
46.0
11.0
-24.0
-15.0
-11.0
-16.0
0.0
-14.0
-39.0
-60.0
-102.0
-134.0
-108.0
-155.0
-92.0
-88.0
-17.0
80.0
141.0
231.0
286.0
311.0
313.0
313.0
313.0
313.0
299.0
242.0
219.0
188.0
120.0
34.0
-31.0
-70.0
-71.0
-68.0
-112.0
-163.0
-186.0
-188.0
-156.0
-163.0
-168.0
-178.0
-189.0
-178.0
-155.0
-166.0
-162.0
-141.0
-125.0
-171.0
-138.0
-52.0
-13.0
-26.0
-40.0
-36.0
-54.0
-82.0
-121.0
-157.0
-135.0
-126.0
-82.0
-81.0
-20.0
31.0
103.0
196.0
210.0
251.0
284.0
313.0
313.0
313.0
313.0
313.0
299.0
235.0
184.0
122.0
112.0
-4.0
-14.0
-11.0
-43.0
-101.0
-148.0
-160.0
-186.0
-184.0
-179.0
-189.0
-203.0
-199.0
-158.0
-148.0
-133.0
-179.0
-191.0
-90.0
-40.0
-10.0
0.0
-4.0
45.0
70.0
79.0
116.0
105.0
64.0
44.0
2.0
34.0
34.0
36.0
84.0
65.0
105.0
104.0
138.0
124.0
110.0
57.0
50.0
58.0
66.0
46.0
-11.0
-46.0
-49.0
-64.0
-90.0
-89.0
-90.0
-97.0
-155.0
-153.0
-164.0
-160.0
-136.0
-159.0
-171.0
-130.0
-136.0
-105.0
-99.0
-104.0
-100.0
-96.0
-53.0
-43.0
-58.0
-66.0
-64.0
-72.0
-131.0
-152.0
-160.0
-80.0
4.0
92.0
206.0
243.0
243.0
313.0
313.0
313.0
313.0
313.0
308.0
228.0
168.0
128.0
126.0
83.0
60.0
-16.0
-54.0
-87.0
-105.0
-130.0
-175.0
-233.0
-234.0
-237.0
-237.0
-192.0
-155.0
-127.0
-157.0
-104.0
-72.0
13.0
8.0
26.0
44.0
21.0
11.0
-1.0
2.0
-43.0
-63.0
-112.0
-119.0
-125.0
-142.0
-118.0
-99.0
-31.0
40.0
110.0
145.0
215.0
213.0
275.0
297.0
313.0
313.0
307.0
225.0
143.0
86.0
8.0
12.0
8.0
34.0
67.0
125.0
121.0
90.0
95.0
89.0
44.0
45.0
58.0
52.0
-39.0
-62.0
-64.0
-67.0
-99.0
-144.0
-175.0
-184.0
-177.0
-187.0
-254.0
-228.0
-255.0
-253.0
-223.0
-203.0
-197.0
-188.0
-214.0
-226.0
-283.0
-309.0
-227.0
-202.0
-168.0
-54.0
42.0
46.0
92.0
147.0
228.0
289.0
284.0
287.0
263.0
205.0
194.0
200.0
90.0
117.0
124.0
100.0
72.0
49.0
49.0
21.0
-15.0
-15.0
-71.0
-63.0
-57.0
-69.0
-103.0
-144.0
-171.0
-196.0
-146.0
-147.0
-134.0
-137.0
-113.0
-53.0
-31.0
-64.0
-84.0
-48.0
-48.0
-29.0
-3.0
4.0
46.0
74.0
126.0
142.0
193.0
143.0
114.0
107.0
184.0
148.0
162.0
118.0
92.0
20.0
7.0
-22.0
-51.0
-51.0
-90.0
-143.0
-188.0
-190.0
-228.0
-227.0
-181.0
-124.0
-69.0
-66.0
-20.0
21.0
88.0
141.0
204.0
207.0
213.0
202.0
168.0
169.0
105.0
88.0
86.0
44.0
19.0
-24.0
-13.0
-25.0
-15.0
-15.0
-27.0
-79.0
-88.0
-96.0
-118.0
-111.0
-106.0
-113.0
-134.0
-132.0
-177.0
-186.0
-210.0
-243.0
-200.0
-167.0
-143.0
-106.0
-87.0
-82.0
-63.0
-15.0
18.0
16.0
57.0
46.0
59.0
34.0
59.0
59.0
39.0
60.0
41.0
37.0
40.0
28.0
23.0
1.0
-9.0
-11.0
-36.0
-34.0
-29.0
-68.0
-79.0
-108.0
-85.0
-79.0
-50.0
-45.0
17.0
83.0
137.0
154.0
203.0
247.0
272.0
267.0
198.0
195.0
237.0
204.0
169.0
93.0
39.0
22.0
-13.0
-44.0
-103.0
-100.0
-138.0
-110.0
-107.0
-126.0
-123.0
-132.0
-163.0
-106.0
-135.0
-149.0
-160.0
-152.0
-182.0
-182.0
-225.0
-221.0
-103.0
-65.0
20.0
19.0
89.0
120.0
203.0
268.0
273.0
239.0
206.0
188.0
160.0
166.0
117.0
110.0
113.0
107.0
93.0
153.0
171.0
140.0
163.0
167.0
128.0
148.0
126.0
72.0
36.0
20.0
-37.0
-86.0
-110.0
-113.0
-148.0
-189.0
-178.0
-193.0
-202.0
-276.0
-313.0
-265.0
-255.0
-242.0
-185.0
-141.0
-111.0
-67.0
-41.0
44.0
21.0
60.0
42.0
38.0
86.0
66.0
15.0
-43.0
2.0
23.0
-23.0
-39.0
-92.0
-90.0
-39.0
-36.0
-68.0
-58.0
-53.0
-94.0
-92.0
-55.0
-43.0
-38.0
-79.0
-54.0
-28.0
-43.0
2.0
-35.0
-70.0
-118.0
-139.0
-143.0
-147.0
-141.0
-137.0
-97.0
-29.0
41.0
118.0
218.0
198.0
199.0
171.0
245.0
208.0
177.0
179.0
126.0
133.0
113.0
57.0
57.0
52.0
-2.0
-53.0
14.0
33.0
-50.0
-79.0
-137.0
-170.0
-169.0
-187.0
-195.0
-110.0
-76.0
37.0
97.0
135.0
125.0
166.0
172.0
196.0
210.0
199.0
196.0
177.0
167.0
115.0
76.0
22.0
30.0
75.0
19.0
7.0
-19.0
-12.0
-86.0
-161.0
-100.0
-85.0
-85.0
-125.0
-96.0
-129.0
-83.0
-98.0
-94.0
-143.0
-165.0
-117.0
-118.0
-95.0
-104.0
-114.0
-162.0
-213.0
-205.0
-215.0
-145.0
-74.0
-73.0
12.0
87.0
175.0
257.0
313.0
313.0
313.0
313.0
313.0
313.0
313.0
274.0
268.0
250.0
241.0
163.0
76.0
57.0
32.0
31.0
-21.0
-74.0
-118.0
-158.0
-180.0
-190.0
-219.0
-182.0
-197.0
-198.0
-241.0
-227.0
-210.0
-214.0
-211.0
-193.0
-213.0
-256.0
-284.0
-285.0
-294.0
-293.0
-249.0
-172.0
-131.0
-7.0
98.0
164.0
221.0
221.0
277.0
298.0
312.0
270.0
248.0
221.0
184.0
169.0
155.0
157.0
152.0
100.0
64.0
79.0
26.0
-9.0
5.0
-25.0
-65.0
-75.0
-76.0
-59.0
-113.0
-166.0
-158.0
-189.0
-189.0
-173.0
-194.0
-192.0
-175.0
-187.0
-217.0
-226.0
-208.0
-200.0
-192.0
-107.0
22.0
30.0
95.0
144.0
231.0
271.0
290.0
313.0
313.0
313.0
303.0
305.0
313.0
232.0
207.0
197.0
179.0
152.0
99.0
91.0
64.0
63.0
3.0
-39.0
-40.0
-64.0
-95.0
-143.0
-147.0
-140.0
-134.0
-127.0
-163.0
-205.0
-254.0
-241.0
-272.0
-274.0
-302.0
-226.0
-204.0
-200.0
-183.0
-211.0
-182.0
-137.0
-88.0
-106.0
-168.0
-148.0
-197.0
-199.0
-207.0
-150.0
-55.0
33.0
131.0
216.0
274.0
313.0
313.0
313.0
313.0
313.0
313.0
313.0
313.0
313.0
279.0
156.0
66.0
55.0
5.0
-43.0
-85.0
-49.0
-85.0
-49.0
-11.0
7.0
9.0
10.0
-56.0
-56.0
-63.0
-75.0
-86.0
-108.0
-47.0
-9.0
56.0
57.0
53.0
77.0
98.0
97.0
89.0
25.0
-69.0
-59.0
-47.0
-44.0
-93.0
-156.0
-132.0
-182.0
-181.0
-238.0
-249.0
-296.0
-313.0
-313.0
-313.0
-313.0
-307.0
-209.0
-128.0
-55.0
-1.0
47.0
50.0
48.0
86.0
100.0
102.0
104.0
83.0
68.0
59.0
48.0
9.0
-5.0
-8.0
-44.0
-50.0
-97.0
-142.0
-173.0
-161.0
-144.0
-87.0
-88.0
-17.0
47.0
56.0
112.0
65.0
70.0
97.0
76.0
77.0
77.0
114.0
71.0
108.0
195.0
255.0
271.0
257.0
220.0
183.0
184.0
177.0
205.0
127.0
86.0
57.0
-24.0
-65.0
-182.0
-196.0
-197.0
-196.0
-240.0
-253.0
-292.0
-288.0
-294.0
-212.0
-191.0
-126.0
-129.0
-74.0
-101.0
-51.0
-40.0
-8.0
26.0
23.0
13.0
-29.0
-20.0
-35.0
20.0
42.0
60.0
57.0
85.0
105.0
63.0
89.0
96.0
141.0
122.0
84.0
17.0
21.0
9.0
6.0
-28.0
-53.0
-52.0
-20.0
17.0
-57.0
1.0
22.0
32.0
-5.0
-61.0
-46.0
-44.0
-12.0
-37.0
-33.0
-38.0
-65.0
-77.0
-87.0
-114.0
-126.0
-124.0
-88.0
-107.0
-171.0
-221.0
-175.0
-139.0
-54.0
57.0
154.0
151.0
226.0
313.0
313.0
313.0
313.0
313.0
313.0
299.0
256.0
254.0
167.0
98.0
92.0
16.0
-24.0
-132.0
-132.0
-129.0
-160.0
-164.0
-202.0
-201.0
-239.0
-255.0
-253.0
-247.0
-268.0
-265.0
-278.0
-278.0
-285.0
-230.0
-202.0
-162.0
-133.0
-66.0
12.0
54.0
35.0
31.0
13.0
16.0
40.0
72.0
91.0
15.0
-59.0
-59.0
-68.0
-70.0
-25.0
87.0
124.0
166.0
258.0
287.0
313.0
313.0
313.0
313.0
313.0
261.0
206.0
160.0
104.0
23.0
-22.0
27.0
-107.0
-107.0
-160.0
-230.0
-181.0
-196.0
-226.0
-214.0
-220.0
-232.0
-207.0
-204.0
-215.0
-185.0
-244.0
-219.0
-207.0
-181.0
-195.0
-205.0
-207.0
-206.0
-210.0
-122.0
-59.0
-25.0
15.0
80.0
134.0
156.0
155.0
158.0
206.0
192.0
194.0
138.0
136.0
80.0
38.0
9.0
-19.0
-20.0
-30.0
-74.0
-127.0
-150.0
-121.0
-35.0
50.0
81.0
112.0
117.0
171.0
147.0
171.0
217.0
187.0
178.0
137.0
115.0
134.0
123.0
67.0
8.0
-45.0
-77.0
-160.0
-157.0
-155.0
-155.0
-116.0
-116.0
-30.0
5.0
81.0
66.0
88.0
106.0
151.0
180.0
138.0
130.0
73.0
94.0
57.0
38.0
-81.0
-64.0
-88.0
-66.0
-13.0
-12.0
-12.0
-44.0
-28.0
-27.0
-40.0
-53.0
-87.0
-74.0
-71.0
-67.0
-154.0
-96.0
-151.0
-141.0
-239.0
-302.0
-281.0
-172.0
-90.0
-90.0
12.0
63.0
171.0
241.0
240.0
294.0
313.0
312.0
286.0
290.0
242.0
178.0
105.0
63.0
71.0
44.0
31.0
19.0
-23.0
-28.0
-62.0
-26.0
-39.0
-94.0
-105.0
-111.0
-159.0
-146.0
-126.0
-118.0
-118.0
-134.0
-156.0
-179.0
-164.0
-99.0
-166.0
-146.0
-147.0
-144.0
-129.0
-111.0
-120.0
-77.0
-55.0
-63.0
-57.0
-58.0
-104.0
-99.0
-54.0
-38.0
-33.0
-70.0
-87.0
-102.0
-110.0
-128.0
-55.0
-54.0
1.0
77.0
137.0
243.0
231.0
243.0
254.0
241.0
253.0
258.0
248.0
213.0
179.0
113.0
45.0
10.0
9.0
19.0
-3.0
-12.0
-31.0
-28.0
-30.0
-12.0
9.0
-27.0
-32.0
-53.0
-65.0
-66.0
-122.0
-122.0
-185.0
-213.0
-179.0
-129.0
-101.0
-50.0
55.0
58.0
87.0
143.0
153.0
203.0
224.0
209.0
203.0
173.0
132.0
123.0
114.0
105.0
108.0
141.0
112.0
149.0
120.0
114.0
87.0
95.0
64.0
35.0
-27.0
-72.0
-62.0
-96.0
-93.0
-120.0
-120.0
-128.0
-167.0
-199.0
-225.0
-251.0
-214.0
-238.0
-219.0
-172.0
-195.0
-187.0
-193.0
-175.0
-87.0
-28.0
17.0
67.0
84.0
41.0
47.0
43.0
51.0
37.0
54.0
30.0
24.0
6.0
43.0
26.0
52.0
48.0
16.0
-72.0
-71.0
-72.0
-35.0
-17.0
0.0
118.0
189.0
193.0
195.0
240.0
183.0
191.0
197.0
132.0
107.0
36.0
9.0
-1.0
-70.0
-77.0
-45.0
5.0
38.0
35.0
85.0
98.0
134.0
135.0
140.0
75.0
59.0
50.0
48.0
28.0
-10.0
-80.0
-144.0
-151.0
-222.0
-240.0
-225.0
-206.0
-193.0
-173.0
-20.0
22.0
48.0
60.0
147.0
137.0
166.0
120.0
74.0
40.0
56.0
102.0
15.0
9.0
9.0
-51.0
-124.0
-176.0
-279.0
-293.0
-266.0
-219.0
-158.0
-157.0
-31.0
62.0
108.0
188.0
275.0
269.0
263.0
263.0
241.0
240.0
182.0
124.0
39.0
54.0
-5.0
-73.0
-104.0
-93.0
-123.0
-126.0
-145.0
-159.0
-167.0
-210.0
-202.0
-193.0
-185.0
-202.0
-216.0
-213.0
-217.0
-225.0
-171.0
-145.0
-95.0
-65.0
-22.0
-15.0
-2.0
4.0
18.0
-15.0
5.0
-36.0
-51.0
-90.0
-86.0
-62.0
-72.0
-80.0
16.0
68.0
171.0
223.0
224.0
218.0
214.0
189.0
178.0
177.0
135.0
117.0
84.0
27.0
-65.0
-35.0
-94.0
-75.0
-83.0
-85.0
-142.0
-200.0
-157.0
-115.0
-138.0
-117.0
-85.0
-79.0
-37.0
-36.0
-55.0
-131.0
-97.0
-91.0
-111.0
-88.0
-87.0
-112.0
-142.0
-150.0
-233.0
-273.0
-313.0
-248.0
-117.0
60.0
188.0
155.0
293.0
296.0
313.0
313.0
313.0
313.0
313.0
313.0
313.0
301.0
237.0
245.0
223.0
137.0
47.0
12.0
-74.0
-64.0
-111.0
-144.0
-180.0
-184.0
-190.0
-214.0
-237.0
-215.0
-201.0
-180.0
-188.0
-148.0
-145.0
-140.0
-107.0
-113.0
-113.0
-114.0
-89.0
-123.0
-96.0
-88.0
-54.0
-69.0
-15.0
29.0
-4.0
-16.0
12.0
62.0
37.0
25.0
-12.0
-6.0
54.0
40.0
45.0
58.0
16.0
15.0
3.0
37.0
12.0
12.0
-9.0
-56.0
-64.0
-67.0
-83.0
-64.0
-66.0
-74.0
-25.0
-16.0
25.0
40.0
-1.0
83.0
47.0
89.0
141.0
186.0
122.0
111.0
117.0
125.0
157.0
152.0
114.0
70.0
98.0
68.0
-2.0
-4.0
-18.0
-18.0
12.0
55.0
102.0
127.0
136.0
154.0
174.0
176.0
144.0
121.0
93.0
54.0
28.0
-44.0
-95.0
-116.0
-114.0
-112.0
-84.0
-23.0
-10.0
61.0
147.0
139.0
127.0
112.0
99.0
103.0
44.0
65.0
95.0
57.0
6.0
-63.0
-95.0
-104.0
-124.0
-130.0
-176.0
-157.0
-186.0
-200.0
-228.0
-291.0
-313.0
-311.0
-312.0
-312.0
-287.0
-214.0
-98.0
-2.0
31.0
120.0
132.0
161.0
165.0
164.0
156.0
152.0
147.0
154.0
87.0
65.0
-11.0
-36.0
-13.0
-12.0
-96.0
-182.0
-135.0
-116.0
-86.0
-80.0
-110.0
-128.0
-107.0
-101.0
-80.0
-112.0
-114.0
-191.0
-209.0
-167.0
-129.0
-66.0
43.0
44.0
103.0
202.0
238.0
304.0
313.0
313.0
313.0
312.0
272.0
276.0
234.0
145.0
114.0
24.0
48.0
11.0
-3.0
-44.0
-91.0
-79.0
-104.0
-105.0
-92.0
-98.0
-135.0
-130.0
-109.0
-133.0
-125.0
-124.0
-129.0
-143.0
-140.0
-137.0
-90.0
-139.0
-160.0
-130.0
-124.0
-133.0
-127.0
-173.0
-209.0
-211.0
-244.0
-186.0
-124.0
-56.0
22.0
30.0
70.0
127.0
135.0
209.0
257.0
248.0
222.0
227.0
293.0
285.0
230.0
148.0
135.0
83.0
21.0
-8.0
-53.0
-38.0
-35.0
-32.0
-44.0
-64.0
-59.0
-111.0
-114.0
-151.0
-245.0
-249.0
-237.0
-234.0
-216.0
-194.0
-120.0
-34.0
-3.0
62.0
103.0
112.0
191.0
184.0
227.0
182.0
174.0
185.0
155.0
165.0
121.0
94.0
69.0
69.0
51.0
72.0
26.0
79.0
53.0
16.0
-35.0
-25.0
-26.0
-32.0
-8.0
-63.0
-136.0
-129.0
-134.0
-128.0
-86.0
-78.0
-59.0
-57.0
-41.0
-41.0
-52.0
-48.0
-85.0
-144.0
-136.0
-168.0
-131.0
-134.0
-43.0
24.0
83.0
162.0
170.0
209.0
249.0
269.0
242.0
234.0
227.0
167.0
111.0
93.0
64.0
27.0
20.0
-12.0
-56.0
-59.0
-67.0
-87.0
-122.0
-102.0
-121.0
-162.0
-90.0
-100.0
-159.0
-157.0
-118.0
-108.0
-80.0
-105.0
-137.0
-184.0
-225.0
-185.0
-202.0
-204.0
-170.0
-96.0
-31.0
22.0
51.0
68.0
30.0
5.0
76.0
81.0
116.0
165.0
159.0
137.0
127.0
108.0
77.0
72.0
15.0
18.0
-6.0
-3.0
-18.0
-115.0
-210.0
-241.0
-244.0
-196.0
-114.0
-110.0
17.0
99.0
137.0
234.0
313.0
313.0
313.0
313.0
313.0
313.0
313.0
279.0
241.0
198.0
162.0
118.0
55.0
50.0
6.0
11.0
-71.0
-138.0
-198.0
-229.0
-268.0
-264.0
-229.0
-187.0
-158.0
-162.0
-175.0
-144.0
-137.0
-99.0
-101.0
-96.0
-39.0
-33.0
6.0
5.0
-16.0
-9.0
-21.0
-32.0
-10.0
-34.0
-72.0
-65.0
-39.0
-34.0
-18.0
-22.0
-16.0
-20.0
11.0
12.0
-50.0
-9.0
-36.0
-35.0
-50.0
-73.0
-17.0
-55.0
-72.0
-78.0
-61.0
-50.0
-14.0
-17.0
-63.0
-48.0
-49.0
-93.0
-83.0
-49.0
-117.0
-116.0
-30.0
-32.0
-105.0
-167.0
-149.0
-166.0
-143.0
-105.0
-51.0
18.0
90.0
97.0
168.0
279.0
313.0
313.0
301.0
313.0
313.0
285.0
215.0
211.0
185.0
119.0
71.0
81.0
36.0
-26.0
-68.0
-50.0
-49.0
-44.0
-67.0
-100.0
-148.0
-126.0
-94.0
-74.0
-103.0
-136.0
-137.0
-138.0
-98.0
-120.0
-110.0
-92.0
-108.0
-116.0
-93.0
-62.0
-56.0
-53.0
-44.0
-35.0
-81.0
-77.0
-40.0
-36.0
-45.0
-30.0
-63.0
-68.0
-13.0
-46.0
-42.0
-61.0
-26.0
4.0
15.0
78.0
58.0
56.0
12.0
-17.0
-56.0
29.0
30.0
25.0
93.0
158.0
202.0
195.0
220.0
204.0
219.0
221.0
163.0
181.0
132.0
71.0
89.0
96.0
32.0
-24.0
-40.0
-44.0
-79.0
-52.0
-46.0
-65.0
-81.0
-88.0
0.0
72.0
53.0
-6.0
-32.0
-45.0
-160.0
-117.0
-77.0
-72.0
-35.0
35.0
46.0
59.0
12.0
25.0
80.0
82.0
-9.0
-6.0
103.0
179.0
187.0
52.0
78.0
22.0
31.0
71.0
10.0
14.0
-23.0
-41.0
-59.0
-54.0
-67.0
-111.0
-184.0
-156.0
-90.0
-93.0
-52.0
-49.0
-110.0
-172.0
-178.0
-201.0
-116.0
-57.0
2.0
2.0
76.0
140.0
215.0
290.0
313.0
262.0
245.0
256.0
180.0
181.0
185.0
120.0
42.0
-5.0
-31.0
2.0
-27.0
-82.0
-72.0
-81.0
-69.0
-53.0
-67.0
-60.0
-52.0
-96.0
-122.0
-126.0
-115.0
-117.0
-179.0
-222.0
-260.0
-281.0
-313.0
-250.0
-203.0
-157.0
-26.0
-40.0
68.0
79.0
122.0
151.0
131.0
182.0
162.0
119.0
117.0
112.0
121.0
120.0
105.0
142.0
144.0
90.0
67.0
56.0
36.0
43.0
44.0
52.0
-6.0
-40.0
-58.0
-103.0
-167.0
-188.0
-196.0
-199.0
-251.0
-209.0
-231.0
-254.0
-183.0
-189.0
-158.0
-200.0
-188.0
-184.0
-134.0
-115.0
-185.0
-223.0
-285.0
-275.0
-239.0
-143.0
-87.0
-85.0
27.0
162.0
256.0
313.0
313.0
313.0
313.0
313.0
313.0
312.0
239.0
252.0
210.0
105.0
64.0
99.0
48.0
-3.0
-81.0
-78.0
-116.0
-146.0
-93.0
-142.0
-151.0
-162.0
-164.0
-154.0
-164.0
-167.0
-150.0
-118.0
-81.0
-81.0
-103.0
-104.0
-94.0
-58.0
-17.0
-7.0
13.0
-33.0
-47.0
-77.0
-37.0
-81.0
-16.0
-17.0
-29.0
-27.0
-26.0
-32.0
-4.0
33.0
34.0
15.0
35.0
49.0
22.0
29.0
15.0
-29.0
-84.0
-79.0
-109.0
-62.0
-69.0
-39.0
23.0
21.0
117.0
176.0
193.0
228.0
255.0
288.0
245.0
247.0
210.0
202.0
198.0
177.0
164.0
115.0
71.0
55.0
16.0
-53.0
-74.0
-76.0
-6.0
-2.0
-72.0
-79.0
-123.0
-134.0
-98.0
-59.0
-92.0
-90.0
-122.0
-116.0
-75.0
-56.0
-55.0
-79.0
-83.0
-46.0
-30.0
-32.0
-80.0
-128.0
-146.0
-90.0
-121.0
-91.0
-52.0
-35.0
-26.0
-25.0
21.0
17.0
50.0
116.0
105.0
93.0
122.0
127.0
120.0
120.0
83.0
45.0
55.0
51.0
20.0
-6.0
-16.0
-40.0
-7.0
-2.0
-6.0
-31.0
-92.0
-61.0
-135.0
-142.0
-115.0
-126.0
-106.0
-100.0
-69.0
-101.0
-23.0
65.0
120.0
80.0
98.0
84.0
99.0
97.0
64.0
93.0
159.0
177.0
190.0
238.0
232.0
173.0
219.0
223.0
175.0
93.0
125.0
101.0
24.0
11.0
-120.0
-125.0
-165.0
-168.0
-178.0
-179.0
-175.0
-149.0
-119.0
-79.0
-66.0
-69.0
-57.0
-53.0
34.0
1.0
-11.0
20.0
15.0
4.0
-54.0
-62.0
-106.0
-109.0
-111.0
-123.0
-59.0
-67.0
-59.0
-33.0
-16.0
-13.0
56.0
57.0
52.0
78.0
94.0
27.0
16.0
13.0
12.0
-52.0
-62.0
-60.0
-87.0
-73.0
-50.0
-21.0
37.0
67.0
30.0
28.0
32.0
35.0
56.0
37.0
50.0
92.0
66.0
38.0
22.0
51.0
6.0
-3.0
-33.0
-58.0
-67.0
-64.0
-46.0
-65.0
-63.0
-91.0
-120.0
-121.0
-161.0
-164.0
-155.0
-125.0
-126.0
-168.0
-98.0
-90.0
-52.0
-53.0
-2.0
37.0
33.0
65.0
31.0
38.0
52.0
11.0
-5.0
-7.0
-24.0
-88.0
-91.0
-93.0
-25.0
55.0
104.0
131.0
173.0
184.0
214.0
173.0
125.0
169.0
125.0
59.0
99.0
111.0
107.0
101.0
117.0
67.0
3.0
-58.0
7.0
12.0
-32.0
-82.0
-173.0
-181.0
-258.0
-259.0
-233.0
-255.0
-128.0
-48.0
-4.0
55.0
109.0
109.0
147.0
168.0
214.0
232.0
238.0
221.0
166.0
111.0
67.0
74.0
81.0
34.0
18.0
-66.0
-22.0
-83.0
-15.0
-20.0
34.0
39.0
17.0
-15.0
-29.0
-159.0
-94.0
-71.0
-87.0
-148.0
-126.0
-125.0
-134.0
-193.0
-155.0
-109.0
-17.0
15.0
19.0
-28.0
10.0
14.0
16.0
49.0
78.0
80.0
71.0
54.0
58.0
66.0
38.0
34.0
51.0
-30.0
-51.0
-82.0
-89.0
-85.0
-78.0
-35.0
-1.0
-1.0
-55.0
-51.0
-39.0
-62.0
-58.0
-63.0
-37.0
-16.0
-40.0
-47.0
-69.0
-69.0
-47.0
-48.0
-39.0
-3.0
-31.0
-3.0
-12.0
-9.0
-31.0
-35.0
-7.0
-57.0
-33.0
-40.0
-13.0
-47.0
-54.0
-53.0
-93.0
-90.0
-101.0
-78.0
-121.0
-123.0
-111.0
-71.0
-1.0
3.0
-8.0
61.0
134.0
117.0
130.0
161.0
187.0
202.0
192.0
189.0
116.0
52.0
143.0
152.0
135.0
96.0
77.0
65.0
6.0
2.0
-16.0
-5.0
-21.0
-29.0
-59.0
-75.0
-59.0
-8.0
-80.0
-81.0
-112.0
-139.0
-198.0
-264.0
-274.0
-267.0
-195.0
-95.0
-22.0
-26.0
48.0
113.0
229.0
294.0
313.0
313.0
311.0
313.0
308.0
299.0
235.0
192.0
161.0
108.0
64.0
27.0
33.0
-15.0
-43.0
-46.0
-53.0
-96.0
-128.0
-117.0
-127.0
-102.0
-83.0
-66.0
-122.0
-121.0
-113.0
-142.0
-156.0
-176.0
-198.0
-174.0
-177.0
-119.0
-30.0
-28.0
-138.0
-171.0
-127.0
-36.0
28.0
6.0
48.0
128.0
133.0
134.0
81.0
124.0
130.0
79.0
15.0
133.0
154.0
126.0
83.0
88.0
140.0
83.0
4.0
13.0
36.0
-26.0
52.0
7.0
-4.0
-6.0
-43.0
-79.0
-79.0
-109.0
-75.0
-61.0
-95.0
-119.0
-159.0
-163.0
-104.0
-84.0
-114.0
-81.0
-93.0
-131.0
-173.0
-213.0
-210.0
-215.0
-174.0
-252.0
-140.0
-38.0
73.0
140.0
216.0
226.0
290.0
299.0
284.0
292.0
281.0
202.0
179.0
170.0
101.0
187.0
211.0
219.0
182.0
206.0
199.0
132.0
115.0
92.0
32.0
39.0
31.0
29.0
-8.0
-132.0
-107.0
-131.0
-120.0
-162.0
-173.0
-193.0
-214.0
-215.0
-231.0
-210.0
-238.0
-257.0
-293.0
-250.0
-180.0
-168.0
-168.0
-166.0
-123.0
-97.0
-46.0
-56.0
12.0
13.0
-19.0
-16.0
11.0
11.0
13.0
42.0
41.0
-2.0
-68.0
-106.0
-129.0
-131.0
-70.0
-74.0
-53.0
-44.0
-20.0
10.0
115.0
132.0
166.0
142.0
176.0
175.0
190.0
203.0
220.0
272.0
251.0
184.0
91.0
86.0
114.0
113.0
82.0
-23.0
-113.0
-162.0
-108.0
-119.0
-18.0
56.0
83.0
85.0
117.0
130.0
122.0
129.0
96.0
120.0
77.0
63.0
65.0
60.0
-9.0
10.0
-38.0
-76.0
-113.0
-216.0
-217.0
-267.0
-313.0
-311.0
-275.0
-206.0
-75.0
16.0
85.0
115.0
114.0
157.0
250.0
247.0
161.0
135.0
126.0
115.0
116.0
32.0
27.0
33.0
15.0
17.0
31.0
-28.0
-37.0
-38.0
-6.0
-46.0
-119.0
-40.0
-62.0
-62.0
-109.0
-133.0
-151.0
-194.0
-225.0
-227.0
-234.0
-198.0
-151.0
-146.0
-170.0
-161.0
-148.0
-104.0
-100.0
-138.0
-149.0
-167.0
-149.0
-144.0
-78.0
-11.0
33.0
79.0
126.0
169.0
174.0
168.0
249.0
259.0
203.0
124.0
129.0
82.0
67.0
-30.0
-85.0
-107.0
-55.0
-48.0
-40.0
42.0
82.0
156.0
162.0
151.0
171.0
141.0
135.0
136.0
138.0
146.0
112.0
78.0
37.0
4.0
-54.0
-67.0
-69.0
-77.0
-90.0
-123.0
-148.0
-164.0
-195.0
-187.0
-198.0
-213.0
-297.0
-300.0
-249.0
-266.0
-230.0
-165.0
-88.0
20.0
58.0
138.0
162.0
168.0
143.0
166.0
147.0
164.0
182.0
171.0
201.0
179.0
215.0
212.0
256.0
245.0
183.0
155.0
151.0
123.0
71.0
49.0
18.0
19.0
-45.0
-98.0
-80.0
-122.0
-159.0
-175.0
-155.0
-162.0
-201.0
-199.0
-176.0
-179.0
-163.0
-188.0
-244.0
-303.0
-267.0
-291.0
-234.0
-228.0
-142.0
-43.0
17.0
116.0
137.0
245.0
285.0
313.0
312.0
306.0
281.0
273.0
279.0
299.0
272.0
243.0
198.0
136.0
98.0
95.0
98.0
30.0
-13.0
-54.0
-61.0
-111.0
-165.0
-206.0
-190.0
-196.0
-202.0
-253.0
-257.0
-225.0
-218.0
-217.0
-223.0
-180.0
-209.0
-208.0
-177.0
-185.0
-177.0
-134.0
-94.0
-104.0
-139.0
-206.0
-256.0
-250.0
-172.0
-110.0
-88.0
0.0
39.0
105.0
130.0
123.0
130.0
128.0
132.0
188.0
184.0
187.0
136.0
72.0
19.0
-12.0
-15.0
-15.0
51.0
82.0
142.0
159.0
193.0
186.0
157.0
221.0
174.0
182.0
195.0
145.0
122.0
46.0
59.0
-7.0
-61.0
-100.0
-149.0
-147.0
-140.0
-158.0
-131.0
-57.0
-70.0
-98.0
-90.0
-127.0
-85.0
-91.0
-54.0
-104.0
-17.0
-60.0
-23.0
-54.0
-32.0
-84.0
-112.0
-113.0
-112.0
-35.0
-84.0
-55.0
-56.0
-53.0
-26.0
17.0
31.0
32.0
41.0
-20.0
-11.0
25.0
27.0
-9.0
20.0
-10.0
17.0
24.0
-16.0
-44.0
-100.0
-142.0
-160.0
-214.0
-241.0
-150.0
-96.0
-87.0
22.0
69.0
145.0
217.0
262.0
313.0
313.0
313.0
313.0
313.0
313.0
313.0
313.0
271.0
254.0
206.0
196.0
131.0
85.0
88.0
73.0
59.0
29.0
-29.0
-101.0
-125.0
-197.0
-213.0
-228.0
-228.0
-240.0
-191.0
-175.0
-149.0
-184.0
-195.0
-203.0
-204.0
-225.0
-224.0
-265.0
-190.0
-177.0
-145.0
-72.0
-8.0
27.0
46.0
32.0
34.0
78.0
107.0
123.0
81.0
111.0
93.0
105.0
128.0
82.0
81.0
60.0
38.0
11.0
1.0
-26.0
-14.0
-34.0
-2.0
-54.0
-54.0
-49.0
-40.0
-63.0
-40.0
-93.0
-157.0
-75.0
-40.0
-86.0
-83.0
-47.0
30.0
-39.0
-83.0
-65.0
-50.0
-72.0
-106.0
-101.0
-103.0
-112.0
-179.0
-112.0
-86.0
-75.0
-27.0
48.0
32.0
100.0
98.0
110.0
115.0
119.0
182.0
192.0
174.0
165.0
151.0
153.0
154.0
179.0
163.0
129.0
107.0
57.0
96.0
103.0
61.0
37.0
36.0
-3.0
-23.0
-8.0
-63.0
-62.0
-32.0
-17.0
-62.0
-59.0
-56.0
-45.0
-91.0
-102.0
-98.0
-26.0
-120.0
-265.0
-231.0
-189.0
-189.0
-239.0
-123.0
-160.0
-84.0
125.0
176.0
210.0
313.0
313.0
313.0
283.0
217.0
183.0
184.0
151.0
172.0
103.0
130.0
80.0
90.0
-28.0
-87.0
-76.0
-85.0
-71.0
-117.0
-155.0
-172.0
-192.0
-182.0
-115.0
-99.0
-92.0
-120.0
-153.0
-157.0
-147.0
-77.0
-101.0
-96.0
-109.0
-123.0
-74.0
-39.0
-81.0
-98.0
-168.0
-239.0
-184.0
-184.0
-145.0
-99.0
-86.0
-69.0
25.0
55.0
118.0
149.0
176.0
182.0
148.0
68.0
50.0
44.0
109.0
74.0
89.0
84.0
130.0
130.0
162.0
220.0
199.0
245.0
221.0
208.0
168.0
138.0
76.0
81.0
17.0
-9.0
-12.0
-51.0
-47.0
-65.0
-49.0
-101.0
-145.0
-143.0
-109.0
-134.0
-182.0
-186.0
-150.0
-123.0
-135.0
-116.0
-109.0
-100.0
-73.0
-37.0
-28.0
-92.0
-186.0
-268.0
-266.0
-264.0
-235.0
-233.0
-126.0
-89.0
-9.0
100.0
262.0
310.0
313.0
313.0
313.0
313.0
313.0
313.0
300.0
239.0
209.0
173.0
159.0
98.0
-13.0
-11.0
-54.0
-78.0
-83.0
-72.0
-111.0
-128.0
-139.0
-159.0
-184.0
-187.0
-221.0
-253.0
-254.0
-237.0
-169.0
-155.0
-164.0
-122.0
-58.0
-49.0
13.0
38.0
66.0
95.0
62.0
63.0
68.0
29.0
91.0
88.0
50.0
-1.0
-46.0
-126.0
-226.0
-244.0
-197.0
-164.0
-97.0
-92.0
-16.0
65.0
123.0
181.0
283.0
313.0
304.0
313.0
262.0
252.0
238.0
187.0
146.0
119.0
149.0
85.0
101.0
44.0
22.0
19.0
18.0
-32.0
-94.0
-101.0
-104.0
-99.0
-115.0
-161.0
-123.0
-131.0
-142.0
-178.0
-175.0
-165.0
-169.0
-154.0
-158.0
-122.0
-83.0
-86.0
-91.0
-126.0
-195.0
-256.0
-313.0
-313.0
-312.0
-199.0
-62.0
-49.0
-2.0
128.0
170.0
184.0
214.0
239.0
273.0
233.0
200.0
198.0
175.0
151.0
185.0
188.0
216.0
232.0
223.0
264.0
278.0
280.0
233.0
235.0
229.0
146.0
81.0
33.0
-38.0
-50.0
-94.0
-92.0
-97.0
-69.0
-182.0
-163.0
-209.0
-177.0
-202.0
-255.0
-304.0
-311.0
-313.0
-313.0
-289.0
-260.0
-167.0
-116.0
-82.0
-50.0
9.0
6.0
50.0
93.0
124.0
105.0
110.0
97.0
21.0
-46.0
-19.0
-19.0
44.0
124.0
87.0
109.0
156.0
155.0
168.0
180.0
164.0
187.0
227.0
173.0
109.0
83.0
11.0
-25.0
-66.0
-95.0
-142.0
-134.0
-170.0
-166.0
-153.0
-120.0
-104.0
-152.0
-149.0
-139.0
-118.0
-125.0
-201.0
-225.0
-209.0
-197.0
-171.0
-48.0
40.0
113.0
118.0
119.0
137.0
173.0
197.0
211.0
178.0
135.0
101.0
69.0
27.0
24.0
-6.0
-60.0
-51.0
-96.0
-93.0
-117.0
-136.0
-184.0
-180.0
-176.0
-140.0
-182.0
-182.0
-138.0
-133.0
-136.0
-147.0
-35.0
-61.0
-74.0
-97.0
-123.0
-170.0
-218.0
-195.0
-139.0
-58.0
32.0
104.0
107.0
104.0
230.0
313.0
313.0
313.0
313.0
313.0
296.0
260.0
265.0
246.0
177.0
120.0
67.0
21.0
-47.0
-79.0
-58.0
-32.0
-33.0
-87.0
-108.0
-99.0
-124.0
-211.0
-241.0
-300.0
-236.0
-177.0
-179.0
-226.0
-129.0
-10.0
74.0
78.0
169.0
203.0
200.0
216.0
216.0
170.0
195.0
173.0
204.0
239.0
108.0
38.0
26.0
25.0
25.0
28.0
-33.0
-83.0
-119.0
-165.0
-226.0
-219.0
-177.0
-160.0
-162.0
-94.0
-31.0
-3.0
11.0
53.0
27.0
51.0
144.0
118.0
115.0
129.0
49.0
44.0
-3.0
41.0
-12.0
-90.0
-93.0
-133.0
-135.0
-67.0
-14.0
68.0
137.0
100.0
93.0
153.0
127.0
97.0
88.0
102.0
115.0
101.0
72.0
64.0
81.0
85.0
33.0
41.0
48.0
90.0
117.0
63.0
48.0
39.0
-20.0
-78.0
-63.0
-106.0
-112.0
-211.0
-121.0
-97.0
-110.0
-130.0
-149.0
-120.0
-232.0
-212.0
-211.0
-161.0
-117.0
-137.0
-107.0
-117.0
-99.0
-108.0
-102.0
-116.0
-120.0
-112.0
-169.0
-146.0
-146.0
-129.0
-120.0
-94.0
-3.0
71.0
73.0
165.0
234.0
228.0
247.0
226.0
237.0
133.0
140.0
186.0
192.0
171.0
241.0
258.0
313.0
285.0
280.0
279.0
205.0
159.0
145.0
34.0
-44.0
-72.0
-73.0
-128.0
-122.0
-142.0
-224.0
-201.0
-201.0
-247.0
-313.0
-310.0
-284.0
-269.0
-313.0
-297.0
-246.0
-193.0
-198.0
-264.0
-274.0
-313.0
-302.0
-285.0
-304.0
-216.0
-48.0
78.0
83.0
127.0
143.0
188.0
209.0
241.0
182.0
182.0
181.0
161.0
160.0
126.0
124.0
91.0
40.0
34.0
-40.0
-127.0
-196.0
-212.0
-201.0
-197.0
-138.0
-117.0
16.0
95.0
206.0
285.0
310.0
313.0
313.0
313.0
313.0
313.0
313.0
307.0
265.0
245.0
169.0
56.0
51.0
84.0
53.0
54.0
-35.0
-47.0
-146.0
-207.0
-169.0
-181.0
-181.0
-267.0
-276.0
-313.0
-313.0
-313.0
-313.0
-295.0
-223.0
-140.0
-140.0
-58.0
48.0
60.0
126.0
136.0
124.0
147.0
150.0
138.0
141.0
136.0
103.0
31.0
-22.0
-8.0
-38.0
-21.0
-67.0
-122.0
-125.0
-126.0
-116.0
-152.0
-140.0
-126.0
-154.0
-112.0
-137.0
-126.0
-123.0
-102.0
-54.0
-58.0
-54.0
-168.0
-215.0
-206.0
-188.0
-141.0
-147.0
-67.0
8.0
89.0
188.0
300.0
312.0
308.0
313.0
279.0
277.0
248.0
311.0
199.0
174.0
106.0
55.0
-8.0
-49.0
-39.0
-37.0
-88.0
-73.0
-145.0
-154.0
-171.0
-143.0
-122.0
-120.0
-131.0
-132.0
-87.0
-114.0
-134.0
-251.0
-151.0
-63.0
-8.0
15.0
-48.0
-49.0
-50.0
-44.0
-115.0
-181.0
-157.0
-154.0
-162.0
-151.0
-99.0
-97.0
15.0
134.0
225.0
298.0
313.0
313.0
313.0
313.0
313.0
313.0
313.0
300.0
281.0
282.0
207.0
118.0
41.0
-19.0
-65.0
-64.0
-121.0
-135.0
-138.0
-174.0
-202.0
-173.0
-156.0
-195.0
-185.0
-185.0
-138.0
-129.0
-162.0
-198.0
-230.0
-218.0
-180.0
-73.0
-54.0
-49.0
-58.0
-111.0
-186.0
-226.0
-152.0
-108.0
-29.0
24.0
68.0
71.0
138.0
173.0
157.0
161.0
201.0
197.0
129.0
75.0
101.0
99.0
50.0
41.0
25.0
6.0
-12.0
51.0
38.0
63.0
144.0
147.0
164.0
133.0
100.0
77.0
61.0
26.0
-12.0
24.0
-23.0
-17.0
-28.0
-13.0
-32.0
-54.0
-17.0
19.0
-5.0
-22.0
-53.0
-49.0
-82.0
-102.0
-110.0
-144.0
-158.0
-181.0
-130.0
-82.0
0.0
4.0
31.0
89.0
116.0
131.0
153.0
165.0
218.0
145.0
126.0
125.0
42.0
-1.0
-16.0
-35.0
-25.0
-42.0
-63.0
-48.0
-24.0
-23.0
-32.0
-41.0
-70.0
-50.0
-24.0
-31.0
-65.0
-126.0
-186.0
-180.0
-205.0
-229.0
-169.0
-147.0
-60.0
19.0
121.0
116.0
162.0
168.0
207.0
229.0
221.0
204.0
187.0
158.0
101.0
83.0
40.0
37.0
21.0
-6.0
-90.0
-118.0
-179.0
-193.0
-145.0
-146.0
-117.0
-122.0
-147.0
-146.0
-100.0
-100.0
-156.0
-184.0
-179.0
-157.0
-177.0
-188.0
-295.0
-298.0
-285.0
-189.0
-116.0
-46.0
75.0
120.0
237.0
238.0
284.0
258.0
280.0
313.0
313.0
265.0
255.0
168.0
140.0
140.0
95.0
15.0
-95.0
-130.0
-107.0
-35.0
31.0
63.0
32.0
33.0
94.0
135.0
168.0
149.0
93.0
58.0
96.0
21.0
-43.0
-48.0
-87.0
-70.0
-117.0
-168.0
-223.0
-178.0
-173.0
-172.0
-174.0
-169.0
-102.0
-50.0
-59.0
-47.0
32.0
39.0
63.0
76.0
28.0
36.0
58.0
7.0
-1.0
-41.0
-81.0
-116.0
-122.0
-126.0
-71.0
-69.0
-21.0
-67.0
-79.0
-76.0
-35.0
-28.0
-111.0
-125.0
-110.0
-114.0
-119.0
-99.0
-83.0
-53.0
-83.0
-122.0
-124.0
-152.0
-139.0
-145.0
-158.0
-60.0
-30.0
41.0
172.0
195.0
275.0
269.0
277.0
285.0
313.0
313.0
313.0
279.0
221.0
198.0
141.0
83.0
21.0
9.0
28.0
-22.0
-47.0
-79.0
-104.0
-89.0
-158.0
-252.0
-308.0
-313.0
-313.0
-313.0
-212.0
-175.0
-68.0
12.0
180.0
272.0
313.0
313.0
313.0
313.0
313.0
313.0
313.0
313.0
288.0
245.0
215.0
210.0
99.0
81.0
28.0
-49.0
-133.0
-218.0
-219.0
-175.0
-235.0
-239.0
-274.0
-283.0
-256.0
-313.0
-313.0
-309.0
-211.0
-191.0
-259.0
-259.0
-313.0
-313.0
-313.0
-313.0
-186.0
-33.0
38.0
134.0
243.0
244.0
313.0
313.0
313.0
313.0
313.0
313.0
313.0
313.0
313.0
313.0
293.0
233.0
194.0
148.0
41.0
6.0
-31.0
-73.0
-141.0
-144.0
-195.0
-260.0
-304.0
-295.0
-313.0
-313.0
-313.0
-313.0
-313.0
-313.0
-310.0
-313.0
-313.0
-313.0
-313.0
-313.0
-267.0
-176.0
-96.0
-93.0
-60.0
57.0
100.0
113.0
248.0
219.0
238.0
196.0
166.0
167.0
194.0
206.0
188.0
208.0
174.0
194.0
239.0
188.0
146.0
143.0
106.0
160.0
90.0
21.0
-38.0
-25.0
-63.0
-136.0
-168.0
-160.0
-129.0
-137.0
-198.0
-170.0
-205.0
-148.0
-100.0
-120.0
-101.0
-95.0
-126.0
-89.0
-67.0
-92.0
-39.0
-52.0
-72.0
-102.0
-111.0
-111.0
-85.0
-75.0
-120.0
-139.0
-139.0
-98.0
-56.0
-18.0
-16.0
-9.0
-7.0
-11.0
26.0
55.0
101.0
101.0
91.0
70.0
93.0
90.0
75.0
94.0
56.0
34.0
60.0
21.0
-12.0
53.0
136.0
131.0
190.0
229.0
237.0
254.0
296.0
312.0
313.0
228.0
221.0
220.0
178.0
82.0
28.0
-1.0
-40.0
-117.0
-61.0
10.0
40.0
36.0
-27.0
-12.0
-33.0
-22.0
-38.0
11.0
1.0
14.0
-10.0
-20.0
-85.0
-90.0
-105.0
-160.0
-230.0
-225.0
-146.0
-111.0
-131.0
-131.0
-184.0
-213.0
-157.0
-167.0
-140.0
-144.0
-190.0
-271.0
-313.0
-313.0
-283.0
-146.0
-31.0
-48.0
27.0
152.0
197.0
256.0
311.0
301.0
286.0
272.0
300.0
219.0
144.0
203.0
258.0
129.0
68.0
67.0
40.0
-30.0
-31.0
-74.0
-35.0
-80.0
-50.0
-43.0
-53.0
-52.0
-206.0
-102.0
-94.0
-66.0
-14.0
27.0
82.0
185.0
216.0
216.0
236.0
240.0
277.0
256.0
209.0
125.0
93.0
69.0
-66.0
-78.0
-156.0
-159.0
-179.0
-169.0
-120.0
-150.0
-130.0
-113.0
-136.0
-130.0
-85.0
-64.0
-91.0
-92.0
-86.0
-122.0
-112.0
-129.0
-70.0
-67.0
-133.0
-125.0
-123.0
-156.0
-127.0
-102.0
-108.0
-52.0
-54.0
-54.0
-106.0
-161.0
-101.0
-123.0
-41.0
-36.0
-42.0
17.0
121.0
128.0
188.0
199.0
210.0
220.0
166.0
210.0
161.0
131.0
146.0
144.0
114.0
35.0
-13.0
-79.0
-147.0
-183.0
-168.0
-149.0
-172.0
-169.0
-77.0
47.0
144.0
209.0
284.0
313.0
313.0
273.0
256.0
253.0
269.0
260.0
179.0
115.0
57.0
8.0
-22.0
-92.0
-219.0
-226.0
-246.0
-238.0
-223.0
-153.0
-150.0
-53.0
8.0
29.0
-13.0
-9.0
-3.0
64.0
107.0
57.0
46.0
26.0
64.0
27.0
35.0
43.0
60.0
-10.0
-79.0
-62.0
-169.0
-172.0
-100.0
-73.0
-105.0
-103.0
-70.0
4.0
11.0
41.0
28.0
-13.0
5.0
-28.0
-43.0
-49.0
-67.0
-72.0
-61.0
-27.0
-59.0
-6.0
4.0
3.0
-37.0
-43.0
-46.0
-26.0
-28.0
-24.0
-27.0
-35.0
-60.0
-64.0
-56.0
-55.0
-75.0
-56.0
-63.0
-97.0
-126.0
-123.0
-151.0
-140.0
-127.0
-127.0
-150.0
-143.0
-154.0
-128.0
-102.0
-62.0
-66.0
30.0
105.0
111.0
192.0
227.0
246.0
184.0
191.0
160.0
151.0
142.0
108.0
104.0
103.0
40.0
122.0
91.0
164.0
127.0
115.0
80.0
58.0
63.0
54.0
67.0
28.0
13.0
22.0
19.0
38.0
-11.0
-52.0
-57.0
-92.0
-72.0
-99.0
-142.0
-126.0
-134.0
-92.0
-51.0
-80.0
-80.0
-103.0
-13.0
-6.0
-37.0
-16.0
24.0
-68.0
-57.0
-50.0
-49.0
-10.0
30.0
11.0
-80.0
-93.0
-118.0
-20.0
-1.0
33.0
36.0
102.0
164.0
208.0
229.0
205.0
157.0
185.0
203.0
186.0
184.0
91.0
26.0
-46.0
-87.0
-66.0
-62.0
-61.0
-63.0
-63.0
-66.0
-79.0
-46.0
-25.0
6.0
-32.0
-5.0
0.0
-4.0
-62.0
-68.0
-110.0
-135.0
-173.0
-100.0
-180.0
-110.0
-112.0
-134.0
-96.0
-97.0
-45.0
-41.0
-60.0
-102.0
-74.0
-66.0
-86.0
-115.0
-81.0
-82.0
19.0
15.0
54.0
72.0
44.0
84.0
33.0
68.0
76.0
74.0
-23.0
-58.0
-101.0
-95.0
-36.0
11.0
34.0
63.0
33.0
31.0
65.0
108.0
128.0
90.0
102.0
98.0
60.0
32.0
-15.0
-17.0
-52.0
-22.0
-52.0
-65.0
-58.0
-95.0
-129.0
-174.0
-194.0
-191.0
-249.0
-223.0
-170.0
-111.0
-14.0
21.0
66.0
84.0
151.0
151.0
179.0
173.0
188.0
174.0
151.0
113.0
89.0
55.0
-28.0
-27.0
-32.0
-13.0
42.0
68.0
105.0
83.0
136.0
212.0
198.0
200.0
197.0
218.0
190.0
159.0
140.0
119.0
68.0
63.0
-9.0
-13.0
-161.0
-158.0
-180.0
-242.0
-282.0
-205.0
-156.0
-72.0
-62.0
-62.0
-44.0
-43.0
-44.0
-2.0
9.0
-4.0
-5.0
-29.0
-31.0
-32.0
-56.0
-26.0
3.0
15.0
35.0
82.0
98.0
108.0
46.0
42.0
52.0
92.0
81.0
84.0
-11.0
-28.0
-45.0
-75.0
-142.0
-139.0
-129.0
-133.0
-135.0
-156.0
-157.0
-172.0
-191.0
-219.0
-178.0
-168.0
-164.0
-88.0
28.0
207.0
278.0
286.0
289.0
275.0
308.0
306.0
275.0
217.0
176.0
182.0
98.0
83.0
48.0
-5.0
-36.0
-46.0
-168.0
-313.0
-294.0
-278.0
-278.0
-260.0
-291.0
-246.0
-224.0
-223.0
-154.0
-122.0
-89.0
-71.0
-50.0
-76.0
-103.0
-25.0
-59.0
-55.0
-11.0
47.0
48.0
101.0
48.0
81.0
-1.0
79.0
108.0
101.0
79.0
59.0
20.0
-44.0
-70.0
-70.0
-104.0
-173.0
-221.0
-224.0
-124.0
-59.0
16.0
75.0
190.0
284.0
313.0
313.0
313.0
313.0
313.0
313.0
313.0
278.0
199.0
111.0
35.0
5.0
-71.0
-80.0
-109.0
-145.0
-149.0
-151.0
-214.0
-256.0
-275.0
-283.0
-263.0
-258.0
-273.0
-246.0
-263.0
-263.0
-274.0
-245.0
-220.0
-241.0
-227.0
-237.0
-220.0
-160.0
-118.0
-41.0
-117.0
-81.0
-111.0
-103.0
-21.0
-23.0
43.0
116.0
190.0
271.0
313.0
313.0
313.0
313.0
313.0
313.0
313.0
313.0
245.0
187.0
138.0
17.0
32.0
10.0
-73.0
-73.0
-89.0
-104.0
-150.0
-192.0
-190.0
-231.0
-200.0
-176.0
-128.0
-127.0
-127.0
-189.0
-194.0
-224.0
-254.0
-274.0
-253.0
-243.0
-147.0
-140.0
-56.0
18.0
143.0
237.0
311.0
313.0
313.0
313.0
313.0
313.0
313.0
313.0
256.0
189.0
106.0
21.0
-6.0
-13.0
6.0
9.0
-17.0
29.0
34.0
30.0
8.0
21.0
47.0
76.0
114.0
104.0
47.0
-27.0
-77.0
-94.0
-96.0
-163.0
-204.0
-271.0
-287.0
-284.0
-289.0
-311.0
-277.0
-220.0
-109.0
9.0
79.0
46.0
119.0
115.0
149.0
179.0
154.0
123.0
124.0
86.0
61.0
41.0
9.0
10.0
13.0
82.0
106.0
64.0
52.0
2.0
26.0
-13.0
-55.0
-51.0
-122.0
-196.0
-224.0
-259.0
-250.0
-219.0
-207.0
-176.0
-148.0
-152.0
-204.0
-303.0
-313.0
-287.0
-177.0
-142.0
5.0
74.0
96.0
94.0
200.0
277.0
273.0
301.0
251.0
185.0
219.0
194.0
142.0
143.0
171.0
136.0
74.0
24.0
-37.0
-89.0
-54.0
-132.0
-98.0
-101.0
-129.0
-134.0
-200.0
-166.0
-203.0
-178.0
-182.0
-180.0
-241.0
-243.0
-236.0
-121.0
-104.0
-58.0
-91.0
-54.0
-22.0
-99.0
-73.0
-73.0
-171.0
-148.0
-163.0
-146.0
-103.0
-65.0
29.0
69.0
122.0
125.0
199.0
222.0
158.0
119.0
160.0
187.0
242.0
285.0
307.0
308.0
313.0
313.0
288.0
297.0
253.0
228.0
142.0
112.0
133.0
127.0
59.0
22.0
-44.0
-14.0
-62.0
-138.0
-125.0
-87.0
-94.0
-92.0
-95.0
-120.0
-222.0
-280.0
-299.0
-280.0
-287.0
-259.0
-187.0
-175.0
-30.0
99.0
123.0
186.0
313.0
304.0
300.0
313.0
266.0
273.0
299.0
313.0
296.0
256.0
212.0
187.0
129.0
33.0
-89.0
-92.0
-232.0
-236.0
-180.0
-155.0
-72.0
-97.0
-68.0
-96.0
-111.0
-107.0
-137.0
-140.0
-88.0
-85.0
-138.0
-145.0
-163.0
-233.0
-297.0
-301.0
-269.0
-178.0
-89.0
10.0
39.0
159.0
154.0
239.0
229.0
231.0
223.0
159.0
124.0
150.0
149.0
67.0
36.0
-3.0
-96.0
-102.0
-168.0
-313.0
-271.0
-277.0
-178.0
-104.0
-12.0
-61.0
-137.0
-136.0
-164.0
-255.0
-306.0
-279.0
-244.0
-105.0
-48.0
-37.0
-58.0
-61.0
-79.0
-59.0
-26.0
-8.0
22.0
72.0
158.0
129.0
135.0
136.0
141.0
178.0
80.0
120.0
93.0
70.0
65.0
80.0
30.0
37.0
-22.0
-71.0
-105.0
-96.0
-2.0
1.0
65.0
94.0
172.0
164.0
150.0
203.0
162.0
121.0
126.0
116.0
212.0
182.0
198.0
182.0
45.0
-18.0
-114.0
-70.0
-133.0
-151.0
-151.0
-167.0
-236.0
-233.0
-252.0
-258.0
-205.0
-152.0
-105.0
-119.0
-87.0
-58.0
-21.0
-15.0
68.0
115.0
173.0
206.0
236.0
246.0
220.0
269.0
183.0
173.0
129.0
122.0
64.0
13.0
0.0
5.0
3.0
-36.0
-129.0
-133.0
-211.0
-257.0
-205.0
-187.0
-158.0
-59.0
71.0
133.0
209.0
215.0
274.0
313.0
313.0
313.0
263.0
209.0
159.0
138.0
130.0
125.0
64.0
29.0
-30.0
-45.0
-74.0
-94.0
-112.0
-112.0
-108.0
-103.0
-167.0
-226.0
-239.0
-237.0
-228.0
-287.0
-253.0
-258.0
-253.0
-254.0
-260.0
-236.0
-252.0
-179.0
-134.0
-131.0
-105.0
-65.0
-10.0
-12.0
31.0
66.0
96.0
90.0
80.0
53.0
92.0
42.0
26.0
31.0
-22.0
5.0
27.0
32.0
-1.0
45.0
112.0
108.0
74.0
72.0
-5.0
-26.0
27.0
-13.0
-55.0
-9.0
-26.0
25.0
92.0
96.0
179.0
222.0
284.0
248.0
227.0
251.0
276.0
266.0
222.0
226.0
142.0
117.0
42.0
74.0
-17.0
-53.0
-56.0
-90.0
-156.0
-151.0
-198.0
-248.0
-216.0
-234.0
-185.0
-90.0
-24.0
42.0
65.0
65.0
70.0
106.0
22.0
74.0
72.0
13.0
1.0
-44.0
-88.0
-89.0
-124.0
-153.0
-155.0
-188.0
-195.0
-116.0
-150.0
-136.0
-133.0
-137.0
-114.0
-65.0
-60.0
-6.0
24.0
31.0
102.0
75.0
107.0
107.0
101.0
80.0
72.0
74.0
20.0
-25.0
-77.0
-118.0
-85.0
-88.0
-63.0
-134.0
-179.0
-164.0
-186.0
-144.0
-137.0
-188.0
-256.0
-259.0
-283.0
-308.0
-285.0
-239.0
-155.0
-29.0
92.0
192.0
266.0
267.0
313.0
313.0
313.0
313.0
313.0
313.0
295.0
210.0
151.0
144.0
97.0
81.0
85.0
35.0
-36.0
-123.0
-157.0
-169.0
-182.0
-180.0
-219.0
-195.0
-227.0
-237.0
-215.0
-195.0
-182.0
-226.0
-208.0
-204.0
-169.0
-204.0
-213.0
-295.0
-190.0
-93.0
-13.0
66.0
115.0
120.0
137.0
199.0
290.0
313.0
313.0
313.0
306.0
267.0
215.0
209.0
155.0
62.0
42.0
70.0
75.0
1.0
24.0
-39.0
-51.0
-58.0
-45.0
-101.0
-101.0
-196.0
-129.0
-176.0
-204.0
-237.0
-145.0
-149.0
-138.0
-187.0
-44.0
119.0
204.0
298.0
306.0
313.0
313.0
313.0
313.0
310.0
269.0
198.0
177.0
94.0
-11.0
-4.0
-62.0
-62.0
-88.0
-136.0
-171.0
-231.0
-199.0
-243.0
-211.0
-208.0
-199.0
-204.0
-165.0
-165.0
-140.0
-143.0
-111.0
-109.0
-124.0
-29.0
43.0
43.0
129.0
162.0
175.0
184.0
194.0
171.0
172.0
101.0
97.0
90.0
159.0
117.0
98.0
110.0
-8.0
21.0
22.0
-2.0
-29.0
-32.0
-88.0
-137.0
-131.0
-133.0
-134.0
-169.0
-210.0
-205.0
-229.0
-237.0
-292.0
-313.0
-313.0
-302.0
-297.0
-142.0
13.0
90.0
175.0
182.0
209.0
218.0
203.0
203.0
209.0
265.0
245.0
239.0
219.0
216.0
262.0
237.0
201.0
142.0
105.0
47.0
68.0
-4.0
-37.0
-40.0
-35.0
-90.0
-121.0
-206.0
-239.0
-213.0
-206.0
-210.0
-177.0
-171.0
-180.0
-170.0
-117.0
-123.0
-127.0
-146.0
-148.0
-150.0
-131.0
-137.0
-181.0
-213.0
-200.0
-158.0
-67.0
40.0
91.0
189.0
282.0
286.0
313.0
313.0
313.0
313.0
313.0
278.0
203.0
112.0
120.0
122.0
101.0
112.0
148.0
147.0
105.0
116.0
125.0
32.0
-37.0
-36.0
-39.0
-13.0
-49.0
-168.0
-254.0
-257.0
-277.0
-309.0
-284.0
-287.0
-300.0
-313.0
-313.0
-313.0
-313.0
-313.0
-271.0
-255.0
-269.0
-269.0
-158.0
-112.0
-33.0
60.0
84.0
97.0
146.0
177.0
166.0
170.0
169.0
195.0
197.0
207.0
160.0
138.0
123.0
98.0
-38.0
-39.0
-122.0
-89.0
-104.0
-50.0
-41.0
-26.0
-9.0
24.0
-9.0
-10.0
-23.0
17.0
-15.0
-12.0
-15.0
25.0
19.0
-19.0
-34.0
-41.0
-59.0
-47.0
-75.0
-130.0
-260.0
-205.0
-67.0
-19.0
44.0
49.0
66.0
150.0
136.0
181.0
245.0
302.0
258.0
192.0
256.0
246.0
235.0
302.0
282.0
258.0
230.0
175.0
128.0
17.0
-10.0
-13.0
-24.0
-62.0
-120.0
-208.0
-201.0
-198.0
-231.0
-245.0
-241.0
-238.0
-247.0
-188.0
-197.0
-189.0
-178.0
-186.0
-168.0
-147.0
-191.0
-190.0
-291.0
-300.0
-313.0
-222.0
-147.0
-110.0
-30.0
111.0
256.0
263.0
313.0
313.0
313.0
313.0
313.0
313.0
313.0
307.0
197.0
193.0
181.0
123.0
71.0
-27.0
-30.0
-60.0
-95.0
-165.0
-175.0
-179.0
-161.0
-148.0
-169.0
-153.0
-152.0
-178.0
-204.0
-267.0
-313.0
-313.0
-313.0
-214.0
-176.0
-94.0
-40.0
-10.0
133.0
-19.0
54.0
56.0
159.0
189.0
212.0
209.0
185.0
221.0
261.0
244.0
250.0
254.0
254.0
234.0
279.0
313.0
294.0
203.0
161.0
150.0
146.0
149.0
72.0
-29.0
-33.0
-29.0
-89.0
-110.0
-179.0
-175.0
-205.0
-199.0
-212.0
-212.0
-218.0
-236.0
-190.0
-153.0
-137.0
-176.0
-161.0
-158.0
-166.0
-179.0
-236.0
-209.0
-139.0
-80.0
-32.0
25.0
13.0
18.0
53.0
86.0
116.0
124.0
142.0
164.0
138.0
90.0
100.0
93.0
94.0
89.0
54.0
62.0
38.0
65.0
7.0
20.0
31.0
30.0
-45.0
-28.0
-77.0
-100.0
-112.0
-170.0
-102.0
-142.0
-29.0
-28.0
-6.0
51.0
103.0
149.0
148.0
124.0
119.0
107.0
116.0
109.0
71.0
81.0
58.0
18.0
-76.0
-90.0
-77.0
-93.0
-187.0
-174.0
-127.0
-109.0
-110.0
-117.0
-104.0
-142.0
-78.0
-15.0
-5.0
-5.0
-7.0
22.0
7.0
-29.0
-74.0
-135.0
-127.0
-115.0
-82.0
-84.0
-188.0
-173.0
-172.0
-180.0
-96.0
-7.0
82.0
204.0
295.0
304.0
313.0
313.0
313.0
313.0
313.0
313.0
313.0
300.0
271.0
278.0
218.0
148.0
63.0
-42.0
-92.0
-128.0
-113.0
-144.0
-207.0
-211.0
-271.0
-277.0
-313.0
-313.0
-313.0
-277.0
-313.0
-313.0
-313.0
-313.0
-313.0
-313.0
-219.0
-92.0
7.0
90.0
123.0
179.0
218.0
218.0
201.0
245.0
217.0
221.0
227.0
177.0
195.0
191.0
125.0
124.0
111.0
66.0
57.0
76.0
41.0
-12.0
7.0
-59.0
-128.0
-133.0
-88.0
-121.0
-206.0
-177.0
-186.0
-271.0
-232.0
-204.0
-181.0
-185.0
-177.0
-175.0
-179.0
-224.0
-281.0
-234.0
-194.0
-170.0
-55.0
-47.0
41.0
80.0
102.0
168.0
189.0
259.0
253.0
216.0
184.0
178.0
181.0
146.0
96.0
23.0
-9.0
9.0
55.0
65.0
74.0
69.0
93.0
77.0
70.0
42.0
-12.0
-3.0
-36.0
-110.0
-98.0
-101.0
-107.0
-64.0
-77.0
-63.0
-108.0
-145.0
-207.0
-309.0
-263.0
-258.0
-207.0
-140.0
-49.0
34.0
124.0
189.0
247.0
307.0
303.0
310.0
313.0
313.0
271.0
259.0
136.0
121.0
49.0
28.0
-31.0
-40.0
-46.0
-71.0
-115.0
-130.0
-66.0
-129.0
-204.0
-273.0
-313.0
-313.0
-313.0
-252.0
-114.0
-8.0
51.0
130.0
145.0
163.0
206.0
208.0
229.0
176.0
236.0
267.0
261.0
215.0
139.0
114.0
30.0
30.0
5.0
-87.0
-133.0
-120.0
-161.0
-200.0
-197.0
-230.0
-220.0
-222.0
-210.0
-174.0
-223.0
-238.0
-242.0
-152.0
-142.0
-209.0
-216.0
-216.0
-250.0
-293.0
-308.0
-227.0
-81.0
29.0
70.0
173.0
286.0
289.0
271.0
313.0
313.0
313.0
313.0
313.0
313.0
313.0
313.0
313.0
293.0
237.0
165.0
147.0
154.0
107.0
7.0
-64.0
-73.0
-73.0
-153.0
-187.0
-196.0
-242.0
-206.0
-227.0
-265.0
-176.0
-212.0
-224.0
-207.0
-272.0
-227.0
-251.0
-235.0
-210.0
-183.0
-148.0
-154.0
-152.0
-114.0
-45.0
-27.0
3.0
2.0
53.0
113.0
107.0
97.0
98.0
116.0
113.0
108.0
40.0
34.0
69.0
53.0
28.0
-10.0
-14.0
-91.0
-70.0
-69.0
-37.0
-3.0
61.0
78.0
101.0
133.0
126.0
105.0
115.0
96.0
77.0
45.0
63.0
101.0
108.0
105.0
107.0
56.0
29.0
65.0
19.0
-10.0
57.0
112.0
103.0
87.0
83.0
53.0
-16.0
-11.0
-23.0
-51.0
3.0
-4.0
-40.0
-19.0
-19.0
22.0
31.0
45.0
74.0
63.0
64.0
-38.0
-77.0
-103.0
-108.0
-126.0
-94.0
-12.0
17.0
35.0
-29.0
-23.0
31.0
53.0
57.0
34.0
7.0
-70.0
-52.0
-12.0
22.0
48.0
-44.0
-78.0
-82.0
-107.0
-185.0
-210.0
-152.0
-74.0
-126.0
-29.0
-90.0
-132.0
-134.0
-149.0
-153.0
-137.0
-144.0
-86.0
-15.0
41.0
25.0
110.0
114.0
183.0
115.0
147.0
192.0
196.0
127.0
53.0
4.0
3.0
3.0
120.0
120.0
40.0
81.0
93.0
123.0
161.0
175.0
115.0
122.0
134.0
95.0
-4.0
-35.0
-9.0
-42.0
7.0
-47.0
-77.0
-82.0
-61.0
-103.0
-74.0
-124.0
-46.0
-61.0
-57.0
-36.0
-41.0
-40.0
-72.0
-64.0
-78.0
-9.0
-115.0
-102.0
-113.0
-108.0
-142.0
-141.0
-90.0
-130.0
-150.0
-138.0
-101.0
-143.0
-138.0
-152.0
-128.0
-123.0
-123.0
-62.0
-63.0
-37.0
-22.0
-23.0
-32.0
-75.0
-19.0
-17.0
11.0
-15.0
-62.0
-45.0
-64.0
-61.0
-32.0
-10.0
6.0
9.0
62.0
72.0
100.0
116.0
86.0
101.0
115.0
145.0
161.0
168.0
89.0
60.0
62.0
120.0
157.0
110.0
111.0
127.0
83.0
80.0
47.0
160.0
187.0
175.0
175.0
141.0
66.0
48.0
-11.0
-18.0
-14.0
-13.0
-63.0
-50.0
-63.0
-51.0
-74.0
-119.0
-120.0
-123.0
-154.0
-62.0
-34.0
-68.0
-107.0
-125.0
-173.0
-186.0
-176.0
-176.0
-223.0
-178.0
-169.0
-170.0
-57.0
54.0
217.0
239.0
297.0
308.0
313.0
282.0
235.0
165.0
176.0
171.0
167.0
125.0
82.0
78.0
-4.0
-122.0
-162.0
-132.0
-91.0
39.0
92.0
142.0
181.0
179.0
225.0
262.0
270.0
192.0
175.0
138.0
43.0
28.0
16.0
17.0
-5.0
-124.0
-193.0
-129.0
-260.0
-313.0
-313.0
-313.0
-313.0
-313.0
-313.0
-222.0
-139.0
-58.0
53.0
64.0
124.0
121.0
158.0
158.0
156.0
122.0
98.0
32.0
6.0
-27.0
-169.0
-266.0
-307.0
-303.0
-238.0
-164.0
-126.0
-22.0
-30.0
42.0
62.0
57.0
104.0
107.0
123.0
102.0
89.0
110.0
121.0
91.0
66.0
41.0
11.0
11.0
-39.0
-67.0
-89.0
-78.0
-106.0
-182.0
-217.0
-268.0
-294.0
-295.0
-230.0
-186.0
-80.0
-45.0
-71.0
102.0
82.0
158.0
172.0
163.0
65.0
110.0
128.0
190.0
110.0
19.0
13.0
-39.0
-87.0
-82.0
-103.0
-147.0
-206.0
-261.0
-227.0
-180.0
-119.0
-108.0
-24.0
-16.0
169.0
216.0
237.0
285.0
289.0
257.0
223.0
151.0
93.0
93.0
102.0
78.0
16.0
-6.0
-53.0
-49.0
-31.0
-105.0
-162.0
-169.0
-174.0
-156.0
-163.0
-119.0
-120.0
-163.0
-218.0
-313.0
-312.0
-313.0
-313.0
-313.0
-218.0
-138.0
58.0
180.0
267.0
313.0
313.0
313.0
313.0
313.0
313.0
311.0
255.0
170.0
165.0
89.0
27.0
26.0
0.0
-68.0
-49.0
-31.0
-66.0
-62.0
-71.0
-106.0
-98.0
-94.0
-79.0
-88.0
-58.0
-69.0
-118.0
-225.0
-233.0
-237.0
-197.0
-195.0
-138.0
-51.0
77.0
145.0
173.0
187.0
183.0
173.0
213.0
213.0
198.0
167.0
97.0
106.0
95.0
44.0
-46.0
-3.0
12.0
20.0
-64.0
-233.0
-172.0
-141.0
-130.0
-149.0
-143.0
-104.0
-181.0
-182.0
-199.0
-83.0
-61.0
-94.0
-43.0
-79.0
-97.0
-84.0
-36.0
-27.0
34.0
111.0
136.0
170.0
217.0
174.0
211.0
197.0
193.0
194.0
194.0
74.0
54.0
27.0
19.0
0.0
-76.0
-145.0
-154.0
-161.0
-169.0
-186.0
-201.0
-220.0
-249.0
-261.0
-271.0
-231.0
-172.0
-169.0
-98.0
-48.0
-33.0
-6.0
15.0
50.0
73.0
83.0
110.0
112.0
54.0
40.0
34.0
-18.0
-21.0
-46.0
-2.0
-22.0
-42.0
-47.0
-44.0
-16.0
-30.0
-113.0
-109.0
-81.0
-84.0
-159.0
-161.0
-153.0
-100.0
-136.0
-63.0
-49.0
27.0
51.0
32.0
23.0
145.0
154.0
163.0
223.0
255.0
168.0
134.0
133.0
133.0
146.0
109.0
106.0
84.0
63.0
19.0
4.0
-20.0
-44.0
-14.0
-40.0
9.0
8.0
18.0
-49.0
-33.0
-28.0
-70.0
-42.0
-73.0
-43.0
-87.0
-96.0
-131.0
-175.0
-313.0
-288.0
-198.0
-74.0
63.0
140.0
165.0
164.0
147.0
83.0
81.0
47.0
49.0
21.0
-22.0
-6.0
129.0
141.0
235.0
284.0
313.0
273.0
313.0
313.0
313.0
267.0
181.0
180.0
160.0
163.0
181.0
203.0
160.0
72.0
62.0
33.0
8.0
11.0
-67.0
-63.0
-12.0
-118.0
-132.0
-186.0
-168.0
-199.0
-200.0
-199.0
-218.0
-188.0
-219.0
-247.0
-202.0
-203.0
-223.0
-204.0
-250.0
-250.0
-210.0
-172.0
-251.0
-207.0
-118.0
-147.0
-184.0
-128.0
-68.0
-66.0
11.0
24.0
52.0
22.0
40.0
33.0
9.0
-24.0
-30.0
-37.0
-46.0
-36.0
33.0
116.0
176.0
240.0
210.0
241.0
239.0
239.0
188.0
171.0
151.0
108.0
92.0
99.0
91.0
135.0
179.0
180.0
140.0
144.0
119.0
98.0
52.0
10.0
2.0
12.0
19.0
22.0
8.0
-101.0
-89.0
-85.0
-105.0
-177.0
-148.0
-191.0
-179.0
-186.0
-189.0
-154.0
-163.0
-150.0
-142.0
-159.0
-131.0
-184.0
-175.0
-172.0
-165.0
-195.0
-214.0
-171.0
-142.0
-64.0
-9.0
3.0
-54.0
-55.0
-53.0
56.0
84.0
151.0
94.0
92.0
122.0
117.0
76.0
64.0
71.0
121.0
116.0
37.0
26.0
-11.0
-38.0
-44.0
-111.0
-115.0
-143.0
-123.0
-101.0
-50.0
-17.0
87.0
159.0
192.0
151.0
150.0
208.0
181.0
212.0
232.0
201.0
152.0
125.0
167.0
183.0
185.0
108.0
19.0
30.0
-64.0
-57.0
-80.0
-28.0
-37.0
-22.0
-12.0
-42.0
-30.0
-36.0
-79.0
-63.0
-94.0
-73.0
-2.0
-20.0
-22.0
-65.0
-95.0
-120.0
-133.0
-171.0
-208.0
-226.0
-299.0
-306.0
-293.0
-134.0
-69.0
-14.0
-45.0
121.0
139.0
250.0
313.0
313.0
313.0
311.0
237.0
253.0
232.0
78.0
27.0
-26.0
1.0
-14.0
-14.0
-89.0
-172.0
-192.0
-214.0
-215.0
-144.0
-148.0
-95.0
-55.0
-48.0
-39.0
-22.0
9.0
2.0
38.0
50.0
29.0
13.0
-43.0
-46.0
7.0
-86.0
-91.0
-34.0
-61.0
-68.0
-106.0
-121.0
-151.0
-150.0
-155.0
-172.0
-221.0
-267.0
-130.0
-70.0
-19.0
79.0
148.0
149.0
239.0
257.0
235.0
219.0
205.0
178.0
142.0
167.0
218.0
223.0
168.0
117.0
143.0
163.0
119.0
113.0
88.0
-18.0
29.0
35.0
61.0
77.0
-11.0
-34.0
-84.0
-118.0
-219.0
-284.0
-230.0
-230.0
-237.0
-238.0
-136.0
-116.0
-123.0
-82.0
-4.0
19.0
23.0
22.0
7.0
18.0
35.0
24.0
26.0
46.0
42.0
-14.0
-90.0
-95.0
-147.0
-146.0
-200.0
-263.0
-79.0
-46.0
109.0
106.0
82.0
82.0
131.0
154.0
198.0
119.0
66.0
7.0
5.0
-21.0
2.0
-6.0
89.0
236.0
217.0
225.0
220.0
217.0
224.0
194.0
199.0
188.0
196.0
126.0
102.0
-4.0
-42.0
-53.0
-79.0
-153.0
-214.0
-220.0
-268.0
-280.0
-292.0
-291.0
-264.0
-263.0
-313.0
-312.0
-313.0
-313.0
-260.0
-169.0
-187.0
-124.0
-89.0
-93.0
-63.0
-40.0
-99.0
-101.0
-69.0
-33.0
-59.0
-41.0
3.0
-23.0
8.0
-31.0
-4.0
-3.0
9.0
2.0
-6.0
-2.0
5.0
24.0
10.0
-52.0
-35.0
-28.0
-38.0
12.0
-23.0
-41.0
-63.0
-105.0
-118.0
-133.0
-26.0
-32.0
63.0
132.0
179.0
163.0
232.0
266.0
303.0
239.0
277.0
282.0
254.0
194.0
161.0
108.0
99.0
115.0
133.0
176.0
155.0
160.0
80.0
87.0
109.0
135.0
96.0
47.0
-7.0
-3.0
-85.0
-81.0
-87.0
-56.0
4.0
51.0
55.0
77.0
48.0
-11.0
-10.0
-18.0
52.0
56.0
-16.0
-39.0
-64.0
-118.0
-128.0
-128.0
-121.0
-118.0
-133.0
-114.0
-162.0
-87.0
-51.0
-44.0
-28.0
-54.0
-40.0
-44.0
-96.0
-128.0
-143.0
-155.0
-139.0
-127.0
-61.0
-63.0
-29.0
-21.0
14.0
88.0
185.0
169.0
181.0
105.0
120.0
99.0
60.0
57.0
85.0
38.0
-4.0
-33.0
20.0
12.0
-20.0
-58.0
-120.0
-119.0
-105.0
-76.0
-83.0
-93.0
-72.0
-177.0
-165.0
-99.0
-93.0
-89.0
-110.0
-153.0
-83.0
-16.0
30.0
23.0
6.0
63.0
40.0
44.0
35.0
17.0
-6.0
18.0
-16.0
-29.0
13.0
22.0
17.0
24.0
86.0
111.0
147.0
152.0
146.0
111.0
102.0
74.0
-57.0
-52.0
-54.0
-5.0
71.0
44.0
66.0
162.0
171.0
179.0
220.0
223.0
177.0
147.0
116.0
95.0
68.0
105.0
20.0
2.0
-57.0
-62.0
-172.0
-236.0
-209.0
-173.0
-224.0
-191.0
-92.0
-43.0
25.0
30.0
100.0
136.0
187.0
175.0
150.0
149.0
106.0
85.0
37.0
38.0
-1.0
-41.0
-82.0
-131.0
-179.0
-174.0
-174.0
-196.0
-214.0
-215.0
-194.0
-139.0
-117.0
-116.0
-96.0
-110.0
-128.0
-199.0
-276.0
-270.0
-170.0
-147.0
-142.0
-66.0
41.0
79.0
162.0
216.0
251.0
251.0
269.0
261.0
252.0
250.0
228.0
177.0
129.0
46.0
-18.0
-18.0
17.0
33.0
-14.0
-31.0
-44.0
-53.0
-55.0
-88.0
-149.0
-146.0
-125.0
-92.0
-116.0
-133.0
-111.0
-175.0
-255.0
-307.0
-302.0
-302.0
-198.0
-144.0
-94.0
15.0
85.0
196.0
223.0
311.0
281.0
284.0
299.0
270.0
201.0
235.0
163.0
102.0
86.0
62.0
37.0
37.0
28.0
0.0
-1.0
-38.0
-59.0
-60.0
-102.0
-133.0
-99.0
-100.0
-166.0
-208.0
-195.0
-219.0
-197.0
-254.0
-239.0
-192.0
-182.0
-179.0
-204.0
-154.0
-147.0
-92.0
-81.0
-138.0
-163.0
-149.0
-181.0
-177.0
-65.0
14.0
129.0
237.0
235.0
300.0
313.0
313.0
313.0
313.0
313.0
313.0
313.0
271.0
205.0
193.0
172.0
124.0
89.0
84.0
42.0
-19.0
-97.0
-96.0
-142.0
-155.0
-167.0
-206.0
-196.0
-198.0
-225.0
-207.0
-224.0
-170.0
-167.0
-230.0
-234.0
-160.0
-205.0
-201.0
-221.0
-169.0
-217.0
-209.0
-209.0
-179.0
-93.0
-6.0
73.0
85.0
91.0
160.0
109.0
130.0
143.0
77.0
49.0
124.0
1.0
-1.0
-22.0
-39.0
8.0
32.0
104.0
177.0
168.0
139.0
139.0
142.0
155.0
208.0
208.0
165.0
126.0
98.0
81.0
76.0
63.0
58.0
-27.0
-81.0
-153.0
-179.0
-136.0
-166.0
-132.0
-143.0
-121.0
-120.0
-75.0
-83.0
-63.0
-17.0
-46.0
2.0
7.0
4.0
-21.0
-24.0
-14.0
-16.0
-35.0
7.0
-29.0
-48.0
-63.0
36.0
19.0
18.0
24.0
-68.0
-107.0
-95.0
-62.0
-66.0
-16.0
51.0
80.0
87.0
68.0
77.0
156.0
197.0
283.0
254.0
117.0
138.0
13.0
10.0
5.0
32.0
12.0
-4.0
-3.0
57.0
105.0
196.0
174.0
174.0
154.0
133.0
125.0
140.0
91.0
-1.0
35.0
28.0
38.0
33.0
2.0
-47.0
-83.0
-95.0
-48.0
-107.0
-73.0
-108.0
-173.0
-179.0
-225.0
-163.0
-181.0
-186.0
-178.0
-192.0
-186.0
-147.0
-131.0
-131.0
-68.0
-4.0
49.0
48.0
65.0
60.0
61.0
77.0
84.0
78.0
50.0
51.0
4.0
5.0
-29.0
-52.0
-76.0
-40.0
-29.0
-32.0
23.0
32.0
-26.0
49.0
18.0
-57.0
-89.0
-147.0
-181.0
-186.0
-136.0
-81.0
-92.0
-41.0
10.0
84.0
68.0
152.0
232.0
228.0
183.0
176.0
210.0
92.0
18.0
15.0
22.0
-4.0
34.0
35.0
128.0
141.0
147.0
221.0
260.0
240.0
216.0
194.0
136.0
132.0
87.0
34.0
-12.0
-46.0
-103.0
-156.0
-216.0
-241.0
-287.0
-284.0
-313.0
-271.0
-249.0
-250.0
-224.0
-245.0
-238.0
-246.0
-281.0
-281.0
-241.0
-252.0
-191.0
-213.0
-173.0
-171.0
-118.0
-30.0
-38.0
-32.0
-31.0
2.0
26.0
9.0
3.0
52.0
16.0
11.0
-25.0
-27.0
-88.0
-31.0
-32.0
28.0
24.0
-20.0
10.0
3.0
-48.0
-50.0
-5.0
-54.0
5.0
64.0
68.0
78.0
71.0
10.0
114.0
107.0
40.0
-79.0
-168.0
-258.0
-194.0
-116.0
-80.0
59.0
217.0
215.0
233.0
313.0
313.0
313.0
313.0
313.0
313.0
313.0
313.0
313.0
280.0
250.0
194.0
159.0
129.0
41.0
22.0
-13.0
-37.0
-44.0
-69.0
-113.0
-87.0
-98.0
-107.0
-135.0
-170.0
-192.0
-303.0
-303.0
-313.0
-313.0
-275.0
-216.0
-194.0
-142.0
-6.0
84.0
231.0
233.0
254.0
231.0
212.0
180.0
151.0
160.0
147.0
148.0
172.0
176.0
125.0
128.0
66.0
21.0
-78.0
-164.0
-69.0
2.0
-36.0
-39.0
-52.0
-88.0
-98.0
-160.0
-155.0
-153.0
-200.0
-204.0
-166.0
-170.0
-172.0
-196.0
-220.0
-200.0
-167.0
-129.0
-89.0
-95.0
-9.0
-8.0
-13.0
8.0
80.0
65.0
59.0
91.0
145.0
153.0
158.0
156.0
184.0
139.0
71.0
8.0
-5.0
15.0
10.0
-36.0
-68.0
-73.0
-145.0
-139.0
-155.0
-21.0
23.0
64.0
3.0
79.0
99.0
98.0
91.0
126.0
61.0
140.0
95.0
48.0
18.0
45.0
7.0
10.0
20.0
-13.0
28.0
-74.0
-111.0
-292.0
-252.0
-309.0
-218.0
-215.0
1.0
0.0
0.0
-64.0
29.0
114.0
259.0
245.0
238.0
230.0
168.0
144.0
92.0
146.0
118.0
167.0
92.0
-57.0
-155.0
-162.0
-195.0
-122.0
-73.0
-60.0
-17.0
7.0
85.0
127.0
155.0
160.0
103.0
114.0
38.0
46.0
96.0
50.0
54.0
86.0
116.0
110.0
23.0
-15.0
-4.0
6.0
-33.0
12.0
-77.0
-107.0
-84.0
-88.0
-173.0
-206.0
-262.0
-292.0
-271.0
-244.0
-159.0
-105.0
-92.0
-98.0
-48.0
-37.0
-9.0
-18.0
17.0
23.0
-5.0
-30.0
-54.0
-44.0
-39.0
-7.0
-12.0
-4.0
58.0
28.0
-43.0
-33.0
7.0
7.0
3.0
-7.0
-31.0
-54.0
-50.0
-115.0
-155.0
-203.0
-212.0
-216.0
-194.0
-120.0
1.0
55.0
78.0
163.0
258.0
216.0
253.0
254.0
258.0
264.0
280.0
225.0
148.0
95.0
2.0
-53.0
-48.0
-53.0
-59.0
-17.0
29.0
56.0
70.0
117.0
134.0
97.0
87.0
86.0
50.0
16.0
15.0
39.0
37.0
7.0
-15.0
-72.0
-68.0
-71.0
-90.0
-129.0
-143.0
-179.0
-154.0
-189.0
-202.0
-313.0
-313.0
-313.0
-241.0
-279.0
-231.0
-88.0
-1.0
75.0
129.0
211.0
213.0
216.0
218.0
270.0
257.0
175.0
171.0
105.0
65.0
10.0
-28.0
-27.0
-69.0
-98.0
-122.0
-103.0
-52.0
-65.0
-67.0
-9.0
-10.0
-8.0
26.0
1.0
39.0
37.0
-2.0
-46.0
-44.0
-65.0
-38.0
-39.0
-40.0
-100.0
-157.0
-215.0
-302.0
-306.0
-189.0
-85.0
6.0
13.0
90.0
183.0
234.0
260.0
293.0
285.0
280.0
223.0
197.0
199.0
109.0
128.0
195.0
171.0
76.0
38.0
-21.0
-104.0
-61.0
-60.0
-113.0
-136.0
-127.0
-166.0
-127.0
-136.0
-114.0
-79.0
-79.0
-73.0
-117.0
-107.0
-153.0
-140.0
-155.0
-199.0
-210.0
-209.0
-185.0
-177.0
-112.0
-68.0
13.0
117.0
185.0
236.0
197.0
203.0
183.0
180.0
140.0
106.0
121.0
76.0
47.0
-1.0
-49.0
-49.0
-83.0
-93.0
-166.0
-66.0
-88.0
-171.0
-223.0
-213.0
-147.0
-96.0
-46.0
-53.0
-15.0
-58.0
-18.0
62.0
-21.0
6.0
21.0
12.0
14.0
14.0
9.0
14.0
-8.0
-73.0
-125.0
-126.0
-108.0
-110.0
-93.0
-95.0
-26.0
33.0
57.0
131.0
141.0
179.0
233.0
292.0
284.0
269.0
200.0
194.0
245.0
130.0
46.0
36.0
43.0
-3.0
-115.0
-111.0
-84.0
-78.0
-11.0
-85.0
-128.0
-137.0
-103.0
-40.0
-41.0
-36.0
-33.0
-76.0
-178.0
-229.0
-251.0
-250.0
-228.0
-143.0
-98.0
-91.0
-61.0
48.0
113.0
138.0
180.0
147.0
255.0
249.0
269.0
273.0
251.0
240.0
254.0
263.0
211.0
155.0
159.0
94.0
34.0
31.0
10.0
-24.0
-12.0
-70.0
-80.0
-151.0
-169.0
-209.0
-195.0
-195.0
-197.0
-169.0
-134.0
-165.0
-95.0
-52.0
-91.0
-86.0
-123.0
-120.0
-102.0
-24.0
-47.0
18.0
44.0
39.0
26.0
-9.0
-56.0
-58.0
-83.0
-46.0
-85.0
-116.0
-16.0
6.0
75.0
162.0
255.0
257.0
263.0
280.0
313.0
313.0
313.0
270.0
245.0
191.0
168.0
168.0
66.0
0.0
-9.0
-70.0
-90.0
-145.0
-206.0
-240.0
-271.0
-273.0
-245.0
-197.0
-284.0
-221.0
-159.0
-95.0
-64.0
-85.0
-48.0
-48.0
3.0
29.0
4.0
-25.0
-77.0
-50.0
-56.0
-17.0
-36.0
-31.0
59.0
41.0
83.0
3.0
44.0
61.0
62.0
63.0
57.0
61.0
71.0
23.0
-91.0
-35.0
-117.0
-105.0
-86.0
-96.0
-165.0
-161.0
-270.0
-223.0
-93.0
17.0
14.0
57.0
24.0
-72.0
-3.0
-7.0
-8.0
73.0
38.0
110.0
169.0
206.0
203.0
218.0
208.0
216.0
153.0
123.0
179.0
137.0
91.0
10.0
-82.0
-73.0
-85.0
-88.0
-96.0
-70.0
-9.0
45.0
103.0
117.0
116.0
114.0
88.0
88.0
124.0
116.0
65.0
-2.0
-32.0
-41.0
-32.0
-74.0
-101.0
-100.0
-178.0
-256.0
-275.0
-313.0
-298.0
-260.0
-256.0
-192.0
-81.0
-77.0
-22.0
-15.0
21.0
94.0
86.0
102.0
119.0
130.0
134.0
129.0
80.0
-6.0
-38.0
-36.0
-45.0
-96.0
-123.0
-176.0
-170.0
-170.0
-153.0
-115.0
-97.0
-97.0
-23.0
46.0
100.0
191.0
89.0
90.0
88.0
155.0
102.0
102.0
40.0
-48.0
-71.0
-15.0
19.0
19.0
44.0
91.0
87.0
202.0
220.0
210.0
272.0
179.0
102.0
98.0
150.0
200.0
135.0
68.0
13.0
-66.0
-120.0
-126.0
-168.0
-172.0
-147.0
-136.0
-175.0
-195.0
-243.0
-313.0
-313.0
-313.0
-298.0
-297.0
-153.0
-110.0
-33.0
39.0
60.0
37.0
44.0
62.0
107.0
104.0
132.0
91.0
141.0
112.0
113.0
29.0
58.0
-30.0
20.0
23.0
-17.0
-75.0
-121.0
-95.0
-158.0
-179.0
-65.0
14.0
61.0
60.0
74.0
269.0
163.0
83.0
151.0
247.0
159.0
131.0
68.0
62.0
-11.0
79.0
104.0
56.0
27.0
30.0
23.0
-60.0
-89.0
-89.0
-130.0
-108.0
-134.0
-210.0
-313.0
-313.0
-313.0
-222.0
-192.0
-190.0
-105.0
-47.0
-4.0
17.0
45.0
58.0
85.0
118.0
129.0
127.0
94.0
53.0
11.0
36.0
34.0
41.0
9.0
-16.0
-35.0
-39.0
-42.0
-44.0
-68.0
-163.0
-199.0
-210.0
-242.0
-212.0
-122.0
-121.0
2.0
63.0
138.0
197.0
268.0
313.0
313.0
313.0
300.0
300.0
200.0
215.0
157.0
86.0
-7.0
-30.0
-35.0
-73.0
-97.0
-92.0
-57.0
-90.0
-140.0
-138.0
-145.0
-144.0
-111.0
-177.0
-247.0
-242.0
-299.0
-199.0
-93.0
-24.0
77.0
147.0
190.0
184.0
217.0
217.0
204.0
253.0
231.0
197.0
93.0
52.0
-4.0
75.0
109.0
107.0
83.0
52.0
50.0
24.0
25.0
17.0
61.0
12.0
30.0
26.0
40.0
18.0
-97.0
-92.0
-146.0
-115.0
-103.0
-135.0
-142.0
-147.0
-170.0
-157.0
-166.0
-175.0
-223.0
-216.0
-181.0
-243.0
-289.0
-295.0
-265.0
-266.0
-216.0
-152.0
-64.0
87.0
134.0
136.0
145.0
148.0
105.0
126.0
194.0
231.0
171.0
121.0
133.0
99.0
79.0
87.0
69.0
80.0
13.0
44.0
44.0
21.0
48.0
16.0
0.0
7.0
-50.0
-78.0
-95.0
-112.0
-144.0
-151.0
-149.0
-110.0
55.0
59.0
124.0
145.0
133.0
127.0
169.0
230.0
167.0
231.0
158.0
156.0
112.0
27.0
42.0
-23.0
-72.0
-38.0
-1.0
76.0
146.0
146.0
112.0
91.0
123.0
108.0
39.0
79.0
65.0
-73.0
-73.0
-79.0
-94.0
-123.0
-141.0
-132.0
-111.0
-114.0
-99.0
-119.0
-89.0
-90.0
-26.0
-33.0
-61.0
-37.0
-83.0
-59.0
-96.0
-63.0
-137.0
-135.0
-155.0
-125.0
-166.0
-201.0
-156.0
-190.0
-163.0
-137.0
-99.0
-102.0
-107.0
-93.0
-32.0
7.0
29.0
5.0
-27.0
-76.0
-134.0
-127.0
-128.0
-63.0
-36.0
103.0
168.0
187.0
177.0
184.0
177.0
176.0
136.0
133.0
152.0
68.0
81.0
75.0
42.0
6.0
-2.0
-3.0
-44.0
-54.0
-92.0
-81.0
-44.0
-67.0
-110.0
-171.0
-169.0
-168.0
-222.0
-197.0
-154.0
-86.0
33.0
108.0
125.0
131.0
121.0
125.0
200.0
199.0
199.0
244.0
215.0
149.0
87.0
-2.0
-30.0
-22.0
-96.0
-45.0
48.0
95.0
138.0
122.0
67.0
117.0
207.0
203.0
147.0
149.0
90.0
99.0
38.0
36.0
33.0
-48.0
-108.0
-107.0
-160.0
-231.0
-193.0
-139.0
-118.0
-133.0
-168.0
-219.0
-250.0
-242.0
-285.0
-248.0
-241.0
-163.0
-102.0
4.0
120.0
120.0
213.0
211.0
300.0
313.0
299.0
250.0
103.0
125.0
97.0
75.0
67.0
67.0
30.0
90.0
63.0
-38.0
-35.0
-24.0
-67.0
-61.0
-89.0
-90.0
-140.0
-122.0
-202.0
-215.0
-234.0
-205.0
-308.0
-313.0
-313.0
-313.0
-313.0
-251.0
-152.0
-13.0
122.0
195.0
175.0
291.0
287.0
284.0
202.0
279.0
265.0
180.0
184.0
171.0
123.0
8.0
89.0
91.0
27.0
-41.0
-67.0
-115.0
-126.0
-122.0
-131.0
-149.0
-154.0
-155.0
-145.0
-81.0
-44.0
-126.0
-81.0
-75.0
-140.0
-224.0
-208.0
-202.0
-186.0
-111.0
-111.0
-171.0
-58.0
-28.0
-52.0
40.0
31.0
28.0
42.0
129.0
123.0
145.0
132.0
94.0
116.0
116.0
99.0
97.0
78.0
94.0
84.0
26.0
48.0
-11.0
-106.0
-137.0
-181.0
-186.0
-129.0
-87.0
-26.0
92.0
193.0
205.0
238.0
277.0
313.0
313.0
313.0
313.0
188.0
159.0
73.0
116.0
15.0
-2.0
18.0
19.0
-30.0
-66.0
-106.0
-129.0
-134.0
-138.0
-232.0
-267.0
-291.0
-291.0
-289.0
-207.0
-213.0
-199.0
-161.0
-102.0
-24.0
33.0
57.0
50.0
21.0
47.0
73.0
32.0
67.0
141.0
155.0
200.0
189.0
190.0
203.0
189.0
177.0
81.0
-30.0
-1.0
38.0
50.0
-54.0
-61.0
-166.0
-145.0
-84.0
-107.0
-105.0
-163.0
-193.0
-107.0
-196.0
-195.0
-159.0
-165.0
-201.0
-221.0
-234.0
-265.0
-175.0
-159.0
-115.0
-117.0
-72.0
26.0
111.0
138.0
126.0
108.0
63.0
66.0
100.0
105.0
166.0
192.0
243.0
152.0
135.0
129.0
48.0
66.0
102.0
108.0
92.0
-37.0
-46.0
-84.0
-99.0
-96.0
-74.0
-69.0
-114.0
-122.0
-118.0
-104.0
-105.0
-37.0
-86.0
17.0
24.0
46.0
39.0
41.0
-1.0
47.0
48.0
-16.0
-25.0
-59.0
-90.0
-115.0
-66.0
-67.0
-48.0
-7.0
49.0
38.0
42.0
72.0
106.0
150.0
109.0
123.0
134.0
80.0
57.0
-24.0
-106.0
-92.0
-26.0
29.0
105.0
101.0
138.0
173.0
251.0
288.0
313.0
302.0
211.0
200.0
180.0
179.0
204.0
122.0
57.0
55.0
-43.0
-114.0
-204.0
-239.0
-250.0
-253.0
-172.0
-141.0
-124.0
-78.0
-47.0
3.0
42.0
21.0
-18.0
-24.0
2.0
-28.0
-66.0
-49.0
-116.0
-151.0
-138.0
-170.0
-108.0
-104.0
-95.0
-112.0
-169.0
-313.0
-304.0
-255.0
-204.0
-151.0
-26.0
-34.0
76.0
146.0
204.0
182.0
213.0
262.0
200.0
204.0
135.0
135.0
162.0
135.0
138.0
155.0
77.0
-8.0
-52.0
-127.0
-96.0
-93.0
-110.0
-178.0
-194.0
-187.0
-162.0
-167.0
-227.0
-223.0
-206.0
-197.0
-152.0
-75.0
-96.0
-120.0
-148.0
-190.0
-192.0
-247.0
-255.0
-254.0
-195.0
-109.0
15.0
150.0
266.0
313.0
313.0
313.0
313.0
313.0
313.0
313.0
284.0
256.0
299.0
215.0
129.0
110.0
29.0
26.0
-52.0
-92.0
-141.0
-144.0
-72.0
-128.0
-173.0
-231.0
-251.0
-247.0
-248.0
-251.0
-313.0
-313.0
-313.0
-313.0
-290.0
-173.0
-40.0
-31.0
113.0
206.0
287.0
313.0
313.0
313.0
313.0
313.0
300.0
288.0
242.0
134.0
95.0
56.0
3.0
-6.0
-12.0
16.0
-27.0
-29.0
-5.0
-7.0
13.0
-39.0
-17.0
-103.0
-65.0
-108.0
-75.0
-68.0
-46.0
-100.0
-100.0
-168.0
-244.0
-313.0
-313.0
-313.0
-313.0
-313.0
-246.0
-168.0
-52.0
73.0
198.0
297.0
313.0
313.0
313.0
313.0
279.0
258.0
290.0
298.0
267.0
157.0
98.0
-25.0
-48.0
-49.0
-73.0
-174.0
-150.0
-157.0
-208.0
-191.0
-167.0
-214.0
-228.0
-231.0
-272.0
-260.0
-258.0
-280.0
-281.0
-219.0
-250.0
-206.0
-174.0
-177.0
-133.0
-74.0
-71.0
-39.0
-38.0
28.0
46.0
37.0
-17.0
-14.0
13.0
-17.0
-26.0
-44.0
-54.0
17.0
47.0
68.0
105.0
102.0
115.0
120.0
164.0
172.0
125.0
120.0
124.0
140.0
222.0
224.0
248.0
229.0
207.0
131.0
82.0
114.0
32.0
-42.0
-36.0
-32.0
-31.0
-19.0
-10.0
-63.0
-36.0
9.0
60.0
7.0
44.0
46.0
-28.0
18.0
46.0
4.0
-65.0
-26.0
-73.0
-153.0
-131.0
-132.0
-88.0
-101.0
-96.0
-40.0
-126.0
-102.0
-54.0
-32.0
-27.0
-23.0
-43.0
-86.0
-75.0
-20.0
-16.0
52.0
67.0
59.0
57.0
72.0
97.0
147.0
146.0
137.0
132.0
93.0
129.0
92.0
15.0
17.0
-51.0
-78.0
-109.0
-124.0
-48.0
28.0
74.0
90.0
73.0
70.0
104.0
107.0
99.0
43.0
18.0
54.0
56.0
72.0
33.0
28.0
-31.0
-63.0
-121.0
-105.0
-90.0
-110.0
-81.0
-132.0
-161.0
-160.0
-159.0
-221.0
-223.0
-158.0
-171.0
-114.0
-123.0
-92.0
-117.0
-128.0
-84.0
-56.0
-39.0
-2.0
-33.0
-78.0
-161.0
-141.0
-87.0
-85.0
-101.0
-135.0
-174.0
3.0
178.0
263.0
262.0
246.0
275.0
295.0
313.0
313.0
313.0
313.0
241.0
197.0
107.0
71.0
102.0
108.0
106.0
195.0
170.0
129.0
42.0
20.0
-58.0
-21.0
7.0
6.0
23.0
24.0
-64.0
-159.0
-219.0
-200.0
-205.0
-215.0
-129.0
-131.0
-158.0
-175.0
-195.0
-146.0
-160.0
-135.0
-108.0
-104.0
-166.0
-161.0
-80.0
-95.0
-78.0
-72.0
-85.0
-159.0
-178.0
-125.0
-166.0
-162.0
-155.0
-65.0
-22.0
-44.0
-2.0
65.0
165.0
172.0
192.0
195.0
196.0
211.0
204.0
228.0
224.0
194.0
123.0
87.0
114.0
114.0
46.0
42.0
-58.0
-94.0
-20.0
-35.0
-11.0
-31.0
-101.0
-103.0
-110.0
-116.0
-100.0
-31.0
-52.0
-89.0
-59.0
-47.0
-71.0
-81.0
-67.0
-118.0
-214.0
-253.0
-200.0
-177.0
-151.0
-77.0
-1.0
5.0
68.0
181.0
230.0
294.0
304.0
297.0
313.0
313.0
313.0
313.0
247.0
227.0
178.0
90.0
70.0
14.0
-61.0
-145.0
-108.0
-106.0
-102.0
-155.0
-173.0
-181.0
-185.0
-313.0
-286.0
-239.0
-252.0
-247.0
-190.0
-152.0
-98.0
-76.0
49.0
92.0
85.0
109.0
126.0
129.0
154.0
107.0
84.0
58.0
119.0
136.0
87.0
108.0
108.0
120.0
31.0
57.0
35.0
-72.0
-82.0
-142.0
-65.0
-71.0
-43.0
-44.0
-56.0
-73.0
-94.0
-146.0
-136.0
-277.0
-190.0
-236.0
-208.0
-206.0
-162.0
-105.0
-14.0
41.0
109.0
146.0
166.0
225.0
153.0
151.0
120.0
111.0
109.0
96.0
86.0
96.0
105.0
137.0
148.0
150.0
158.0
234.0
196.0
168.0
151.0
86.0
-9.0
-80.0
-90.0
-88.0
-86.0
-87.0
-81.0
-106.0
-146.0
-143.0
-137.0
-104.0
-128.0
-123.0
-99.0
-98.0
-99.0
-63.0
-129.0
-142.0
-186.0
-205.0
-160.0
-157.0
-112.0
-68.0
-47.0
35.0
31.0
10.0
51.0
111.0
91.0
87.0
23.0
-106.0
-61.0
2.0
-3.0
-2.0
33.0
27.0
108.0
115.0
139.0
89.0
103.0
75.0
8.0
30.0
-13.0
-67.0
-113.0
-112.0
-129.0
-107.0
-55.0
-5.0
33.0
50.0
65.0
150.0
168.0
168.0
172.0
202.0
188.0
188.0
129.0
96.0
31.0
-37.0
-10.0
-16.0
-53.0
-67.0
-142.0
-163.0
-135.0
-165.0
-212.0
-200.0
-115.0
-114.0
-127.0
-146.0
-100.0
-179.0
-154.0
-59.0
-58.0
-4.0
15.0
20.0
2.0
-5.0
53.0
104.0
124.0
144.0
86.0
104.0
38.0
39.0
8.0
-42.0
-85.0
-52.0
-54.0
-60.0
-74.0
-13.0
-11.0
-5.0
5.0
9.0
27.0
40.0
21.0
94.0
127.0
55.0
70.0
66.0
57.0
23.0
50.0
6.0
-111.0
-135.0
-176.0
-50.0
24.0
21.0
30.0
37.0
-21.0
55.0
119.0
85.0
88.0
108.0
84.0
83.0
118.0
63.0
14.0
-16.0
-81.0
-79.0
-102.0
-50.0
58.0
53.0
84.0
98.0
140.0
127.0
113.0
97.0
150.0
220.0
195.0
189.0
138.0
61.0
39.0
20.0
-31.0
-92.0
-136.0
-176.0
-135.0
-130.0
-160.0
-161.0
-129.0
-114.0
-118.0
-122.0
-163.0
-194.0
-145.0
-143.0
-176.0
-140.0
-138.0
-151.0
-149.0
-137.0
-163.0
-78.0
4.0
9.0
20.0
57.0
24.0
34.0
-19.0
7.0
51.0
82.0
97.0
99.0
28.0
35.0
-7.0
-10.0
-30.0
20.0
-41.0
-41.0
-55.0
-57.0
-77.0
-67.0
-171.0
-157.0
-152.0
-96.0
-38.0
39.0
39.0
36.0
48.0
127.0
109.0
97.0
119.0
206.0
182.0
206.0
137.0
137.0
158.0
77.0
95.0
157.0
142.0
82.0
41.0
9.0
-9.0
-8.0
-52.0
-87.0
-147.0
-126.0
-63.0
0.0
85.0
103.0
210.0
215.0
192.0
207.0
243.0
313.0
297.0
192.0
151.0
98.0
48.0
47.0
24.0
-14.0
-147.0
-200.0
-258.0
-216.0
-162.0
-189.0
-235.0
-234.0
-236.0
-231.0
-123.0
-86.0
-26.0
-38.0
-26.0
29.0
-79.0
-79.0
-115.0
-102.0
-95.0
-68.0
-80.0
-41.0
18.0
25.0
61.0
61.0
55.0
53.0
55.0
-1.0
28.0
25.0
29.0
-50.0
-120.0
-121.0
-227.0
-134.0
-86.0
-52.0
-5.0
0.0
-13.0
24.0
-6.0
-2.0
11.0
55.0
52.0
12.0
4.0
-54.0
-34.0
-116.0
-91.0
-83.0
-68.0
-68.0
-80.0
-113.0
-123.0
-149.0
-186.0
-87.0
-83.0
-84.0
-34.0
-48.0
-36.0
41.0
5.0
-9.0
13.0
63.0
13.0
15.0
50.0
50.0
52.0
-30.0
6.0
38.0
11.0
-35.0
-49.0
-48.0
28.0
73.0
33.0
70.0
78.0
101.0
41.0
-24.0
16.0
19.0
-41.0
-80.0
-66.0
-34.0
-18.0
91.0
45.0
98.0
153.0
154.0
184.0
200.0
236.0
172.0
205.0
293.0
274.0
158.0
68.0
53.0
-1.0
9.0
-31.0
-116.0
-202.0
-252.0
-195.0
-45.0
16.0
8.0
-10.0
-88.0
-107.0
-74.0
-69.0
-121.0
-88.0
-144.0
0.0
7.0
156.0
183.0
134.0
131.0
131.0
245.0
313.0
185.0
134.0
139.0
44.0
-68.0
-112.0
-30.0
-15.0
-13.0
-29.0
89.0
56.0
62.0
58.0
-7.0
-20.0
35.0
100.0
44.0
-26.0
-79.0
-180.0
-180.0
-172.0
-107.0
-84.0
-127.0
-255.0
-182.0
-88.0
-126.0
-107.0
-105.0
-133.0
-121.0
-104.0
-135.0
-110.0
-133.0
-163.0
-187.0
-165.0
-169.0
-235.0
-213.0
-174.0
-116.0
-103.0
12.0
76.0
15.0
41.0
38.0
23.0
11.0
107.0
70.0
94.0
59.0
175.0
288.0
225.0
221.0
194.0
169.0
100.0
60.0
91.0
13.0
0.0
14.0
40.0
42.0
6.0
-28.0
6.0
-51.0
-24.0
-40.0
-118.0
-202.0
-176.0
-175.0
-166.0
-109.0
10.0
112.0
122.0
94.0
97.0
179.0
171.0
173.0
111.0
105.0
79.0
58.0
125.0
126.0
126.0
33.0
-9.0
-15.0
-70.0
-56.0
-29.0
-68.0
-106.0
-92.0
-71.0
-72.0
-82.0
-81.0
-61.0
-69.0
-87.0
-123.0
-62.0
-93.0
-59.0
-74.0
-120.0
-123.0
-164.0
-172.0
-181.0
-160.0
-76.0
-12.0
18.0
40.0
57.0
59.0
81.0
122.0
150.0
118.0
133.0
134.0
138.0
107.0
144.0
143.0
194.0
142.0
153.0
147.0
92.0
34.0
-2.0
-13.0
-34.0
-30.0
-90.0
-163.0
-219.0
-186.0
-138.0
-119.0
-67.0
78.0
137.0
136.0
147.0
102.0
133.0
189.0
212.0
150.0
122.0
79.0
30.0
34.0
50.0
41.0
53.0
52.0
-52.0
-92.0
-131.0
-129.0
-81.0
-77.0
-97.0
-148.0
-249.0
-179.0
-179.0
-140.0
-88.0
-120.0
-152.0
-144.0
-131.0
-95.0
-141.0
-158.0
-165.0
-202.0
-191.0
-139.0
-109.0
-108.0
-29.0
18.0
28.0
-24.0
-2.0
-14.0
-75.0
26.0
68.0
70.0
105.0
149.0
180.0
168.0
108.0
59.0
97.0
119.0
91.0
88.0
16.0
-46.0
-44.0
-19.0
92.0
64.0
-26.0
-72.0
-165.0
-163.0
-157.0
-65.0
-56.0
-15.0
80.0
111.0
113.0
182.0
234.0
238.0
188.0
188.0
205.0
123.0
64.0
53.0
87.0
43.0
27.0
29.0
-10.0
-59.0
-84.0
-36.0
-45.0
-76.0
-88.0
-59.0
-57.0
-57.0
-87.0
-110.0
-73.0
-94.0
-63.0
-97.0
-88.0
-32.0
-48.0
-47.0
-46.0
-42.0
-15.0
-41.0
-82.0
-143.0
-212.0
-233.0
-150.0
-142.0
-90.0
-60.0
-51.0
-34.0
90.0
146.0
204.0
204.0
150.0
144.0
216.0
151.0
138.0
179.0
158.0
73.0
10.0
-23.0
-86.0
-86.0
-51.0
-59.0
-49.0
3.0
-49.0
94.0
130.0
121.0
192.0
193.0
248.0
206.0
133.0
80.0
121.0
49.0
26.0
-30.0
-32.0
-29.0
-4.0
-103.0
-169.0
-200.0
-227.0
-209.0
-131.0
-138.0
-192.0
-190.0
-195.0
-148.0
-65.0
53.0
68.0
103.0
49.0
57.0
76.0
68.0
23.0
11.0
-28.0
-45.0
-45.0
-39.0
-40.0
-45.0
34.0
36.0
43.0
26.0
5.0
7.0
13.0
-22.0
-98.0
-55.0
-98.0
-96.0
-84.0
-21.0
27.0
36.0
105.0
76.0
122.0
125.0
97.0
99.0
121.0
129.0
127.0
87.0
90.0
68.0
26.0
-23.0
-84.0
-94.0
-134.0
-189.0
-214.0
-255.0
-258.0
-274.0
-208.0
-149.0
-139.0
-142.0
-120.0
-78.0
-37.0
-71.0
-89.0
8.0
104.0
43.0
9.0
4.0
-51.0
-56.0
-133.0
-37.0
20.0
35.0
54.0
93.0
147.0
155.0
186.0
160.0
204.0
188.0
241.0
198.0
175.0
155.0
135.0
135.0
96.0
67.0
-35.0
-53.0
-82.0
-102.0
-120.0
-111.0
-80.0
-86.0
-112.0
-134.0
-169.0
-139.0
-81.0
-90.0
-116.0
-106.0
-120.0
-120.0
-109.0
-122.0
-137.0
-88.0
-62.0
-80.0
-98.0
-157.0
-170.0
-168.0
-124.0
-152.0
-106.0
-41.0
89.0
52.0
55.0
103.0
56.0
52.0
-2.0
101.0
140.0
105.0
65.0
-54.0
106.0
158.0
161.0
150.0
308.0
247.0
138.0
21.0
85.0
94.0
88.0
61.0
101.0
102.0
64.0
-32.0
-28.0
4.0
-23.0
-36.0
-62.0
-55.0
-112.0
-113.0
-167.0
-177.0
-205.0
-273.0
-210.0
-108.0
2.0
52.0
63.0
64.0
82.0
127.0
190.0
182.0
167.0
93.0
92.0
67.0
72.0
80.0
100.0
47.0
52.0
12.0
0.0
-20.0
-29.0
-76.0
-82.0
-89.0
-133.0
-183.0
-120.0
-62.0
-59.0
-35.0
-38.0
-31.0
-5.0
-5.0
-33.0
-33.0
-41.0
-25.0
7.0
10.0
-16.0
-56.0
-121.0
-125.0
-95.0
-10.0
-55.0
-61.0
-165.0
-258.0
-240.0
-179.0
-89.0
-86.0
-40.0
-33.0
61.0
162.0
233.0
313.0
313.0
308.0
278.0
279.0
253.0
234.0
201.0
240.0
147.0
70.0
-11.0
8.0
23.0
25.0
21.0
-38.0
-65.0
-139.0
-137.0
-158.0
-183.0
-207.0
-200.0
-205.0
-168.0
-179.0
-185.0
-181.0
-151.0
-100.0
-127.0
-68.0
-110.0
-104.0
-88.0
26.0
25.0
76.0
24.0
-19.0
32.0
1.0
-4.0
0.0
-27.0
10.0
17.0
-10.0
-16.0
-70.0
-101.0
-20.0
20.0
30.0
-32.0
5.0
-41.0
-29.0
28.0
68.0
20.0
59.0
-37.0
-37.0
-87.0
-133.0
-187.0
-151.0
-125.0
-84.0
-8.0
84.0
121.0
123.0
250.0
313.0
313.0
313.0
244.0
223.0
221.0
268.0
261.0
260.0
176.0
94.0
110.0
109.0
38.0
-20.0
54.0
67.0
-68.0
-70.0
-116.0
-177.0
-180.0
-234.0
-237.0
-245.0
-205.0
-197.0
-182.0
-186.0
-143.0
-123.0
-147.0
-60.0
-4.0
-12.0
48.0
-2.0
-3.0
-3.0
-11.0
-79.0
-116.0
-196.0
-93.0
40.0
44.0
106.0
174.0
173.0
158.0
163.0
307.0
287.0
280.0
277.0
182.0
113.0
151.0
159.0
54.0
51.0
53.0
-42.0
-100.0
-104.0
-84.0
-89.0
-156.0
-159.0
-216.0
-255.0
-212.0
-235.0
-217.0
-169.0
-148.0
-59.0
-50.0
-45.0
28.0
68.0
64.0
78.0
18.0
9.0
1.0
-3.0
-80.0
-75.0
-23.0
-17.0
-42.0
-53.0
4.0
-3.0
18.0
2.0
13.0
16.0
47.0
-6.0
21.0
-17.0
-35.0
-44.0
-40.0
-94.0
-137.0
-144.0
-233.0
-241.0
-239.0
-194.0
-28.0
-30.0
130.0
190.0
184.0
177.0
224.0
227.0
256.0
204.0
232.0
204.0
157.0
104.0
106.0
102.0
44.0
-66.0
-53.0
-34.0
-49.0
-118.0
-178.0
-176.0
-90.0
-95.0
-14.0
-23.0
-12.0
-1.0
-49.0
-34.0
-44.0
-109.0
-91.0
-91.0
-81.0
-46.0
-101.0
-69.0
-104.0
-126.0
-1.0
-6.0
-14.0
-16.0
70.0
68.0
32.0
4.0
-17.0
-41.0
8.0
75.0
72.0
68.0
66.0
31.0
66.0
35.0
33.0
26.0
64.0
38.0
5.0
-2.0
11.0
24.0
2.0
-58.0
-54.0
-10.0
-36.0
-67.0
-46.0
-49.0
-71.0
-66.0
-118.0
-174.0
-192.0
-249.0
-212.0
-123.0
-24.0
-29.0
-4.0
82.0
139.0
167.0
215.0
239.0
198.0
178.0
229.0
228.0
211.0
192.0
129.0
108.0
54.0
7.0
-51.0
-83.0
-64.0
-67.0
-37.0
-86.0
-84.0
-84.0
-95.0
-115.0
-150.0
-129.0
-124.0
-125.0
-85.0
-111.0
-34.0
-77.0
-2.0
41.0
49.0
48.0
19.0
15.0
-31.0
-64.0
-106.0
-14.0
-86.0
-15.0
18.0
10.0
15.0
9.0
44.0
80.0
93.0
49.0
48.0
52.0
21.0
59.0
74.0
77.0
160.0
179.0
170.0
127.0
156.0
140.0
92.0
69.0
-16.0
-20.0
-98.0
-39.0
-42.0
-107.0
-114.0
-86.0
-88.0
-138.0
-102.0
-99.0
-105.0
-108.0
-164.0
-109.0
-140.0
-112.0
-90.0
-64.0
-97.0
-91.0
-121.0
-97.0
-48.0
-142.0
-84.0
27.0
80.0
77.0
-52.0
-56.0
-59.0
-26.0
-64.0
-204.0
-228.0
-143.0
-134.0
-86.0
-63.0
-59.0
-11.0
25.0
87.0
181.0
178.0
201.0
237.0
185.0
218.0
221.0
197.0
212.0
225.0
176.0
151.0
73.0
92.0
9.0
-34.0
-38.0
-61.0
-51.0
-55.0
-36.0
-18.0
-3.0
-2.0
43.0
0.0
1.0
-61.0
-166.0
-202.0
-153.0
-62.0
-53.0
-40.0
45.0
83.0
82.0
130.0
145.0
145.0
119.0
92.0
128.0
176.0
100.0
129.0
130.0
116.0
70.0
51.0
15.0
-24.0
-46.0
-78.0
-95.0
-41.0
-44.0
-104.0
-128.0
-126.0
-206.0
-232.0
-154.0
-212.0
-207.0
-142.0
-145.0
-65.0
-94.0
-88.0
-34.0
-52.0
-10.0
2.0
10.0
59.0
61.0
40.0
47.0
53.0
14.0
-6.0
58.0
97.0
29.0
-58.0
-52.0
6.0
20.0
77.0
81.0
125.0
188.0
186.0
136.0
86.0
83.0
33.0
21.0
-2.0
-46.0
-79.0
-103.0
-124.0
-96.0
-65.0
-66.0
-11.0
-29.0
-48.0
-45.0
-45.0
4.0
-10.0
-20.0
5.0
-3.0
35.0
-9.0
13.0
-30.0
5.0
5.0
-38.0
-93.0
-54.0
-55.0
-17.0
-45.0
-38.0
-30.0
-73.0
-42.0
-84.0
-41.0
30.0
27.0
54.0
103.0
85.0
64.0
12.0
30.0
41.0
81.0
33.0
28.0
-86.0
-310.0
-297.0
-241.0
-107.0
28.0
45.0
9.0
77.0
74.0
94.0
173.0
205.0
174.0
75.0
95.0
127.0
99.0
99.0
101.0
-15.0
-69.0
-89.0
-135.0
-89.0
-29.0
0.0
-55.0
-29.0
-29.0
-4.0
63.0
76.0
119.0
131.0
121.0
131.0
171.0
73.0
66.0
-11.0
20.0
7.0
-22.0
-29.0
-17.0
-71.0
-81.0
-103.0
-100.0
-47.0
-49.0
-71.0
-42.0
-44.0
-112.0
-102.0
-40.0
-17.0
-13.0
-71.0
-95.0
-63.0
-115.0
-138.0
-138.0
-126.0
-89.0
-68.0
-66.0
-98.0
-58.0
-66.0
-118.0
-53.0
-29.0
-43.0
-77.0
-58.0
-50.0
-98.0
-104.0
-127.0
-137.0
-28.0
10.0
-17.0
-70.0
2.0
8.0
103.0
135.0
148.0
144.0
121.0
62.0
7.0
-24.0
-124.0
-120.0
-124.0
-30.0
94.0
143.0
200.0
225.0
211.0
313.0
313.0
313.0
313.0
272.0
251.0
228.0
155.0
162.0
108.0
58.0
95.0
91.0
1.0
-89.0
-155.0
-173.0
-180.0
-153.0
-187.0
-186.0
-244.0
-245.0
-247.0
-213.0
-126.0
-107.0
-154.0
-187.0
-165.0
-146.0
-220.0
-229.0
-215.0
-144.0
-123.0
-5.0
32.0
-5.0
7.0
30.0
-25.0
-32.0
16.0
27.0
61.0
105.0
177.0
141.0
101.0
118.0
113.0
112.0
86.0
115.0
149.0
112.0
135.0
115.0
47.0
30.0
-32.0
-35.0
-4.0
-7.0
-100.0
-78.0
-129.0
-150.0
-173.0
-183.0
-105.0
-106.0
-94.0
-86.0
-9.0
-8.0
34.0
21.0
7.0
28.0
86.0
88.0
-17.0
-34.0
-15.0
-36.0
-3.0
-4.0
75.0
65.0
12.0
15.0
-17.0
1.0
-86.0
-112.0
-124.0
-79.0
-46.0
-36.0
-26.0
-26.0
-40.0
-15.0
18.0
7.0
73.0
41.0
56.0
22.0
-3.0
-3.0
-33.0
-23.0
-25.0
60.0
59.0
39.0
-45.0
-141.0
-171.0
-170.0
-124.0
-108.0
-135.0
-38.0
7.0
3.0
89.0
150.0
247.0
251.0
233.0
273.0
229.0
282.0
244.0
243.0
120.0
91.0
11.0
10.0
-9.0
30.0
3.0
-31.0
-6.0
-43.0
-36.0
22.0
13.0
18.0
-3.0
12.0
21.0
38.0
6.0
-61.0
-55.0
-75.0
-77.0
-84.0
-155.0
-217.0
-134.0
-165.0
-124.0
-110.0
-18.0
-101.0
-115.0
-123.0
-163.0
-153.0
-68.0
-72.0
-85.0
-76.0
-74.0
-47.0
-12.0
-8.0
-51.0
-37.0
1.0
-38.0
-97.0
-102.0
-56.0
-52.0
-54.0
-55.0
-67.0
-22.0
-40.0
11.0
-3.0
37.0
72.0
113.0
134.0
129.0
19.0
-18.0
-82.0
-158.0
-39.0
16.0
72.0
142.0
213.0
208.0
183.0
211.0
240.0
197.0
214.0
155.0
101.0
135.0
159.0
160.0
126.0
121.0
15.0
-38.0
-51.0
-42.0
-55.0
-161.0
-93.0
-88.0
-29.0
-52.0
-37.0
-10.0
-27.0
-29.0
-82.0
-271.0
-302.0
-299.0
-310.0
-228.0
-140.0
-61.0
34.0
30.0
29.0
85.0
110.0
111.0
44.0
80.0
133.0
114.0
57.0
-5.0
-44.0
69.0
90.0
109.0
139.0
125.0
154.0
144.0
150.0
177.0
174.0
122.0
149.0
139.0
54.0
-18.0
-44.0
-46.0
-4.0
18.0
-2.0
-9.0
-34.0
-32.0
-61.0
-54.0
14.0
-21.0
-15.0
-68.0
-104.0
-89.0
-84.0
-81.0
-108.0
-114.0
-105.0
-137.0
-128.0
-141.0
-113.0
-176.0
-138.0
-138.0
-125.0
-249.0
-232.0
-149.0
-150.0
-136.0
-162.0
-191.0
-74.0
-77.0
-44.0
-45.0
44.0
21.0
9.0
47.0
22.0
4.0
82.0
84.0
26.0
159.0
149.0
191.0
188.0
111.0
56.0
89.0
59.0
63.0
48.0
75.0
101.0
89.0
131.0
75.0
103.0
33.0
10.0
14.0
4.0
31.0
7.0
64.0
36.0
5.0
-21.0
-13.0
-49.0
-50.0
7.0
44.0
-2.0
16.0
-31.0
-129.0
-111.0
-101.0
-87.0
-89.0
-141.0
-106.0
-70.0
-113.0
-127.0
-2.0
23.0
68.0
80.0
80.0
55.0
34.0
-9.0
64.0
117.0
144.0
84.0
29.0
-47.0
-46.0
-81.0
-98.0
-77.0
-135.0
-107.0
-78.0
-32.0
65.0
105.0
108.0
59.0
85.0
166.0
206.0
186.0
148.0
82.0
68.0
53.0
53.0
-22.0
-31.0
-121.0
-142.0
-158.0
-206.0
-153.0
-63.0
-17.0
-15.0
20.0
-8.0
-24.0
-7.0
-22.0
44.0
32.0
20.0
-33.0
-40.0
-120.0
-52.0
-71.0
-2.0
14.0
77.0
52.0
57.0
5.0
0.0
-66.0
-101.0
-111.0
-145.0
-103.0
-65.0
89.0
124.0
130.0
130.0
143.0
179.0
194.0
143.0
151.0
103.0
147.0
73.0
27.0
14.0
10.0
32.0
-29.0
-37.0
-45.0
-49.0
-70.0
-104.0
-133.0
-135.0
-144.0
-147.0
-191.0
-254.0
-227.0
-181.0
-52.0
-51.0
-63.0
-63.0
-107.0
-143.0
-83.0
-103.0
-68.0
-63.0
-7.0
-46.0
-94.0
-93.0
-146.0
-129.0
-168.0
-158.0
-108.0
23.0
31.0
83.0
75.0
83.0
183.0
169.0
172.0
117.0
193.0
221.0
211.0
111.0
93.0
86.0
33.0
53.0
98.0
52.0
-21.0
28.0
-9.0
-89.0
-107.0
-102.0
-94.0
-64.0
-34.0
-33.0
25.0
52.0
47.0
39.0
38.0
37.0
-24.0
-1.0
78.0
27.0
-8.0
-54.0
-105.0
-95.0
-104.0
-107.0
-76.0
-7.0
-105.0
-76.0
-28.0
54.0
6.0
7.0
12.0
21.0
51.0
55.0
29.0
101.0
143.0
53.0
85.0
131.0
167.0
173.0
150.0
114.0
47.0
-18.0
-34.0
-44.0
-16.0
-29.0
-25.0
-27.0
-9.0
21.0
12.0
-70.0
-127.0
-133.0
-127.0
-92.0
-134.0
-138.0
-140.0
-171.0
-119.0
-46.0
9.0
15.0
75.0
18.0
-12.0
-10.0
-4.0
-20.0
-14.0
-7.0
42.0
50.0
23.0
56.0
-3.0
-4.0
32.0
68.0
-35.0
-96.0
7.0
36.0
69.0
74.0
-14.0
-15.0
-33.0
-59.0
-75.0
-133.0
-133.0
-155.0
-145.0
-92.0
-44.0
-51.0
66.0
128.0
167.0
229.0
204.0
160.0
171.0
143.0
112.0
113.0
114.0
52.0
63.0
85.0
88.0
82.0
107.0
93.0
22.0
16.0
-22.0
-30.0
-39.0
-9.0
-175.0
-179.0
-135.0
-49.0
-65.0
-70.0
-116.0
-122.0
-86.0
-92.0
-122.0
-155.0
-180.0
-155.0
-59.0
-49.0
10.0
-92.0
-131.0
-153.0
-127.0
-114.0
-77.0
-38.0
-27.0
-34.0
8.0
59.0
53.0
54.0
45.0
39.0
103.0
52.0
84.0
90.0
88.0
61.0
64.0
56.0
42.0
31.0
-11.0
-16.0
-8.0
-6.0
-7.0
-87.0
-163.0
-239.0
-168.0
-96.0
-55.0
-16.0
27.0
23.0
-9.0
78.0
114.0
80.0
61.0
47.0
50.0
70.0
45.0
56.0
64.0
78.0
163.0
128.0
140.0
148.0
140.0
140.0
140.0
135.0
91.0
76.0
19.0
-67.0
-70.0
-83.0
-28.0
-45.0
6.0
0.0
-9.0
22.0
-79.0
-82.0
-33.0
-16.0
2.0
23.0
-7.0
-8.0
-61.0
-129.0
-212.0
-217.0
-147.0
-167.0
-135.0
-42.0
-44.0
-35.0
31.0
23.0
27.0
155.0
199.0
159.0
131.0
39.0
39.0
43.0
71.0
150.0
178.0
81.0
73.0
-40.0
-80.0
-52.0
-34.0
-34.0
-56.0
-140.0
-134.0
-157.0
-139.0
-169.0
-174.0
-180.0
-132.0
-125.0
-99.0
-36.0
-94.0
-107.0
-102.0
-47.0
59.0
63.0
38.0
37.0
-18.0
-66.0
-92.0
-71.0
-112.0
-86.0
-8.0
-17.0
74.0
76.0
121.0
158.0
154.0
136.0
204.0
194.0
158.0
76.0
68.0
65.0
-18.0
-49.0
40.0
0.0
10.0
-34.0
-23.0
-31.0
-86.0
-85.0
-47.0
-31.0
-31.0
-58.0
-44.0
-92.0
-101.0
-102.0
16.0
5.0
-9.0
23.0
28.0
165.0
92.0
95.0
50.0
81.0
35.0
26.0
-10.0
-74.0
29.0
15.0
12.0
0.0
46.0
76.0
70.0
68.0
12.0
7.0
62.0
120.0
70.0
50.0
30.0
-48.0
-83.0
-83.0
-141.0
-31.0
23.0
-9.0
-53.0
-185.0
-273.0
-205.0
-68.0
-68.0
-43.0
-33.0
-13.0
5.0
8.0
87.0
120.0
135.0
140.0
143.0
199.0
125.0
69.0
11.0
23.0
-88.0
-111.0
-122.0
-144.0
-145.0
-142.0
-89.0
-67.0
-50.0
53.0
100.0
99.0
225.0
217.0
221.0
168.0
192.0
189.0
100.0
72.0
70.0
76.0
31.0
-102.0
-104.0
-63.0
21.0
-13.0
-71.0
-179.0
-233.0
-261.0
-237.0
-195.0
-191.0
-215.0
-175.0
-126.0
-117.0
-6.0
-9.0
-61.0
-45.0
-47.0
-47.0
-28.0
-43.0
-76.0
-119.0
-142.0
-169.0
-143.0
-100.0
0.0
-2.0
23.0
109.0
159.0
209.0
266.0
271.0
252.0
242.0
182.0
179.0
151.0
149.0
159.0
130.0
39.0
22.0
-34.0
-68.0
-73.0
-72.0
-49.0
-118.0
-160.0
-189.0
-156.0
-95.0
-81.0
-142.0
-234.0
-241.0
-264.0
-256.0
-252.0
-230.0
-149.0
-109.0
-102.0
-15.0
1.0
9.0
90.0
84.0
148.0
128.0
184.0
165.0
72.0
54.0
24.0
19.0
26.0
55.0
112.0
152.0
114.0
95.0
126.0
157.0
185.0
183.0
84.0
80.0
63.0
-28.0
-30.0
-63.0
-131.0
-114.0
-112.0
-109.0
-114.0
-82.0
-102.0
-116.0
-144.0
-142.0
-121.0
-193.0
-140.0
-145.0
-176.0
-135.0
-55.0
-97.0
-38.0
-54.0
-3.0
10.0
-26.0
-27.0
-16.0
-27.0
-26.0
-11.0
-18.0
-27.0
-70.0
-61.0
-74.0
-68.0
-58.0
-104.0
-75.0
-90.0
-22.0
-46.0
12.0
121.0
91.0
92.0
76.0
81.0
189.0
135.0
162.0
120.0
47.0
81.0
122.0
125.0
53.0
61.0
111.0
3.0
-13.0
-22.0
-83.0
-29.0
-14.0
-16.0
-52.0
-41.0
-119.0
-85.0
-97.0
-51.0
-58.0
11.0
2.0
7.0
55.0
9.0
21.0
-46.0
-79.0
-102.0
-22.0
-1.0
58.0
61.0
108.0
77.0
108.0
173.0
184.0
105.0
59.0
70.0
53.0
53.0
-33.0
-22.0
-49.0
-65.0
9.0
-25.0
-49.0
-19.0
-5.0
1.0
49.0
64.0
-49.0
-98.0
-41.0
16.0
52.0
77.0
83.0
92.0
114.0
139.0
137.0
165.0
201.0
90.0
84.0
3.0
-46.0
-42.0
-67.0
-186.0
-206.0
-205.0
-130.0
49.0
45.0
79.0
54.0
52.0
91.0
36.0
-98.0
-55.0
-88.0
-134.0
-38.0
25.0
61.0
61.0
51.0
-32.0
-50.0
-12.0
-36.0
-22.0
-85.0
-155.0
-129.0
-129.0
-87.0
-59.0
-15.0
5.0
90.0
167.0
236.0
190.0
170.0
168.0
211.0
221.0
164.0
127.0
19.0
-12.0
-110.0
-99.0
-77.0
-80.0
-97.0
-66.0
-24.0
45.0
123.0
56.0
13.0
-43.0
-111.0
-113.0
-110.0
-92.0
-56.0
-56.0
-69.0
-107.0
-148.0
-158.0
-251.0
-254.0
-279.0
-306.0
-313.0
-313.0
-192.0
-68.0
-23.0
40.0
124.0
124.0
218.0
246.0
251.0
260.0
207.0
215.0
153.0
138.0
137.0
139.0
131.0
114.0
105.0
-18.0
-136.0
-210.0
-218.0
-168.0
-125.0
-124.0
-92.0
-61.0
-53.0
-75.0
-55.0
-17.0
17.0
76.0
103.0
106.0
32.0
-3.0
-5.0
-5.0
-7.0
-1.0
-43.0
-56.0
-139.0
-142.0
-157.0
-177.0
-216.0
-177.0
-80.0
-56.0
-32.0
-124.0
-197.0
-197.0
-170.0
-191.0
-131.0
-34.0
18.0
-6.0
118.0
136.0
147.0
152.0
164.0
187.0
244.0
227.0
91.0
111.0
74.0
60.0
-34.0
-35.0
-2.0
12.0
12.0
24.0
15.0
1.0
-64.0
-37.0
8.0
8.0
1.0
-51.0
-61.0
-48.0
-80.0
-37.0
-37.0
-93.0
-137.0
-141.0
-165.0
-181.0
-167.0
-105.0
-100.0
-52.0
37.0
26.0
107.0
111.0
156.0
167.0
218.0
211.0
168.0
79.0
102.0
142.0
147.0
142.0
69.0
-7.0
-33.0
-84.0
-48.0
-75.0
-60.0
7.0
31.0
34.0
94.0
99.0
149.0
123.0
131.0
128.0
100.0
94.0
64.0
58.0
-75.0
-105.0
-101.0
-35.0
-34.0
3.0
-91.0
-71.0
-53.0
-53.0
-26.0
8.0
-3.0
-69.0
-126.0
-137.0
27.0
13.0
-158.0
-163.0
-202.0
-181.0
-157.0
-191.0
-125.0
-51.0
28.0
33.0
98.0
104.0
124.0
142.0
103.0
112.0
124.0
129.0
142.0
110.0
90.0
81.0
52.0
-73.0
-55.0
-55.0
-101.0
-79.0
-34.0
-10.0
-17.0
-22.0
54.0
-14.0
-10.0
37.0
27.0
11.0
-12.0
-28.0
-5.0
-6.0
-43.0
-98.0
-104.0
-95.0
-109.0
-105.0
-82.0
-52.0
-25.0
-26.0
-15.0
3.0
33.0
40.0
65.0
74.0
48.0
32.0
15.0
16.0
-13.0
6.0
-24.0
-18.0
-13.0
7.0
49.0
29.0
-47.0
-52.0
-137.0
-106.0
-16.0
-30.0
-42.0
-100.0
-112.0
-150.0
-51.0
-47.0
-3.0
-42.0
-79.0
5.0
37.0
102.0
59.0
85.0
104.0
102.0
27.0
-23.0
-9.0
74.0
54.0
86.0
8.0
-32.0
-62.0
-67.0
-70.0
-74.0
-36.0
-101.0
-66.0
7.0
42.0
135.0
61.0
52.0
85.0
62.0
45.0
30.0
-36.0
-17.0
65.0
87.0
79.0
76.0
47.0
4.0
1.0
-22.0
49.0
91.0
79.0
32.0
4.0
7.0
0.0
33.0
16.0
7.0
70.0
65.0
2.0
-2.0
-1.0
-10.0
-57.0
-59.0
-58.0
-88.0
-87.0
-93.0
-73.0
-51.0
-5.0
-11.0
-14.0
23.0
23.0
-11.0
-27.0
-48.0
-72.0
-86.0
-83.0
-83.0
-124.0
-99.0
-55.0
-141.0
-97.0
14.0
101.0
124.0
104.0
108.0
79.0
25.0
146.0
173.0
46.0
1.0
55.0
-11.0
-45.0
-51.0
-98.0
-162.0
-178.0
-180.0
-62.0
-17.0
25.0
55.0
68.0
70.0
58.0
62.0
136.0
137.0
108.0
119.0
104.0
-34.0
79.0
85.0
76.0
13.0
-65.0
-4.0
-23.0
-9.0
-26.0
-104.0
-130.0
-132.0
-176.0
-128.0
-144.0
-108.0
-77.0
9.0
9.0
16.0
-7.0
0.0
37.0
32.0
21.0
-4.0
-46.0
-27.0
-18.0
5.0
74.0
77.0
93.0
140.0
192.0
143.0
84.0
142.0
98.0
105.0
49.0
36.0
51.0
-15.0
-99.0
-125.0
-150.0
-103.0
-137.0
-119.0
-121.0
-129.0
-46.0
-62.0
-75.0
-54.0
20.0
-1.0
11.0
-11.0
5.0
5.0
-8.0
-19.0
11.0
-5.0
-103.0
-169.0
-152.0
-171.0
-211.0
-208.0
-156.0
-56.0
-46.0
-14.0
64.0
122.0
149.0
173.0
194.0
196.0
202.0
186.0
94.0
51.0
-47.0
-92.0
-88.0
8.0
64.0
69.0
134.0
174.0
143.0
78.0
65.0
105.0
129.0
83.0
39.0
41.0
49.0
25.0
-9.0
-46.0
-59.0
-83.0
-74.0
-81.0
-120.0
-129.0
-180.0
-189.0
-173.0
-160.0
-212.0
-190.0
-206.0
-235.0
-251.0
-255.0
-249.0
-232.0
-217.0
-181.0
-91.0
-42.0
81.0
150.0
169.0
175.0
226.0
201.0
189.0
182.0
227.0
174.0
177.0
128.0
109.0
111.0
87.0
86.0
67.0
64.0
56.0
-5.0
5.0
-53.0
-172.0
-169.0
-174.0
-160.0
-93.0
-73.0
-105.0
-171.0
-171.0
-158.0
-176.0
-166.0
-143.0
-135.0
-38.0
29.0
54.0
135.0
32.0
-1.0
82.0
83.0
68.0
51.0
91.0
153.0
214.0
259.0
313.0
276.0
213.0
207.0
196.0
125.0
101.0
98.0
-65.0
-16.0
31.0
-7.0
-56.0
-58.0
-72.0
-178.0
-175.0
-97.0
-162.0
-149.0
-56.0
-71.0
-186.0
-183.0
-143.0
-109.0
-58.0
-48.0
-72.0
-36.0
33.0
8.0
-82.0
-82.0
65.0
53.0
7.0
-5.0
-13.0
-65.0
-71.0
-150.0
-171.0
-166.0
-88.0
6.0
51.0
80.0
134.0
160.0
172.0
198.0
218.0
221.0
257.0
250.0
251.0
152.0
36.0
-14.0
-13.0
-26.0
-82.0
-84.0
-127.0
-137.0
-144.0
-102.0
-65.0
-18.0
21.0
58.0
-21.0
-24.0
14.0
55.0
65.0
30.0
-26.0
9.0
-15.0
40.0
-24.0
-26.0
-88.0
-192.0
-108.0
-104.0
-67.0
-97.0
-127.0
-171.0
-173.0
-181.0
-257.0
-251.0
-279.0
-272.0
-212.0
-159.0
-17.0
113.0
166.0
158.0
143.0
200.0
213.0
225.0
213.0
241.0
216.0
208.0
143.0
136.0
77.0
67.0
29.0
50.0
-48.0
-41.0
-48.0
-29.0
-79.0
-82.0
-34.0
30.0
-13.0
71.0
-57.0
-74.0
-14.0
-62.0
-119.0
-127.0
-194.0
-184.0
-129.0
-143.0
-68.0
-31.0
77.0
66.0
122.0
116.0
181.0
182.0
63.0
-31.0
-69.0
-27.0
89.0
72.0
63.0
63.0
15.0
-21.0
-31.0
-37.0
4.0
-2.0
-73.0
-136.0
-67.0
-71.0
-156.0
-145.0
-61.0
-60.0
-55.0
-25.0
-72.0
-123.0
-79.0
-79.0
-37.0
-38.0
2.0
-18.0
-55.0
-159.0
-228.0
-208.0
-140.0
-132.0
-45.0
-26.0
43.0
86.0
57.0
109.0
182.0
255.0
241.0
238.0
152.0
111.0
94.0
142.0
111.0
136.0
155.0
65.0
17.0
14.0
7.0
-17.0
-30.0
7.0
-41.0
-47.0
-127.0
-99.0
5.0
17.0
37.0
52.0
65.0
-11.0
2.0
-31.0
-47.0
-82.0
-29.0
-26.0
-33.0
12.0
7.0
37.0
36.0
90.0
125.0
119.0
118.0
116.0
112.0
64.0
7.0
1.0
28.0
20.0
-1.0
-55.0
-109.0
-115.0
-169.0
-181.0
-156.0
-120.0
-42.0
-46.0
-81.0
-104.0
-32.0
-40.0
-7.0
42.0
69.0
-7.0
-123.0
-130.0
-102.0
-105.0
41.0
47.0
76.0
133.0
63.0
125.0
97.0
183.0
148.0
140.0
156.0
145.0
148.0
131.0
99.0
-14.0
-39.0
-101.0
-40.0
-127.0
-138.0
-131.0
-231.0
-232.0
-122.0
-114.0
-35.0
-5.0
5.0
-5.0
5.0
6.0
24.0
76.0
59.0
58.0
13.0
-1.0
44.0
-23.0
-39.0
-40.0
-110.0
-31.0
-91.0
-64.0
-61.0
9.0
-15.0
-55.0
-90.0
-90.0
-144.0
-184.0
-212.0
-171.0
-93.0
-95.0
-23.0
42.0
50.0
57.0
110.0
99.0
118.0
69.0
32.0
40.0
37.0
-2.0
54.0
51.0
92.0
131.0
106.0
111.0
64.0
28.0
-39.0
-30.0
-39.0
-37.0
-13.0
20.0
-44.0
-131.0
-162.0
-105.0
-54.0
22.0
10.0
6.0
-95.0
-101.0
-65.0
-52.0
-33.0
-50.0
-68.0
-37.0
-55.0
-60.0
-50.0
-5.0
25.0
72.0
146.0
116.0
92.0
41.0
-1.0
3.0
42.0
81.0
78.0
44.0
-15.0
-65.0
-119.0
-154.0
-164.0
-168.0
-214.0
-116.0
14.0
50.0
115.0
94.0
162.0
188.0
179.0
173.0
206.0
139.0
130.0
184.0
212.0
149.0
194.0
200.0
215.0
216.0
206.0
55.0
37.0
-24.0
-33.0
-35.0
-29.0
-154.0
-109.0
-113.0
-122.0
-161.0
-199.0
-180.0
-255.0
-305.0
-313.0
-313.0
-258.0
-255.0
-152.0
-28.0
101.0
172.0
219.0
239.0
238.0
292.0
313.0
313.0
267.0
243.0
209.0
186.0
155.0
85.0
57.0
-44.0
-68.0
-68.0
-102.0
-107.0
-59.0
-31.0
-68.0
-183.0
-158.0
-157.0
-176.0
-173.0
-194.0
-184.0
-247.0
-235.0
-238.0
-112.0
-66.0
16.0
35.0
39.0
22.0
-15.0
38.0
118.0
116.0
42.0
-53.0
-33.0
-8.0
-1.0
11.0
14.0
56.0
71.0
67.0
84.0
46.0
16.0
-23.0
-25.0
-22.0
10.0
42.0
12.0
-29.0
-59.0
-85.0
-21.0
-120.0
-121.0
-71.0
-64.0
-51.0
-127.0
-143.0
-198.0
-93.0
-56.0
-20.0
-17.0
-48.0
5.0
-70.0
0.0
35.0
59.0
106.0
86.0
33.0
26.0
28.0
-29.0
-99.0
-152.0
-94.0
-95.0
-98.0
-68.0
22.0
27.0
-5.0
42.0
119.0
88.0
57.0
63.0
67.0
62.0
96.0
94.0
53.0
58.0
78.0
36.0
-33.0
-57.0
-28.0
-33.0
-9.0
-12.0
-79.0
-128.0
-123.0
-149.0
-33.0
-34.0
-52.0
-29.0
-29.0
-20.0
37.0
83.0
76.0
58.0
122.0
119.0
120.0
128.0
99.0
107.0
128.0
104.0
66.0
52.0
42.0
-2.0
-113.0
-126.0
-197.0
-204.0
-187.0
-163.0
-133.0
-55.0
-3.0
32.0
69.0
138.0
150.0
146.0
212.0
178.0
134.0
139.0
176.0
157.0
137.0
154.0
88.0
87.0
38.0
34.0
-4.0
-22.0
-15.0
-22.0
-67.0
-109.0
-86.0
-91.0
-65.0
-44.0
15.0
-82.0
-104.0
-121.0
-179.0
-128.0
-47.0
-47.0
-37.0
-43.0
-70.0
-93.0
-68.0
-83.0
-45.0
-12.0
-26.0
-22.0
-37.0
-36.0
-74.0
-58.0
15.0
39.0
-12.0
-5.0
-20.0
-15.0
-63.0
-114.0
-74.0
-136.0
-40.0
-11.0
-55.0
-75.0
-98.0
-91.0
-25.0
29.0
105.0
65.0
82.0
103.0
136.0
116.0
146.0
154.0
136.0
43.0
-19.0
-18.0
10.0
3.0
35.0
43.0
21.0
19.0
-138.0
-138.0
-141.0
-180.0
-182.0
-140.0
-16.0
113.0
122.0
106.0
119.0
24.0
141.0
189.0
199.0
298.0
222.0
104.0
144.0
142.0
141.0
122.0
144.0
47.0
-38.0
-77.0
-149.0
-218.0
-166.0
-165.0
-125.0
-110.0
-21.0
-54.0
-9.0
93.0
80.0
61.0
66.0
67.0
4.0
22.0
14.0
76.0
8.0
24.0
-136.0
-63.0
-47.0
-46.0
-45.0
-77.0
-57.0
-56.0
-71.0
-133.0
-186.0
-130.0
-16.0
-16.0
-64.0
-100.0
-52.0
-27.0
-20.0
-27.0
-89.0
-125.0
-118.0
-121.0
-133.0
-46.0
-20.0
-9.0
35.0
119.0
103.0
94.0
39.0
34.0
126.0
173.0
174.0
61.0
67.0
48.0
9.0
-14.0
-23.0
-28.0
-5.0
35.0
17.0
-9.0
7.0
7.0
-26.0
11.0
56.0
57.0
21.0
-46.0
-30.0
-62.0
-67.0
-100.0
-132.0
-77.0
-78.0
-82.0
-84.0
-89.0
-78.0
-79.0
-74.0
-88.0
-107.0
13.0
39.0
36.0
-18.0
-20.0
-51.0
-25.0
-13.0
-1.0
-15.0
-47.0
-59.0
-55.0
-54.0
-4.0
-10.0
-9.0
-9.0
-9.0
52.0
14.0
77.0
72.0
83.0
31.0
114.0
73.0
99.0
120.0
124.0
109.0
54.0
54.0
78.0
-78.0
-69.0
-6.0
-61.0
-191.0
-117.0
-43.0
-18.0
-23.0
-6.0
71.0
35.0
21.0
-24.0
76.0
91.0
63.0
77.0
80.0
23.0
45.0
35.0
-28.0
34.0
69.0
58.0
2.0
26.0
29.0
24.0
-5.0
34.0
-68.0
-97.0
-125.0
-214.0
-225.0
-275.0
-273.0
-263.0
-77.0
3.0
75.0
129.0
177.0
223.0
255.0
243.0
245.0
200.0
198.0
210.0
213.0
134.0
90.0
69.0
40.0
22.0
19.0
-18.0
-25.0
-121.0
-185.0
-281.0
-286.0
-313.0
-303.0
-234.0
-231.0
-200.0
-153.0
-57.0
73.0
179.0
156.0
138.0
175.0
202.0
213.0
157.0
109.0
61.0
32.0
34.0
8.0
27.0
22.0
-51.0
-44.0
-93.0
-112.0
-130.0
-99.0
-95.0
-66.0
-66.0
-66.0
-81.0
-83.0
-65.0
-54.0
-115.0
-137.0
-163.0
-113.0
-134.0
-103.0
-131.0
-131.0
-127.0
-79.0
-43.0
31.0
64.0
73.0
0.0
77.0
88.0
83.0
71.0
41.0
30.0
6.0
-43.0
59.0
96.0
113.0
95.0
93.0
117.0
131.0
149.0
72.0
82.0
62.0
59.0
66.0
-49.0
-56.0
-48.0
-99.0
-86.0
-9.0
-9.0
-76.0
-146.0
-188.0
-142.0
-136.0
-158.0
-83.0
-39.0
18.0
187.0
195.0
196.0
224.0
188.0
185.0
166.0
140.0
114.0
127.0
117.0
10.0
-1.0
12.0
-50.0
-56.0
-57.0
-100.0
-144.0
-192.0
-226.0
-248.0
-256.0
-200.0
-126.0
-131.0
-88.0
59.0
80.0
126.0
78.0
169.0
216.0
202.0
168.0
161.0
144.0
117.0
40.0
36.0
-5.0
-29.0
-66.0
-95.0
-123.0
-127.0
-166.0
-194.0
-231.0
-221.0
-218.0
-101.0
-153.0
-84.0
3.0
6.0
38.0
54.0
45.0
52.0
10.0
60.0
104.0
110.0
62.0
51.0
73.0
115.0
118.0
107.0
107.0
5.0
24.0
5.0
50.0
51.0
39.0
82.0
1.0
-53.0
-107.0
-49.0
-58.0
-70.0
-113.0
-117.0
-50.0
-70.0
-114.0
-180.0
-260.0
-204.0
-149.0
-129.0
-92.0
-89.0
-9.0
-9.0
-63.0
-39.0
39.0
104.0
78.0
77.0
96.0
97.0
6.0
100.0
107.0
140.0
142.0
91.0
30.0
50.0
-71.0
-78.0
-156.0
-130.0
-3.0
-24.0
-133.0
-113.0
-79.0
18.0
79.0
82.0
66.0
116.0
56.0
57.0
159.0
164.0
162.0
192.0
160.0
157.0
103.0
72.0
40.0
-31.0
-41.0
11.0
30.0
-41.0
-75.0
-80.0
-199.0
-213.0
-163.0
-159.0
-152.0
-156.0
-138.0
-78.0
6.0
12.0
67.0
61.0
59.0
156.0
79.0
63.0
51.0
64.0
95.0
97.0
98.0
87.0
37.0
35.0
-29.0
-25.0
-124.0
-45.0
-11.0
-18.0
-15.0
-9.0
-32.0
-17.0
-52.0
-33.0
-44.0
-43.0
-59.0
-62.0
-86.0
-72.0
-135.0
-71.0
-88.0
-57.0
-20.0
-17.0
-69.0
-64.0
-75.0
-7.0
48.0
-5.0
-15.0
-66.0
-125.0
-93.0
-176.0
-170.0
-114.0
-12.0
-6.0
63.0
36.0
101.0
109.0
81.0
144.0
143.0
205.0
252.0
262.0
199.0
156.0
123.0
89.0
64.0
99.0
99.0
88.0
85.0
27.0
-61.0
-66.0
-84.0
-95.0
-81.0
-82.0
-83.0
-186.0
-250.0
-234.0
-177.0
-190.0
-117.0
-84.0
-72.0
77.0
71.0
39.0
97.0
113.0
218.0
194.0
217.0
191.0
216.0
149.0
144.0
111.0
-29.0
88.0
-9.0
-98.0
-32.0
21.0
-4.0
-5.0
-10.0
-119.0
-103.0
-57.0
-89.0
-118.0
-126.0
-13.0
-27.0
-58.0
-59.0
153.0
166.0
-313.0
-313.0
92.0
251.0
313.0
313.0
313.0
313.0
313.0
313.0
281.0
209.0
62.0
66.0
7.0
-130.0
-156.0
-164.0
-258.0
-225.0
-121.0
-102.0
-206.0
-237.0
-219.0
-267.0
-313.0
-282.0
-284.0
-266.0
-79.0
46.0
-105.0
-168.0
-191.0
-237.0
-313.0
-313.0
-313.0
-233.0
-31.0
-46.0
-166.0
-87.0
-181.0
-59.0
-117.0
-109.0
-54.0
-73.0
5.0
-61.0
-107.0
-59.0
-32.0
-41.0
-70.0
-60.0
-21.0
-9.0
-17.0
90.0
-28.0
-24.0
21.0
-72.0
-36.0
-91.0
-6.0
46.0
98.0
73.0
20.0
11.0
-11.0
-67.0
117.0
61.0
-23.0
-50.0
-51.0
2.0
49.0
31.0
-15.0
-24.0
-7.0
31.0
13.0
7.0
18.0
-21.0
43.0
-42.0
10.0
9.0
0.0
-35.0
64.0
14.0
81.0
69.0
69.0
29.0
-1.0
-40.0
66.0
44.0
-18.0
52.0
29.0
10.0
32.0
-2.0
103.0
56.0
-37.0
-50.0
4.0
67.0
72.0
16.0
36.0
60.0
64.0
77.0
44.0
2.0
-13.0
-66.0
-28.0
0.0
127.0
14.0
-49.0
3.0
20.0
14.0
84.0
138.0
-11.0
-13.0
-9.0
64.0
105.0
-21.0
-8.0
45.0
45.0
-19.0
81.0
22.0
6.0
-14.0
-57.0
33.0
34.0
22.0
28.0
-34.0
-33.0
-17.0
-16.0
54.0
59.0
14.0
10.0
8.0
-85.0
-33.0
-43.0
-20.0
23.0
40.0
28.0
1.0
25.0
18.0
50.0
-58.0
74.0
88.0
35.0
11.0
-79.0
-2.0
0.0
17.0
33.0
42.0
22.0
-45.0
-45.0
10.0
45.0
-75.0
-39.0
-53.0
13.0
-4.0
17.0
15.0
56.0
39.0
-53.0
-12.0
-120.0
-123.0
10.0
43.0
-24.0
30.0
20.0
21.0
37.0
-10.0
-13.0
3.0
17.0
-5.0
-71.0
-102.0
-104.0
-42.0
-43.0
9.0
-12.0
-63.0
-33.0
8.0
0.0
34.0
-60.0
-6.0
5.0
57.0
56.0
77.0
70.0
65.0
55.0
32.0
86.0
43.0
20.0
59.0
-48.0
-30.0
-9.0
27.0
17.0
44.0
58.0
12.0
-10.0
-61.0
-48.0
-29.0
8.0
53.0
13.0
-35.0
-2.0
-42.0
-34.0
-82.0
30.0
23.0
-15.0
5.0
-23.0
-24.0
-48.0
-47.0
-61.0
-75.0
-41.0
-13.0
2.0
9.0
60.0
-53.0
-39.0
-147.0
-156.0
-188.0
-134.0
-117.0
-164.0
-128.0
-118.0
-55.0
-43.0
81.0
86.0
129.0
49.0
72.0
87.0
197.0
252.0
154.0
188.0
130.0
94.0
99.0
83.0
79.0
59.0
39.0
56.0
70.0
-33.0
-55.0
-26.0
11.0
-7.0
-16.0
-22.0
7.0
-7.0
-39.0
-26.0
-12.0
-37.0
-59.0
12.0
-21.0
9.0
-53.0
-58.0
-8.0
-73.0
-36.0
0.0
-19.0
-54.0
-19.0
-29.0
-42.0
-21.0
-28.0
-84.0
14.0
-66.0
-89.0
-79.0
-65.0
-233.0
-206.0
-298.0
-313.0
-297.0
-224.0
-199.0
-116.0
-80.0
-59.0
64.0
118.0
197.0
203.0
271.0
267.0
304.0
312.0
313.0
313.0
270.0
249.0
211.0
212.0
197.0
173.0
150.0
35.0
60.0
52.0
-55.0
-115.0
-116.0
-120.0
-148.0
-90.0
-95.0
-114.0
-88.0
-109.0
-123.0
-98.0
-33.0
-70.0
-81.0
-134.0
-64.0
-128.0
-124.0
-129.0
-121.0
-111.0
-24.0
52.0
57.0
102.0
89.0
87.0
86.0
110.0
45.0
63.0
35.0
22.0
106.0
41.0
56.0
-2.0
-80.0
-34.0
-13.0
39.0
19.0
-69.0
-48.0
-19.0
-55.0
-29.0
-23.0
-13.0
-55.0
-26.0
-36.0
-71.0
-37.0
-11.0
-69.0
-52.0
-97.0
-104.0
-113.0
-198.0
-180.0
-169.0
-168.0
-118.0
-128.0
-96.0
-82.0
-74.0
-77.0
42.0
112.0
104.0
138.0
183.0
179.0
168.0
146.0
167.0
137.0
92.0
114.0
81.0
94.0
75.0
98.0
11.0
12.0
-33.0
-10.0
13.0
-24.0
-76.0
-39.0
-30.0
-44.0
-69.0
-174.0
-178.0
-157.0
-289.0
-209.0
-218.0
-186.0
-181.0
-122.0
-55.0
27.0
-6.0
50.0
72.0
94.0
132.0
173.0
224.0
220.0
208.0
165.0
179.0
178.0
183.0
131.0
67.0
63.0
4.0
8.0
-13.0
78.0
8.0
-53.0
-55.0
-74.0
-38.0
-130.0
-73.0
-120.0
-84.0
-82.0
-53.0
-153.0
-172.0
-250.0
-269.0
-253.0
-158.0
-134.0
-142.0
-50.0
-51.0
-3.0
101.0
74.0
147.0
178.0
174.0
207.0
171.0
123.0
120.0
125.0
167.0
204.0
146.0
95.0
65.0
36.0
-39.0
-69.0
-84.0
-77.0
-68.0
-173.0
-283.0
-210.0
-182.0
-113.0
-74.0
15.0
-60.0
-54.0
-10.0
88.0
120.0
122.0
165.0
238.0
135.0
102.0
122.0
90.0
108.0
97.0
114.0
190.0
149.0
66.0
110.0
-55.0
-112.0
267.0
-155.0
-193.0
-262.0
-282.0
-197.0
-313.0
-313.0
-266.0
-216.0
-76.0
82.0
115.0
262.0
272.0
311.0
273.0
187.0
313.0
313.0
313.0
212.0
248.0
145.0
100.0
150.0
128.0
110.0
173.0
117.0
122.0
-10.0
62.0
77.0
68.0
4.0
8.0
2.0
-80.0
-87.0
-105.0
-82.0
-76.0
-122.0
-107.0
-145.0
-204.0
-179.0
-172.0
-255.0
-197.0
-163.0
-136.0
-183.0
-122.0
-166.0
-162.0
-280.0
-212.0
-223.0
-229.0
-208.0
-252.0
-217.0
-177.0
-132.0
-56.0
-118.0
-68.0
-85.0
-76.0
-34.0
-61.0
-86.0
-120.0
-79.0
-111.0
-163.0
-116.0
-85.0
-8.0
-31.0
25.0
2.0
76.0
39.0
-1.0
-9.0
37.0
4.0
16.0
-1.0
-20.0
44.0
77.0
103.0
72.0
77.0
62.0
8.0
113.0
83.0
119.0
188.0
70.0
212.0
169.0
136.0
147.0
97.0
112.0
54.0
20.0
39.0
-75.0
-19.0
-58.0
-22.0
47.0
-13.0
-31.0
39.0
-3.0
32.0
-45.0
66.0
61.0
116.0
38.0
59.0
87.0
111.0
55.0
54.0
53.0
5.0
-33.0
-80.0
-99.0
-21.0
-87.0
-78.0
-42.0
-67.0
-67.0
-34.0
-46.0
-46.0
-87.0
-107.0
-85.0
-69.0
-118.0
-99.0
-113.0
-252.0
-313.0
-303.0
-192.0
-212.0
-202.0
-10.0
52.0
181.0
139.0
205.0
313.0
217.0
313.0
301.0
313.0
287.0
305.0
201.0
179.0
160.0
87.0
105.0
-12.0
53.0
83.0
-38.0
-110.0
-72.0
-114.0
-28.0
-102.0
-101.0
-131.0
-105.0
-38.0
-145.0
-124.0
-67.0
19.0
-204.0
150.0
157.0
-110.0
33.0
-193.0
57.0
-31.0
-49.0
9.0
-135.0
-88.0
-31.0
-25.0
-9.0
30.0
52.0
63.0
119.0
135.0
22.0
0.0
-121.0
-35.0
-44.0
-118.0
-40.0
-40.0
-86.0
-79.0
-126.0
-35.0
-50.0
-162.0
-9.0
19.0
-76.0
12.0
-192.0
83.0
116.0
125.0
167.0
-8.0
152.0
215.0
105.0
144.0
105.0
63.0
87.0
-28.0
-11.0
-23.0
-100.0
38.0
-78.0
63.0
-8.0
5.0
58.0
-54.0
-2.0
40.0
82.0
-26.0
-68.0
-68.0
-147.0
-149.0
-118.0
-29.0
-102.0
-23.0
-30.0
-1.0
-14.0
-71.0
-163.0
20.0
131.0
72.0
158.0
148.0
115.0
62.0
-53.0
-110.0
-128.0
-120.0
5.0
2.0
-46.0
73.0
63.0
165.0
152.0
170.0
168.0
201.0
183.0
172.0
113.0
121.0
57.0
107.0
151.0
78.0
45.0
101.0
-12.0
65.0
-37.0
4.0
-15.0
-44.0
-34.0
-55.0
-96.0
-20.0
-45.0
-2.0
-98.0
-118.0
-101.0
-72.0
-134.0
-138.0
-131.0
-101.0
-38.0
-313.0
-96.0
-83.0
-127.0
-132.0
-99.0
-71.0
-67.0
28.0
-5.0
-210.0
-101.0
-37.0
-17.0
90.0
-82.0
162.0
-99.0
-61.0
-231.0
-109.0
-155.0
-188.0
-215.0
-118.0
-51.0
71.0
7.0
72.0
76.0
101.0
39.0
66.0
23.0
46.0
63.0
291.0
122.0
96.0
184.0
88.0
85.0
209.0
105.0
10.0
21.0
14.0
68.0
22.0
100.0
118.0
139.0
69.0
43.0
-1.0
-31.0
101.0
27.0
-45.0
31.0
24.0
-24.0
-122.0
-149.0
30.0
0.0
-29.0
-45.0
-48.0
-70.0
-38.0
16.0
-110.0
-111.0
-87.0
-68.0
-74.0
-26.0
-68.0
-53.0
-36.0
-53.0
-46.0
-78.0
-73.0
-42.0
52.0
-119.0
26.0
34.0
8.0
-74.0
-48.0
-68.0
-63.0
142.0
100.0
-20.0
2.0
-5.0
-53.0
18.0
-51.0
-210.0
-20.0
-33.0
-96.0
83.0
17.0
49.0
54.0
60.0
141.0
-8.0
42.0
105.0
39.0
-78.0
0.0
-95.0
74.0
18.0
-33.0
16.0
3.0
16.0
35.0
83.0
-13.0
-71.0
6.0
-15.0
-37.0
-7.0
-23.0
-29.0
73.0
24.0
-22.0
45.0
-28.0
8.0
-92.0
14.0
92.0
-40.0
11.0
2.0
-197.0
15.0
2.0
-20.0
59.0
-11.0
-35.0
9.0
3.0
-3.0
47.0
23.0
-12.0
-99.0
-62.0
61.0
-11.0
111.0
25.0
-134.0
-80.0
29.0
58.0
-31.0
-4.0
-24.0
4.0
-37.0
-40.0
-173.0
-209.0
-137.0
-169.0
-44.0
-146.0
-200.0
-95.0
-107.0
-65.0
29.0
56.0
-112.0
28.0
57.0
36.0
71.0
313.0
-54.0
45.0
119.0
150.0
126.0
30.0
223.0
93.0
92.0
195.0
171.0
38.0
7.0
15.0
-35.0
-118.0
54.0
-51.0
-118.0
-48.0
-224.0
-162.0
-313.0
-273.0
-299.0
-291.0
-290.0
-282.0
-260.0
-104.0
-156.0
58.0
35.0
201.0
114.0
234.0
209.0
254.0
250.0
159.0
192.0
224.0
311.0
279.0
34.0
216.0
122.0
38.0
190.0
32.0
-10.0
99.0
52.0
-44.0
23.0
-141.0
-32.0
-34.0
-2.0
-92.0
-60.0
-115.0
-3.0
-41.0
-109.0
-106.0
7.0
-123.0
-179.0
-86.0
-93.0
-60.0
-40.0
59.0
-82.0
-64.0
6.0
16.0
-183.0
81.0
-133.0
18.0
-204.0
-123.0
-71.0
-218.0
-181.0
-147.0
-139.0
-109.0
-221.0
3.0
-53.0
10.0
-72.0
83.0
55.0
53.0
114.0
33.0
155.0
10.0
90.0
107.0
201.0
101.0
57.0
118.0
48.0
55.0
133.0
49.0
53.0
-38.0
50.0
-42.0
26.0
-49.0
-149.0
-136.0
-42.0
-114.0
-132.0
-105.0
-34.0
-43.0
-141.0
-159.0
-46.0
-1.0
-91.0
-75.0
53.0
-30.0
3.0
-112.0
-37.0
67.0
16.0
-14.0
136.0
-5.0
88.0
-47.0
83.0
-8.0
-18.0
-4.0
-44.0
-4.0
137.0
4.0
-71.0
-60.0
173.0
-313.0
-313.0
-313.0
-313.0
-313.0
-313.0
-313.0
-313.0
-313.0
-313.0
-313.0
-313.0
-313.0
-313.0
-313.0
-313.0
-313.0
-313.0
-313.0
-313.0
-313.0
-313.0
-313.0
-313.0
-313.0
-313.0
-313.0
-313.0
-313.0
-313.0
-313.0
-313.0
-313.0
-313.0
-313.0
-313.0
-313.0
-313.0
-313.0
-313.0
-313.0
-313.0
-313.0
-313.0
-313.0
-313.0
-313.0
-313.0
-313.0
-313.0
-313.0
-313.0
-313.0
-313.0
-313.0
-313.0
-313.0
-313.0
-313.0
-313.0
-313.0
-313.0
-313.0
-313.0
-313.0
-313.0
-313.0
-313.0
-313.0
-313.0
-313.0
-313.0
-313.0
-313.0
-313.0
-313.0
-313.0
-313.0
-313.0
-313.0
-313.0
-313.0
-313.0
-313.0
-313.0
-313.0
-313.0
-313.0
-313.0
-313.0
-313.0
-313.0
-313.0
-313.0
-313.0
-313.0
-313.0
-313.0
-313.0
-313.0
-313.0
-313.0
-313.0
-313.0
-313.0
-313.0
-313.0
-313.0
-313.0
-313.0
-313.0
-313.0
-313.0
-313.0
-313.0
-313.0
-313.0
-313.0
-313.0
-313.0
-313.0
-313.0
-313.0
-313.0
-313.0
-313.0
-313.0
-313.0
-313.0
-313.0
-313.0
-313.0
-313.0
-313.0
-313.0
-313.0
-313.0
-313.0
-313.0
-313.0
-313.0
-313.0
-313.0
-313.0
-313.0
-313.0
-313.0
-313.0
-313.0
-313.0
-313.0
-313.0
-313.0
-313.0
-313.0
-313.0
-313.0
-313.0
-313.0
-313.0
-313.0
-313.0
-313.0
-313.0
-313.0
-313.0
-313.0
-313.0
-313.0
-313.0
-313.0
-313.0
-313.0
-313.0
-313.0
-313.0
-313.0
-313.0
-313.0
-313.0
-313.0
-313.0
-313.0
-313.0
-313.0
-313.0
-313.0
-313.0
-313.0
-313.0
-313.0
-313.0
-313.0
-313.0
-313.0
-313.0
-313.0
-313.0
-313.0
-313.0
-313.0
-313.0
-313.0
-313.0
-313.0
-313.0
-313.0
-313.0
-313.0
-313.0
-313.0
-313.0
-313.0
-313.0
-313.0
-313.0
-313.0
-313.0
-313.0
-313.0
-313.0
-313.0
-313.0
-313.0
-313.0
-313.0
-313.0
-313.0
-313.0
-313.0
-313.0
-313.0
-313.0
-313.0
-313.0
-313.0
-313.0
-313.0
-313.0
-313.0
-313.0
-313.0
-313.0
-313.0
-313.0
-313.0
-313.0
-313.0
-313.0
-313.0
-313.0
-313.0
-313.0
-313.0
-313.0
-313.0
-313.0
-313.0
-313.0
-313.0
-313.0
-313.0
-313.0
-313.0
-313.0
-313.0
-313.0
-313.0
-313.0
-313.0
-313.0
-313.0
-313.0
-313.0
-313.0
-313.0
-313.0
-313.0
-313.0
-313.0
-313.0
-313.0
-313.0
-313.0
-313.0
-313.0
-313.0
-313.0
-313.0
-313.0
-313.0
-313.0
-313.0
-313.0
-313.0
-313.0
-313.0
-313.0
-313.0
-313.0
-313.0
-313.0
-313.0
-313.0
-313.0
-313.0
-313.0
-313.0
-313.0
-313.0
-313.0
-313.0
-313.0
-313.0
-313.0
-313.0
-313.0
-313.0
-313.0
-313.0
-313.0
-313.0
-313.0
-313.0
-313.0
-313.0
-313.0
-313.0
-313.0
-313.0
-313.0
-313.0
-313.0
-313.0
-313.0
-313.0
-313.0
-313.0
-313.0
-313.0
-313.0
-313.0
-313.0
-313.0
-313.0
-313.0
-313.0
-313.0
-313.0
-313.0
-313.0
-313.0
-313.0
-313.0
-313.0
-313.0
-313.0
-313.0
-313.0
-313.0
-313.0
-313.0
-313.0
-313.0
-313.0
-313.0
-313.0
-313.0
-313.0
-313.0
-313.0
-313.0
-313.0
-313.0
-313.0
-313.0
-313.0
-313.0
-313.0
-313.0
-313.0
-313.0
-313.0
-313.0
-313.0
-313.0
-313.0
-313.0
-313.0
-313.0
-313.0
-313.0
-313.0
-313.0
-313.0
-313.0
-313.0
-313.0
-313.0
-313.0
-313.0
-313.0
-313.0
-313.0
-313.0
-313.0
-313.0
-313.0
-313.0
-313.0
-313.0
-313.0
-313.0
-313.0
-313.0
-313.0
-313.0
-313.0
-313.0
-313.0
-313.0
-313.0
-313.0
-313.0
-313.0
-313.0
-313.0
-313.0
-313.0
-313.0
-313.0
-313.0
-313.0
-313.0
-313.0
-313.0
-313.0
-313.0
-313.0
-313.0
-313.0
-313.0
-313.0
-313.0
-313.0
-313.0
-313.0
-313.0
-313.0
-313.0
-313.0
-313.0
-313.0
-313.0
-313.0
-313.0
-313.0
-313.0
-313.0
-313.0
-313.0
-313.0
-313.0
-313.0
-313.0
-313.0
-313.0
-313.0
-313.0
-313.0
-313.0
-313.0
-313.0
-313.0
-313.0
-313.0
-313.0
-313.0
-313.0
-313.0
-313.0
-313.0
-313.0
-313.0
-313.0
-313.0
-313.0
-313.0
-313.0
-313.0
-313.0
-313.0
-313.0
-313.0
-313.0
-313.0
-313.0
-313.0
-313.0
-313.0
-313.0
-313.0
-313.0
-313.0
-313.0
-313.0
-313.0
-313.0
-313.0
-313.0
-313.0
-313.0
-313.0
-313.0
-313.0
-313.0
-313.0
-313.0
-313.0
-313.0
-313.0
-313.0
-313.0
-313.0
-313.0
-313.0
-313.0
-313.0
-313.0
-313.0
-313.0
-313.0
-313.0
-313.0
-313.0
-313.0
-313.0
-313.0
-313.0
-313.0
-313.0
-313.0
-313.0
-313.0
-313.0
-313.0
-313.0
-313.0
-313.0
-313.0
-313.0
-313.0
-313.0
-313.0
-313.0
-313.0
-313.0
-313.0
-313.0
-313.0
-313.0
-313.0
-313.0
-313.0
-313.0
-313.0
-313.0
-313.0
-313.0
-313.0
-313.0
-313.0
-313.0
-313.0
-313.0
-313.0
-313.0
-313.0
-313.0
-313.0
-313.0
-313.0
-313.0
-313.0
-313.0
-313.0
-313.0
-313.0
-313.0
-313.0
-313.0
-313.0
-313.0
-313.0
-313.0
-313.0
-313.0
-313.0
-313.0
-313.0
-313.0
-313.0
-313.0
-313.0
-313.0
-313.0
-313.0
-313.0
-313.0
-313.0
-313.0
-313.0
-313.0
-313.0
-313.0
-313.0
-313.0
-313.0
-313.0
-313.0
-313.0
-313.0
-313.0
-313.0
-313.0
-313.0
-313.0
-313.0
-313.0
-313.0
-313.0
-313.0
-313.0
-313.0
-313.0
-313.0
-313.0
-313.0
-313.0
-313.0
-313.0
-313.0
-313.0
-313.0
-313.0
-313.0
-313.0
-313.0
-313.0
-313.0
-313.0
-313.0
-313.0
-313.0
-313.0
-313.0
-313.0
-313.0
-313.0
-313.0
-313.0
-313.0
-313.0
-313.0
-313.0
-313.0
-313.0
-313.0
-313.0
-313.0
-313.0
-313.0
-313.0
-313.0
-313.0
-313.0
-313.0
-313.0
-313.0
-313.0
-313.0
-313.0
-313.0
-313.0
-313.0
-313.0
-313.0
-313.0
-313.0
-313.0
-313.0
-313.0
-313.0
-313.0
-313.0
-313.0
-313.0
-313.0
-313.0
-313.0
-313.0
-313.0
-313.0
-313.0
-313.0
-313.0
-313.0
-313.0
-313.0
-313.0
-313.0
-313.0
-313.0
-313.0
-313.0
-313.0
-313.0
-313.0
-313.0
-313.0
-313.0
-313.0
-313.0
-313.0
-313.0
-313.0
-313.0
-313.0
-313.0
-313.0
-313.0
-313.0
-313.0
-313.0
-313.0
-313.0
-313.0
-313.0
-313.0
-313.0
-313.0
-313.0
-313.0
-313.0
-313.0
-313.0
-313.0
-313.0
-313.0
-313.0
-313.0
-313.0
-313.0
-313.0
-313.0
-313.0
-313.0
-313.0
-313.0
-313.0
-313.0
-313.0
-313.0
-313.0
-313.0
-313.0
-313.0
-313.0
-313.0
-313.0
-313.0
-313.0
-313.0
-313.0
-313.0
-313.0
-313.0
-313.0
-313.0
-313.0
-313.0
-313.0
-313.0
-313.0
-313.0
-313.0
-313.0
-313.0
-313.0
-313.0
-313.0
-313.0
-313.0
-313.0
-313.0
-313.0
-313.0
-313.0
-313.0
-313.0
-313.0
-313.0
-313.0
-313.0
-313.0
-313.0
-313.0
-313.0
-313.0
-313.0
-313.0
-313.0
-313.0
-313.0
-313.0
-313.0
-313.0
-313.0
-313.0
-313.0
-313.0
-313.0
-313.0
-313.0
-313.0
-313.0
-313.0
-313.0
-313.0
-313.0
-313.0
-313.0
-313.0
-313.0
-313.0
-313.0
-313.0
-313.0
-313.0
-313.0
-313.0
-313.0
-313.0
-313.0
-313.0
-313.0
-313.0
-313.0
-313.0
-313.0
-313.0
-313.0
-313.0
-313.0
-313.0
-313.0
-313.0
-313.0
-313.0
-313.0
-313.0
-313.0
-313.0
-313.0
-313.0
-313.0
-313.0
-313.0
-313.0
-313.0
-313.0
-313.0
-313.0
-313.0
-313.0
-313.0
-313.0
-313.0
-313.0
-313.0
-313.0
-313.0
-313.0
-313.0
-313.0
-313.0
-313.0
-313.0
-313.0
-313.0
-313.0
-313.0
-313.0
-313.0
-313.0
-313.0
-313.0
-313.0
-313.0
-313.0
-313.0
-313.0
-313.0
-313.0
-313.0
-313.0
-313.0
-313.0
-313.0
-313.0
-313.0
-313.0
-313.0
-313.0
-313.0
-313.0
-313.0
-313.0
-313.0
-313.0
-313.0
-313.0
-313.0
-313.0
-313.0
-313.0
-313.0
-313.0
-313.0
-313.0
-313.0
-313.0
-313.0
-313.0
-313.0
-313.0
-313.0
-313.0
-313.0
-313.0
-313.0
-313.0
-313.0
-313.0
-313.0
-313.0
-313.0
-313.0
-313.0
-313.0
-313.0
-313.0
-313.0
-313.0
-313.0
-313.0
-313.0
-313.0
-313.0
-313.0
-313.0
-313.0
-313.0
-313.0
-313.0
-313.0
-313.0
-313.0
-313.0
-313.0
-313.0
-313.0
-313.0
-313.0
-313.0
-313.0
-313.0
-313.0
-313.0
-313.0
-313.0
-313.0
-313.0
-313.0
-313.0
-313.0
-313.0
-313.0
-313.0
-313.0
-313.0
-313.0
-313.0
-313.0
-313.0
-313.0
-313.0
-313.0
-313.0
-313.0
-313.0
-313.0
-313.0
-313.0
-313.0
-313.0
-313.0
-313.0
-313.0
-313.0
-313.0
-313.0
-313.0
-313.0
-313.0
-313.0
-313.0
-313.0
-313.0
-313.0
-313.0
-313.0
-313.0
-313.0
-313.0
-313.0
-313.0
-313.0
-313.0
-313.0
-313.0
-313.0
-313.0
-313.0
-313.0
-313.0
-313.0
-313.0
-313.0
-313.0
-313.0
-313.0
-313.0
-313.0
-313.0
-313.0
-313.0
-313.0
-313.0
-313.0
-313.0
-313.0
-313.0
-313.0
-313.0
-313.0
-313.0
-313.0
-313.0
-313.0
-313.0
-313.0
-313.0
-313.0
-313.0
-313.0
-313.0
-313.0
-313.0
-313.0
-313.0
-313.0
-313.0
-313.0
-313.0
-313.0
-313.0
-313.0
-313.0
-313.0
-313.0
-313.0
-313.0
-313.0
-313.0
-313.0
-313.0
-313.0
-313.0
-313.0
-313.0
-313.0
-313.0
-313.0
-313.0
-313.0
-313.0
-313.0
-313.0
-313.0
-313.0
-313.0
-313.0
-313.0
-313.0
-313.0
-313.0
-313.0
-313.0
-313.0
-313.0
-313.0
-313.0
-313.0
-313.0
-313.0
-313.0
-313.0
-313.0
-313.0
-313.0
-313.0
-313.0
-313.0
-313.0
-313.0
-313.0
-313.0
-313.0
-313.0
-313.0
-313.0
-313.0
-313.0
-313.0
-313.0
-313.0
-313.0
-313.0
-313.0
-313.0
-313.0
-313.0
-313.0
-313.0
-313.0
-313.0
-313.0
-313.0
-313.0
-313.0
-313.0
-313.0
-313.0
-313.0
-313.0
-313.0
-313.0
-313.0
-313.0
-313.0
-313.0
-313.0
-313.0
-313.0
-313.0
-313.0
-313.0
-313.0
-313.0
-313.0
-313.0
-313.0
-313.0
-313.0
-313.0
-313.0
-313.0
-313.0
-313.0
-313.0
-313.0
-313.0
-313.0
-313.0
-313.0
-313.0
-313.0
-313.0
-313.0
-313.0
-313.0
-313.0
-313.0
-313.0
-313.0
-313.0
-313.0
-313.0
-313.0
-313.0
-313.0
-313.0
-313.0
-313.0
-313.0
-313.0
-313.0
-313.0
-313.0
-313.0
-313.0
-313.0
-313.0
-313.0
-313.0
-313.0
-313.0
-313.0
-313.0
-313.0
-313.0
-313.0
-313.0
-313.0
-313.0
-313.0
-313.0
-313.0
-313.0
-313.0
-313.0
-313.0
-313.0
-313.0
-313.0
-313.0
-313.0
-313.0
-313.0
-313.0
-313.0
-313.0
-313.0
-313.0
-313.0
-313.0
-313.0
-313.0
-313.0
-313.0
-313.0
-313.0
-313.0
-313.0
-313.0
-313.0
-313.0
-313.0
-313.0
-313.0
-313.0
-313.0
-313.0
-313.0
-313.0
-313.0
-313.0
-313.0
-313.0
-313.0
-313.0
-313.0
-313.0
-313.0
-313.0
-313.0
-313.0
-313.0
-313.0
-313.0
-313.0
-313.0
-313.0
-313.0
-313.0
-313.0
-313.0
-313.0
-313.0
-313.0
-313.0
-313.0
-313.0
-313.0
-313.0
-313.0
-313.0
-313.0
-313.0
-313.0
-313.0
-313.0
-313.0
-313.0
-313.0
-313.0
-313.0
-313.0
-313.0
-313.0
-313.0
-313.0
-313.0
-313.0
-313.0
-313.0
-313.0
-313.0
-313.0
-313.0
-313.0
-313.0
-313.0
-313.0
-313.0
-313.0
-313.0
-313.0
-313.0
-313.0
-313.0
-313.0
-313.0
-313.0
-313.0
-313.0
-313.0
-313.0
-313.0
-313.0
-313.0
-313.0
-313.0
-313.0
-313.0
-313.0
-313.0
-313.0
-313.0
-313.0
-313.0
-313.0
-313.0
-313.0
-313.0
-313.0
-313.0
-313.0
-313.0
-313.0
-313.0
-313.0
-313.0
-313.0
-313.0
-313.0
-313.0
-313.0
-313.0
-313.0
-313.0
-313.0
-313.0
-313.0
-313.0
-313.0
-313.0
-313.0
-313.0
-313.0
-313.0
-313.0
-313.0
-313.0
-313.0
-313.0
-313.0
-313.0
-313.0
-313.0
-313.0
-313.0
-313.0
-313.0
-313.0
-313.0
-313.0
-313.0
-313.0
-313.0
-313.0
-313.0
-313.0
-313.0
-313.0
-313.0
-313.0
-313.0
-313.0
-313.0
-313.0
-313.0
-313.0
-313.0
-313.0
-313.0
-313.0
-313.0
-313.0
-313.0
-313.0
-313.0
-313.0
-313.0
-313.0
-313.0
-313.0
-313.0
-313.0
-313.0
-313.0
-313.0
-313.0
-313.0
-313.0
-313.0
-313.0
-313.0
-313.0
-313.0
-313.0
-313.0
-313.0
-313.0
-313.0
-313.0
-313.0
-313.0
-313.0
-313.0
-313.0
-313.0
-313.0
-313.0
-313.0
-313.0
-313.0
-313.0
-313.0
-313.0
-313.0
-313.0
-313.0
-313.0
-313.0
-313.0
-313.0
-313.0
-313.0
-313.0
-313.0
-313.0
-313.0
-313.0
-313.0
-313.0
-313.0
-313.0
-313.0
-313.0
-313.0
-313.0
-313.0
-313.0
-313.0
-313.0
-313.0
-313.0
-313.0
-313.0
-313.0
-313.0
-313.0
-313.0
-313.0
-313.0
-313.0
-313.0
-313.0
-313.0
-313.0
-313.0
-313.0
-313.0
-313.0
-313.0
-313.0
-313.0
-313.0
-313.0
-313.0
-313.0
-313.0
-313.0
-313.0
-313.0
-313.0
-313.0
-313.0
-313.0
-313.0
-313.0
-313.0
-313.0
-313.0
-313.0
-313.0
-313.0
-313.0
-313.0
-313.0
-313.0
-313.0
-313.0
-313.0
-313.0
-313.0
-313.0
-313.0
-313.0
-313.0
-313.0
-313.0
-313.0
-313.0
-313.0
-313.0
-313.0
-313.0
-313.0
-313.0
-313.0
-313.0
-313.0
-313.0
-313.0
-313.0
-313.0
-313.0
-313.0
-313.0
-313.0
-313.0
-313.0
-313.0
-313.0
-313.0
-313.0
-313.0
-313.0
-313.0
-313.0
-313.0
-313.0
-313.0
-313.0
-313.0
-313.0
-313.0
-313.0
-313.0
-313.0
-313.0
-313.0
-313.0
-313.0
-313.0
-313.0
-313.0
-313.0
-313.0
-313.0
-313.0
-313.0
-313.0
-313.0
-313.0
-313.0
-313.0
-313.0
-313.0
-313.0
-313.0
-313.0
-313.0
-313.0
-313.0
-313.0
-313.0
-313.0
-313.0
-313.0
-313.0
-313.0
-313.0
-313.0
-313.0
-313.0
-313.0
-313.0
-313.0
-313.0
-313.0
-313.0
-313.0
-313.0
-313.0
-313.0
-313.0
-313.0
-313.0
-313.0
-313.0
-313.0
-313.0
-313.0
-313.0
-313.0
-313.0
-313.0
-313.0
-313.0
-313.0
-313.0
-313.0
-313.0
-313.0
-313.0
-313.0
-313.0
-313.0
-313.0
-313.0
-313.0
-313.0
-313.0
-313.0
-313.0
-313.0
-313.0
-313.0
-313.0
-313.0
-313.0
-313.0
-313.0
-313.0
-313.0
-313.0
-313.0
-313.0
-313.0
-313.0
-313.0
-313.0
-313.0
-313.0
-313.0
-313.0
-313.0
-313.0
-313.0
-313.0
-313.0
-313.0
-313.0
-313.0
-313.0
-313.0
-313.0
-313.0
-313.0
-313.0
-313.0
-313.0
-313.0
-313.0
-313.0
-313.0
-313.0
-313.0
-313.0
-313.0
-313.0
-313.0
-313.0
-313.0
-313.0
-313.0
-313.0
-313.0
-313.0
-313.0
-313.0
-313.0
-313.0
-313.0
-313.0
-313.0
-313.0
-313.0
-313.0
-313.0
-313.0
-313.0
-313.0
-313.0
-313.0
-313.0
-313.0
-313.0
-313.0
-313.0
-313.0
-313.0
-313.0
-313.0
-313.0
-313.0
-313.0
-313.0
-313.0
-313.0
-313.0
-313.0
-313.0
-313.0
-313.0
-313.0
-313.0
-313.0
-313.0
-313.0
-313.0
-313.0
-313.0
-313.0
-313.0
-313.0
-313.0
-313.0
-313.0
-313.0
-313.0
-313.0
-313.0
-313.0
-313.0
-313.0
-313.0
-313.0
-313.0
-313.0
-313.0
-313.0
-313.0
-313.0
-313.0
-313.0
-313.0
-313.0
-313.0
-313.0
-313.0
-313.0
-313.0
-313.0
-313.0
-313.0
-313.0
-313.0
-313.0
-313.0
-313.0
-313.0
-313.0
-313.0
-313.0
-313.0
-313.0
-313.0
-313.0
-313.0
-313.0
-313.0
-313.0
-313.0
-313.0
-313.0
-313.0
-313.0
-313.0
-313.0
-313.0
-313.0
-313.0
-313.0
-313.0
-313.0
-313.0
-313.0
-313.0
-313.0
-313.0
-313.0
-313.0
-313.0
-313.0
-313.0
-313.0
-313.0
-313.0
-313.0
-313.0
-313.0
-313.0
-313.0
-313.0
-313.0
-313.0
-313.0
-313.0
-313.0
-313.0
-313.0
-313.0
-313.0
-313.0
-313.0
-313.0
-313.0
-313.0
-313.0
-313.0
-313.0
-313.0
-313.0
-313.0
-313.0
-313.0
-313.0
-313.0
-313.0
-313.0
-313.0
-313.0
-313.0
-313.0
-313.0
-313.0
-313.0
-313.0
-313.0
-313.0
-313.0
-313.0
-313.0
-313.0
-313.0
-313.0
-313.0
-313.0
-313.0
-313.0
-313.0
-313.0
-313.0
-313.0
-313.0
-313.0
-313.0
-313.0
-313.0
-313.0
-313.0
-313.0
-313.0
-313.0
-313.0
-313.0
-313.0
-313.0
-313.0
-313.0
-313.0
-313.0
-313.0
-313.0
-313.0
-313.0
-313.0
-313.0
-313.0
-313.0
-313.0
-313.0
-313.0
-313.0
-313.0
-313.0
-313.0
-313.0
-313.0
-313.0
-313.0
-313.0
-313.0
-313.0
-313.0
-313.0
-313.0
-313.0
-313.0
-313.0
-313.0
-313.0
-313.0
-313.0
-313.0
-313.0
-313.0
-313.0
-313.0
-313.0
-313.0
-313.0
-313.0
-313.0
-313.0
-313.0
-313.0
-313.0
-313.0
-313.0
-313.0
-313.0
-313.0
-313.0
-313.0
-313.0
-313.0
-313.0
-313.0
-313.0
-313.0
-313.0
-313.0
-313.0
-313.0
-313.0
-313.0
-313.0
-313.0
-313.0
-313.0
-313.0
-313.0
-313.0
-313.0
-313.0
-313.0
-313.0
-313.0
-313.0
-313.0
-313.0
-313.0
-313.0
-313.0
-313.0
-313.0
-313.0
-313.0
-313.0
-313.0
-313.0
-313.0
-313.0
-313.0
-313.0
-313.0
-313.0
-313.0
-313.0
-313.0
-313.0
-313.0
-313.0
-313.0
-313.0
-313.0
-313.0
-313.0
-313.0
-313.0
-313.0
-313.0
-313.0
-313.0
-313.0
-313.0
-313.0
-313.0
-313.0
-313.0
-313.0
-313.0
-313.0
-313.0
-313.0
-313.0
-313.0
-313.0
-313.0
-313.0
-313.0
-313.0
-313.0
-313.0
-313.0
-313.0
-313.0
-313.0
-313.0
-313.0
-313.0
-313.0
-313.0
-313.0
-313.0
-313.0
-313.0
-313.0
-313.0
-313.0
-313.0
-313.0
-313.0
-313.0
-313.0
-313.0
-313.0
-313.0
-313.0
-313.0
-313.0
-313.0
-313.0
-313.0
-313.0
-313.0
-313.0
-313.0
-313.0
-313.0
-313.0
-313.0
-313.0
-313.0
-313.0
-313.0
-313.0
-313.0
-313.0
-313.0
-313.0
-313.0
-313.0
-313.0
-313.0
-313.0
-313.0
-313.0
-313.0
-313.0
-313.0
-313.0
-313.0
-313.0
-313.0
-313.0
-313.0
-313.0
-313.0
-313.0
-313.0
-313.0
-313.0
-313.0
-313.0
-313.0
-313.0
-313.0
-313.0
-313.0
-313.0
-313.0
-313.0
-313.0
-313.0
-313.0
-313.0
-313.0
-313.0
-313.0
-313.0
-313.0
-313.0
-313.0
-313.0
-313.0
-313.0
-313.0
-313.0
-313.0
-313.0
-313.0
-313.0
-313.0
-313.0
-313.0
-313.0
-313.0
-313.0
-313.0
-313.0
-313.0
-313.0
-313.0
-313.0
-313.0
-313.0
-313.0
-313.0
-313.0
-313.0
-313.0
-313.0
-313.0
-313.0
-313.0
-313.0
-313.0
-313.0
-313.0
-313.0
-313.0
-313.0
-313.0
-313.0
-313.0
-313.0
-313.0
-313.0
-313.0
-313.0
-313.0
-313.0
-313.0
-313.0
-313.0
-313.0
-313.0
-313.0
-313.0
-313.0
-313.0
-313.0
-313.0
-313.0
-313.0
-313.0
-313.0
-313.0
-313.0
-313.0
-313.0
-313.0
-313.0
-313.0
-313.0
-313.0
-313.0
-313.0
-313.0
-313.0
-313.0
-313.0
-313.0
-313.0
-313.0
-313.0
-313.0
-313.0
-313.0
-313.0
-313.0
-313.0
-313.0
-313.0
-313.0
-313.0
-313.0
-313.0
-313.0
-313.0
-313.0
-313.0
-313.0
-313.0
-313.0
-313.0
-313.0
-313.0
-313.0
-313.0
-313.0
-313.0
-313.0
-313.0
-313.0
-313.0
-313.0
-313.0
-313.0
-313.0
-313.0
-313.0
-313.0
-313.0
-313.0
-313.0
-313.0
-313.0
-313.0
-313.0
-313.0
-313.0
-313.0
-313.0
-313.0
-313.0
-313.0
-313.0
-313.0
-313.0
-313.0
-313.0
-313.0
-313.0
-313.0
-313.0
-313.0
-313.0
-313.0
-313.0
-313.0
-313.0
-313.0
-313.0
-313.0
-313.0
-313.0
-313.0
-313.0
0.0
0.0
7.0
-88.0
-79.0
-75.0
-56.0
-39.0
-41.0
-27.0
-40.0
-9.0
-75.0
-57.0
-77.0
-59.0
-29.0
-26.0
-35.0
-24.0
-11.0
-35.0
-32.0
-63.0
-27.0
6.0
6.0
-11.0
-11.0
-29.0
-34.0
1.0
-12.0
-16.0
3.0
12.0
26.0
28.0
24.0
32.0
0.0
-12.0
-32.0
-15.0
5.0
-37.0
30.0
24.0
41.0
11.0
37.0
-3.0
11.0
7.0
4.0
16.0
-10.0
-11.0
-5.0
-11.0
20.0
-18.0
29.0
-11.0
-9.0
12.0
6.0
33.0
-2.0
-11.0
-26.0
2.0
-24.0
10.0
-16.0
-33.0
-25.0
-25.0
-16.0
-19.0
5.0
-35.0
14.0
0.0
-2.0
6.0
-6.0
-5.0
-2.0
-12.0
-1.0
-29.0
-28.0
-19.0
-14.0
-48.0
-10.0
-7.0
-4.0
22.0
11.0
-24.0
10.0
-28.0
27.0
-30.0
46.0
54.0
-10.0
22.0
-10.0
-1.0
-33.0
-10.0
-2.0
38.0
0.0
-5.0
15.0
23.0
3.0
24.0
4.0
-1.0
20.0
-41.0
-28.0
-28.0
-1.0
-14.0
-17.0
-29.0
-16.0
-30.0
-45.0
6.0
-11.0
-5.0
4.0
-2.0
7.0
-11.0
-5.0
-22.0
-9.0
14.0
2.0
1.0
0.0
-5.0
22.0
-34.0
17.0
-31.0
-22.0
-44.0
9.0
4.0
4.0
-2.0
-13.0
-11.0
1.0
-1.0
-38.0
6.0
6.0
-7.0
-16.0
-68.0
7.0
-40.0
-18.0
-21.0
31.0
20.0
41.0
28.0
8.0
24.0
5.0
-13.0
-6.0
32.0
-7.0
-7.0
-22.0
-23.0
4.0
4.0
-4.0
2.0
3.0
23.0
10.0
-22.0
-28.0
-10.0
-27.0
-10.0
-4.0
-32.0
-13.0
-39.0
16.0
-10.0
-24.0
-33.0
-16.0
-15.0
-15.0
11.0
7.0
-1.0
0.0
-22.0
-7.0
-11.0
20.0
12.0
-38.0
-13.0
-14.0
13.0
-31.0
28.0
-24.0
-27.0
-4.0
-2.0
-71.0
-24.0
-6.0
-12.0
-16.0
13.0
-27.0
-21.0
28.0
19.0
-11.0
2.0
-11.0
-43.0
-29.0
-3.0
-25.0
-26.0
19.0
0.0
-10.0
-29.0
25.0
-1.0
-10.0
-32.0
-19.0
-20.0
-23.0
8.0
-10.0
-42.0
12.0
1.0
-21.0
0.0
-15.0
-3.0
-6.0
11.0
-17.0
26.0
4.0
7.0
4.0
-13.0
-8.0
-17.0
-15.0
-2.0
-34.0
-18.0
7.0
1.0
12.0
9.0
12.0
17.0
18.0
-5.0
-22.0
-35.0
-30.0
-10.0
-27.0
-13.0
-90.0
-82.0
4.0
-29.0
-14.0
-25.0
-24.0
-14.0
-9.0
-16.0
-9.0
-2.0
-14.0
-2.0
-18.0
4.0
-9.0
4.0
-17.0
29.0
17.0
26.0
13.0
7.0
9.0
-36.0
-27.0
-23.0
0.0
-18.0
-21.0
-4.0
-4.0
15.0
18.0
2.0
18.0
-16.0
10.0
-8.0
-18.0
-12.0
3.0
-14.0
-5.0
-1.0
-20.0
-40.0
-12.0
-5.0
4.0
15.0
26.0
23.0
19.0
1.0
16.0
11.0
-22.0
26.0
-12.0
-9.0
52.0
25.0
-15.0
-4.0
-33.0
-4.0
-28.0
10.0
-2.0
-19.0
1.0
-14.0
-8.0
-3.0
1.0
-10.0
0.0
-44.0
0.0
-4.0
-11.0
18.0
-6.0
7.0
10.0
-25.0
-37.0
-23.0
-29.0
-23.0
-32.0
-17.0
-19.0
-21.0
-15.0
4.0
-3.0
7.0
-24.0
-39.0
-2.0
0.0
22.0
-11.0
38.0
13.0
0.0
-16.0
10.0
12.0
28.0
-4.0
2.0
-9.0
-15.0
-3.0
-4.0
-13.0
12.0
4.0
2.0
-33.0
-75.0
-7.0
-30.0
4.0
22.0
19.0
27.0
32.0
26.0
-65.0
39.0
-11.0
35.0
-28.0
0.0
-8.0
12.0
13.0
-7.0
-5.0
-30.0
1.0
-23.0
-4.0
-20.0
-14.0
2.0
4.0
8.0
17.0
-23.0
-12.0
-30.0
10.0
-6.0
13.0
-46.0
-53.0
-7.0
-4.0
-5.0
-4.0
-37.0
19.0
-19.0
34.0
7.0
7.0
-10.0
8.0
-28.0
-17.0
-39.0
-22.0
-16.0
-53.0
-66.0
-40.0
-61.0
-8.0
16.0
13.0
36.0
90.0
37.0
52.0
93.0
47.0
-1.0
21.0
26.0
71.0
50.0
62.0
42.0
20.0
6.0
-6.0
15.0
26.0
32.0
55.0
3.0
16.0
22.0
54.0
43.0
45.0
34.0
42.0
-45.0
-26.0
-26.0
-48.0
-75.0
-87.0
-73.0
-53.0
-40.0
-55.0
-34.0
-60.0
-39.0
-82.0
-77.0
-31.0
-62.0
-56.0
3.0
2.0
-30.0
26.0
-8.0
11.0
2.0
-27.0
14.0
23.0
-15.0
-19.0
-39.0
-41.0
-61.0
-1.0
-20.0
-21.0
-27.0
-19.0
-14.0
17.0
24.0
11.0
-9.0
19.0
-2.0
6.0
15.0
7.0
5.0
0.0
-10.0
-5.0
19.0
37.0
-16.0
-8.0
-36.0
-18.0
-12.0
-26.0
-9.0
22.0
16.0
6.0
15.0
-99.0
-57.0
-37.0
35.0
14.0
42.0
42.0
36.0
32.0
44.0
57.0
43.0
39.0
31.0
48.0
-23.0
26.0
27.0
10.0
2.0
6.0
31.0
19.0
10.0
-11.0
-22.0
-7.0
9.0
10.0
10.0
0.0
0.0
5.0
-11.0
-9.0
1.0
-27.0
-33.0
-4.0
36.0
7.0
-85.0
-85.0
15.0
3.0
-29.0
24.0
-33.0
28.0
-14.0
25.0
-21.0
-30.0
43.0
30.0
10.0
24.0
47.0
39.0
28.0
25.0
-5.0
8.0
-24.0
-25.0
-26.0
-19.0
6.0
-3.0
-5.0
-3.0
-3.0
-10.0
-52.0
3.0
-36.0
-58.0
-15.0
14.0
-4.0
5.0
3.0
-18.0
-22.0
-39.0
-27.0
-5.0
24.0
-19.0
12.0
0.0
-11.0
-4.0
-33.0
0.0
-26.0
5.0
-21.0
8.0
2.0
-55.0
-24.0
-5.0
13.0
6.0
24.0
6.0
-40.0
-7.0
-34.0
-29.0
6.0
8.0
6.0
2.0
-9.0
8.0
6.0
-1.0
17.0
5.0
24.0
16.0
46.0
22.0
14.0
40.0
-8.0
-11.0
-28.0
-7.0
-41.0
-42.0
-23.0
-52.0
-15.0
-27.0
-10.0
-25.0
-49.0
2.0
-29.0
-49.0
-71.0
-51.0
-13.0
-23.0
-19.0
-71.0
-45.0
-37.0
-16.0
-2.0
4.0
-33.0
5.0
-7.0
14.0
-16.0
15.0
-8.0
15.0
19.0
-12.0
1.0
2.0
6.0
-7.0
-29.0
-16.0
19.0
16.0
10.0
16.0
23.0
10.0
-7.0
16.0
-15.0
-18.0
-15.0
-21.0
-16.0
-25.0
-37.0
-40.0
26.0
-9.0
19.0
4.0
-38.0
-17.0
-9.0
0.0
11.0
28.0
26.0
30.0
7.0
29.0
21.0
2.0
-1.0
-18.0
-38.0
-20.0
2.0
1.0
-9.0
2.0
-32.0
-23.0
-21.0
-17.0
-31.0
17.0
-14.0
2.0
-7.0
8.0
31.0
16.0
-40.0
42.0
0.0
18.0
-12.0
15.0
12.0
-66.0
-20.0
54.0
21.0
54.0
46.0
35.0
24.0
38.0
32.0
14.0
-15.0
53.0
37.0
-32.0
-43.0
-12.0
-53.0
-51.0
-53.0
-5.0
4.0
-10.0
-22.0
6.0
-43.0
-11.0
-45.0
-5.0
-9.0
22.0
-13.0
24.0
26.0
-50.0
6.0
-79.0
35.0
-35.0
8.0
-40.0
-30.0
9.0
15.0
-17.0
9.0
-5.0
-4.0
-18.0
31.0
-35.0
25.0
6.0
-41.0
-9.0
19.0
-6.0
-21.0
-15.0
15.0
0.0
37.0
4.0
-26.0
-42.0
-26.0
34.0
52.0
20.0
-15.0
-36.0
27.0
29.0
-13.0
47.0
-24.0
55.0
22.0
24.0
14.0
20.0
22.0
55.0
49.0
47.0
74.0
60.0
77.0
161.0
170.0
133.0
153.0
150.0
145.0
125.0
100.0
63.0
26.0
-14.0
-24.0
-52.0
-18.0
-86.0
-59.0
-60.0
-108.0
-75.0
-94.0
-68.0
-96.0
-117.0
-59.0
-98.0
-91.0
-27.0
-48.0
-41.0
-89.0
-10.0
-62.0
3.0
-70.0
-57.0
-47.0
-46.0
-52.0
-37.0
-35.0
-30.0
-14.0
-36.0
-19.0
14.0
8.0
-20.0
-3.0
32.0
0.0
7.0
23.0
6.0
-5.0
4.0
3.0
-13.0
-8.0
-17.0
-15.0
8.0
-3.0
-21.0
3.0
4.0
6.0
-24.0
-10.0
-20.0
-2.0
-19.0
-18.0
-27.0
-10.0
-12.0
-16.0
0.0
-30.0
-42.0
-7.0
16.0
11.0
32.0
-17.0
3.0
5.0
2.0
11.0
-21.0
-6.0
-1.0
39.0
-10.0
6.0
9.0
14.0
-23.0
31.0
-28.0
-6.0
13.0
-7.0
17.0
5.0
3.0
-8.0
-17.0
0.0
-19.0
2.0
16.0
-19.0
-31.0
-2.0
-18.0
-9.0
-20.0
6.0
-9.0
-1.0
-17.0
12.0
12.0
19.0
8.0
20.0
-4.0
-28.0
-3.0
3.0
0.0
-28.0
4.0
11.0
6.0
12.0
9.0
10.0
-7.0
-37.0
4.0
-26.0
7.0
-4.0
-21.0
-13.0
-18.0
14.0
-6.0
-16.0
-15.0
37.0
24.0
17.0
9.0
3.0
-34.0
-17.0
-31.0
6.0
12.0
-2.0
-19.0
-13.0
24.0
21.0
13.0
-18.0
5.0
-7.0
15.0
-22.0
10.0
-12.0
26.0
26.0
-7.0
-22.0
-13.0
-17.0
26.0
13.0
-16.0
-28.0
-10.0
-1.0
-9.0
3.0
-33.0
-26.0
-18.0
-30.0
-27.0
-17.0
3.0
0.0
4.0
35.0
16.0
26.0
1.0
-17.0
-16.0
-3.0
0.0
4.0
8.0
-30.0
-15.0
-44.0
-20.0
-20.0
-4.0
-49.0
1.0
-5.0
-22.0
30.0
-9.0
41.0
-15.0
-1.0
-31.0
-15.0
-26.0
-24.0
1.0
-16.0
32.0
-19.0
26.0
2.0
-7.0
-9.0
-5.0
-3.0
3.0
-17.0
-29.0
-21.0
-5.0
-24.0
14.0
-35.0
13.0
11.0
-31.0
11.0
-3.0
-4.0
3.0
-11.0
-11.0
12.0
-11.0
-6.0
-6.0
4.0
-20.0
4.0
-47.0
-11.0
-12.0
-13.0
-16.0
-12.0
25.0
-20.0
13.0
-20.0
13.0
-53.0
43.0
-42.0
0.0
-1.0
-14.0
34.0
-35.0
-1.0
-10.0
-5.0
3.0
-11.0
2.0
0.0
-3.0
9.0
1.0
15.0
-11.0
-14.0
-59.0
-18.0
-31.0
-21.0
-22.0
-18.0
-51.0
-2.0
-17.0
35.0
3.0
4.0
-3.0
-5.0
12.0
-7.0
22.0
-35.0
19.0
5.0
5.0
-31.0
34.0
39.0
4.0
-7.0
-5.0
-32.0
2.0
-1.0
-13.0
-12.0
-7.0
-18.0
22.0
-30.0
17.0
3.0
5.0
-12.0
-20.0
-6.0
-4.0
-7.0
0.0
-6.0
16.0
-1.0
-13.0
-2.0
38.0
-5.0
-13.0
-16.0
-41.0
-3.0
-10.0
26.0
-16.0
40.0
-22.0
30.0
-54.0
-45.0
-30.0
-16.0
19.0
-33.0
-16.0
19.0
-36.0
-9.0
-5.0
-6.0
-7.0
-5.0
13.0
-2.0
33.0
-6.0
-2.0
0.0
4.0
-4.0
-12.0
-5.0
-18.0
-24.0
-57.0
-17.0
0.0
-23.0
-12.0
4.0
7.0
13.0
-2.0
29.0
-9.0
-3.0
-19.0
-12.0
7.0
14.0
-25.0
11.0
12.0
14.0
11.0
5.0
-28.0
-18.0
-21.0
-24.0
19.0
-18.0
-19.0
-16.0
-9.0
-25.0
-18.0
-31.0
7.0
1.0
23.0
13.0
4.0
-9.0
-1.0
1.0
-18.0
7.0
8.0
-10.0
8.0
15.0
-4.0
1.0
32.0
21.0
8.0
-14.0
1.0
3.0
2.0
6.0
11.0
-8.0
23.0
20.0
14.0
4.0
-17.0
-13.0
8.0
-11.0
-33.0
-22.0
-17.0
-35.0
7.0
-30.0
-10.0
-5.0
-59.0
-5.0
-37.0
-24.0
-3.0
-4.0
8.0
-13.0
32.0
31.0
-1.0
36.0
20.0
-23.0
5.0
-16.0
-4.0
-55.0
-28.0
-44.0
-9.0
-11.0
21.0
-4.0
12.0
-11.0
23.0
5.0
7.0
7.0
-25.0
11.0
9.0
6.0
-14.0
11.0
-12.0
27.0
-46.0
-46.0
-30.0
-8.0
-4.0
-17.0
1.0
-13.0
-10.0
-45.0
27.0
17.0
3.0
-15.0
14.0
-2.0
13.0
-5.0
-29.0
-30.0
-9.0
-6.0
0.0
-37.0
-13.0
-42.0
7.0
9.0
31.0
-25.0
-22.0
-11.0
-23.0
10.0
-8.0
-9.0
-20.0
-27.0
-12.0
3.0
18.0
22.0
12.0
4.0
18.0
27.0
8.0
30.0
9.0
39.0
-13.0
-10.0
1.0
9.0
-16.0
-37.0
-39.0
-32.0
-26.0
-32.0
-24.0
-25.0
-34.0
-9.0
-8.0
-25.0
-15.0
-7.0
7.0
25.0
3.0
6.0
-4.0
-5.0
9.0
-3.0
15.0
9.0
19.0
14.0
-12.0
-15.0
-38.0
-30.0
-5.0
0.0
-42.0
-38.0
-23.0
10.0
-5.0
3.0
-45.0
17.0
-32.0
-24.0
-3.0
-7.0
10.0
11.0
13.0
8.0
32.0
-19.0
-31.0
-39.0
55.0
0.0
44.0
3.0
-9.0
-10.0
-35.0
18.0
-16.0
29.0
-29.0
14.0
-26.0
-26.0
-10.0
-4.0
-13.0
-15.0
-22.0
-3.0
-39.0
-22.0
-61.0
-27.0
-23.0
-13.0
25.0
-33.0
11.0
-15.0
6.0
-20.0
26.0
15.0
13.0
16.0
6.0
9.0
4.0
17.0
-26.0
-17.0
-27.0
-3.0
-30.0
-41.0
29.0
25.0
5.0
-18.0
-2.0
-6.0
6.0
14.0
-3.0
5.0
3.0
-1.0
40.0
-31.0
68.0
8.0
37.0
-1.0
-16.0
-6.0
-16.0
-31.0
28.0
-8.0
45.0
-35.0
13.0
8.0
5.0
5.0
-16.0
27.0
-28.0
-17.0
-43.0
14.0
-37.0
22.0
-23.0
-21.0
-23.0
-4.0
3.0
-7.0
2.0
-12.0
14.0
7.0
10.0
2.0
-12.0
-24.0
11.0
-7.0
37.0
-16.0
-20.0
-20.0
-22.0
-27.0
-11.0
0.0
-49.0
-12.0
-3.0
-29.0
-23.0
-11.0
15.0
15.0
0.0
52.0
-16.0
51.0
-20.0
1.0
-23.0
45.0
32.0
30.0
69.0
24.0
40.0
0.0
-25.0
2.0
-34.0
12.0
-15.0
-12.0
-5.0
-18.0
14.0
9.0
-27.0
-9.0
27.0
4.0
-15.0
-17.0
-19.0
-16.0
3.0
-36.0
2.0
-40.0
56.0
-17.0
30.0
30.0
-39.0
-5.0
-61.0
31.0
-10.0
3.0
-16.0
-10.0
3.0
11.0
24.0
-11.0
22.0
-7.0
18.0
-20.0
35.0
-22.0
13.0
14.0
-54.0
44.0
-18.0
33.0
-52.0
-4.0
-29.0
-13.0
-28.0
-30.0
-63.0
-7.0
-6.0
-8.0
-17.0
-16.0
-23.0
22.0
-46.0
-40.0
-7.0
-17.0
-16.0
-7.0
33.0
-43.0
13.0
-35.0
5.0
9.0
-42.0
-27.0
-76.0
-44.0
-64.0
-1.0
12.0
9.0
6.0
8.0
1.0
-9.0
4.0
-20.0
-16.0
-7.0
23.0
3.0
2.0
6.0
15.0
-13.0
0.0
-17.0
-13.0
13.0
5.0
10.0
0.0
-7.0
6.0
-23.0
-6.0
-20.0
20.0
1.0
7.0
-22.0
-11.0
-21.0
-16.0
1.0
4.0
17.0
5.0
3.0
32.0
24.0
11.0
10.0
3.0
-15.0
-10.0
-4.0
-24.0
2.0
5.0
22.0
26.0
26.0
-5.0
-38.0
-22.0
-47.0
8.0
-34.0
0.0
-8.0
-15.0
-6.0
-11.0
-14.0
-10.0
-7.0
14.0
6.0
-4.0
0.0
-5.0
0.0
6.0
25.0
-4.0
-3.0
-26.0
9.0
3.0
19.0
-6.0
5.0
1.0
-8.0
0.0
19.0
-3.0
-9.0
-7.0
1.0
13.0
14.0
26.0
3.0
20.0
-5.0
3.0
-28.0
-14.0
-13.0
-36.0
-37.0
-34.0
-24.0
-33.0
-37.0
-97.0
-42.0
11.0
74.0
45.0
49.0
47.0
-10.0
-7.0
1.0
11.0
9.0
25.0
-5.0
-2.0
-9.0
-50.0
-39.0
-56.0
-55.0
-28.0
-30.0
-16.0
-23.0
-1.0
-5.0
4.0
-11.0
-29.0
17.0
23.0
-13.0
-15.0
14.0
17.0
16.0
8.0
-4.0
-9.0
-19.0
-22.0
2.0
-5.0
6.0
-12.0
-23.0
11.0
-26.0
-17.0
-40.0
-2.0
-4.0
2.0
-1.0
-3.0
-9.0
-14.0
-8.0
9.0
48.0
-5.0
22.0
-39.0
-37.0
-4.0
-12.0
-3.0
22.0
-22.0
9.0
-13.0
14.0
-2.0
37.0
0.0
-19.0
20.0
17.0
9.0
-21.0
-2.0
-12.0
-8.0
-39.0
16.0
16.0
-11.0
-17.0
-12.0
5.0
-7.0
12.0
-13.0
28.0
-24.0
-17.0
25.0
-11.0
11.0
-26.0
20.0
-33.0
-9.0
-15.0
-38.0
-39.0
-15.0
3.0
35.0
-6.0
37.0
9.0
17.0
-36.0
-37.0
-43.0
-53.0
-19.0
3.0
-7.0
-7.0
-22.0
14.0
-2.0
31.0
0.0
-70.0
-8.0
36.0
18.0
14.0
18.0
-3.0
-14.0
0.0
-9.0
-20.0
-6.0
-40.0
-47.0
-9.0
-3.0
-5.0
-6.0
11.0
14.0
-2.0
-6.0
8.0
-4.0
-1.0
8.0
-17.0
-1.0
3.0
-5.0
4.0
-3.0
0.0
-8.0
-25.0
-7.0
17.0
-3.0
13.0
12.0
11.0
11.0
2.0
-14.0
-51.0
12.0
15.0
-22.0
36.0
28.0
-20.0
9.0
-34.0
12.0
-11.0
-55.0
-18.0
-12.0
-8.0
-11.0
-20.0
-42.0
-23.0
-33.0
-43.0
-16.0
22.0
-34.0
-14.0
3.0
10.0
-129.0
16.0
-6.0
5.0
-7.0
-1.0
-3.0
-10.0
-12.0
13.0
-8.0
-1.0
46.0
0.0
0.0
-34.0
9.0
16.0
9.0
-12.0
13.0
12.0
16.0
-25.0
5.0
-10.0
17.0
-68.0
-61.0
14.0
-47.0
-39.0
59.0
-17.0
-17.0
-22.0
-15.0
-2.0
4.0
6.0
8.0
10.0
-15.0
13.0
3.0
19.0
-18.0
-9.0
-23.0
-21.0
-17.0
-30.0
3.0
14.0
9.0
-9.0
22.0
-9.0
-15.0
17.0
24.0
33.0
35.0
-4.0
38.0
-39.0
-11.0
-13.0
-14.0
31.0
26.0
-8.0
4.0
-15.0
-30.0
21.0
-27.0
-9.0
5.0
-16.0
7.0
28.0
0.0
23.0
13.0
3.0
-2.0
-31.0
-20.0
-31.0
-23.0
-7.0
-63.0
15.0
-50.0
46.0
36.0
107.0
156.0
153.0
161.0
71.0
84.0
43.0
61.0
4.0
18.0
-30.0
-7.0
39.0
11.0
26.0
4.0
30.0
27.0
4.0
-13.0
-25.0
-42.0
-25.0
-40.0
-64.0
-42.0
-72.0
-8.0
-106.0
-25.0
-65.0
-61.0
-62.0
-37.0
-24.0
-44.0
-21.0
-62.0
-44.0
-20.0
-7.0
-5.0
-11.0
-31.0
-58.0
-14.0
-62.0
-12.0
-61.0
-11.0
-28.0
-30.0
-12.0
-49.0
-9.0
-45.0
28.0
-39.0
-25.0
-12.0
-35.0
-37.0
15.0
-25.0
32.0
-36.0
-4.0
-4.0
50.0
-49.0
16.0
20.0
-36.0
43.0
-8.0
26.0
-28.0
-18.0
-13.0
-26.0
-31.0
-34.0
11.0
-8.0
7.0
-27.0
27.0
2.0
4.0
-13.0
-26.0
-30.0
-42.0
-26.0
-29.0
2.0
-15.0
-27.0
-18.0
-3.0
-23.0
-29.0
-35.0
-23.0
-25.0
0.0
-3.0
0.0
-14.0
3.0
19.0
24.0
2.0
-2.0
-8.0
29.0
2.0
15.0
10.0
16.0
7.0
15.0
10.0
20.0
0.0
-9.0
8.0
34.0
-12.0
14.0
27.0
25.0
28.0
1.0
2.0
5.0
13.0
16.0
-8.0
30.0
15.0
6.0
16.0
8.0
27.0
9.0
-14.0
15.0
-58.0
24.0
-5.0
-12.0
11.0
-20.0
-10.0
-30.0
13.0
-31.0
15.0
-32.0
46.0
42.0
8.0
31.0
-39.0
20.0
-38.0
27.0
-48.0
15.0
-31.0
-35.0
-33.0
8.0
-3.0
-29.0
3.0
-12.0
-1.0
-53.0
-12.0
-11.0
18.0
11.0
19.0
-20.0
11.0
-34.0
9.0
-37.0
15.0
11.0
8.0
-1.0
49.0
-8.0
9.0
-9.0
-5.0
-33.0
-28.0
-39.0
0.0
-14.0
28.0
-13.0
-36.0
36.0
-25.0
50.0
7.0
-7.0
26.0
3.0
26.0
-3.0
17.0
1.0
0.0
-17.0
23.0
20.0
13.0
34.0
25.0
-25.0
-2.0
-11.0
4.0
60.0
12.0
13.0
44.0
36.0
41.0
23.0
26.0
-4.0
4.0
3.0
12.0
9.0
42.0
-35.0
-14.0
-20.0
8.0
9.0
-4.0
7.0
-10.0
-25.0
21.0
-30.0
57.0
-38.0
31.0
-36.0
2.0
-24.0
17.0
16.0
-5.0
-33.0
26.0
-1.0
30.0
-22.0
1.0
-63.0
24.0
25.0
3.0
-5.0
-11.0
-7.0
1.0
-33.0
-30.0
1.0
2.0
4.0
-4.0
15.0
-15.0
19.0
-8.0
-7.0
-7.0
-3.0
-13.0
-24.0
6.0
-20.0
6.0
-22.0
2.0
5.0
-8.0
-43.0
0.0
8.0
-12.0
-30.0
-33.0
35.0
5.0
5.0
-13.0
24.0
-17.0
2.0
-2.0
-49.0
-9.0
-14.0
26.0
-22.0
-49.0
-22.0
-23.0
-34.0
-21.0
-34.0
1.0
-28.0
21.0
-21.0
-2.0
14.0
-40.0
-25.0
-24.0
-8.0
23.0
13.0
6.0
-17.0
-5.0
8.0
24.0
36.0
11.0
1.0
-4.0
1.0
-19.0
-25.0
-11.0
1.0
3.0
16.0
-17.0
-24.0
-21.0
-5.0
-26.0
-27.0
-38.0
14.0
-13.0
-9.0
-20.0
-42.0
4.0
-11.0
29.0
27.0
34.0
6.0
-11.0
9.0
-19.0
5.0
-9.0
6.0
23.0
20.0
3.0
-19.0
-14.0
-3.0
-28.0
-4.0
-12.0
23.0
-25.0
-1.0
-36.0
1.0
-34.0
-28.0
-3.0
-23.0
-33.0
-18.0
-49.0
-4.0
17.0
-15.0
-2.0
0.0
3.0
-42.0
-15.0
3.0
-15.0
-2.0
-3.0
12.0
-7.0
-22.0
20.0
-13.0
-5.0
10.0
8.0
-15.0
-22.0
2.0
24.0
27.0
6.0
-28.0
8.0
14.0
-4.0
-7.0
9.0
17.0
-4.0
-10.0
-8.0
5.0
-6.0
-33.0
-6.0
-42.0
-27.0
-29.0
39.0
29.0
14.0
2.0
-7.0
0.0
-12.0
30.0
28.0
16.0
13.0
9.0
-13.0
33.0
12.0
21.0
6.0
-14.0
-23.0
-25.0
-13.0
-13.0
-15.0
-31.0
-13.0
25.0
15.0
3.0
28.0
-1.0
24.0
25.0
4.0
15.0
-36.0
16.0
-28.0
29.0
-15.0
17.0
-10.0
-16.0
-27.0
-37.0
-18.0
-16.0
-28.0
-33.0
-45.0
-38.0
-18.0
-17.0
4.0
14.0
-9.0
1.0
-2.0
-4.0
-3.0
-18.0
-36.0
-33.0
4.0
-20.0
-30.0
-20.0
-26.0
-8.0
-14.0
-10.0
9.0
18.0
-22.0
6.0
7.0
-12.0
-16.0
-24.0
-17.0
-18.0
-2.0
5.0
-28.0
-2.0
4.0
8.0
8.0
7.0
15.0
8.0
4.0
-7.0
-10.0
13.0
13.0
18.0
12.0
-2.0
15.0
-14.0
-40.0
-40.0
9.0
10.0
-9.0
22.0
-6.0
-40.0
-30.0
-1.0
11.0
2.0
-8.0
2.0
-36.0
14.0
23.0
-16.0
-20.0
11.0
-5.0
4.0
-7.0
6.0
-17.0
-10.0
-18.0
-4.0
-17.0
-20.0
6.0
7.0
-39.0
-24.0
-26.0
-40.0
-15.0
-14.0
-15.0
26.0
1.0
8.0
29.0
41.0
-9.0
50.0
24.0
20.0
19.0
-4.0
2.0
9.0
-1.0
-46.0
21.0
-1.0
18.0
24.0
34.0
-2.0
0.0
-5.0
-10.0
-7.0
-6.0
-14.0
5.0
-13.0
-22.0
-1.0
-21.0
-17.0
-10.0
7.0
-12.0
34.0
-18.0
-21.0
2.0
26.0
27.0
30.0
10.0
-20.0
-22.0
-22.0
-41.0
41.0
-19.0
-13.0
-30.0
-32.0
35.0
-9.0
-9.0
-4.0
13.0
13.0
8.0
-7.0
-18.0
-21.0
3.0
-6.0
9.0
-21.0
-32.0
-33.0
1.0
-11.0
-9.0
-8.0
-6.0
-34.0
-28.0
-37.0
23.0
2.0
-12.0
-15.0
-2.0
-8.0
15.0
-31.0
-18.0
7.0
4.0
-13.0
-4.0
0.0
-33.0
-35.0
-31.0
-22.0
17.0
-11.0
7.0
-3.0
-2.0
-52.0
56.0
52.0
-37.0
5.0
-28.0
-5.0
-18.0
-9.0
-25.0
15.0
24.0
13.0
6.0
-20.0
-17.0
-43.0
38.0
37.0
10.0
-20.0
-38.0
-43.0
-31.0
-34.0
15.0
13.0
16.0
-1.0
16.0
13.0
-9.0
-8.0
11.0
-2.0
10.0
26.0
-9.0
-2.0
18.0
2.0
-6.0
5.0
34.0
21.0
8.0
20.0
1.0
11.0
23.0
-33.0
2.0
30.0
-20.0
-11.0
-15.0
-34.0
-25.0
-2.0
24.0
2.0
-7.0
-11.0
-2.0
-2.0
-34.0
-62.0
-43.0
-30.0
0.0
31.0
-9.0
-12.0
-3.0
3.0
-7.0
-14.0
-8.0
-14.0
-21.0
-19.0
-23.0
-19.0
-24.0
15.0
-24.0
-30.0
7.0
5.0
-4.0
-40.0
-31.0
-27.0
-23.0
-5.0
-35.0
-10.0
11.0
8.0
13.0
19.0
1.0
-4.0
-13.0
-10.0
6.0
-1.0
-3.0
-17.0
-16.0
-1.0
-25.0
-26.0
13.0
-1.0
35.0
-22.0
-21.0
-38.0
-24.0
-48.0
-8.0
-2.0
-24.0
20.0
3.0
46.0
6.0
9.0
31.0
12.0
11.0
11.0
39.0
-9.0
20.0
-22.0
11.0
-2.0
2.0
10.0
-10.0
-11.0
-40.0
12.0
-9.0
-3.0
-14.0
-17.0
-17.0
20.0
-10.0
-6.0
30.0
-1.0
14.0
15.0
26.0
8.0
15.0
-50.0
-18.0
-11.0
-34.0
26.0
-33.0
30.0
-30.0
-14.0
-23.0
-22.0
-29.0
-40.0
-22.0
5.0
-37.0
35.0
-39.0
27.0
-15.0
-7.0
-11.0
-9.0
-4.0
-13.0
8.0
8.0
18.0
9.0
-23.0
-16.0
1.0
8.0
20.0
-3.0
4.0
-18.0
16.0
24.0
-20.0
-8.0
-7.0
-16.0
2.0
18.0
-24.0
-8.0
2.0
12.0
47.0
-11.0
-21.0
-11.0
5.0
13.0
11.0
25.0
-9.0
-9.0
2.0
-26.0
-21.0
-27.0
6.0
-3.0
-25.0
-16.0
-26.0
-9.0
-3.0
-28.0
-11.0
-6.0
-7.0
-33.0
0.0
-43.0
-8.0
-13.0
-15.0
-5.0
-1.0
-4.0
0.0
0.0
-11.0
-16.0
7.0
-34.0
-45.0
-5.0
5.0
-5.0
-3.0
-5.0
-15.0
-29.0
-22.0
-13.0
8.0
20.0
-16.0
-18.0
23.0
6.0
11.0
17.0
-4.0
1.0
-11.0
-17.0
-19.0
-29.0
-11.0
-2.0
-27.0
24.0
13.0
-3.0
-23.0
32.0
11.0
2.0
-10.0
3.0
-3.0
6.0
-60.0
-8.0
-6.0
-23.0
7.0
-3.0
-18.0
-29.0
2.0
-5.0
-5.0
-9.0
-4.0
16.0
20.0
29.0
6.0
-1.0
33.0
12.0
5.0
0.0
14.0
-9.0
1.0
-9.0
6.0
-16.0
4.0
-21.0
0.0
-16.0
-32.0
-10.0
-26.0
-26.0
-8.0
-15.0
10.0
-8.0
22.0
3.0
-1.0
-5.0
13.0
7.0
-6.0
24.0
22.0
9.0
7.0
11.0
-7.0
19.0
-16.0
-14.0
-1.0
2.0
-4.0
-7.0
-13.0
6.0
-27.0
4.0
-26.0
-22.0
-19.0
1.0
9.0
-6.0
49.0
31.0
43.0
12.0
26.0
31.0
29.0
-4.0
-8.0
-15.0
14.0
-14.0
-9.0
46.0
43.0
48.0
-15.0
21.0
-9.0
33.0
6.0
2.0
-53.0
-38.0
-7.0
-9.0
22.0
-31.0
-6.0
-52.0
11.0
-17.0
-11.0
14.0
-5.0
-4.0
27.0
23.0
20.0
-7.0
20.0
45.0
-7.0
27.0
4.0
4.0
8.0
-14.0
-11.0
-11.0
-15.0
-9.0
-20.0
-11.0
-24.0
-37.0
-28.0
-3.0
-23.0
-16.0
-20.0
24.0
-9.0
-4.0
17.0
26.0
25.0
13.0
9.0
-22.0
4.0
-12.0
20.0
-16.0
-33.0
-38.0
18.0
-23.0
16.0
0.0
-17.0
-3.0
10.0
-42.0
-41.0
-35.0
-15.0
-3.0
3.0
10.0
-3.0
23.0
-8.0
-19.0
-37.0
-43.0
-7.0
11.0
-3.0
-6.0
-14.0
-30.0
-35.0
7.0
-15.0
-13.0
-37.0
-16.0
9.0
-7.0
3.0
-59.0
-14.0
20.0
28.0
35.0
-4.0
5.0
5.0
6.0
17.0
-16.0
11.0
2.0
2.0
5.0
13.0
10.0
23.0
5.0
18.0
-7.0
15.0
-37.0
-36.0
-38.0
-20.0
24.0
13.0
-10.0
22.0
36.0
27.0
-4.0
14.0
20.0
28.0
26.0
14.0
9.0
-35.0
-19.0
-23.0
-21.0
24.0
27.0
-14.0
-26.0
-10.0
-9.0
-1.0
11.0
11.0
-6.0
-5.0
2.0
4.0
5.0
5.0
-11.0
27.0
11.0
16.0
0.0
18.0
14.0
10.0
5.0
2.0
26.0
-18.0
4.0
16.0
22.0
1.0
5.0
8.0
-7.0
2.0
-27.0
-16.0
4.0
2.0
-8.0
-18.0
-12.0
-12.0
-40.0
1.0
-6.0
27.0
-46.0
-6.0
59.0
0.0
-4.0
20.0
13.0
28.0
25.0
-3.0
5.0
2.0
16.0
7.0
-7.0
-9.0
-16.0
-32.0
-51.0
-29.0
-13.0
-31.0
-20.0
-17.0
-7.0
9.0
-28.0
-21.0
-35.0
-9.0
-33.0
-25.0
-22.0
-4.0
1.0
8.0
32.0
18.0
-3.0
17.0
2.0
2.0
-15.0
-13.0
-12.0
-10.0
-19.0
-7.0
-30.0
-38.0
-23.0
-8.0
22.0
9.0
16.0
7.0
-5.0
39.0
-7.0
22.0
12.0
-13.0
-8.0
-2.0
-8.0
-13.0
-11.0
-21.0
-22.0
-6.0
-17.0
-11.0
5.0
11.0
12.0
-4.0
-7.0
16.0
24.0
23.0
29.0
28.0
-4.0
-7.0
-7.0
-22.0
-7.0
-7.0
34.0
-28.0
13.0
-7.0
-8.0
-28.0
-36.0
-10.0
-22.0
-16.0
-74.0
10.0
-2.0
30.0
-1.0
8.0
10.0
1.0
-1.0
-13.0
-16.0
-4.0
-18.0
-39.0
-36.0
-30.0
-28.0
-27.0
9.0
9.0
0.0
26.0
15.0
8.0
16.0
18.0
13.0
16.0
2.0
-9.0
-14.0
6.0
-5.0
33.0
-14.0
6.0
10.0
10.0
-20.0
-22.0
13.0
-42.0
-19.0
1.0
24.0
-9.0
-9.0
3.0
-25.0
-13.0
15.0
32.0
7.0
42.0
16.0
39.0
37.0
-28.0
-6.0
9.0
16.0
-9.0
-6.0
-46.0
-6.0
-25.0
-32.0
-14.0
-11.0
-1.0
-11.0
-15.0
-1.0
12.0
-19.0
0.0
8.0
2.0
-32.0
7.0
17.0
18.0
31.0
0.0
-8.0
-2.0
0.0
9.0
-22.0
-1.0
-28.0
-24.0
-26.0
-12.0
-48.0
1.0
-7.0
-45.0
7.0
-20.0
2.0
-29.0
16.0
12.0
28.0
2.0
6.0
-13.0
-14.0
-15.0
5.0
-22.0
-2.0
7.0
-13.0
-3.0
-7.0
-6.0
0.0
30.0
5.0
11.0
11.0
-11.0
-22.0
-29.0
-26.0
-10.0
-33.0
-9.0
-12.0
-2.0
17.0
9.0
9.0
14.0
8.0
37.0
22.0
-2.0
-12.0
-13.0
5.0
-16.0
12.0
-1.0
-1.0
0.0
-29.0
-11.0
-15.0
-36.0
-10.0
-4.0
-10.0
-17.0
-22.0
9.0
22.0
2.0
30.0
-7.0
10.0
-20.0
0.0
-1.0
-2.0
-22.0
-47.0
-25.0
19.0
-28.0
-4.0
-4.0
-3.0
4.0
6.0
8.0
-17.0
0.0
-13.0
-44.0
-13.0
-15.0
-13.0
19.0
9.0
7.0
2.0
9.0
12.0
27.0
24.0
24.0
-24.0
-15.0
-17.0
-19.0
-20.0
-1.0
-6.0
-7.0
-4.0
1.0
3.0
-10.0
-19.0
-25.0
-38.0
-14.0
-20.0
8.0
-6.0
-3.0
-3.0
1.0
6.0
11.0
5.0
-4.0
-11.0
-9.0
16.0
13.0
-4.0
13.0
11.0
-9.0
-2.0
10.0
-16.0
6.0
13.0
-2.0
-26.0
-35.0
-33.0
-31.0
-22.0
-27.0
5.0
1.0
3.0
19.0
-13.0
2.0
1.0
-4.0
-16.0
-42.0
-24.0
15.0
-12.0
2.0
-11.0
21.0
23.0
19.0
16.0
-8.0
25.0
-19.0
-6.0
-12.0
-13.0
-2.0
1.0
-11.0
-13.0
-7.0
-1.0
-14.0
1.0
-5.0
5.0
-7.0
-6.0
8.0
14.0
-20.0
-4.0
10.0
-9.0
-3.0
22.0
-12.0
-24.0
27.0
12.0
9.0
-2.0
8.0
16.0
7.0
20.0
-11.0
-13.0
1.0
-24.0
2.0
3.0
-12.0
-5.0
-26.0
3.0
-17.0
-15.0
21.0
-14.0
3.0
-12.0
-4.0
13.0
20.0
10.0
-10.0
-6.0
-37.0
-14.0
-28.0
-12.0
-10.0
-17.0
-22.0
-21.0
6.0
10.0
-31.0
6.0
-9.0
-13.0
-13.0
4.0
-22.0
-24.0
-24.0
-28.0
-15.0
17.0
-28.0
10.0
3.0
18.0
-18.0
9.0
-46.0
-44.0
16.0
-14.0
10.0
-22.0
-3.0
-10.0
32.0
-24.0
1.0
1.0
-36.0
16.0
16.0
13.0
-13.0
-1.0
10.0
9.0
-3.0
-1.0
8.0
-30.0
18.0
42.0
3.0
-5.0
9.0
-13.0
2.0
3.0
-18.0
21.0
-24.0
-2.0
20.0
-2.0
-4.0
-12.0
-6.0
-12.0
7.0
16.0
10.0
-2.0
-24.0
-15.0
-18.0
-36.0
-12.0
-10.0
-61.0
-18.0
9.0
2.0
-11.0
30.0
22.0
-6.0
78.0
64.0
2.0
-17.0
-20.0
-22.0
-21.0
19.0
-20.0
-15.0
-20.0
-42.0
9.0
-4.0
15.0
11.0
-24.0
-6.0
6.0
-21.0
-16.0
-14.0
3.0
-5.0
-18.0
17.0
18.0
-3.0
14.0
13.0
-21.0
-25.0
1.0
0.0
6.0
-9.0
2.0
-2.0
-2.0
17.0
-1.0
-8.0
-19.0
-22.0
-44.0
46.0
-8.0
11.0
6.0
31.0
-20.0
-30.0
-7.0
-1.0
-13.0
37.0
-31.0
-8.0
20.0
-26.0
12.0
26.0
-2.0
11.0
-2.0
-5.0
9.0
-2.0
-10.0
-25.0
8.0
17.0
-25.0
-25.0
-16.0
-9.0
-33.0
-36.0
2.0
-14.0
-2.0
-9.0
-27.0
-13.0
-9.0
-5.0
-3.0
-8.0
-25.0
9.0
-6.0
-10.0
41.0
5.0
10.0
-14.0
33.0
6.0
8.0
-11.0
-13.0
-48.0
-22.0
-64.0
-190.0
-313.0
-313.0
-313.0
-313.0
-313.0
-209.0
-244.0
-90.0
184.0
313.0
207.0
313.0
313.0
313.0
313.0
313.0
313.0
313.0
313.0
313.0
313.0
289.0
287.0
313.0
313.0
313.0
313.0
313.0
311.0
187.0
18.0
181.0
31.0
28.0
26.0
199.0
236.0
313.0
313.0
313.0
313.0
313.0
313.0
301.0
278.0
208.0
201.0
112.0
59.0
-1.0
-14.0
51.0
29.0
32.0
-7.0
-39.0
-49.0
-97.0
-116.0
-129.0
-145.0
-173.0
-210.0
-202.0
-245.0
-246.0
-250.0
-247.0
-313.0
-294.0
-296.0
-296.0
-296.0
-298.0
-270.0
-220.0
-216.0
-191.0
-183.0
-201.0
-191.0
-195.0
-191.0
-181.0
-133.0
-134.0
-122.0
-132.0
-107.0
-106.0
-82.0
-93.0
-94.0
-50.0
-45.0
-42.0
-48.0
-29.0
-58.0
-36.0
-65.0
-107.0
-77.0
-86.0
-65.0
-16.0
-32.0
-87.0
-40.0
-54.0
-84.0
-84.0
-57.0
-75.0
-94.0
-93.0
-73.0
-51.0
-25.0
-24.0
-38.0
-53.0
-60.0
-32.0
-43.0
-24.0
-30.0
-51.0
-68.0
-33.0
-94.0
-83.0
-55.0
-91.0
-56.0
-53.0
-37.0
-15.0
21.0
-17.0
33.0
28.0
63.0
5.0
23.0
6.0
-5.0
10.0
-7.0
-39.0
-24.0
-59.0
-31.0
-20.0
0.0
-11.0
-12.0
-56.0
-3.0
-31.0
-27.0
-21.0
-8.0
-4.0
34.0
-33.0
8.0
11.0
30.0
55.0
65.0
13.0
38.0
40.0
48.0
74.0
49.0
20.0
22.0
45.0
32.0
45.0
28.0
22.0
18.0
14.0
-4.0
22.0
-17.0
-9.0
4.0
9.0
-17.0
1.0
51.0
37.0
33.0
22.0
6.0
8.0
-3.0
-8.0
53.0
2.0
30.0
-18.0
-5.0
-2.0
-32.0
-22.0
12.0
-28.0
-4.0
25.0
-7.0
-32.0
-27.0
-4.0
12.0
22.0
18.0
13.0
32.0
22.0
23.0
30.0
27.0
35.0
35.0
35.0
19.0
2.0
-5.0
17.0
40.0
19.0
30.0
-15.0
-14.0
-33.0
-29.0
-25.0
-75.0
20.0
-18.0
-19.0
14.0
-32.0
39.0
7.0
3.0
2.0
-12.0
30.0
22.0
34.0
32.0
12.0
-20.0
-15.0
-4.0
-4.0
25.0
5.0
19.0
24.0
17.0
44.0
29.0
10.0
15.0
-40.0
49.0
-26.0
13.0
13.0
-2.0
-1.0
-3.0
-6.0
21.0
13.0
21.0
42.0
6.0
22.0
64.0
45.0
62.0
41.0
27.0
5.0
13.0
-9.0
18.0
3.0
-33.0
-6.0
-57.0
-22.0
-24.0
1.0
-66.0
-15.0
8.0
-2.0
-9.0
-11.0
-28.0
6.0
-18.0
26.0
-15.0
22.0
6.0
20.0
52.0
5.0
0.0
-18.0
-28.0
11.0
-11.0
8.0
-52.0
8.0
-29.0
-7.0
15.0
-30.0
1.0
17.0
13.0
29.0
-8.0
12.0
26.0
-19.0
18.0
14.0
3.0
26.0
23.0
5.0
-20.0
-51.0
-21.0
-71.0
-34.0
0.0
9.0
30.0
26.0
31.0
7.0
16.0
-21.0
-31.0
-45.0
-26.0
7.0
32.0
34.0
-4.0
9.0
-14.0
-10.0
12.0
-38.0
-18.0
-13.0
21.0
27.0
-22.0
-13.0
-79.0
-38.0
10.0
12.0
11.0
3.0
-5.0
-4.0
-67.0
-43.0
-46.0
-34.0
-7.0
-18.0
39.0
13.0
-3.0
29.0
37.0
12.0
21.0
20.0
30.0
-5.0
-17.0
-2.0
-23.0
-26.0
-25.0
-30.0
-52.0
-53.0
-15.0
-14.0
-44.0
3.0
4.0
33.0
-8.0
-6.0
-23.0
-13.0
-2.0
-25.0
17.0
-4.0
-1.0
-32.0
-21.0
-16.0
-16.0
-36.0
7.0
-34.0
-9.0
-3.0
15.0
-22.0
-27.0
-39.0
0.0
4.0
1.0
9.0
-19.0
-35.0
4.0
-7.0
-4.0
0.0
-4.0
22.0
15.0
16.0
0.0
4.0
10.0
-10.0
1.0
-7.0
-7.0
-11.0
-4.0
-8.0
2.0
5.0
-30.0
3.0
-47.0
22.0
-20.0
-19.0
-24.0
-13.0
-38.0
36.0
15.0
32.0
11.0
20.0
-1.0
-9.0
8.0
-33.0
2.0
11.0
-4.0
-27.0
-28.0
9.0
12.0
6.0
-11.0
18.0
0.0
2.0
-11.0
-4.0
13.0
-38.0
6.0
3.0
29.0
24.0
-3.0
11.0
-4.0
1.0
1.0
-33.0
-13.0
-43.0
-22.0
-18.0
-21.0
4.0
-1.0
29.0
2.0
23.0
9.0
11.0
11.0
36.0
11.0
8.0
-1.0
4.0
-2.0
0.0
-7.0
-27.0
9.0
-43.0
-9.0
-25.0
6.0
-5.0
9.0
-13.0
0.0
10.0
-30.0
3.0
-21.0
-5.0
11.0
-2.0
-3.0
13.0
5.0
-8.0
34.0
30.0
4.0
-26.0
-15.0
10.0
-27.0
-21.0
-20.0
-21.0
-30.0
-2.0
-28.0
-39.0
-11.0
-24.0
-12.0
-17.0
-46.0
-52.0
-8.0
7.0
10.0
11.0
7.0
5.0
-14.0
-8.0
26.0
-4.0
-8.0
4.0
2.0
-5.0
-3.0
-3.0
-8.0
-31.0
-25.0
-38.0
14.0
-26.0
17.0
-28.0
-22.0
-1.0
-1.0
-1.0
20.0
-1.0
24.0
21.0
26.0
3.0
-13.0
-27.0
-9.0
5.0
-4.0
-40.0
-29.0
-35.0
-30.0
-29.0
-39.0
-37.0
-26.0
17.0
16.0
-17.0
-9.0
16.0
-55.0
21.0
-9.0
-7.0
15.0
2.0
-14.0
-2.0
23.0
12.0
-16.0
-34.0
-7.0
14.0
2.0
-49.0
6.0
9.0
15.0
18.0
-26.0
4.0
29.0
-6.0
-9.0
-53.0
-7.0
-16.0
-15.0
-19.0
10.0
-34.0
-13.0
-8.0
6.0
-27.0
9.0
15.0
28.0
7.0
14.0
-11.0
-14.0
0.0
2.0
26.0
21.0
36.0
-19.0
23.0
3.0
7.0
-50.0
-33.0
-31.0
-60.0
-38.0
-11.0
-11.0
-42.0
17.0
15.0
35.0
6.0
-1.0
17.0
-27.0
-21.0
-28.0
19.0
4.0
9.0
-5.0
-25.0
-29.0
-38.0
13.0
12.0
2.0
36.0
5.0
1.0
-46.0
5.0
-8.0
-2.0
-23.0
-19.0
-17.0
-12.0
-4.0
-13.0
20.0
54.0
7.0
31.0
25.0
11.0
-11.0
-27.0
-34.0
-6.0
34.0
-9.0
9.0
-1.0
12.0
-16.0
-7.0
35.0
-21.0
16.0
24.0
-20.0
-3.0
-11.0
-26.0
-32.0
20.0
-8.0
-50.0
-17.0
-40.0
2.0
-33.0
-36.0
-63.0
-29.0
-1.0
20.0
35.0
46.0
3.0
9.0
32.0
31.0
2.0
-15.0
14.0
39.0
-19.0
-20.0
-12.0
17.0
-3.0
-28.0
-18.0
-18.0
8.0
-33.0
-25.0
-44.0
-11.0
-4.0
9.0
13.0
30.0
17.0
23.0
14.0
-3.0
-5.0
-27.0
18.0
-30.0
-21.0
3.0
-3.0
1.0
4.0
-23.0
16.0
14.0
-16.0
-2.0
-27.0
-23.0
-42.0
-9.0
-12.0
0.0
-7.0
18.0
17.0
-17.0
-5.0
-18.0
-16.0
-14.0
-20.0
-6.0
-30.0
-26.0
-29.0
-4.0
-57.0
20.0
17.0
29.0
33.0
-10.0
22.0
-7.0
15.0
2.0
-29.0
-29.0
-38.0
-26.0
-30.0
-34.0
-70.0
0.0
1.0
1.0
-3.0
13.0
28.0
37.0
18.0
18.0
45.0
-14.0
24.0
-23.0
-23.0
17.0
2.0
-1.0
-25.0
-5.0
-55.0
11.0
10.0
12.0
15.0
7.0
3.0
61.0
-1.0
14.0
-12.0
-33.0
0.0
-5.0
-29.0
13.0
4.0
-6.0
-12.0
0.0
14.0
-27.0
-35.0
9.0
-32.0
0.0
-23.0
-10.0
-17.0
-9.0
9.0
-19.0
-6.0
-11.0
-16.0
-34.0
-11.0
6.0
7.0
-15.0
25.0
-9.0
-1.0
-39.0
-5.0
-17.0
-21.0
-1.0
-9.0
-24.0
-36.0
-5.0
27.0
28.0
-9.0
-7.0
-2.0
31.0
12.0
-1.0
17.0
22.0
17.0
11.0
11.0
-11.0
-2.0
4.0
-17.0
65.0
2.0
10.0
17.0
-3.0
-11.0
-15.0
-3.0
-26.0
-10.0
-52.0
-70.0
-11.0
-19.0
-16.0
-45.0
14.0
14.0
34.0
12.0
53.0
4.0
7.0
-7.0
26.0
-19.0
-19.0
-30.0
-4.0
38.0
-23.0
-80.0
12.0
-18.0
-10.0
8.0
0.0
-8.0
30.0
37.0
5.0
-6.0
19.0
-27.0
28.0
-16.0
17.0
31.0
7.0
-24.0
-36.0
-22.0
-31.0
20.0
9.0
16.0
-9.0
-21.0
9.0
10.0
31.0
24.0
-24.0
-5.0
9.0
-5.0
19.0
-4.0
-1.0
2.0
-5.0
9.0
45.0
-18.0
-9.0
-6.0
20.0
39.0
1.0
9.0
-13.0
11.0
-1.0
-23.0
-52.0
-6.0
-15.0
-37.0
-18.0
-7.0
-7.0
-32.0
11.0
10.0
11.0
-15.0
-1.0
-6.0
26.0
-7.0
39.0
-36.0
-46.0
-10.0
12.0
43.0
14.0
11.0
26.0
20.0
6.0
-11.0
-27.0
23.0
-1.0
-33.0
-7.0
-15.0
-52.0
-18.0
-13.0
-41.0
-47.0
-5.0
-2.0
-23.0
-6.0
-7.0
-3.0
-27.0
-12.0
7.0
13.0
3.0
-21.0
24.0
13.0
4.0
-54.0
-5.0
-4.0
-12.0
27.0
6.0
3.0
-11.0
26.0
18.0
18.0
-23.0
-25.0
-18.0
15.0
-34.0
37.0
6.0
-6.0
6.0
13.0
-32.0
3.0
-27.0
-13.0
51.0
7.0
29.0
15.0
21.0
1.0
5.0
18.0
5.0
-42.0
-3.0
6.0
-12.0
-33.0
-5.0
-9.0
-12.0
-54.0
-9.0
26.0
18.0
20.0
12.0
1.0
-19.0
-8.0
11.0
-4.0
53.0
4.0
16.0
57.0
-25.0
6.0
38.0
-50.0
5.0
-18.0
20.0
-18.0
17.0
9.0
-19.0
-19.0
-29.0
-26.0
-17.0
-44.0
-47.0
-39.0
-102.0
-5.0
-43.0
-12.0
18.0
15.0
37.0
-12.0
34.0
9.0
5.0
-7.0
-14.0
-30.0
-26.0
20.0
24.0
-2.0
19.0
1.0
-19.0
13.0
36.0
-26.0
-40.0
-32.0
11.0
-7.0
17.0
0.0
-22.0
-7.0
-6.0
-4.0
23.0
-7.0
10.0
14.0
-8.0
7.0
-17.0
-28.0
-15.0
-8.0
-25.0
14.0
-11.0
-12.0
8.0
-17.0
2.0
36.0
-7.0
23.0
4.0
5.0
12.0
-16.0
12.0
0.0
5.0
-24.0
-23.0
-1.0
-31.0
-12.0
26.0
-45.0
-5.0
24.0
25.0
31.0
15.0
28.0
13.0
31.0
20.0
15.0
-18.0
17.0
-24.0
19.0
-14.0
41.0
28.0
-35.0
-10.0
-28.0
-4.0
-12.0
-19.0
2.0
-11.0
13.0
-13.0
-12.0
11.0
-33.0
-17.0
-24.0
24.0
7.0
17.0
1.0
-32.0
-48.0
-14.0
-20.0
-35.0
-4.0
-15.0
17.0
-9.0
6.0
13.0
24.0
6.0
21.0
23.0
-13.0
-5.0
-13.0
20.0
-6.0
-24.0
1.0
-15.0
8.0
-27.0
-18.0
-35.0
26.0
-21.0
-5.0
-11.0
9.0
-48.0
-22.0
-11.0
3.0
34.0
-12.0
27.0
-25.0
-40.0
-3.0
-32.0
1.0
-27.0
18.0
13.0
-32.0
-17.0
-4.0
-22.0
66.0
32.0
15.0
-5.0
-3.0
-23.0
15.0
-13.0
-12.0
-33.0
17.0
-13.0
-6.0
-7.0
-73.0
-8.0
1.0
-1.0
6.0
-6.0
1.0
0.0
7.0
21.0
-38.0
-27.0
-29.0
-25.0
-32.0
-48.0
-7.0
-19.0
38.0
-20.0
-15.0
-34.0
5.0
-16.0
-41.0
-9.0
-9.0
-5.0
-46.0
-11.0
-13.0
-20.0
42.0
-10.0
28.0
17.0
-3.0
24.0
9.0
10.0
-19.0
-3.0
33.0
-10.0
16.0
23.0
-1.0
4.0
-24.0
-2.0
4.0
-24.0
-8.0
-20.0
-11.0
6.0
7.0
-32.0
17.0
14.0
-24.0
-17.0
-26.0
-7.0
-33.0
-8.0
7.0
7.0
-25.0
-18.0
-33.0
-7.0
-27.0
3.0
-9.0
-20.0
-23.0
-18.0
-17.0
-31.0
-28.0
-31.0
-2.0
-48.0
-9.0
-13.0
24.0
36.0
36.0
27.0
-4.0
34.0
4.0
-7.0
12.0
-13.0
-24.0
-17.0
30.0
12.0
14.0
-21.0
13.0
13.0
-11.0
-19.0
-22.0
-61.0
-35.0
-24.0
-55.0
-8.0
19.0
-15.0
-6.0
30.0
-7.0
-7.0
-5.0
25.0
21.0
14.0
2.0
1.0
15.0
21.0
4.0
7.0
11.0
28.0
16.0
-6.0
-21.0
5.0
-15.0
-10.0
-3.0
0.0
-36.0
-26.0
4.0
24.0
-37.0
-12.0
-37.0
-25.0
-10.0
-59.0
-38.0
-16.0
13.0
16.0
-2.0
-14.0
-34.0
2.0
-22.0
6.0
-50.0
-13.0
-2.0
-5.0
-22.0
-13.0
-13.0
-24.0
-2.0
13.0
-8.0
-3.0
-15.0
-15.0
44.0
-15.0
-9.0
-4.0
-9.0
7.0
-22.0
-20.0
2.0
-11.0
-30.0
-7.0
18.0
-14.0
-20.0
9.0
-26.0
1.0
30.0
26.0
9.0
9.0
-15.0
13.0
18.0
-2.0
6.0
-1.0
-23.0
-13.0
-24.0
-20.0
-1.0
2.0
-33.0
15.0
-27.0
-31.0
-15.0
20.0
5.0
25.0
1.0
17.0
21.0
42.0
47.0
9.0
12.0
-32.0
-12.0
4.0
7.0
-19.0
-7.0
5.0
-46.0
-6.0
-36.0
2.0
-40.0
-39.0
-24.0
-37.0
-22.0
-4.0
31.0
-2.0
-5.0
47.0
22.0
26.0
14.0
0.0
5.0
0.0
12.0
-19.0
-52.0
-23.0
-52.0
-26.0
-26.0
-33.0
31.0
-4.0
-30.0
-16.0
-5.0
-3.0
-26.0
27.0
-13.0
12.0
31.0
-33.0
26.0
32.0
13.0
28.0
16.0
26.0
-4.0
10.0
-20.0
-11.0
1.0
-16.0
-28.0
3.0
-44.0
-9.0
9.0
7.0
-20.0
-25.0
43.0
-18.0
-36.0
-38.0
-13.0
8.0
-39.0
-30.0
-19.0
0.0
24.0
8.0
-3.0
-1.0
-18.0
3.0
33.0
2.0
30.0
4.0
-43.0
22.0
-11.0
24.0
-30.0
-16.0
8.0
32.0
14.0
-14.0
-35.0
28.0
-24.0
11.0
7.0
-2.0
-37.0
-54.0
-15.0
-30.0
-43.0
-41.0
-1.0
-26.0
-11.0
-35.0
2.0
8.0
-3.0
-21.0
7.0
-1.0
-11.0
1.0
-10.0
-12.0
19.0
14.0
39.0
-14.0
5.0
26.0
15.0
24.0
9.0
10.0
32.0
6.0
7.0
13.0
-16.0
27.0
-18.0
-25.0
-37.0
-35.0
-13.0
11.0
16.0
22.0
2.0
18.0
-19.0
-9.0
-17.0
-16.0
-48.0
-51.0
-19.0
5.0
-9.0
20.0
23.0
59.0
4.0
13.0
2.0
-16.0
45.0
-2.0
16.0
-29.0
-30.0
10.0
2.0
-20.0
-28.0
-12.0
-26.0
-7.0
1.0
-5.0
4.0
-37.0
-9.0
-11.0
9.0
3.0
-35.0
-18.0
-25.0
29.0
6.0
20.0
-16.0
-37.0
11.0
21.0
29.0
-1.0
19.0
-17.0
12.0
-19.0
-5.0
-25.0
21.0
-1.0
-31.0
-16.0
-1.0
14.0
3.0
36.0
-13.0
-26.0
-10.0
-23.0
-30.0
-48.0
-22.0
7.0
6.0
6.0
-3.0
-12.0
-17.0
-30.0
-26.0
-10.0
-7.0
-17.0
8.0
37.0
4.0
44.0
8.0
-10.0
-1.0
1.0
10.0
-13.0
-16.0
4.0
-17.0
-9.0
2.0
-13.0
-22.0
28.0
20.0
2.0
-6.0
3.0
-36.0
11.0
14.0
9.0
41.0
31.0
5.0
-12.0
-4.0
-10.0
-30.0
-10.0
0.0
12.0
14.0
28.0
5.0
-13.0
-24.0
-22.0
-24.0
-19.0
-12.0
-19.0
-13.0
-7.0
-19.0
-24.0
-9.0
68.0
-13.0
-10.0
21.0
27.0
-5.0
-21.0
-45.0
-20.0
-13.0
41.0
-35.0
-36.0
1.0
-9.0
-12.0
-13.0
-27.0
-13.0
-5.0
3.0
-11.0
-20.0
-27.0
-11.0
-21.0
-5.0
19.0
29.0
23.0
-17.0
-17.0
-4.0
-41.0
-15.0
-30.0
-28.0
26.0
19.0
2.0
-42.0
-10.0
-5.0
-37.0
-26.0
-20.0
-30.0
-27.0
-38.0
14.0
29.0
-12.0
1.0
35.0
23.0
4.0
17.0
4.0
3.0
-21.0
2.0
22.0
-2.0
-1.0
-7.0
-20.0
-7.0
33.0
16.0
-7.0
-39.0
-49.0
11.0
-28.0
-18.0
-13.0
2.0
-49.0
-16.0
-9.0
48.0
-27.0
25.0
30.0
28.0
-15.0
-14.0
-8.0
-4.0
-19.0
-19.0
19.0
8.0
9.0
-17.0
-13.0
-6.0
13.0
28.0
24.0
-19.0
-31.0
-56.0
-61.0
-18.0
-39.0
-4.0
-24.0
25.0
37.0
-4.0
28.0
46.0
39.0
55.0
69.0
25.0
1.0
-11.0
22.0
10.0
-19.0
41.0
-52.0
-34.0
36.0
-25.0
1.0
-50.0
-2.0
-61.0
23.0
20.0
-22.0
-8.0
-1.0
-31.0
10.0
-70.0
-3.0
-16.0
66.0
53.0
70.0
72.0
-71.0
28.0
-8.0
55.0
-8.0
-18.0
-53.0
-11.0
-15.0
-45.0
-35.0
-27.0
-6.0
-59.0
-21.0
-25.0
-29.0
-5.0
1.0
5.0
-2.0
-9.0
3.0
25.0
10.0
45.0
-45.0
27.0
19.0
26.0
-7.0
41.0
13.0
25.0
11.0
-17.0
34.0
-25.0
-14.0
-19.0
-26.0
3.0
-61.0
-32.0
-35.0
4.0
-5.0
16.0
7.0
6.0
5.0
29.0
17.0
-43.0
-25.0
52.0
22.0
21.0
37.0
31.0
60.0
-11.0
38.0
-23.0
10.0
-30.0
-7.0
-43.0
-11.0
14.0
-41.0
-4.0
-31.0
9.0
-33.0
6.0
-28.0
-19.0
-33.0
-18.0
-15.0
-26.0
-2.0
-22.0
-14.0
6.0
-6.0
-59.0
2.0
-2.0
-2.0
29.0
43.0
55.0
12.0
32.0
25.0
49.0
17.0
5.0
-20.0
-36.0
11.0
-33.0
-47.0
-60.0
-24.0
-39.0
15.0
-3.0
-10.0
13.0
-12.0
-10.0
21.0
-40.0
0.0
-1.0
-20.0
-5.0
17.0
38.0
19.0
16.0
-17.0
-9.0
-24.0
-17.0
-10.0
-19.0
-13.0
-29.0
-9.0
-19.0
-32.0
-24.0
-36.0
-28.0
-28.0
-18.0
6.0
60.0
52.0
28.0
-27.0
7.0
24.0
6.0
3.0
13.0
23.0
-5.0
14.0
-13.0
-15.0
-7.0
3.0
6.0
-1.0
7.0
-53.0
-21.0
-34.0
-7.0
-5.0
10.0
-21.0
-6.0
-19.0
-8.0
18.0
17.0
-2.0
13.0
0.0
-2.0
6.0
-12.0
22.0
9.0
1.0
0.0
15.0
-13.0
1.0
47.0
9.0
-3.0
0.0
-13.0
-3.0
-32.0
-12.0
-30.0
14.0
-18.0
17.0
-5.0
26.0
34.0
-9.0
-6.0
9.0
23.0
-10.0
3.0
-12.0
-57.0
-25.0
-35.0
-6.0
27.0
-1.0
12.0
-3.0
-18.0
-13.0
-18.0
-2.0
5.0
-19.0
15.0
-2.0
1.0
-4.0
28.0
-57.0
12.0
14.0
45.0
25.0
-15.0
10.0
19.0
20.0
2.0
22.0
11.0
-9.0
-3.0
14.0
-13.0
38.0
43.0
-4.0
-3.0
39.0
10.0
27.0
19.0
-24.0
-25.0
-20.0
-6.0
-4.0
7.0
22.0
4.0
-5.0
10.0
-12.0
-20.0
-11.0
4.0
-4.0
20.0
-7.0
-3.0
33.0
18.0
13.0
-3.0
-57.0
-27.0
19.0
-8.0
-35.0
-2.0
-1.0
-23.0
-4.0
-5.0
-6.0
11.0
51.0
46.0
-8.0
-45.0
9.0
11.0
56.0
-11.0
-45.0
-33.0
-12.0
37.0
37.0
18.0
-14.0
9.0
28.0
37.0
16.0
-4.0
0.0
-21.0
-32.0
-53.0
-4.0
-13.0
-45.0
-28.0
-26.0
-37.0
12.0
20.0
15.0
2.0
9.0
0.0
-7.0
-25.0
5.0
-15.0
6.0
-9.0
5.0
-34.0
22.0
25.0
-11.0
-39.0
-46.0
-64.0
23.0
5.0
29.0
14.0
23.0
32.0
8.0
-23.0
10.0
16.0
9.0
-5.0
16.0
-10.0
-6.0
18.0
3.0
20.0
-1.0
21.0
-49.0
11.0
1.0
14.0
-29.0
-8.0
-1.0
-41.0
5.0
-11.0
4.0
-24.0
0.0
-38.0
-12.0
-1.0
13.0
10.0
6.0
-4.0
21.0
28.0
16.0
22.0
-13.0
10.0
36.0
7.0
32.0
1.0
-30.0
-25.0
-7.0
7.0
-2.0
-4.0
-32.0
3.0
0.0
-28.0
-30.0
-33.0
-60.0
-49.0
-53.0
-36.0
-30.0
-8.0
-23.0
17.0
9.0
-35.0
8.0
-4.0
-33.0
-2.0
-11.0
19.0
6.0
-11.0
29.0
-35.0
-32.0
-29.0
4.0
-20.0
-19.0
11.0
-65.0
-27.0
-16.0
7.0
-23.0
-34.0
-5.0
16.0
-27.0
11.0
14.0
-4.0
31.0
44.0
22.0
2.0
40.0
10.0
9.0
12.0
-1.0
-4.0
-9.0
-34.0
-2.0
-36.0
-12.0
-19.0
0.0
-33.0
-45.0
5.0
-33.0
-33.0
22.0
-7.0
-52.0
-44.0
-20.0
1.0
-1.0
-15.0
30.0
-31.0
31.0
-8.0
26.0
60.0
-9.0
-1.0
25.0
49.0
16.0
21.0
35.0
-33.0
-14.0
-3.0
-20.0
-12.0
-28.0
-41.0
-14.0
-8.0
-19.0
-38.0
-49.0
-55.0
-27.0
22.0
17.0
-9.0
28.0
-10.0
28.0
-17.0
8.0
26.0
10.0
32.0
-9.0
-37.0
13.0
9.0
14.0
0.0
-31.0
24.0
-35.0
-13.0
-24.0
-7.0
0.0
10.0
3.0
20.0
-45.0
-45.0
10.0
-5.0
45.0
-48.0
-8.0
3.0
-6.0
17.0
8.0
-11.0
49.0
-60.0
78.0
-27.0
-13.0
-24.0
33.0
23.0
-31.0
-19.0
-8.0
-13.0
-39.0
7.0
1.0
-31.0
-34.0
-1.0
-33.0
-31.0
-27.0
-20.0
20.0
-2.0
-34.0
-44.0
3.0
-10.0
27.0
42.0
-20.0
39.0
27.0
9.0
12.0
13.0
7.0
11.0
-37.0
-29.0
13.0
-32.0
7.0
-27.0
-7.0
3.0
-11.0
-3.0
-20.0
-4.0
-1.0
8.0
-19.0
-5.0
33.0
38.0
23.0
41.0
23.0
9.0
22.0
18.0
-4.0
9.0
30.0
-12.0
30.0
28.0
-30.0
-46.0
-2.0
13.0
17.0
-18.0
7.0
-38.0
-32.0
-42.0
7.0
25.0
-29.0
5.0
-16.0
-8.0
-2.0
28.0
-9.0
13.0
3.0
24.0
-1.0
13.0
-26.0
16.0
-7.0
-18.0
4.0
-7.0
-22.0
-11.0
-16.0
24.0
-29.0
44.0
6.0
-15.0
-35.0
-23.0
-29.0
-27.0
7.0
-35.0
5.0
-20.0
6.0
-33.0
-1.0
-42.0
37.0
40.0
-43.0
4.0
-30.0
11.0
-8.0
29.0
-6.0
15.0
21.0
22.0
13.0
-31.0
19.0
-37.0
-7.0
-17.0
1.0
-33.0
-7.0
-22.0
2.0
-3.0
-39.0
-23.0
-1.0
-4.0
51.0
17.0
39.0
28.0
28.0
52.0
49.0
5.0
-1.0
14.0
12.0
-15.0
2.0
-1.0
14.0
4.0
-24.0
-34.0
-7.0
-32.0
-20.0
-37.0
21.0
35.0
-29.0
-13.0
-5.0
5.0
-10.0
8.0
19.0
-10.0
36.0
24.0
18.0
26.0
-6.0
-24.0
-6.0
12.0
30.0
-24.0
10.0
7.0
-24.0
0.0
17.0
12.0
-5.0
-7.0
-45.0
1.0
-10.0
-7.0
-31.0
-28.0
-16.0
-30.0
-17.0
-9.0
0.0
-27.0
5.0
24.0
-17.0
33.0
25.0
27.0
15.0
-6.0
10.0
18.0
-10.0
-29.0
7.0
-1.0
-11.0
20.0
-20.0
3.0
-10.0
-10.0
5.0
-8.0
-3.0
-15.0
9.0
3.0
-18.0
-9.0
-10.0
20.0
-1.0
8.0
6.0
-11.0
24.0
-15.0
-13.0
-23.0
-17.0
-57.0
6.0
-3.0
30.0
9.0
-33.0
-11.0
-31.0
29.0
-28.0
24.0
-44.0
-35.0
-13.0
-39.0
-7.0
-24.0
22.0
9.0
-17.0
13.0
-15.0
-27.0
-26.0
-2.0
17.0
24.0
23.0
-3.0
19.0
43.0
12.0
33.0
31.0
-5.0
3.0
-11.0
0.0
-38.0
-11.0
-23.0
-16.0
-43.0
-25.0
-33.0
0.0
-7.0
-40.0
-30.0
-2.0
-26.0
-16.0
-9.0
-42.0
-13.0
-41.0
-11.0
32.0
19.0
31.0
43.0
42.0
47.0
22.0
37.0
6.0
-7.0
4.0
-24.0
1.0
-17.0
-3.0
-25.0
-5.0
-1.0
-21.0
-7.0
-43.0
-35.0
-39.0
6.0
-9.0
-18.0
17.0
-3.0
-31.0
-14.0
-4.0
-24.0
-7.0
-17.0
-23.0
-13.0
19.0
-8.0
17.0
8.0
22.0
-17.0
-28.0
-6.0
-24.0
6.0
-6.0
-37.0
2.0
-27.0
1.0
-55.0
12.0
-32.0
-29.0
-16.0
7.0
-34.0
-17.0
-18.0
-36.0
-35.0
-47.0
4.0
10.0
-1.0
-10.0
-6.0
42.0
4.0
2.0
-4.0
-22.0
9.0
15.0
3.0
5.0
9.0
2.0
-10.0
-18.0
-37.0
-10.0
17.0
-45.0
-20.0
-39.0
-17.0
-47.0
-2.0
-29.0
12.0
-18.0
43.0
18.0
7.0
32.0
-16.0
3.0
26.0
26.0
36.0
22.0
-14.0
-7.0
-14.0
-30.0
-7.0
-21.0
1.0
25.0
3.0
0.0
13.0
4.0
20.0
-16.0
-52.0
2.0
-26.0
-4.0
-1.0
8.0
-45.0
-21.0
-32.0
-36.0
-1.0
-8.0
3.0
-12.0
-30.0
-31.0
32.0
5.0
-7.0
-18.0
37.0
21.0
27.0
16.0
7.0
14.0
-15.0
-8.0
-20.0
-45.0
-2.0
11.0
-31.0
18.0
-55.0
-28.0
-35.0
-2.0
23.0
42.0
4.0
28.0
-3.0
5.0
-12.0
15.0
-7.0
-10.0
-13.0
4.0
19.0
-3.0
-31.0
-28.0
-20.0
4.0
8.0
-25.0
14.0
35.0
18.0
5.0
-5.0
-13.0
24.0
-12.0
33.0
26.0
13.0
-15.0
-3.0
-21.0
-13.0
6.0
8.0
-6.0
8.0
14.0
14.0
12.0
33.0
-10.0
-4.0
-13.0
10.0
-2.0
-14.0
18.0
7.0
7.0
-4.0
-54.0
-45.0
-21.0
-8.0
-22.0
-34.0
5.0
-15.0
11.0
3.0
49.0
4.0
-2.0
8.0
35.0
1.0
-29.0
-4.0
8.0
8.0
3.0
-24.0
-13.0
-12.0
-4.0
-52.0
-52.0
-63.0
-39.0
-2.0
3.0
21.0
-42.0
-12.0
-44.0
6.0
-11.0
5.0
53.0
24.0
15.0
5.0
8.0
46.0
0.0
14.0
18.0
22.0
-38.0
-18.0
-23.0
-29.0
-17.0
25.0
-20.0
-35.0
-16.0
-10.0
-46.0
-30.0
3.0
-29.0
-28.0
-35.0
12.0
-22.0
-14.0
-22.0
8.0
13.0
23.0
24.0
12.0
27.0
17.0
3.0
-5.0
-21.0
-1.0
9.0
-5.0
-22.0
-18.0
13.0
43.0
23.0
-7.0
0.0
5.0
-49.0
-38.0
-17.0
-37.0
-13.0
-17.0
-14.0
31.0
18.0
3.0
2.0
33.0
47.0
28.0
14.0
-35.0
-20.0
6.0
4.0
-7.0
9.0
21.0
0.0
-20.0
-7.0
40.0
7.0
8.0
-3.0
4.0
16.0
-6.0
9.0
10.0
-10.0
1.0
-29.0
11.0
-6.0
12.0
-17.0
-42.0
-20.0
-8.0
-33.0
3.0
8.0
-6.0
-16.0
20.0
32.0
57.0
-3.0
18.0
-26.0
-13.0
0.0
3.0
-4.0
11.0
-42.0
-40.0
-27.0
-24.0
-2.0
57.0
24.0
6.0
-7.0
6.0
-14.0
11.0
4.0
-13.0
0.0
21.0
11.0
15.0
28.0
10.0
37.0
0.0
14.0
-7.0
-24.0
-35.0
-15.0
-11.0
-25.0
-19.0
-39.0
-1.0
-36.0
-17.0
-23.0
-46.0
4.0
33.0
29.0
-9.0
-15.0
19.0
-27.0
-3.0
0.0
28.0
-1.0
15.0
10.0
-47.0
-13.0
19.0
0.0
14.0
-57.0
-67.0
-30.0
35.0
17.0
-1.0
26.0
7.0
-2.0
47.0
34.0
-26.0
-56.0
-4.0
-14.0
-42.0
-41.0
-23.0
-43.0
-9.0
-30.0
15.0
22.0
-6.0
-11.0
-13.0
24.0
12.0
17.0
2.0
20.0
-30.0
-18.0
-37.0
-39.0
-42.0
-15.0
-23.0
-25.0
-17.0
-16.0
-2.0
-6.0
21.0
24.0
-20.0
6.0
-2.0
-2.0
-23.0
-10.0
15.0
37.0
27.0
34.0
10.0
3.0
-25.0
-59.0
12.0
-21.0
-28.0
-29.0
5.0
5.0
10.0
-6.0
18.0
5.0
5.0
10.0
-53.0
-64.0
8.0
-11.0
-12.0
5.0
3.0
-20.0
0.0
27.0
15.0
25.0
24.0
37.0
-2.0
8.0
18.0
40.0
21.0
-35.0
0.0
-9.0
29.0
-4.0
-21.0
15.0
-1.0
-2.0
13.0
-5.0
5.0
6.0
-4.0
-29.0
10.0
-5.0
9.0
-10.0
-22.0
-5.0
-22.0
-27.0
-46.0
-39.0
-36.0
-8.0
-22.0
-4.0
5.0
19.0
5.0
-21.0
23.0
42.0
-15.0
3.0
-4.0
7.0
-10.0
17.0
-6.0
-36.0
-14.0
-21.0
-8.0
-22.0
-22.0
5.0
-11.0
0.0
25.0
20.0
-17.0
-1.0
-30.0
-31.0
-1.0
-4.0
3.0
8.0
-1.0
1.0
2.0
7.0
-4.0
11.0
-7.0
-8.0
18.0
-12.0
8.0
-12.0
29.0
-26.0
16.0
2.0
-23.0
-4.0
-21.0
-21.0
-20.0
-33.0
-23.0
-27.0
-30.0
34.0
22.0
-45.0
-50.0
-45.0
-20.0
-6.0
-2.0
-16.0
7.0
10.0
-8.0
14.0
9.0
31.0
43.0
-18.0
-66.0
-64.0
-24.0
-15.0
-38.0
3.0
4.0
8.0
23.0
17.0
19.0
25.0
5.0
28.0
4.0
-18.0
11.0
22.0
-14.0
-4.0
12.0
22.0
-14.0
-22.0
22.0
-22.0
-22.0
-53.0
-12.0
15.0
7.0
-39.0
36.0
-15.0
6.0
15.0
-12.0
27.0
-5.0
-17.0
1.0
-8.0
-15.0
-19.0
-34.0
-7.0
-6.0
-21.0
-10.0
-16.0
6.0
0.0
1.0
13.0
-20.0
-5.0
-14.0
8.0
-13.0
-26.0
-3.0
-3.0
-12.0
-32.0
8.0
-15.0
44.0
33.0
32.0
33.0
8.0
18.0
44.0
11.0
-11.0
-4.0
15.0
38.0
-28.0
-19.0
-22.0
-36.0
-15.0
-12.0
-37.0
-45.0
-33.0
-23.0
-33.0
-7.0
5.0
-27.0
-13.0
5.0
-6.0
44.0
-15.0
-49.0
28.0
-19.0
32.0
11.0
-20.0
16.0
-8.0
6.0
-24.0
64.0
-9.0
-10.0
-51.0
-29.0
-9.0
-39.0
-37.0
-7.0
13.0
-14.0
-14.0
-34.0
-25.0
-36.0
-21.0
-16.0
17.0
15.0
2.0
66.0
0.0
-25.0
15.0
-16.0
31.0
-16.0
-5.0
-9.0
-17.0
-10.0
13.0
36.0
-4.0
-9.0
-20.0
-12.0
-1.0
-15.0
21.0
-17.0
11.0
13.0
12.0
-5.0
1.0
9.0
23.0
-9.0
-7.0
-6.0
9.0
-31.0
-1.0
-24.0
22.0
7.0
-10.0
0.0
-42.0
-28.0
-10.0
-32.0
7.0
-10.0
-30.0
9.0
26.0
-16.0
7.0
-10.0
6.0
-15.0
-40.0
1.0
3.0
3.0
18.0
15.0
6.0
-26.0
23.0
20.0
3.0
-1.0
-2.0
23.0
-4.0
-9.0
2.0
24.0
2.0
-16.0
-27.0
-3.0
-21.0
-22.0
-11.0
-41.0
-14.0
-24.0
0.0
-74.0
3.0
-22.0
-22.0
13.0
-2.0
-3.0
34.0
-8.0
19.0
27.0
13.0
17.0
-16.0
-5.0
-12.0
-6.0
-11.0
-6.0
2.0
-2.0
5.0
23.0
-14.0
6.0
4.0
-64.0
-24.0
-20.0
-20.0
-20.0
-24.0
5.0
-20.0
-24.0
0.0
-4.0
44.0
14.0
14.0
-19.0
-23.0
6.0
-17.0
9.0
-8.0
9.0
4.0
-11.0
5.0
-29.0
-21.0
-28.0
-15.0
-42.0
-34.0
-17.0
-6.0
-15.0
3.0
-14.0
0.0
3.0
-11.0
18.0
11.0
2.0
10.0
8.0
-9.0
-1.0
-36.0
-43.0
-34.0
-29.0
2.0
-14.0
-8.0
-8.0
-29.0
3.0
-12.0
-19.0
22.0
5.0
-28.0
-17.0
-32.0
4.0
-18.0
-6.0
36.0
29.0
-33.0
-19.0
-8.0
-9.0
-5.0
36.0
35.0
8.0
-14.0
-1.0
-9.0
20.0
16.0
9.0
14.0
-10.0
-24.0
-39.0
-10.0
5.0
-9.0
-6.0
-8.0
-6.0
-1.0
-15.0
-8.0
1.0
-28.0
-11.0
3.0
-17.0
-20.0
-9.0
-34.0
5.0
18.0
-13.0
-39.0
-32.0
27.0
13.0
-3.0
-8.0
-15.0
-20.0
-30.0
-32.0
-6.0
16.0
18.0
-6.0
-56.0
-24.0
-8.0
5.0
3.0
-27.0
10.0
3.0
7.0
-10.0
-28.0
-30.0
7.0
31.0
28.0
-10.0
-40.0
-44.0
3.0
4.0
-18.0
13.0
12.0
-22.0
-6.0
-20.0
-7.0
-11.0
-7.0
-6.0
-18.0
9.0
-2.0
-13.0
-48.0
-16.0
26.0
37.0
13.0
6.0
-17.0
5.0
-7.0
-1.0
33.0
0.0
-2.0
-5.0
0.0
1.0
-33.0
-25.0
-24.0
-2.0
11.0
2.0
-45.0
-31.0
-25.0
-20.0
3.0
-23.0
3.0
-3.0
-30.0
16.0
30.0
9.0
14.0
6.0
3.0
9.0
-1.0
13.0
7.0
-13.0
-16.0
-21.0
-66.0
25.0
-5.0
-16.0
23.0
-21.0
-18.0
-13.0
14.0
8.0
-14.0
-39.0
1.0
-8.0
0.0
11.0
-5.0
-5.0
-2.0
-6.0
17.0
11.0
-13.0
0.0
8.0
-4.0
25.0
-15.0
-13.0
-5.0
-8.0
11.0
8.0
-12.0
-7.0
-8.0
-12.0
-29.0
-54.0
-51.0
-27.0
1.0
-17.0
2.0
22.0
0.0
12.0
18.0
8.0
15.0
1.0
2.0
-11.0
10.0
-9.0
-13.0
12.0
2.0
-12.0
-14.0
4.0
-2.0
4.0
21.0
-3.0
-39.0
-35.0
-36.0
-21.0
-25.0
13.0
-6.0
-25.0
-11.0
-25.0
1.0
-2.0
19.0
6.0
-2.0
22.0
-9.0
-13.0
-4.0
11.0
-21.0
2.0
13.0
7.0
33.0
-15.0
22.0
-23.0
6.0
0.0
-20.0
-5.0
-19.0
-15.0
-18.0
-15.0
-20.0
-29.0
-28.0
11.0
-6.0
24.0
-41.0
26.0
40.0
30.0
-14.0
-3.0
0.0
-22.0
2.0
-5.0
-22.0
-11.0
-13.0
22.0
27.0
-18.0
-24.0
3.0
-36.0
-19.0
13.0
7.0
28.0
15.0
-16.0
-14.0
-6.0
-25.0
-23.0
-30.0
-19.0
2.0
-14.0
22.0
51.0
37.0
9.0
-25.0
-6.0
4.0
-14.0
-7.0
-8.0
2.0
-8.0
-1.0
-21.0
-27.0
-34.0
-28.0
-2.0
1.0
-16.0
-2.0
18.0
-1.0
-25.0
-7.0
-13.0
-11.0
4.0
-14.0
-3.0
8.0
4.0
14.0
12.0
-41.0
2.0
12.0
8.0
17.0
-1.0
-22.0
-8.0
14.0
-11.0
-25.0
-22.0
-22.0
0.0
-5.0
5.0
-2.0
-26.0
-20.0
-3.0
12.0
11.0
0.0
-16.0
-10.0
-6.0
20.0
3.0
6.0
-29.0
-32.0
-10.0
-6.0
-1.0
38.0
21.0
-14.0
-15.0
-30.0
-21.0
-19.0
-8.0
-2.0
-32.0
-3.0
0.0
-25.0
-10.0
-15.0
48.0
10.0
27.0
11.0
19.0
1.0
8.0
-6.0
14.0
6.0
-2.0
-7.0
14.0
-11.0
7.0
-3.0
-8.0
15.0
-31.0
-13.0
-13.0
-3.0
-14.0
-8.0
-15.0
-25.0
-16.0
-27.0
-9.0
8.0
-32.0
11.0
-2.0
-20.0
13.0
0.0
-4.0
22.0
-17.0
8.0
12.0
-15.0
10.0
-5.0
-24.0
-14.0
-6.0
-16.0
24.0
14.0
-7.0
-32.0
-26.0
-11.0
-45.0
-24.0
-20.0
-11.0
3.0
15.0
18.0
23.0
-2.0
22.0
7.0
36.0
24.0
14.0
-3.0
-2.0
-2.0
1.0
11.0
15.0
-14.0
-13.0
-32.0
-48.0
-21.0
-30.0
-11.0
-35.0
-3.0
-9.0
-31.0
17.0
39.0
15.0
27.0
13.0
9.0
27.0
33.0
13.0
24.0
-10.0
3.0
6.0
3.0
-13.0
-1.0
-17.0
-20.0
-25.0
10.0
-9.0
-20.0
-4.0
-16.0
-13.0
-42.0
-4.0
-15.0
2.0
-2.0
7.0
17.0
5.0
24.0
-4.0
-4.0
-13.0
-18.0
-3.0
-13.0
9.0
1.0
-9.0
-10.0
-13.0
-5.0
18.0
-4.0
-36.0
-17.0
-9.0
-32.0
12.0
-32.0
-29.0
-5.0
1.0
-19.0
-1.0
-52.0
-31.0
-26.0
32.0
-12.0
-15.0
11.0
-10.0
27.0
-25.0
-2.0
-14.0
-8.0
-1.0
-33.0
-13.0
21.0
-23.0
-14.0
9.0
13.0
-12.0
-11.0
-22.0
-31.0
-24.0
-21.0
-11.0
-28.0
-8.0
-13.0
-18.0
-15.0
-4.0
-36.0
30.0
37.0
15.0
17.0
-6.0
2.0
23.0
14.0
-9.0
-6.0
9.0
1.0
12.0
-11.0
-5.0
-39.0
-19.0
-24.0
-19.0
-61.0
35.0
8.0
18.0
-1.0
-20.0
-10.0
-5.0
-19.0
6.0
-7.0
-4.0
-14.0
34.0
23.0
2.0
-18.0
-9.0
-19.0
-13.0
-1.0
-6.0
-17.0
-23.0
-11.0
-35.0
-48.0
-7.0
-14.0
24.0
-2.0
-2.0
-9.0
-3.0
3.0
25.0
4.0
-13.0
5.0
-20.0
-1.0
-10.0
-17.0
1.0
20.0
23.0
-5.0
-15.0
5.0
-2.0
-11.0
-20.0
-22.0
5.0
17.0
-15.0
-11.0
2.0
-3.0
7.0
35.0
21.0
27.0
7.0
-10.0
-15.0
-32.0
-18.0
4.0
-1.0
-10.0
-3.0
-27.0
14.0
-5.0
-1.0
-3.0
-35.0
-30.0
-26.0
3.0
-7.0
-25.0
13.0
3.0
-4.0
-35.0
-16.0
14.0
7.0
-19.0
4.0
30.0
9.0
14.0
-7.0
5.0
30.0
15.0
28.0
4.0
0.0
0.0
4.0
26.0
-8.0
-14.0
-20.0
-17.0
-10.0
-15.0
-18.0
-9.0
-10.0
-16.0
3.0
13.0
-18.0
-25.0
34.0
4.0
-2.0
-6.0
0.0
-9.0
-2.0
-5.0
0.0
-8.0
8.0
-8.0
7.0
6.0
3.0
-13.0
-36.0
-6.0
-4.0
-4.0
-20.0
-5.0
5.0
21.0
-24.0
-26.0
12.0
27.0
26.0
17.0
9.0
15.0
-28.0
-18.0
-33.0
-10.0
-20.0
-2.0
-10.0
-5.0
35.0
-2.0
52.0
-29.0
2.0
-9.0
-24.0
-27.0
-4.0
-3.0
-41.0
-24.0
29.0
1.0
2.0
2.0
3.0
28.0
-1.0
-5.0
21.0
-2.0
-1.0
9.0
-4.0
-17.0
-22.0
-6.0
-27.0
-15.0
24.0
-6.0
7.0
16.0
-17.0
-8.0
-4.0
-11.0
-5.0
-5.0
-1.0
-15.0
-24.0
-18.0
-103.0
-95.0
-313.0
-313.0
-313.0
-313.0
-223.0
19.0
67.0
136.0
181.0
313.0
232.0
294.0
313.0
292.0
264.0
313.0
313.0
313.0
313.0
274.0
313.0
313.0
130.0
78.0
212.0
123.0
82.0
-66.0
-13.0
-77.0
-265.0
-161.0
-188.0
-233.0
-128.0
-134.0
-181.0
-88.0
-140.0
-153.0
-148.0
-182.0
-175.0
-166.0
-182.0
-117.0
-129.0
-122.0
-115.0
-151.0
-103.0
-93.0
-114.0
-119.0
-17.0
-95.0
1.0
43.0
13.0
46.0
111.0
97.0
74.0
48.0
38.0
12.0
-23.0
-44.0
-54.0
-92.0
-150.0
-121.0
-165.0
-151.0
-153.0
-122.0
-124.0
-119.0
-155.0
-144.0
-123.0
-81.0
-94.0
-62.0
-22.0
-13.0
17.0
13.0
26.0
-70.0
-68.0
-78.0
-86.0
-78.0
-74.0
-47.0
-40.0
-42.0
-65.0
-34.0
-37.0
-29.0
-27.0
-40.0
22.0
-5.0
-19.0
-20.0
18.0
11.0
-9.0
10.0
65.0
42.0
28.0
7.0
29.0
24.0
22.0
13.0
62.0
24.0
54.0
37.0
47.0
46.0
31.0
48.0
19.0
56.0
52.0
45.0
68.0
34.0
24.0
27.0
14.0
18.0
35.0
37.0
8.0
30.0
33.0
49.0
51.0
65.0
11.0
32.0
19.0
17.0
35.0
56.0
30.0
24.0
45.0
74.0
26.0
-4.0
-17.0
-30.0
-37.0
-22.0
-27.0
-38.0
-42.0
-6.0
-21.0
-19.0
-4.0
-30.0
-13.0
-17.0
41.0
40.0
1.0
32.0
19.0
35.0
31.0
65.0
35.0
15.0
20.0
31.0
-15.0
-1.0
-9.0
-14.0
2.0
1.0
-4.0
-16.0
5.0
7.0
0.0
9.0
12.0
12.0
1.0
-12.0
9.0
1.0
1.0
2.0
-4.0
-4.0
-18.0
-20.0
-29.0
-38.0
-5.0
-15.0
-15.0
-2.0
-47.0
-18.0
13.0
2.0
8.0
-3.0
13.0
-6.0
-36.0
-39.0
15.0
-9.0
-1.0
-12.0
23.0
16.0
2.0
-7.0
2.0
-10.0
-10.0
-30.0
10.0
-38.0
-9.0
-5.0
-6.0
7.0
-35.0
-36.0
-4.0
10.0
15.0
7.0
-21.0
-13.0
-25.0
-7.0
3.0
-6.0
-21.0
-13.0
-13.0
-15.0
-16.0
-28.0
-45.0
-11.0
-32.0
-32.0
-33.0
-25.0
10.0
7.0
9.0
8.0
28.0
28.0
13.0
17.0
5.0
22.0
1.0
3.0
-11.0
-15.0
-22.0
-11.0
15.0
20.0
13.0
-7.0
-8.0
-18.0
-18.0
18.0
-27.0
-14.0
-9.0
-15.0
-1.0
2.0
3.0
-1.0
10.0
13.0
0.0
-13.0
-6.0
17.0
20.0
21.0
12.0
-6.0
-21.0
19.0
15.0
-21.0
-29.0
-25.0
-24.0
-24.0
-18.0
-9.0
19.0
15.0
24.0
17.0
35.0
27.0
-39.0
-10.0
-22.0
-17.0
38.0
17.0
0.0
-34.0
-22.0
-29.0
-11.0
-12.0
6.0
-23.0
-33.0
-17.0
0.0
-37.0
-5.0
-3.0
-8.0
-16.0
4.0
-25.0
6.0
22.0
12.0
-11.0
0.0
-8.0
-39.0
6.0
4.0
-25.0
-54.0
-17.0
-10.0
13.0
-13.0
-5.0
1.0
-15.0
-22.0
-14.0
10.0
12.0
26.0
17.0
5.0
2.0
38.0
2.0
-30.0
-33.0
-5.0
11.0
-1.0
-13.0
51.0
46.0
15.0
20.0
-9.0
-4.0
-6.0
4.0
-22.0
-43.0
-11.0
-9.0
-4.0
7.0
-28.0
-24.0
-20.0
-7.0
-28.0
-5.0
-4.0
3.0
2.0
37.0
30.0
29.0
28.0
22.0
4.0
-8.0
4.0
1.0
29.0
11.0
14.0
-27.0
-1.0
35.0
-14.0
-18.0
-23.0
-20.0
-48.0
-41.0
-18.0
-10.0
-8.0
-1.0
21.0
4.0
5.0
3.0
1.0
16.0
10.0
30.0
5.0
2.0
-7.0
-8.0
-3.0
-5.0
2.0
-3.0
0.0
0.0
10.0
-2.0
-3.0
8.0
-5.0
-11.0
-9.0
-24.0
-17.0
-24.0
-7.0
-23.0
-32.0
-35.0
-3.0
-7.0
18.0
27.0
-13.0
-2.0
-11.0
10.0
6.0
7.0
12.0
-1.0
-29.0
-6.0
-1.0
1.0
1.0
-11.0
-25.0
-11.0
-21.0
-23.0
-17.0
-17.0
-17.0
-13.0
4.0
2.0
19.0
14.0
3.0
-12.0
6.0
16.0
-11.0
-1.0
0.0
3.0
5.0
-21.0
2.0
-2.0
-4.0
-4.0
2.0
-5.0
-21.0
5.0
-36.0
-4.0
-7.0
2.0
-13.0
12.0
14.0
4.0
0.0
15.0
-1.0
21.0
-34.0
-13.0
-1.0
-6.0
-2.0
-1.0
20.0
7.0
-1.0
-21.0
5.0
3.0
9.0
2.0
-16.0
-30.0
-21.0
-18.0
2.0
-16.0
14.0
15.0
14.0
-5.0
-16.0
16.0
4.0
-21.0
-13.0
-11.0
17.0
29.0
16.0
4.0
-7.0
-27.0
-7.0
15.0
0.0
16.0
-19.0
-11.0
3.0
-30.0
-21.0
-30.0
-4.0
-7.0
-27.0
-44.0
-48.0
-46.0
-38.0
-23.0
-27.0
4.0
0.0
-17.0
8.0
33.0
8.0
15.0
16.0
21.0
13.0
2.0
13.0
4.0
4.0
-31.0
2.0
8.0
-33.0
-9.0
-32.0
-29.0
-38.0
-22.0
8.0
34.0
-2.0
4.0
-1.0
5.0
0.0
14.0
33.0
24.0
-6.0
5.0
26.0
23.0
16.0
-20.0
-7.0
4.0
4.0
-17.0
-17.0
7.0
13.0
10.0
-28.0
-34.0
-17.0
-20.0
-18.0
-11.0
-17.0
-18.0
31.0
40.0
-3.0
-9.0
26.0
28.0
6.0
-7.0
-21.0
-22.0
-33.0
-18.0
-9.0
-3.0
1.0
0.0
8.0
1.0
-16.0
-12.0
12.0
-26.0
0.0
14.0
13.0
4.0
-20.0
-34.0
-33.0
-49.0
-33.0
-38.0
-22.0
-8.0
-3.0
-3.0
19.0
18.0
18.0
13.0
9.0
10.0
6.0
20.0
16.0
6.0
-46.0
-27.0
16.0
-7.0
-14.0
-14.0
-7.0
-5.0
-2.0
-3.0
-15.0
-25.0
-23.0
-14.0
-3.0
-16.0
-16.0
-3.0
14.0
14.0
-3.0
23.0
12.0
10.0
8.0
6.0
1.0
7.0
1.0
13.0
-16.0
-27.0
-30.0
-38.0
-15.0
-25.0
-4.0
-35.0
-24.0
-28.0
-6.0
-4.0
-40.0
-28.0
9.0
14.0
8.0
11.0
15.0
5.0
17.0
12.0
-23.0
-28.0
21.0
1.0
7.0
17.0
10.0
-9.0
5.0
16.0
-4.0
-26.0
-11.0
-18.0
-16.0
-3.0
9.0
10.0
9.0
11.0
8.0
2.0
-10.0
-24.0
-40.0
-43.0
-32.0
-6.0
-37.0
-15.0
-26.0
-3.0
23.0
6.0
4.0
5.0
5.0
7.0
23.0
26.0
1.0
14.0
5.0
12.0
2.0
-30.0
-27.0
-44.0
-38.0
-33.0
-22.0
-24.0
-2.0
-1.0
-15.0
-37.0
1.0
18.0
23.0
33.0
7.0
16.0
2.0
16.0
25.0
-22.0
-30.0
-22.0
-20.0
-12.0
3.0
-9.0
-22.0
-23.0
-44.0
-38.0
-26.0
-26.0
4.0
-2.0
-10.0
-1.0
11.0
14.0
41.0
35.0
21.0
12.0
-6.0
4.0
-4.0
0.0
-6.0
-5.0
-9.0
15.0
9.0
8.0
-20.0
-3.0
-17.0
-26.0
-23.0
-15.0
-15.0
-28.0
-4.0
1.0
-4.0
-14.0
-3.0
13.0
21.0
25.0
-21.0
20.0
13.0
4.0
1.0
-15.0
7.0
-26.0
18.0
12.0
17.0
2.0
4.0
13.0
-1.0
-5.0
-34.0
-31.0
-22.0
-33.0
-38.0
-13.0
-8.0
-3.0
-20.0
-15.0
-5.0
28.0
17.0
20.0
9.0
6.0
12.0
-17.0
3.0
-21.0
0.0
-15.0
5.0
17.0
-9.0
11.0
0.0
11.0
-4.0
23.0
-2.0
0.0
-13.0
-24.0
-19.0
-31.0
-17.0
-20.0
-4.0
18.0
-4.0
39.0
30.0
24.0
45.0
13.0
8.0
12.0
6.0
4.0
8.0
-17.0
4.0
3.0
10.0
18.0
-13.0
-30.0
-32.0
-2.0
22.0
2.0
-22.0
-21.0
-7.0
-24.0
-16.0
7.0
-5.0
4.0
-11.0
8.0
7.0
13.0
13.0
19.0
7.0
14.0
29.0
17.0
14.0
-3.0
13.0
19.0
4.0
-2.0
-23.0
-22.0
-3.0
-10.0
-7.0
-18.0
-18.0
-3.0
-26.0
-31.0
-48.0
-33.0
-25.0
3.0
6.0
-5.0
-6.0
1.0
35.0
20.0
29.0
5.0
17.0
-7.0
7.0
-4.0
9.0
4.0
-20.0
-29.0
-20.0
4.0
-5.0
-14.0
-2.0
-6.0
-12.0
-15.0
-24.0
-15.0
-16.0
-7.0
-11.0
-12.0
-3.0
9.0
-21.0
-22.0
-26.0
-43.0
-24.0
-5.0
5.0
-6.0
0.0
11.0
6.0
-7.0
-6.0
-10.0
-1.0
6.0
-6.0
-6.0
-8.0
-22.0
-3.0
-13.0
10.0
-6.0
-8.0
17.0
3.0
-6.0
28.0
5.0
3.0
-13.0
33.0
17.0
15.0
12.0
27.0
28.0
24.0
47.0
45.0
53.0
-8.0
11.0
-22.0
2.0
-16.0
-30.0
-31.0
-20.0
-25.0
-31.0
-24.0
-15.0
-30.0
2.0
9.0
-1.0
37.0
-12.0
39.0
40.0
22.0
22.0
-8.0
-17.0
-5.0
30.0
17.0
20.0
-19.0
-24.0
20.0
-4.0
17.0
35.0
32.0
39.0
43.0
47.0
35.0
41.0
33.0
14.0
-6.0
20.0
-17.0
8.0
-30.0
6.0
-5.0
-21.0
-32.0
-27.0
-23.0
-18.0
-18.0
-5.0
-3.0
-32.0
-14.0
-19.0
11.0
-22.0
24.0
7.0
-4.0
15.0
6.0
-9.0
12.0
1.0
19.0
-5.0
24.0
-10.0
3.0
-4.0
4.0
16.0
-28.0
-26.0
-17.0
9.0
-33.0
-77.0
-46.0
-28.0
-4.0
15.0
-11.0
-4.0
22.0
-9.0
17.0
44.0
39.0
38.0
22.0
-1.0
-21.0
-4.0
19.0
26.0
44.0
-17.0
21.0
5.0
-10.0
23.0
-6.0
-5.0
-26.0
-18.0
-14.0
-3.0
-4.0
-2.0
18.0
24.0
14.0
10.0
-4.0
-6.0
6.0
30.0
56.0
47.0
18.0
13.0
24.0
33.0
7.0
-8.0
4.0
34.0
19.0
31.0
16.0
-3.0
-2.0
-4.0
8.0
-13.0
0.0
-12.0
1.0
25.0
10.0
11.0
20.0
10.0
7.0
18.0
22.0
-12.0
1.0
-31.0
-28.0
-40.0
-35.0
-25.0
-23.0
-1.0
12.0
9.0
17.0
-13.0
-26.0
1.0
-21.0
-26.0
-38.0
-33.0
-14.0
-22.0
-28.0
-3.0
0.0
18.0
31.0
31.0
24.0
25.0
0.0
8.0
-19.0
1.0
-11.0
23.0
-24.0
-27.0
-11.0
-11.0
-13.0
-2.0
-6.0
-4.0
-23.0
-37.0
-24.0
-19.0
-28.0
9.0
-9.0
3.0
5.0
12.0
30.0
7.0
2.0
12.0
4.0
8.0
-12.0
-17.0
13.0
-3.0
-15.0
2.0
5.0
-4.0
-12.0
-22.0
11.0
28.0
8.0
2.0
-7.0
-27.0
-14.0
-3.0
16.0
10.0
19.0
4.0
30.0
-5.0
24.0
5.0
4.0
-3.0
2.0
3.0
27.0
10.0
2.0
-7.0
-45.0
-33.0
2.0
-4.0
-1.0
-1.0
-21.0
-6.0
-18.0
4.0
-36.0
-33.0
-21.0
-23.0
-7.0
-10.0
18.0
13.0
6.0
-8.0
12.0
28.0
-12.0
-2.0
-12.0
-19.0
6.0
-4.0
-20.0
-5.0
-19.0
13.0
-19.0
-17.0
4.0
-21.0
-16.0
17.0
-22.0
-28.0
-15.0
-31.0
-14.0
-18.0
-43.0
-24.0
-13.0
3.0
16.0
-5.0
-29.0
24.0
21.0
18.0
9.0
-8.0
-26.0
-22.0
-3.0
10.0
-14.0
-8.0
-32.0
-23.0
20.0
2.0
-29.0
-7.0
-13.0
-23.0
-21.0
26.0
-8.0
-5.0
-11.0
47.0
15.0
16.0
10.0
-36.0
-17.0
-16.0
6.0
13.0
-1.0
-15.0
7.0
-22.0
-5.0
-14.0
4.0
9.0
-13.0
-2.0
-31.0
-55.0
-45.0
-35.0
-27.0
-21.0
-20.0
-14.0
1.0
14.0
-20.0
9.0
38.0
15.0
18.0
26.0
49.0
55.0
53.0
52.0
12.0
-17.0
4.0
-2.0
33.0
3.0
-28.0
-48.0
-40.0
-35.0
-53.0
-35.0
-21.0
-17.0
-10.0
7.0
-17.0
12.0
15.0
18.0
27.0
38.0
38.0
12.0
19.0
8.0
4.0
0.0
-31.0
-28.0
-8.0
0.0
17.0
-21.0
0.0
10.0
-11.0
1.0
-26.0
-29.0
-21.0
-28.0
-42.0
-43.0
-13.0
-25.0
-2.0
6.0
10.0
17.0
-8.0
21.0
8.0
24.0
7.0
21.0
1.0
15.0
-13.0
-17.0
1.0
6.0
9.0
-13.0
-30.0
-20.0
-18.0
-22.0
-8.0
-4.0
-45.0
-33.0
-33.0
-5.0
-17.0
-4.0
9.0
10.0
24.0
21.0
28.0
21.0
12.0
11.0
1.0
-6.0
-4.0
11.0
17.0
18.0
19.0
-3.0
24.0
-7.0
-8.0
13.0
-19.0
10.0
16.0
14.0
-37.0
-52.0
-32.0
-4.0
15.0
1.0
-10.0
-3.0
30.0
17.0
-3.0
24.0
5.0
-24.0
-37.0
-40.0
-33.0
-22.0
-40.0
-45.0
-9.0
-15.0
-24.0
-15.0
-2.0
-46.0
-23.0
-21.0
2.0
6.0
-42.0
-33.0
-30.0
-20.0
-45.0
-19.0
-5.0
17.0
-13.0
-8.0
20.0
15.0
16.0
7.0
12.0
9.0
15.0
29.0
13.0
0.0
9.0
-7.0
-12.0
-27.0
-21.0
4.0
-16.0
-6.0
-21.0
-36.0
-53.0
-42.0
-15.0
-18.0
-16.0
4.0
-4.0
-8.0
4.0
1.0
34.0
6.0
16.0
-9.0
-4.0
-17.0
2.0
-1.0
-33.0
-25.0
-25.0
0.0
0.0
-9.0
-12.0
-16.0
-8.0
-8.0
-19.0
-11.0
-20.0
-16.0
-6.0
2.0
-4.0
-19.0
13.0
17.0
41.0
24.0
8.0
52.0
17.0
12.0
-19.0
-34.0
38.0
2.0
6.0
-5.0
-25.0
-2.0
-30.0
31.0
-24.0
-8.0
0.0
44.0
-12.0
0.0
7.0
-2.0
1.0
-19.0
-17.0
-38.0
13.0
31.0
-9.0
16.0
2.0
3.0
16.0
9.0
35.0
8.0
12.0
-12.0
26.0
23.0
0.0
-21.0
-30.0
20.0
-4.0
-27.0
-29.0
-22.0
-27.0
-33.0
22.0
-14.0
-11.0
-1.0
4.0
0.0
22.0
4.0
20.0
15.0
8.0
11.0
-1.0
3.0
-8.0
-12.0
-18.0
-2.0
8.0
8.0
-17.0
-14.0
-34.0
-4.0
-4.0
-9.0
-15.0
-23.0
-20.0
-28.0
-20.0
-1.0
18.0
1.0
22.0
-6.0
-4.0
-3.0
-9.0
-8.0
-18.0
-7.0
-14.0
18.0
-5.0
-1.0
9.0
13.0
-4.0
7.0
14.0
-11.0
10.0
0.0
-12.0
-9.0
-29.0
-37.0
-33.0
-21.0
-6.0
2.0
17.0
8.0
-1.0
-34.0
17.0
6.0
-2.0
5.0
-10.0
5.0
12.0
0.0
3.0
8.0
-7.0
5.0
-3.0
-4.0
7.0
-15.0
-10.0
7.0
7.0
-2.0
-16.0
-17.0
-33.0
-53.0
-35.0
1.0
-26.0
14.0
-1.0
0.0
-34.0
31.0
33.0
36.0
20.0
7.0
5.0
-11.0
-29.0
-3.0
12.0
-3.0
-24.0
-28.0
17.0
-19.0
-9.0
-15.0
8.0
-1.0
-39.0
-8.0
-40.0
-22.0
-36.0
-18.0
-20.0
29.0
10.0
-7.0
8.0
10.0
9.0
11.0
2.0
-3.0
20.0
24.0
11.0
2.0
-16.0
0.0
-29.0
-38.0
23.0
-22.0
17.0
3.0
-9.0
0.0
-18.0
-14.0
-51.0
-41.0
-13.0
-35.0
3.0
-33.0
37.0
-6.0
-16.0
-12.0
-10.0
-2.0
13.0
25.0
16.0
-3.0
13.0
6.0
7.0
-29.0
8.0
3.0
-12.0
18.0
-15.0
17.0
12.0
-19.0
-24.0
-55.0
-10.0
-3.0
-28.0
5.0
24.0
13.0
22.0
-1.0
-28.0
-11.0
-14.0
1.0
36.0
22.0
22.0
8.0
-19.0
-14.0
-6.0
-22.0
6.0
-1.0
-19.0
11.0
-9.0
48.0
-23.0
7.0
-24.0
-41.0
-6.0
-17.0
-47.0
-37.0
-36.0
-2.0
16.0
-4.0
22.0
8.0
0.0
0.0
56.0
3.0
3.0
9.0
-10.0
29.0
-21.0
1.0
-37.0
-22.0
16.0
-15.0
-16.0
27.0
-18.0
-10.0
-39.0
-38.0
-46.0
-38.0
-23.0
-33.0
16.0
11.0
6.0
-32.0
-25.0
-26.0
15.0
19.0
9.0
-33.0
24.0
68.0
18.0
33.0
16.0
20.0
-7.0
-11.0
-11.0
-24.0
-1.0
-7.0
-15.0
18.0
-41.0
-41.0
-59.0
-48.0
-33.0
-4.0
-6.0
14.0
-7.0
-3.0
14.0
20.0
10.0
5.0
5.0
7.0
1.0
7.0
2.0
3.0
-2.0
13.0
13.0
15.0
4.0
0.0
-31.0
-22.0
-19.0
-16.0
-43.0
-40.0
-18.0
-12.0
-2.0
26.0
-17.0
-18.0
12.0
26.0
32.0
4.0
-11.0
-13.0
19.0
20.0
-3.0
-2.0
-20.0
-10.0
19.0
-1.0
-12.0
-16.0
-28.0
-30.0
4.0
-10.0
-13.0
-16.0
1.0
-11.0
-15.0
-28.0
4.0
-8.0
-11.0
5.0
6.0
-2.0
21.0
14.0
3.0
-20.0
-1.0
-26.0
-21.0
21.0
17.0
4.0
-8.0
-13.0
-28.0
-23.0
-18.0
-9.0
-18.0
6.0
-30.0
-7.0
11.0
12.0
-4.0
-21.0
5.0
-14.0
-14.0
13.0
0.0
33.0
-9.0
21.0
-8.0
-5.0
5.0
-46.0
23.0
-5.0
-44.0
-18.0
-30.0
-57.0
-35.0
-20.0
1.0
-4.0
-10.0
-25.0
5.0
-21.0
-25.0
-33.0
-29.0
-24.0
-20.0
-3.0
-11.0
-15.0
-3.0
-7.0
4.0
11.0
31.0
26.0
33.0
24.0
13.0
35.0
2.0
2.0
-4.0
-6.0
-20.0
-18.0
-39.0
-44.0
-37.0
-27.0
-22.0
-7.0
-7.0
-4.0
-4.0
-5.0
14.0
33.0
19.0
47.0
12.0
15.0
-3.0
18.0
-5.0
-2.0
13.0
11.0
-7.0
-8.0
34.0
8.0
17.0
-20.0
-4.0
-5.0
-24.0
7.0
-8.0
-14.0
-24.0
-37.0
-33.0
-42.0
8.0
13.0
-4.0
28.0
10.0
14.0
9.0
3.0
-20.0
31.0
12.0
14.0
12.0
2.0
-5.0
22.0
-3.0
0.0
-54.0
-21.0
-3.0
-7.0
-13.0
-10.0
-26.0
-13.0
-11.0
-21.0
-26.0
37.0
6.0
11.0
36.0
-3.0
10.0
-2.0
-1.0
3.0
-19.0
10.0
-20.0
-13.0
-10.0
7.0
16.0
19.0
2.0
-50.0
-27.0
-31.0
-38.0
-40.0
-20.0
5.0
6.0
-7.0
-8.0
1.0
9.0
2.0
-12.0
-6.0
5.0
10.0
24.0
37.0
-29.0
-23.0
2.0
-5.0
-10.0
-20.0
-14.0
-20.0
-40.0
-16.0
-36.0
-32.0
-45.0
-34.0
-20.0
-21.0
-6.0
-2.0
15.0
46.0
32.0
10.0
-11.0
-22.0
-16.0
-8.0
-16.0
5.0
0.0
2.0
-5.0
-16.0
-24.0
5.0
-14.0
-13.0
-28.0
-61.0
-41.0
-27.0
4.0
16.0
8.0
29.0
-10.0
-8.0
16.0
11.0
39.0
28.0
13.0
25.0
9.0
14.0
20.0
41.0
8.0
9.0
1.0
21.0
-19.0
-23.0
-20.0
-36.0
11.0
8.0
-9.0
-18.0
15.0
-24.0
-4.0
2.0
-19.0
-9.0
-6.0
1.0
-6.0
11.0
17.0
19.0
3.0
-13.0
-17.0
-16.0
-2.0
10.0
7.0
50.0
-16.0
-10.0
-21.0
-12.0
-30.0
-5.0
-15.0
-15.0
-11.0
16.0
-50.0
-32.0
-57.0
-15.0
-8.0
16.0
16.0
15.0
3.0
31.0
-15.0
20.0
20.0
-19.0
-1.0
5.0
-17.0
-19.0
-2.0
-36.0
17.0
-14.0
8.0
1.0
-19.0
17.0
6.0
11.0
8.0
7.0
-21.0
-31.0
-49.0
-18.0
-9.0
8.0
-12.0
0.0
-31.0
-14.0
-8.0
30.0
19.0
25.0
5.0
42.0
2.0
-2.0
21.0
-9.0
-24.0
17.0
-36.0
-43.0
-25.0
9.0
36.0
49.0
14.0
5.0
-51.0
4.0
-17.0
-3.0
20.0
-32.0
-4.0
1.0
-26.0
11.0
30.0
8.0
28.0
11.0
37.0
1.0
-10.0
-22.0
10.0
-12.0
6.0
-11.0
-5.0
-24.0
17.0
-30.0
-14.0
-1.0
-33.0
-2.0
-27.0
2.0
-29.0
-9.0
-38.0
-38.0
-33.0
-25.0
-36.0
20.0
-41.0
-10.0
-54.0
-3.0
-5.0
24.0
6.0
-2.0
1.0
-1.0
23.0
-18.0
1.0
3.0
29.0
4.0
-7.0
-13.0
-25.0
-29.0
3.0
25.0
19.0
-2.0
-7.0
-18.0
-16.0
-5.0
-21.0
-44.0
-25.0
-11.0
14.0
19.0
-9.0
-17.0
-7.0
-12.0
14.0
23.0
24.0
-3.0
2.0
-19.0
13.0
-26.0
-2.0
7.0
8.0
-26.0
2.0
-9.0
-18.0
-16.0
-24.0
-27.0
-22.0
-19.0
3.0
-25.0
-27.0
-8.0
28.0
15.0
-3.0
23.0
15.0
12.0
-13.0
14.0
17.0
5.0
-5.0
-19.0
-2.0
6.0
-7.0
-13.0
1.0
0.0
-11.0
-12.0
-53.0
-68.0
10.0
2.0
-17.0
-26.0
-58.0
-49.0
-28.0
-10.0
-11.0
-15.0
-12.0
10.0
31.0
22.0
48.0
37.0
44.0
46.0
-1.0
2.0
-14.0
4.0
10.0
19.0
-26.0
-16.0
3.0
-13.0
5.0
-37.0
-13.0
-24.0
10.0
20.0
-38.0
-31.0
-24.0
16.0
-16.0
4.0
-22.0
-2.0
-6.0
-1.0
39.0
35.0
26.0
42.0
-31.0
4.0
-5.0
-1.0
-13.0
-12.0
39.0
2.0
-7.0
2.0
12.0
19.0
15.0
-24.0
-24.0
-26.0
-12.0
-7.0
-14.0
9.0
-42.0
-23.0
4.0
0.0
2.0
-4.0
-1.0
-16.0
13.0
19.0
36.0
0.0
1.0
-13.0
3.0
-1.0
18.0
-3.0
2.0
10.0
13.0
-45.0
-42.0
-29.0
8.0
13.0
18.0
2.0
-12.0
-43.0
-4.0
-22.0
-41.0
-14.0
-11.0
-12.0
16.0
-22.0
-11.0
-47.0
-4.0
-17.0
31.0
17.0
22.0
12.0
5.0
-6.0
22.0
-9.0
0.0
10.0
-52.0
24.0
26.0
10.0
-4.0
8.0
3.0
-39.0
-40.0
-14.0
3.0
-9.0
-8.0
-16.0
17.0
-14.0
-8.0
14.0
21.0
17.0
17.0
2.0
-13.0
-19.0
-41.0
-11.0
-7.0
-29.0
-12.0
-14.0
-13.0
-58.0
-26.0
-18.0
-7.0
-18.0
-14.0
-2.0
-7.0
-7.0
-48.0
-33.0
-42.0
-47.0
-13.0
13.0
25.0
23.0
-8.0
-16.0
-17.0
-6.0
29.0
6.0
26.0
5.0
29.0
9.0
24.0
21.0
-16.0
27.0
-3.0
-2.0
5.0
-1.0
-2.0
-13.0
-5.0
-21.0
-4.0
-18.0
-32.0
-25.0
-17.0
-3.0
-35.0
-31.0
-9.0
3.0
11.0
2.0
6.0
5.0
16.0
31.0
39.0
21.0
11.0
-12.0
6.0
-18.0
6.0
2.0
21.0
-3.0
-1.0
-20.0
-19.0
-39.0
36.0
-31.0
-12.0
-13.0
-37.0
5.0
-22.0
9.0
-33.0
-25.0
-7.0
-5.0
-13.0
-4.0
12.0
-1.0
20.0
12.0
36.0
8.0
7.0
-11.0
1.0
2.0
3.0
-49.0
-49.0
10.0
-13.0
23.0
-6.0
32.0
-25.0
-18.0
9.0
3.0
-13.0
-14.0
-56.0
-24.0
-34.0
-17.0
1.0
0.0
6.0
13.0
-2.0
-43.0
-21.0
26.0
-44.0
4.0
40.0
26.0
25.0
-14.0
-13.0
8.0
13.0
-31.0
0.0
14.0
0.0
0.0
-28.0
-9.0
-9.0
-5.0
-32.0
23.0
-72.0
-48.0
-39.0
-34.0
5.0
-40.0
0.0
27.0
26.0
-32.0
10.0
30.0
33.0
27.0
44.0
20.0
20.0
23.0
-2.0
3.0
27.0
4.0
-17.0
-23.0
-24.0
-41.0
-53.0
6.0
51.0
-47.0
-33.0
-16.0
-58.0
-59.0
-39.0
-62.0
-17.0
-31.0
-43.0
-12.0
21.0
-10.0
18.0
16.0
-39.0
-8.0
14.0
22.0
-11.0
-4.0
16.0
-24.0
17.0
12.0
19.0
16.0
-1.0
19.0
3.0
10.0
10.0
-6.0
0.0
-9.0
-33.0
-51.0
-36.0
-42.0
-2.0
4.0
-20.0
-9.0
12.0
7.0
49.0
50.0
-14.0
-10.0
2.0
5.0
11.0
-15.0
-29.0
-25.0
0.0
-49.0
-7.0
-8.0
-9.0
-24.0
-35.0
-18.0
-31.0
-31.0
-24.0
-31.0
-10.0
-15.0
-10.0
36.0
2.0
22.0
-20.0
-21.0
4.0
13.0
37.0
11.0
18.0
30.0
-11.0
6.0
-24.0
-20.0
-32.0
-2.0
-17.0
6.0
-33.0
-23.0
-29.0
-9.0
-22.0
-17.0
-20.0
-13.0
-1.0
-58.0
-31.0
-21.0
-9.0
-26.0
13.0
11.0
5.0
19.0
15.0
42.0
54.0
52.0
-9.0
-32.0
-25.0
-18.0
-64.0
-106.0
-85.0
-35.0
-4.0
-24.0
-14.0
-42.0
-12.0
-5.0
-16.0
-42.0
-49.0
-68.0
-49.0
-33.0
-42.0
-30.0
-23.0
-13.0
7.0
-27.0
49.0
25.0
21.0
-4.0
30.0
5.0
2.0
-2.0
24.0
20.0
35.0
-7.0
22.0
2.0
-19.0
10.0
31.0
31.0
5.0
-4.0
37.0
-9.0
3.0
-15.0
9.0
17.0
-10.0
-1.0
3.0
27.0
25.0
-5.0
-4.0
14.0
-10.0
-1.0
-10.0
-10.0
-10.0
-8.0
-28.0
-54.0
-65.0
-67.0
-44.0
-26.0
-7.0
2.0
11.0
-4.0
-4.0
11.0
-3.0
-49.0
4.0
-10.0
27.0
22.0
-6.0
20.0
-4.0
2.0
-11.0
9.0
12.0
12.0
61.0
54.0
44.0
13.0
32.0
31.0
14.0
26.0
8.0
21.0
-4.0
-2.0
14.0
-2.0
29.0
-22.0
-9.0
11.0
1.0
-13.0
9.0
10.0
17.0
24.0
-8.0
9.0
24.0
33.0
0.0
17.0
37.0
44.0
26.0
-29.0
-35.0
-3.0
30.0
18.0
-11.0
-20.0
12.0
11.0
-16.0
-24.0
-21.0
-13.0
-7.0
-20.0
5.0
-2.0
-19.0
-19.0
-8.0
-5.0
14.0
24.0
8.0
14.0
-6.0
44.0
9.0
4.0
8.0
3.0
16.0
1.0
11.0
11.0
-3.0
-2.0
0.0
3.0
50.0
-9.0
-15.0
-27.0
-4.0
-25.0
-45.0
-44.0
-32.0
-37.0
-6.0
-28.0
-7.0
-4.0
-15.0
14.0
3.0
16.0
-13.0
-5.0
17.0
-2.0
23.0
5.0
-2.0
-10.0
-20.0
-8.0
-24.0
-14.0
11.0
4.0
-44.0
-30.0
-25.0
1.0
-63.0
-26.0
-55.0
-48.0
-10.0
5.0
0.0
-7.0
-10.0
-26.0
8.0
4.0
33.0
33.0
-6.0
30.0
6.0
-2.0
7.0
19.0
33.0
2.0
-30.0
-24.0
21.0
17.0
9.0
-7.0
-1.0
-5.0
-12.0
-11.0
-13.0
-13.0
-23.0
-14.0
-1.0
14.0
7.0
7.0
12.0
-5.0
7.0
9.0
-28.0
24.0
-6.0
3.0
0.0
-12.0
-30.0
-11.0
-11.0
-19.0
-29.0
-7.0
6.0
23.0
25.0
-11.0
-33.0
-36.0
-53.0
-53.0
-66.0
-27.0
19.0
8.0
-2.0
-5.0
5.0
-1.0
18.0
6.0
-17.0
-14.0
4.0
14.0
9.0
23.0
0.0
-25.0
4.0
12.0
4.0
-11.0
-41.0
10.0
-33.0
-13.0
-4.0
-30.0
-11.0
-15.0
-5.0
-4.0
15.0
-54.0
-3.0
5.0
-2.0
7.0
-9.0
-3.0
29.0
56.0
19.0
18.0
-2.0
19.0
25.0
-18.0
-18.0
-4.0
-10.0
-1.0
3.0
-40.0
-9.0
-3.0
2.0
-6.0
-13.0
-13.0
15.0
-37.0
-43.0
-17.0
-1.0
-12.0
-13.0
-26.0
-13.0
-9.0
-4.0
8.0
0.0
-7.0
-1.0
18.0
20.0
33.0
-15.0
-10.0
40.0
1.0
6.0
8.0
2.0
-1.0
-8.0
18.0
5.0
4.0
9.0
14.0
-49.0
-34.0
-47.0
-59.0
-70.0
-47.0
-19.0
-10.0
-7.0
3.0
-26.0
10.0
-35.0
-5.0
-41.0
-29.0
23.0
5.0
32.0
15.0
21.0
-5.0
-25.0
10.0
67.0
17.0
8.0
10.0
27.0
-22.0
-43.0
12.0
-23.0
-21.0
-27.0
-17.0
-1.0
-3.0
-30.0
-48.0
-34.0
-6.0
6.0
1.0
-12.0
-2.0
-35.0
-35.0
5.0
20.0
-2.0
5.0
-4.0
13.0
15.0
8.0
-1.0
6.0
3.0
6.0
9.0
-10.0
-6.0
7.0
0.0
-6.0
6.0
4.0
-25.0
-42.0
-47.0
-18.0
20.0
-3.0
-26.0
-2.0
-2.0
-4.0
9.0
-5.0
19.0
20.0
54.0
56.0
-6.0
19.0
8.0
5.0
11.0
-2.0
5.0
39.0
-14.0
-33.0
-29.0
-54.0
-39.0
-46.0
-34.0
-8.0
-40.0
-59.0
-30.0
-53.0
-15.0
-31.0
-38.0
-43.0
-36.0
-38.0
-37.0
-14.0
28.0
35.0
38.0
31.0
17.0
23.0
-6.0
-17.0
-67.0
-63.0
-78.0
-46.0
-13.0
-36.0
-28.0
-28.0
-31.0
-63.0
-73.0
-63.0
-85.0
-72.0
-26.0
-15.0
-53.0
-48.0
-64.0
37.0
32.0
58.0
54.0
60.0
46.0
22.0
48.0
57.0
18.0
12.0
29.0
22.0
35.0
-2.0
24.0
17.0
34.0
25.0
20.0
13.0
-14.0
9.0
13.0
-9.0
15.0
-1.0
26.0
18.0
16.0
10.0
28.0
7.0
10.0
1.0
10.0
33.0
25.0
24.0
9.0
26.0
44.0
35.0
10.0
-14.0
15.0
24.0
0.0
3.0
27.0
4.0
15.0
15.0
5.0
-43.0
-53.0
-32.0
-29.0
-22.0
4.0
-31.0
-49.0
-31.0
9.0
-2.0
2.0
-46.0
-33.0
-36.0
23.0
45.0
84.0
42.0
19.0
38.0
31.0
-11.0
-46.0
-46.0
-79.0
-69.0
-77.0
-92.0
-135.0
-106.0
-91.0
-78.0
-117.0
-113.0
-135.0
-95.0
-74.0
-76.0
-53.0
-8.0
4.0
41.0
13.0
14.0
0.0
12.0
42.0
47.0
60.0
39.0
67.0
52.0
55.0
47.0
20.0
13.0
-7.0
7.0
-10.0
17.0
27.0
-10.0
-12.0
19.0
20.0
71.0
156.0
313.0
313.0
313.0
313.0
313.0
313.0
313.0
313.0
313.0
313.0
313.0
243.0
136.0
22.0
-40.0
-94.0
-100.0
-173.0
-298.0
-313.0
-313.0
-313.0
-313.0
-313.0
-313.0
-313.0
-313.0
-313.0
-313.0
-313.0
-313.0
-313.0
-304.0
-290.0
-288.0
-263.0
-250.0
-195.0
-197.0
-180.0
-235.0
-146.0
-121.0
-195.0
-271.0
-268.0
-260.0
-231.0
-237.0
-228.0
-188.0
-212.0
-143.0
-138.0
-109.0
-71.0
-88.0
-43.0
-1.0
-9.0
-17.0
14.0
0.0
-5.0
33.0
-1.0
14.0
76.0
107.0
89.0
86.0
57.0
75.0
60.0
49.0
63.0
47.0
84.0
78.0
48.0
95.0
58.0
46.0
40.0
55.0
59.0
51.0
51.0
56.0
70.0
52.0
55.0
46.0
33.0
70.0
53.0
57.0
83.0
80.0
116.0
90.0
82.0
25.0
-8.0
30.0
-2.0
-12.0
8.0
8.0
-7.0
-6.0
-15.0
-17.0
-7.0
-28.0
-32.0
-40.0
-43.0
-33.0
-23.0
-33.0
-33.0
-6.0
-14.0
-22.0
-22.0
-29.0
-37.0
-24.0
-35.0
-28.0
-6.0
20.0
21.0
12.0
39.0
30.0
43.0
8.0
9.0
9.0
-19.0
17.0
-6.0
18.0
-5.0
-19.0
-5.0
-16.0
-15.0
-4.0
5.0
1.0
34.0
6.0
-6.0
8.0
-18.0
-19.0
-6.0
15.0
21.0
32.0
17.0
-5.0
0.0
6.0
-6.0
-22.0
-1.0
-10.0
-25.0
-7.0
29.0
-32.0
-28.0
-6.0
1.0
48.0
3.0
33.0
37.0
25.0
12.0
11.0
13.0
25.0
30.0
-16.0
2.0
-25.0
-10.0
-4.0
-9.0
-5.0
-37.0
-50.0
-35.0
-31.0
-2.0
19.0
13.0
11.0
25.0
8.0
36.0
30.0
38.0
5.0
42.0
-9.0
26.0
11.0
-10.0
21.0
7.0
19.0
9.0
-13.0
-3.0
12.0
-9.0
-2.0
4.0
2.0
-13.0
-20.0
-25.0
-42.0
-27.0
-51.0
-19.0
-23.0
-17.0
-24.0
-10.0
-9.0
17.0
-26.0
5.0
42.0
7.0
2.0
14.0
-5.0
14.0
5.0
21.0
-5.0
-2.0
-24.0
-7.0
-1.0
-9.0
-22.0
-40.0
-46.0
-19.0
-45.0
-24.0
2.0
-21.0
-4.0
0.0
4.0
-22.0
-4.0
-4.0
23.0
12.0
20.0
20.0
15.0
22.0
28.0
20.0
14.0
-7.0
-33.0
-32.0
-24.0
-28.0
-24.0
-26.0
-5.0
-9.0
-2.0
-15.0
-6.0
-22.0
-14.0
-19.0
11.0
7.0
-2.0
17.0
15.0
20.0
25.0
6.0
8.0
-11.0
1.0
-18.0
14.0
-6.0
-2.0
-6.0
-18.0
10.0
-6.0
1.0
-50.0
-39.0
-11.0
-3.0
1.0
-33.0
-32.0
-16.0
-8.0
-18.0
-8.0
-13.0
-8.0
13.0
20.0
43.0
4.0
-11.0
-2.0
6.0
-17.0
-19.0
-2.0
23.0
14.0
39.0
26.0
8.0
8.0
-35.0
-37.0
-113.0
-46.0
-63.0
-37.0
-43.0
-38.0
65.0
-39.0
23.0
-2.0
20.0
17.0
32.0
39.0
-5.0
47.0
13.0
286.0
-31.0
62.0
-50.0
-9.0
-24.0
-45.0
-8.0
-2.0
17.0
25.0
-51.0
-66.0
-11.0
55.0
-44.0
-54.0
-11.0
3.0
-19.0
28.0
10.0
54.0
28.0
8.0
-1.0
8.0
-26.0
-23.0
30.0
25.0
8.0
-1.0
11.0
4.0
1.0
5.0
-29.0
-14.0
6.0
-20.0
-23.0
-22.0
-55.0
-6.0
-31.0
-44.0
-42.0
-43.0
-12.0
2.0
-44.0
26.0
1.0
-32.0
-35.0
-43.0
-41.0
-27.0
1.0
9.0
1.0
-13.0
-41.0
-59.0
-15.0
-27.0
-8.0
20.0
-36.0
-14.0
-32.0
-11.0
-26.0
-25.0
1.0
-41.0
-5.0
-19.0
11.0
15.0
23.0
20.0
-1.0
1.0
-19.0
-10.0
-23.0
-14.0
-21.0
-2.0
-4.0
-9.0
-26.0
-22.0
-9.0
-23.0
-35.0
-3.0
23.0
15.0
27.0
-17.0
8.0
27.0
17.0
24.0
25.0
28.0
14.0
-11.0
8.0
-33.0
-21.0
-15.0
5.0
21.0
-11.0
15.0
2.0
-16.0
-13.0
-12.0
-28.0
-13.0
15.0
19.0
-12.0
-10.0
-15.0
3.0
-5.0
33.0
33.0
-12.0
-1.0
-4.0
-5.0
-14.0
-14.0
-3.0
15.0
22.0
-7.0
-1.0
8.0
2.0
-17.0
19.0
11.0
14.0
-1.0
27.0
10.0
-4.0
25.0
1.0
7.0
5.0
2.0
-2.0
-41.0
-19.0
-26.0
-31.0
-27.0
-30.0
-17.0
-5.0
33.0
23.0
35.0
50.0
40.0
26.0
5.0
6.0
8.0
37.0
16.0
37.0
-12.0
17.0
30.0
10.0
-20.0
-24.0
-35.0
-45.0
-39.0
-28.0
9.0
-11.0
35.0
9.0
29.0
33.0
17.0
12.0
-2.0
2.0
-9.0
26.0
6.0
-8.0
17.0
12.0
12.0
9.0
6.0
-9.0
-18.0
-48.0
-44.0
-29.0
-10.0
-21.0
-18.0
-9.0
0.0
-18.0
5.0
24.0
11.0
18.0
52.0
37.0
23.0
30.0
16.0
16.0
-15.0
-17.0
-22.0
-21.0
-20.0
-18.0
6.0
-4.0
-10.0
-38.0
-31.0
-57.0
-35.0
-50.0
-16.0
-23.0
-7.0
-10.0
-17.0
-33.0
2.0
-18.0
-9.0
-9.0
-5.0
-5.0
-15.0
5.0
-35.0
-20.0
2.0
25.0
30.0
22.0
5.0
2.0
-50.0
-55.0
-13.0
-24.0
-25.0
-36.0
-20.0
1.0
28.0
23.0
-4.0
1.0
27.0
-1.0
7.0
7.0
12.0
-3.0
-24.0
-27.0
-12.0
8.0
2.0
-3.0
-33.0
-39.0
-27.0
-29.0
-45.0
-32.0
-25.0
-11.0
-20.0
27.0
-11.0
6.0
8.0
-7.0
34.0
14.0
-22.0
-1.0
-19.0
1.0
0.0
-18.0
14.0
3.0
22.0
38.0
-5.0
-18.0
-20.0
-31.0
20.0
-22.0
-24.0
-18.0
-27.0
-9.0
-4.0
6.0
5.0
4.0
-1.0
8.0
-12.0
-10.0
-4.0
-15.0
3.0
-7.0
-4.0
-8.0
-14.0
-22.0
-32.0
-19.0
-40.0
-38.0
-18.0
9.0
5.0
-9.0
3.0
24.0
17.0
13.0
28.0
33.0
16.0
48.0
-14.0
6.0
22.0
13.0
-9.0
-4.0
-4.0
-3.0
4.0
14.0
-1.0
-28.0
-23.0
-25.0
-8.0
-7.0
5.0
4.0
15.0
-20.0
-8.0
1.0
5.0
6.0
14.0
24.0
6.0
13.0
-7.0
-5.0
12.0
27.0
2.0
-6.0
-11.0
6.0
-11.0
-7.0
-7.0
-44.0
-26.0
-32.0
-34.0
-37.0
-26.0
-12.0
-19.0
-21.0
-12.0
-36.0
-29.0
14.0
33.0
13.0
37.0
-19.0
-2.0
5.0
12.0
18.0
11.0
2.0
-33.0
-23.0
-33.0
-19.0
16.0
13.0
9.0
-19.0
3.0
2.0
0.0
-2.0
-39.0
-17.0
-9.0
-10.0
14.0
33.0
-40.0
-23.0
6.0
-4.0
-10.0
-10.0
-9.0
-9.0
16.0
44.0
35.0
41.0
37.0
11.0
-8.0
-9.0
2.0
-2.0
-5.0
-25.0
-15.0
-19.0
-16.0
8.0
-28.0
-24.0
-51.0
-50.0
-53.0
-33.0
-21.0
22.0
-11.0
-7.0
-8.0
7.0
29.0
27.0
10.0
-5.0
-26.0
-20.0
-4.0
-9.0
10.0
-14.0
-13.0
-16.0
-17.0
13.0
-7.0
-39.0
-18.0
-41.0
-26.0
-29.0
-36.0
-26.0
-33.0
-16.0
-30.0
-8.0
-7.0
26.0
35.0
36.0
36.0
38.0
27.0
-3.0
6.0
17.0
2.0
-12.0
9.0
4.0
15.0
14.0
2.0
-30.0
-51.0
-52.0
-30.0
-20.0
-21.0
-25.0
-16.0
-6.0
3.0
-2.0
19.0
3.0
26.0
9.0
20.0
-1.0
29.0
22.0
1.0
-7.0
-10.0
-11.0
-24.0
-5.0
-30.0
-25.0
-22.0
-18.0
-13.0
-18.0
-11.0
-15.0
-9.0
-20.0
-20.0
-15.0
-13.0
-22.0
-4.0
19.0
10.0
28.0
18.0
26.0
-12.0
-1.0
13.0
-4.0
4.0
-4.0
-5.0
-22.0
-11.0
0.0
-17.0
-39.0
-22.0
-14.0
-49.0
-23.0
-42.0
-18.0
-6.0
7.0
54.0
33.0
26.0
35.0
34.0
15.0
17.0
-4.0
-7.0
-43.0
-25.0
-39.0
-17.0
0.0
9.0
23.0
-7.0
-37.0
-25.0
12.0
-21.0
-9.0
0.0
-2.0
22.0
3.0
2.0
-10.0
4.0
8.0
18.0
-3.0
-13.0
-7.0
-22.0
-32.0
-18.0
-38.0
-33.0
-10.0
9.0
15.0
26.0
26.0
11.0
11.0
-10.0
-11.0
5.0
-29.0
-21.0
-6.0
-19.0
-10.0
-16.0
0.0
-28.0
-27.0
-22.0
-37.0
-33.0
-10.0
-16.0
-13.0
-2.0
32.0
3.0
6.0
-16.0
6.0
10.0
20.0
12.0
6.0
30.0
22.0
21.0
15.0
-1.0
-8.0
12.0
-20.0
-22.0
-28.0
-25.0
-40.0
-49.0
-17.0
-27.0
12.0
4.0
26.0
15.0
25.0
27.0
-11.0
4.0
-13.0
-28.0
-15.0
7.0
-26.0
11.0
12.0
11.0
-21.0
-14.0
30.0
41.0
41.0
4.0
1.0
-12.0
-31.0
-16.0
2.0
-9.0
4.0
4.0
-7.0
17.0
19.0
13.0
18.0
21.0
17.0
16.0
6.0
-26.0
-35.0
-25.0
-20.0
-28.0
-16.0
-28.0
-35.0
-4.0
13.0
-13.0
-21.0
-9.0
-11.0
9.0
2.0
9.0
-4.0
-7.0
15.0
24.0
4.0
4.0
16.0
0.0
-2.0
-15.0
-24.0
9.0
-5.0
18.0
10.0
0.0
15.0
-19.0
-18.0
-22.0
-57.0
-24.0
-27.0
-25.0
-10.0
-23.0
-4.0
-16.0
-20.0
6.0
32.0
0.0
34.0
15.0
9.0
0.0
16.0
35.0
23.0
-22.0
2.0
5.0
-9.0
-20.0
-42.0
-49.0
-28.0
-19.0
-25.0
-11.0
-10.0
23.0
14.0
22.0
13.0
21.0
24.0
15.0
11.0
-16.0
-13.0
-27.0
1.0
-3.0
-9.0
2.0
-22.0
-9.0
2.0
-31.0
-40.0
-43.0
-14.0
-17.0
-29.0
-13.0
-16.0
10.0
-3.0
12.0
4.0
18.0
27.0
7.0
19.0
6.0
15.0
5.0
-1.0
-11.0
23.0
-15.0
-5.0
-25.0
-24.0
-19.0
-11.0
-12.0
-27.0
-37.0
-67.0
-39.0
-24.0
4.0
2.0
-31.0
-7.0
-9.0
-12.0
12.0
7.0
20.0
7.0
31.0
9.0
5.0
39.0
31.0
24.0
-12.0
-15.0
6.0
16.0
-7.0
-37.0
-18.0
-8.0
-13.0
-10.0
-42.0
-27.0
-21.0
-29.0
-11.0
-3.0
4.0
-5.0
30.0
23.0
9.0
-1.0
8.0
39.0
23.0
-9.0
-5.0
8.0
-6.0
-5.0
11.0
-28.0
-19.0
-17.0
-10.0
8.0
-10.0
-46.0
-32.0
-22.0
-11.0
3.0
12.0
5.0
9.0
-4.0
8.0
15.0
6.0
9.0
17.0
1.0
-5.0
9.0
-14.0
7.0
-17.0
-23.0
-15.0
-15.0
-11.0
5.0
4.0
13.0
-14.0
-2.0
-34.0
17.0
8.0
8.0
8.0
-2.0
-18.0
-17.0
-37.0
-10.0
-29.0
-12.0
-18.0
-19.0
-1.0
-2.0
-17.0
-21.0
-31.0
-35.0
-12.0
-7.0
23.0
19.0
0.0
21.0
-8.0
2.0
-23.0
6.0
28.0
11.0
-1.0
-1.0
13.0
9.0
11.0
-5.0
16.0
13.0
-11.0
-23.0
-37.0
-33.0
-46.0
-22.0
-22.0
-14.0
-1.0
7.0
4.0
28.0
33.0
28.0
33.0
11.0
5.0
27.0
31.0
11.0
-18.0
-32.0
-3.0
-1.0
-30.0
-7.0
16.0
-12.0
0.0
-11.0
-37.0
-31.0
-49.0
-50.0
-41.0
-26.0
-21.0
-18.0
4.0
6.0
37.0
53.0
45.0
41.0
14.0
7.0
1.0
-1.0
-4.0
8.0
-15.0
-11.0
-9.0
-7.0
-1.0
12.0
3.0
7.0
-24.0
-29.0
-27.0
-5.0
-13.0
-7.0
2.0
-8.0
-12.0
3.0
11.0
8.0
8.0
18.0
7.0
14.0
-16.0
-10.0
15.0
13.0
12.0
-4.0
2.0
-19.0
-1.0
-7.0
-39.0
-23.0
-25.0
-44.0
-15.0
-35.0
-30.0
15.0
20.0
14.0
26.0
18.0
5.0
23.0
12.0
4.0
-17.0
-28.0
-22.0
-22.0
24.0
-3.0
-2.0
-3.0
-28.0
-25.0
-28.0
-22.0
-15.0
-26.0
1.0
-10.0
-11.0
-2.0
0.0
30.0
4.0
15.0
18.0
15.0
6.0
8.0
8.0
-9.0
1.0
-4.0
-4.0
0.0
23.0
9.0
13.0
-8.0
-37.0
-43.0
-38.0
-29.0
-34.0
-4.0
-11.0
-7.0
16.0
15.0
9.0
24.0
10.0
29.0
8.0
-2.0
-4.0
-3.0
5.0
5.0
-8.0
-15.0
-24.0
-8.0
-37.0
-40.0
-34.0
-30.0
0.0
2.0
-20.0
-29.0
-32.0
-5.0
-6.0
-9.0
-24.0
-19.0
-15.0
-11.0
19.0
2.0
0.0
-7.0
-12.0
8.0
2.0
18.0
10.0
7.0
-10.0
-15.0
-43.0
-31.0
-26.0
-27.0
-21.0
-13.0
-31.0
24.0
10.0
17.0
38.0
38.0
4.0
3.0
-15.0
-20.0
-13.0
-6.0
-12.0
-8.0
0.0
-37.0
-26.0
-14.0
-20.0
-25.0
-3.0
6.0
-4.0
0.0
-8.0
-9.0
1.0
4.0
14.0
23.0
11.0
9.0
32.0
10.0
27.0
-22.0
-28.0
-20.0
17.0
9.0
4.0
0.0
-5.0
-12.0
-27.0
-48.0
-25.0
-35.0
-33.0
-26.0
6.0
-8.0
6.0
3.0
20.0
16.0
-4.0
19.0
24.0
17.0
8.0
-4.0
-5.0
10.0
5.0
13.0
3.0
-20.0
-3.0
1.0
-27.0
10.0
-32.0
-12.0
-56.0
-66.0
-61.0
-42.0
0.0
27.0
37.0
27.0
18.0
36.0
20.0
3.0
23.0
12.0
0.0
15.0
-10.0
2.0
6.0
-15.0
3.0
25.0
21.0
13.0
17.0
8.0
-27.0
-13.0
-23.0
-50.0
-39.0
-27.0
-3.0
4.0
-2.0
-11.0
13.0
-42.0
6.0
27.0
25.0
6.0
15.0
-1.0
-7.0
1.0
-7.0
2.0
6.0
-2.0
-15.0
4.0
-13.0
-45.0
-38.0
-35.0
-29.0
-58.0
-53.0
16.0
22.0
31.0
17.0
6.0
-13.0
-16.0
15.0
-22.0
-25.0
-38.0
10.0
-5.0
6.0
-6.0
-5.0
-2.0
17.0
24.0
27.0
28.0
11.0
27.0
1.0
-4.0
1.0
3.0
11.0
3.0
10.0
14.0
-20.0
-13.0
4.0
24.0
21.0
24.0
37.0
22.0
-8.0
-15.0
-13.0
-28.0
18.0
-3.0
-6.0
-6.0
6.0
-26.0
-11.0
0.0
4.0
1.0
-13.0
-15.0
-23.0
-19.0
18.0
30.0
-13.0
-6.0
-10.0
11.0
-6.0
5.0
24.0
10.0
23.0
20.0
13.0
5.0
11.0
5.0
-8.0
3.0
-3.0
-6.0
-22.0
-36.0
11.0
-34.0
-31.0
-21.0
-60.0
-41.0
-23.0
-15.0
3.0
-5.0
-6.0
12.0
11.0
17.0
-4.0
-22.0
-12.0
-18.0
-15.0
-31.0
-29.0
-36.0
-31.0
-27.0
-51.0
-18.0
-19.0
-9.0
-5.0
-36.0
-24.0
-30.0
1.0
2.0
9.0
18.0
3.0
-1.0
-4.0
9.0
2.0
21.0
11.0
60.0
23.0
11.0
4.0
5.0
-22.0
-6.0
-8.0
-16.0
-17.0
-28.0
-12.0
6.0
-25.0
-19.0
-53.0
-28.0
-19.0
-8.0
-20.0
14.0
-7.0
-24.0
-13.0
7.0
19.0
13.0
8.0
-15.0
-15.0
-6.0
-20.0
-7.0
7.0
10.0
-13.0
10.0
7.0
3.0
-14.0
-56.0
-63.0
-73.0
-64.0
-53.0
-27.0
-8.0
-3.0
10.0
28.0
20.0
37.0
32.0
53.0
47.0
17.0
0.0
-13.0
-21.0
-6.0
36.0
7.0
1.0
-23.0
-29.0
-25.0
-25.0
-17.0
-29.0
-45.0
-59.0
-43.0
-28.0
-17.0
-17.0
-21.0
-20.0
-24.0
-28.0
6.0
11.0
22.0
14.0
17.0
24.0
8.0
6.0
-21.0
-17.0
-5.0
-7.0
-14.0
-37.0
13.0
15.0
-1.0
7.0
15.0
6.0
-26.0
-29.0
-29.0
-28.0
-2.0
6.0
-6.0
-4.0
23.0
25.0
28.0
40.0
28.0
20.0
5.0
2.0
28.0
-15.0
18.0
17.0
-29.0
19.0
19.0
-1.0
-10.0
-11.0
-25.0
-29.0
-49.0
-28.0
14.0
25.0
38.0
-16.0
-18.0
-21.0
-28.0
-45.0
-75.0
-59.0
-40.0
-10.0
-29.0
-58.0
-8.0
-8.0
27.0
37.0
40.0
26.0
33.0
13.0
26.0
8.0
11.0
0.0
4.0
15.0
8.0
-20.0
-9.0
-34.0
-40.0
-39.0
-43.0
-49.0
-35.0
-41.0
-3.0
-17.0
-8.0
-22.0
37.0
35.0
11.0
13.0
12.0
31.0
26.0
28.0
-7.0
3.0
11.0
14.0
7.0
-2.0
2.0
-13.0
-44.0
-10.0
-21.0
-31.0
-37.0
-36.0
-44.0
-38.0
-38.0
-42.0
-15.0
-4.0
-16.0
-27.0
-18.0
-17.0
-10.0
0.0
-5.0
50.0
-1.0
28.0
5.0
24.0
-8.0
-23.0
18.0
10.0
-20.0
18.0
7.0
-1.0
-16.0
-14.0
-52.0
-32.0
-37.0
-43.0
-26.0
-25.0
-47.0
-37.0
-47.0
-30.0
-18.0
-8.0
5.0
9.0
27.0
8.0
-6.0
-4.0
-28.0
-9.0
1.0
-29.0
-31.0
-31.0
-41.0
16.0
-43.0
-36.0
-23.0
2.0
-23.0
-34.0
6.0
10.0
13.0
-5.0
-30.0
22.0
10.0
54.0
1.0
33.0
-5.0
-4.0
-8.0
-58.0
-25.0
-28.0
10.0
2.0
-19.0
-44.0
-49.0
-32.0
-13.0
-16.0
-14.0
-45.0
-66.0
-30.0
-20.0
-12.0
-12.0
-4.0
-18.0
32.0
62.0
42.0
47.0
26.0
56.0
12.0
10.0
2.0
16.0
-2.0
11.0
-3.0
-15.0
6.0
-20.0
-24.0
-15.0
-17.0
-23.0
-43.0
-39.0
-15.0
-29.0
-7.0
0.0
2.0
-19.0
-15.0
-2.0
-4.0
17.0
41.0
14.0
13.0
-25.0
8.0
-27.0
-37.0
34.0
-23.0
-1.0
-28.0
5.0
-16.0
-6.0
-14.0
-10.0
-5.0
-50.0
-33.0
-22.0
-4.0
-28.0
-19.0
-30.0
-16.0
13.0
2.0
23.0
22.0
28.0
22.0
4.0
-1.0
-6.0
-18.0
-13.0
-23.0
7.0
-29.0
-32.0
-41.0
-28.0
-11.0
-28.0
-34.0
-20.0
-23.0
-32.0
-3.0
6.0
-16.0
-8.0
-17.0
3.0
9.0
11.0
17.0
-5.0
28.0
13.0
14.0
3.0
23.0
21.0
20.0
-19.0
-18.0
6.0
-2.0
20.0
-15.0
-7.0
-53.0
-33.0
-54.0
-35.0
-43.0
-40.0
-16.0
-10.0
-25.0
4.0
-22.0
26.0
50.0
31.0
30.0
29.0
7.0
9.0
29.0
31.0
-3.0
39.0
-7.0
24.0
12.0
-28.0
-5.0
-21.0
-54.0
-59.0
-33.0
-28.0
-27.0
-7.0
-9.0
21.0
1.0
13.0
5.0
5.0
18.0
43.0
36.0
17.0
7.0
-13.0
13.0
2.0
-8.0
-5.0
-9.0
3.0
11.0
16.0
22.0
5.0
-11.0
-41.0
-67.0
-42.0
-7.0
1.0
-23.0
-5.0
-1.0
-17.0
1.0
15.0
1.0
-10.0
9.0
-10.0
-14.0
-7.0
-11.0
22.0
-7.0
-17.0
-11.0
-2.0
-6.0
8.0
9.0
-8.0
-20.0
4.0
-31.0
-37.0
-29.0
-30.0
-16.0
-30.0
-21.0
-9.0
-18.0
-22.0
2.0
-9.0
9.0
20.0
18.0
15.0
-8.0
-18.0
-15.0
-12.0
-5.0
31.0
15.0
11.0
-14.0
3.0
-12.0
12.0
7.0
-17.0
-27.0
-15.0
-11.0
10.0
-1.0
13.0
-8.0
-10.0
-7.0
-35.0
-43.0
-33.0
-39.0
-44.0
-28.0
-38.0
12.0
2.0
0.0
22.0
32.0
32.0
5.0
5.0
0.0
-3.0
5.0
-22.0
-16.0
-19.0
7.0
-7.0
-16.0
-12.0
-17.0
-31.0
2.0
-20.0
-23.0
-20.0
3.0
7.0
13.0
-11.0
24.0
23.0
26.0
23.0
20.0
12.0
8.0
4.0
-13.0
-4.0
-13.0
-22.0
-24.0
-2.0
7.0
17.0
-10.0
-16.0
9.0
7.0
-32.0
-52.0
-57.0
-60.0
-63.0
-46.0
15.0
-16.0
-6.0
28.0
37.0
51.0
71.0
39.0
33.0
25.0
-10.0
24.0
0.0
-12.0
5.0
-13.0
20.0
-4.0
-12.0
-2.0
-3.0
-15.0
-30.0
8.0
-49.0
-22.0
-39.0
1.0
-4.0
-8.0
11.0
-15.0
22.0
45.0
45.0
19.0
19.0
9.0
11.0
10.0
-9.0
3.0
3.0
-16.0
-2.0
4.0
-23.0
-4.0
-5.0
-25.0
-13.0
-21.0
-22.0
-35.0
-44.0
-44.0
-36.0
-13.0
-13.0
-19.0
-19.0
-23.0
-23.0
-11.0
20.0
17.0
39.0
18.0
18.0
-18.0
17.0
-8.0
13.0
15.0
-6.0
10.0
-5.0
-9.0
-4.0
-47.0
-27.0
-27.0
-17.0
-3.0
-24.0
-17.0
5.0
21.0
20.0
51.0
52.0
42.0
1.0
3.0
-7.0
5.0
-12.0
2.0
6.0
12.0
10.0
18.0
-14.0
-33.0
-34.0
-83.0
-28.0
-25.0
-25.0
-41.0
-7.0
-15.0
12.0
-11.0
15.0
14.0
15.0
11.0
13.0
21.0
5.0
-10.0
-20.0
-8.0
-7.0
-9.0
-35.0
23.0
29.0
10.0
-8.0
-27.0
-60.0
-42.0
-21.0
-22.0
-19.0
-24.0
-23.0
-9.0
-19.0
-33.0
10.0
18.0
20.0
26.0
37.0
45.0
41.0
6.0
8.0
-9.0
-10.0
-31.0
-19.0
-21.0
-11.0
-40.0
-23.0
0.0
-37.0
-70.0
-44.0
-21.0
-11.0
-14.0
-13.0
3.0
-3.0
-10.0
12.0
19.0
46.0
104.0
9.0
-27.0
-1.0
32.0
4.0
0.0
-18.0
-17.0
-20.0
-1.0
31.0
2.0
-26.0
-20.0
-27.0
6.0
9.0
-23.0
9.0
3.0
16.0
22.0
8.0
-13.0
-1.0
15.0
6.0
19.0
-24.0
3.0
-11.0
6.0
-42.0
-43.0
-50.0
-49.0
-15.0
-13.0
-8.0
-8.0
33.0
35.0
27.0
26.0
21.0
6.0
2.0
-6.0
-9.0
-18.0
10.0
-4.0
-11.0
-35.0
-32.0
1.0
6.0
2.0
-9.0
11.0
-2.0
7.0
-8.0
2.0
0.0
-7.0
-12.0
-37.0
11.0
0.0
27.0
7.0
-24.0
-28.0
-22.0
-43.0
-31.0
-48.0
-27.0
-8.0
7.0
5.0
35.0
47.0
52.0
30.0
31.0
-1.0
-9.0
19.0
1.0
-16.0
4.0
25.0
35.0
-8.0
-18.0
-16.0
-38.0
-40.0
-33.0
-21.0
-40.0
-52.0
-49.0
-30.0
15.0
-42.0
26.0
20.0
54.0
31.0
14.0
3.0
8.0
-10.0
-6.0
-22.0
-42.0
-5.0
-20.0
-19.0
-21.0
-8.0
-13.0
7.0
13.0
23.0
15.0
4.0
19.0
2.0
-4.0
-23.0
-17.0
0.0
-18.0
-30.0
-47.0
-60.0
-8.0
-4.0
7.0
14.0
16.0
19.0
30.0
29.0
17.0
17.0
9.0
18.0
-6.0
-6.0
-8.0
8.0
-10.0
14.0
10.0
11.0
7.0
12.0
-14.0
-16.0
-26.0
-57.0
-40.0
-18.0
-16.0
-20.0
5.0
0.0
-9.0
-10.0
-3.0
-17.0
29.0
0.0
22.0
4.0
21.0
-12.0
-6.0
22.0
21.0
20.0
5.0
2.0
-16.0
3.0
-28.0
-10.0
-19.0
-13.0
-19.0
-25.0
-62.0
-42.0
-55.0
-57.0
-31.0
-26.0
-16.0
18.0
29.0
29.0
-5.0
12.0
36.0
57.0
5.0
31.0
25.0
15.0
14.0
11.0
1.0
-15.0
-11.0
-5.0
0.0
-17.0
-22.0
-52.0
-49.0
-21.0
-20.0
-12.0
-18.0
12.0
17.0
15.0
16.0
-21.0
-23.0
15.0
10.0
22.0
12.0
-7.0
-13.0
-6.0
-14.0
-16.0
-13.0
-12.0
0.0
-10.0
-11.0
-15.0
-2.0
-21.0
-38.0
-44.0
-39.0
-44.0
-39.0
-38.0
-34.0
-19.0
-12.0
-9.0
-5.0
9.0
8.0
26.0
14.0
21.0
-11.0
-13.0
-4.0
-17.0
2.0
6.0
14.0
21.0
3.0
-11.0
6.0
-15.0
-20.0
3.0
-21.0
-32.0
-31.0
-49.0
-53.0
-36.0
-63.0
-34.0
-12.0
8.0
-26.0
31.0
9.0
-4.0
22.0
30.0
71.0
23.0
12.0
3.0
5.0
-5.0
5.0
-2.0
-11.0
-27.0
-16.0
-17.0
7.0
-12.0
-29.0
-7.0
2.0
-28.0
-19.0
-32.0
-56.0
-60.0
-34.0
-40.0
15.0
-9.0
-11.0
2.0
15.0
34.0
60.0
37.0
39.0
-19.0
-9.0
-21.0
-23.0
-37.0
-23.0
-20.0
-16.0
-40.0
-10.0
0.0
-13.0
-20.0
-10.0
10.0
-15.0
-27.0
-54.0
-22.0
-25.0
-30.0
-7.0
0.0
-1.0
7.0
0.0
3.0
-8.0
-5.0
-9.0
15.0
-10.0
2.0
4.0
44.0
13.0
8.0
9.0
29.0
19.0
-4.0
13.0
-3.0
-3.0
1.0
7.0
-51.0
-56.0
-57.0
-44.0
1.0
-15.0
-34.0
-30.0
1.0
-22.0
3.0
-13.0
34.0
24.0
4.0
4.0
-6.0
-3.0
7.0
16.0
4.0
-4.0
-10.0
-5.0
-10.0
10.0
-5.0
-8.0
-3.0
-33.0
-63.0
-46.0
-14.0
-21.0
-25.0
0.0
-17.0
-11.0
0.0
-18.0
23.0
20.0
19.0
20.0
-15.0
-19.0
-15.0
-4.0
0.0
-14.0
-19.0
0.0
-29.0
1.0
-12.0
53.0
-48.0
-48.0
-11.0
-32.0
-27.0
-31.0
-24.0
-27.0
-3.0
-22.0
5.0
-12.0
5.0
2.0
-14.0
24.0
-9.0
-30.0
4.0
1.0
0.0
4.0
18.0
-7.0
21.0
23.0
-10.0
-54.0
-44.0
-9.0
-20.0
-14.0
3.0
-22.0
-2.0
-9.0
5.0
9.0
5.0
2.0
27.0
31.0
24.0
41.0
8.0
24.0
-1.0
-13.0
20.0
3.0
-5.0
-9.0
-39.0
-15.0
-33.0
-31.0
-17.0
-11.0
-18.0
-15.0
-8.0
3.0
-26.0
-23.0
3.0
12.0
10.0
20.0
-6.0
-5.0
-16.0
-19.0
-13.0
-14.0
-11.0
-22.0
-13.0
-42.0
-36.0
-50.0
-37.0
-35.0
-38.0
-49.0
-19.0
-23.0
-9.0
-6.0
24.0
31.0
44.0
38.0
40.0
63.0
60.0
43.0
21.0
13.0
18.0
22.0
28.0
23.0
-11.0
-33.0
-1.0
-9.0
-27.0
-39.0
-41.0
-69.0
-36.0
-50.0
-54.0
-33.0
-29.0
-12.0
24.0
38.0
23.0
22.0
21.0
20.0
1.0
5.0
14.0
9.0
13.0
24.0
-17.0
-35.0
-22.0
-37.0
-51.0
15.0
8.0
-15.0
-7.0
-38.0
-3.0
-31.0
-37.0
-31.0
-69.0
-29.0
-28.0
-26.0
-42.0
-14.0
1.0
-13.0
27.0
24.0
52.0
39.0
27.0
31.0
29.0
22.0
34.0
16.0
-10.0
-13.0
4.0
-20.0
0.0
-3.0
2.0
-42.0
-42.0
-37.0
-40.0
-36.0
5.0
-5.0
-12.0
7.0
34.0
25.0
27.0
-7.0
34.0
38.0
11.0
11.0
-2.0
-13.0
-3.0
-2.0
-7.0
-7.0
-23.0
-10.0
8.0
-7.0
-7.0
0.0
-9.0
-4.0
-53.0
-37.0
-16.0
-18.0
-4.0
-19.0
12.0
39.0
43.0
21.0
49.0
23.0
9.0
4.0
-9.0
-10.0
-16.0
-15.0
3.0
-7.0
-30.0
-39.0
-22.0
-31.0
-24.0
-20.0
-15.0
-18.0
-15.0
5.0
-9.0
27.0
4.0
4.0
20.0
16.0
10.0
-2.0
12.0
10.0
16.0
28.0
29.0
20.0
6.0
15.0
-11.0
-12.0
-22.0
-17.0
-21.0
-24.0
-25.0
-15.0
-28.0
-27.0
-41.0
-6.0
-44.0
-21.0
-7.0
6.0
11.0
12.0
-6.0
23.0
31.0
24.0
3.0
-11.0
-19.0
-16.0
2.0
6.0
10.0
2.0
13.0
4.0
4.0
9.0
9.0
-10.0
-24.0
-31.0
-37.0
-26.0
-26.0
-38.0
-31.0
18.0
35.0
25.0
35.0
39.0
21.0
18.0
28.0
26.0
18.0
20.0
-4.0
-11.0
-11.0
-26.0
12.0
9.0
9.0
13.0
-6.0
25.0
-3.0
-48.0
-40.0
-27.0
-48.0
-69.0
-26.0
-38.0
-10.0
1.0
26.0
48.0
22.0
15.0
23.0
18.0
13.0
5.0
10.0
-2.0
-19.0
-10.0
-7.0
-12.0
-9.0
-4.0
4.0
-9.0
-12.0
-33.0
-34.0
-49.0
-50.0
-57.0
-29.0
-24.0
-18.0
-20.0
-8.0
4.0
35.0
15.0
23.0
28.0
18.0
-19.0
-6.0
-50.0
3.0
-12.0
7.0
-18.0
-2.0
8.0
-9.0
-1.0
-15.0
-11.0
-23.0
13.0
6.0
-40.0
-64.0
-70.0
-21.0
-20.0
-26.0
2.0
15.0
24.0
-1.0
6.0
17.0
11.0
6.0
24.0
24.0
34.0
-5.0
9.0
-23.0
29.0
7.0
7.0
19.0
-23.0
-19.0
-45.0
9.0
17.0
49.0
16.0
-6.0
-1.0
-34.0
-32.0
-20.0
4.0
-17.0
-29.0
-41.0
-27.0
-21.0
-22.0
-4.0
21.0
24.0
30.0
-5.0
9.0
5.0
10.0
-23.0
-9.0
-2.0
-31.0
-19.0
-24.0
3.0
12.0
-31.0
4.0
-22.0
-26.0
-7.0
-62.0
-44.0
-38.0
-26.0
-19.0
2.0
15.0
2.0
1.0
7.0
24.0
52.0
28.0
0.0
10.0
30.0
7.0
18.0
15.0
-4.0
59.0
-20.0
1.0
6.0
2.0
-21.0
-2.0
-4.0
-6.0
-7.0
8.0
7.0
-17.0
7.0
-10.0
-43.0
-45.0
-36.0
-38.0
-35.0
-49.0
-9.0
-31.0
5.0
13.0
11.0
45.0
57.0
48.0
39.0
41.0
-13.0
-8.0
4.0
3.0
9.0
-9.0
29.0
32.0
0.0
13.0
-53.0
14.0
-8.0
5.0
-19.0
-3.0
1.0
1.0
-22.0
-33.0
-19.0
-17.0
-37.0
-55.0
-52.0
-25.0
11.0
2.0
8.0
-6.0
6.0
39.0
39.0
3.0
50.0
55.0
-8.0
-4.0
11.0
-13.0
17.0
-18.0
9.0
20.0
-34.0
-28.0
-20.0
-10.0
-42.0
-4.0
-15.0
-5.0
-34.0
-24.0
-30.0
-14.0
-31.0
-36.0
1.0
-6.0
15.0
-3.0
32.0
21.0
20.0
8.0
-10.0
-5.0
-2.0
7.0
-9.0
8.0
-39.0
-9.0
-13.0
-4.0
-5.0
-7.0
-27.0
-36.0
-26.0
-28.0
-34.0
-1.0
-2.0
-25.0
-4.0
1.0
-31.0
37.0
15.0
47.0
-1.0
37.0
-4.0
26.0
-24.0
-18.0
-4.0
9.0
29.0
-12.0
6.0
-9.0
-16.0
-34.0
-43.0
-39.0
-18.0
-30.0
-26.0
13.0
3.0
-24.0
25.0
13.0
15.0
25.0
25.0
30.0
20.0
20.0
7.0
-4.0
15.0
-7.0
0.0
-4.0
-15.0
-31.0
-7.0
-27.0
-47.0
-53.0
-9.0
-44.0
-16.0
-13.0
-16.0
-11.0
6.0
6.0
39.0
44.0
26.0
-4.0
0.0
-1.0
1.0
29.0
4.0
1.0
14.0
10.0
14.0
-3.0
-6.0
-15.0
-15.0
-39.0
-31.0
-15.0
-38.0
-27.0
-23.0
-13.0
-4.0
3.0
-23.0
12.0
7.0
-13.0
-1.0
11.0
17.0
3.0
3.0
2.0
-6.0
-18.0
11.0
-4.0
-15.0
-25.0
-4.0
-14.0
-29.0
-31.0
-58.0
-44.0
-49.0
-6.0
-2.0
11.0
-5.0
26.0
29.0
33.0
19.0
13.0
20.0
23.0
20.0
29.0
-16.0
-5.0
2.0
0.0
6.0
-8.0
-17.0
-4.0
2.0
-56.0
-45.0
-42.0
-45.0
-46.0
-29.0
-29.0
-3.0
25.0
20.0
29.0
48.0
17.0
4.0
-1.0
5.0
14.0
-5.0
-30.0
-34.0
-46.0
-24.0
10.0
13.0
12.0
-6.0
5.0
-1.0
-14.0
-23.0
-32.0
-11.0
-11.0
-19.0
-10.0
-25.0
-29.0
-14.0
-30.0
9.0
12.0
9.0
9.0
13.0
15.0
14.0
0.0
-4.0
9.0
17.0
17.0
18.0
-2.0
12.0
-4.0
5.0
-13.0
-47.0
-71.0
-72.0
-46.0
-33.0
-33.0
-3.0
-13.0
8.0
35.0
22.0
15.0
15.0
50.0
29.0
50.0
7.0
17.0
-9.0
-13.0
-6.0
1.0
0.0
2.0
-19.0
-2.0
6.0
5.0
1.0
23.0
-28.0
-40.0
-46.0
-46.0
-34.0
-14.0
-15.0
-21.0
-21.0
-14.0
18.0
12.0
31.0
31.0
-8.0
19.0
13.0
14.0
22.0
9.0
8.0
18.0
11.0
20.0
17.0
-15.0
-27.0
-36.0
-35.0
-84.0
-48.0
-11.0
-45.0
29.0
-7.0
-6.0
-123.0
-68.0
-313.0
-64.0
73.0
251.0
288.0
207.0
81.0
95.0
101.0
55.0
117.0
-47.0
-74.0
-92.0
-16.0
38.0
6.0
209.0
313.0
313.0
313.0
313.0
313.0
313.0
313.0
313.0
313.0
313.0
313.0
313.0
313.0
313.0
313.0
313.0
313.0
113.0
-11.0
-124.0
-202.0
-223.0
-313.0
-313.0
-313.0
-313.0
-313.0
-313.0
-313.0
-313.0
-313.0
-313.0
-313.0
-313.0
-313.0
-313.0
-313.0
-313.0
-313.0
-313.0
-313.0
-313.0
-313.0
-313.0
-304.0
-288.0
-260.0
-267.0
-272.0
-257.0
-231.0
-233.0
-215.0
-199.0
-187.0
-188.0
-190.0
-170.0
-182.0
-186.0
-187.0
-193.0
-177.0
-183.0
-184.0
-153.0
-152.0
-136.0
-143.0
-112.0
-118.0
-120.0
-131.0
-119.0
-127.0
-121.0
-103.0
-99.0
-99.0
-87.0
-77.0
-89.0
-59.0
-61.0
-59.0
-41.0
-64.0
-95.0
-123.0
-128.0
-153.0
-155.0
-143.0
-93.0
-139.0
-110.0
-138.0
-81.0
-68.0
-96.0
-86.0
-95.0
-76.0
-54.0
-35.0
-32.0
-18.0
-14.0
-3.0
-33.0
-8.0
-1.0
51.0
59.0
47.0
-58.0
-24.0
227.0
135.0
-136.0
94.0
104.0
176.0
202.0
136.0
101.0
-213.0
-313.0
-313.0
-313.0
69.0
61.0
233.0
225.0
198.0
214.0
203.0
216.0
208.0
-182.0
-247.0
-225.0
42.0
239.0
205.0
150.0
146.0
114.0
247.0
239.0
313.0
313.0
313.0
313.0
313.0
313.0
313.0
28.0
-276.0
-313.0
-313.0
-313.0
-313.0
-313.0
-313.0
-313.0
-313.0
-226.0
-254.0
-243.0
-227.0
-233.0
-199.0
-195.0
-114.0
-89.0
-68.0
-13.0
103.0
46.0
63.0
51.0
68.0
189.0
199.0
130.0
313.0
269.0
313.0
313.0
313.0
313.0
313.0
311.0
292.0
263.0
205.0
175.0
153.0
95.0
62.0
59.0
-8.0
-27.0
-55.0
-115.0
-103.0
-123.0
-123.0
-154.0
-168.0
-170.0
-166.0
-146.0
-172.0
-159.0
-159.0
-171.0
-164.0
-153.0
-166.0
-170.0
-155.0
-111.0
-192.0
-176.0
-156.0
-146.0
-128.0
-120.0
-105.0
-104.0
-77.0
-94.0
-77.0
-76.0
-38.0
-36.0
-2.0
-54.0
-5.0
8.0
33.0
44.0
70.0
77.0
72.0
49.0
77.0
58.0
78.0
65.0
35.0
20.0
25.0
10.0
12.0
30.0
-1.0
7.0
-23.0
-10.0
-26.0
-17.0
-16.0
-21.0
-4.0
-32.0
-42.0
-63.0
-73.0
-71.0
-66.0
-60.0
-67.0
-66.0
-53.0
-62.0
-72.0
-106.0
-89.0
-98.0
-102.0
-80.0
-88.0
-81.0
-60.0
-44.0
-56.0
-40.0
-53.0
-47.0
-34.0
-29.0
-15.0
-31.0
-42.0
-51.0
-42.0
-2.0
6.0
8.0
-6.0
-13.0
5.0
-35.0
-28.0
-25.0
-28.0
-38.0
-26.0
6.0
-36.0
-25.0
-40.0
68.0
11.0
37.0
31.0
51.0
33.0
28.0
46.0
-18.0
-11.0
-22.0
-47.0
-31.0
-20.0
-21.0
4.0
8.0
-20.0
-32.0
13.0
23.0
48.0
29.0
28.0
14.0
-10.0
-11.0
-17.0
23.0
21.0
-5.0
35.0
11.0
27.0
4.0
-15.0
-15.0
-46.0
-8.0
-12.0
-3.0
22.0
18.0
19.0
27.0
24.0
17.0
28.0
27.0
44.0
28.0
36.0
22.0
6.0
6.0
38.0
33.0
30.0
26.0
7.0
35.0
40.0
2.0
40.0
18.0
2.0
29.0
-5.0
9.0
-1.0
22.0
24.0
13.0
7.0
37.0
41.0
36.0
21.0
4.0
5.0
11.0
1.0
-6.0
17.0
28.0
5.0
3.0
7.0
2.0
29.0
7.0
36.0
41.0
50.0
3.0
4.0
3.0
12.0
18.0
-1.0
8.0
-12.0
-38.0
-31.0
-12.0
1.0
2.0
2.0
-5.0
-26.0
-3.0
-34.0
-9.0
26.0
48.0
49.0
51.0
18.0
23.0
27.0
17.0
7.0
-15.0
-6.0
-2.0
1.0
-6.0
-25.0
-18.0
9.0
-9.0
-19.0
-20.0
-30.0
-30.0
-16.0
-11.0
4.0
-11.0
-5.0
-14.0
-10.0
4.0
9.0
23.0
12.0
14.0
24.0
28.0
13.0
-5.0
-3.0
-16.0
-4.0
-7.0
-1.0
-2.0
-11.0
18.0
-4.0
12.0
-10.0
-14.0
-17.0
-6.0
0.0
-6.0
13.0
-24.0
-33.0
-6.0
-12.0
-17.0
14.0
-1.0
19.0
11.0
10.0
-27.0
-2.0
0.0
8.0
19.0
-5.0
-10.0
-10.0
-5.0
0.0
17.0
14.0
-11.0
-24.0
-30.0
-26.0
-21.0
-13.0
-22.0
-15.0
5.0
12.0
4.0
15.0
6.0
1.0
9.0
1.0
9.0
-3.0
-10.0
-9.0
1.0
-3.0
7.0
-36.0
7.0
-19.0
-16.0
-4.0
-11.0
-11.0
-15.0
-11.0
-13.0
-29.0
-34.0
-57.0
-52.0
-38.0
-19.0
-21.0
-4.0
7.0
16.0
20.0
5.0
5.0
17.0
0.0
-6.0
9.0
-4.0
-12.0
-18.0
-4.0
2.0
-12.0
-9.0
4.0
6.0
9.0
-6.0
-9.0
-8.0
-21.0
-46.0
-22.0
-11.0
-12.0
-23.0
-23.0
11.0
31.0
15.0
19.0
4.0
-2.0
3.0
7.0
10.0
4.0
6.0
10.0
-11.0
-11.0
-15.0
-41.0
-34.0
-17.0
11.0
-5.0
-24.0
-14.0
-35.0
-43.0
-30.0
-25.0
-23.0
-25.0
-18.0
-15.0
-18.0
2.0
20.0
7.0
16.0
-4.0
0.0
27.0
44.0
33.0
22.0
-1.0
4.0
-5.0
15.0
5.0
-3.0
-1.0
-1.0
-11.0
-7.0
4.0
-9.0
-6.0
-17.0
-2.0
-9.0
-9.0
-27.0
-9.0
28.0
20.0
14.0
-5.0
12.0
-5.0
2.0
7.0
2.0
-13.0
-6.0
11.0
-11.0
-13.0
-62.0
-29.0
-17.0
-7.0
-9.0
-27.0
-4.0
1.0
-9.0
-15.0
-23.0
-2.0
-7.0
2.0
14.0
-14.0
3.0
10.0
-1.0
33.0
19.0
30.0
26.0
30.0
27.0
17.0
39.0
32.0
7.0
1.0
-5.0
17.0
31.0
5.0
-42.0
-57.0
-36.0
0.0
-7.0
15.0
-10.0
-3.0
-12.0
-7.0
-15.0
15.0
4.0
10.0
10.0
-2.0
-8.0
25.0
11.0
-2.0
10.0
-18.0
-16.0
13.0
20.0
9.0
-4.0
-12.0
10.0
10.0
9.0
16.0
6.0
3.0
-20.0
-9.0
-21.0
-10.0
-2.0
-18.0
-19.0
-19.0
-35.0
-15.0
-12.0
30.0
39.0
9.0
-3.0
2.0
-25.0
-26.0
-27.0
-22.0
-20.0
-6.0
-45.0
-9.0
-14.0
12.0
-7.0
-11.0
-1.0
7.0
0.0
27.0
28.0
-2.0
-13.0
4.0
-16.0
-43.0
-22.0
-32.0
-48.0
-36.0
-6.0
-12.0
-30.0
-23.0
-14.0
-12.0
-44.0
-17.0
-18.0
-36.0
-20.0
-18.0
-17.0
-29.0
-42.0
-43.0
-8.0
-15.0
6.0
3.0
30.0
24.0
23.0
18.0
21.0
8.0
9.0
21.0
27.0
26.0
15.0
20.0
11.0
-23.0
-7.0
-21.0
-6.0
5.0
-38.0
-38.0
-49.0
0.0
-5.0
-15.0
-29.0
-11.0
-17.0
-29.0
10.0
-9.0
-7.0
-43.0
-43.0
-49.0
-44.0
-8.0
3.0
-7.0
64.0
0.0
39.0
-17.0
-24.0
24.0
11.0
11.0
11.0
-15.0
-1.0
-20.0
-4.0
-4.0
-11.0
-16.0
-25.0
-11.0
-11.0
24.0
-22.0
36.0
36.0
7.0
3.0
-4.0
-32.0
-31.0
-40.0
-12.0
-16.0
-3.0
-24.0
-14.0
-12.0
-11.0
-15.0
7.0
-23.0
1.0
-24.0
-42.0
-46.0
-51.0
-53.0
-35.0
-40.0
-56.0
-25.0
-18.0
-31.0
-17.0
-8.0
-13.0
-3.0
18.0
15.0
-1.0
27.0
14.0
-3.0
2.0
17.0
3.0
2.0
15.0
-15.0
-22.0
-2.0
-28.0
-48.0
-64.0
-54.0
-15.0
-23.0
-33.0
-13.0
-39.0
-14.0
-23.0
-28.0
-20.0
-38.0
-9.0
-11.0
-26.0
-49.0
-30.0
9.0
5.0
4.0
29.0
-4.0
31.0
17.0
4.0
-2.0
-18.0
-5.0
-34.0
-4.0
-33.0
23.0
4.0
0.0
-18.0
-11.0
-50.0
-43.0
-50.0
-28.0
8.0
-13.0
-20.0
-18.0
-3.0
-32.0
-20.0
-26.0
21.0
-17.0
-16.0
-28.0
-21.0
-37.0
13.0
21.0
5.0
-24.0
-15.0
-4.0
-29.0
-54.0
-47.0
-50.0
-39.0
-12.0
0.0
-12.0
-16.0
-11.0
-25.0
-11.0
-21.0
-32.0
-28.0
-29.0
-33.0
-25.0
-21.0
-21.0
-41.0
-35.0
-39.0
-35.0
-4.0
-23.0
-13.0
-22.0
15.0
-11.0
-15.0
21.0
11.0
11.0
1.0
5.0
-17.0
21.0
17.0
2.0
25.0
-4.0
-12.0
-10.0
-20.0
-20.0
-5.0
7.0
-9.0
19.0
13.0
44.0
30.0
41.0
32.0
36.0
-3.0
-2.0
10.0
8.0
-6.0
-12.0
-10.0
-13.0
-20.0
-42.0
-37.0
-20.0
-9.0
-40.0
-30.0
-12.0
-13.0
-22.0
-8.0
0.0
6.0
0.0
18.0
2.0
-1.0
-24.0
2.0
3.0
-19.0
-17.0
-14.0
-18.0
-9.0
-8.0
-12.0
12.0
9.0
18.0
12.0
-3.0
-1.0
-17.0
-24.0
8.0
-6.0
20.0
-8.0
10.0
7.0
8.0
38.0
15.0
10.0
-6.0
0.0
-22.0
-11.0
-2.0
3.0
6.0
-6.0
-13.0
-27.0
-19.0
-9.0
-39.0
-27.0
-29.0
-26.0
-18.0
-2.0
-8.0
-13.0
-27.0
5.0
3.0
28.0
28.0
16.0
1.0
13.0
15.0
-14.0
-28.0
-4.0
-8.0
-2.0
6.0
-6.0
9.0
24.0
17.0
14.0
-8.0
-18.0
-7.0
-13.0
-6.0
-16.0
-16.0
-20.0
-1.0
-9.0
-42.0
-20.0
-34.0
-29.0
-34.0
-9.0
-3.0
-21.0
-13.0
8.0
-6.0
18.0
-2.0
5.0
6.0
-10.0
-13.0
-19.0
20.0
-8.0
33.0
14.0
28.0
-24.0
-25.0
15.0
19.0
15.0
-1.0
-17.0
-15.0
-38.0
-26.0
-29.0
-33.0
-53.0
-39.0
-26.0
-29.0
-27.0
27.0
47.0
16.0
8.0
1.0
-25.0
-18.0
4.0
11.0
-11.0
-13.0
-15.0
-27.0
-10.0
6.0
-5.0
-8.0
7.0
-37.0
-36.0
-41.0
-11.0
-19.0
-20.0
-22.0
-17.0
22.0
4.0
0.0
-4.0
-6.0
-8.0
4.0
-24.0
-21.0
3.0
6.0
43.0
16.0
22.0
7.0
0.0
-18.0
-17.0
-11.0
-5.0
-26.0
-15.0
5.0
-7.0
13.0
7.0
51.0
23.0
8.0
29.0
-2.0
12.0
1.0
-3.0
7.0
26.0
-1.0
-4.0
-1.0
-6.0
-18.0
-21.0
-13.0
10.0
-34.0
-24.0
-46.0
-14.0
-6.0
-28.0
11.0
1.0
35.0
25.0
19.0
12.0
36.0
28.0
32.0
31.0
-4.0
-13.0
11.0
-1.0
-16.0
8.0
-13.0
2.0
-4.0
-15.0
-3.0
-14.0
16.0
-23.0
-22.0
-44.0
-11.0
-44.0
-37.0
-8.0
-4.0
-12.0
-5.0
20.0
24.0
26.0
2.0
-9.0
-12.0
16.0
-9.0
-18.0
-20.0
-8.0
30.0
-4.0
7.0
-19.0
-15.0
-8.0
-17.0
-28.0
-35.0
-38.0
-33.0
-13.0
2.0
3.0
-7.0
15.0
36.0
41.0
4.0
-3.0
-5.0
-9.0
-18.0
9.0
5.0
-1.0
-22.0
-8.0
-40.0
-6.0
-14.0
3.0
20.0
7.0
7.0
-3.0
22.0
22.0
25.0
15.0
10.0
26.0
11.0
16.0
16.0
-16.0
-8.0
-11.0
-2.0
-6.0
0.0
-23.0
-13.0
-44.0
-54.0
-69.0
-28.0
-37.0
-23.0
-28.0
-8.0
-43.0
-28.0
-5.0
3.0
22.0
-18.0
5.0
-28.0
-3.0
17.0
27.0
3.0
1.0
8.0
15.0
11.0
9.0
24.0
-7.0
6.0
-5.0
7.0
8.0
12.0
0.0
-27.0
-4.0
-8.0
2.0
-9.0
6.0
-13.0
-42.0
-42.0
-63.0
-47.0
-44.0
-65.0
-35.0
-13.0
0.0
13.0
34.0
42.0
27.0
13.0
-2.0
-15.0
-3.0
16.0
12.0
-14.0
15.0
12.0
-22.0
-14.0
-20.0
-17.0
-26.0
-32.0
-52.0
-72.0
-9.0
8.0
9.0
5.0
5.0
39.0
46.0
37.0
27.0
43.0
27.0
18.0
-13.0
-31.0
7.0
-7.0
15.0
29.0
4.0
12.0
42.0
40.0
-14.0
-13.0
-4.0
28.0
-15.0
14.0
11.0
-50.0
-29.0
-33.0
-28.0
2.0
-22.0
2.0
7.0
-4.0
22.0
18.0
14.0
11.0
24.0
18.0
36.0
23.0
26.0
2.0
9.0
0.0
32.0
27.0
29.0
-6.0
-5.0
26.0
20.0
-16.0
-30.0
-6.0
-13.0
-22.0
-32.0
-25.0
-9.0
-23.0
-2.0
-48.0
-2.0
-39.0
-13.0
-24.0
-39.0
-46.0
-29.0
-36.0
-37.0
-12.0
-13.0
11.0
20.0
12.0
-2.0
6.0
-13.0
-3.0
-7.0
11.0
11.0
-14.0
5.0
6.0
-41.0
-40.0
-19.0
16.0
-9.0
25.0
11.0
0.0
-16.0
-19.0
-32.0
-23.0
-20.0
-22.0
-38.0
-38.0
-15.0
31.0
32.0
24.0
30.0
12.0
24.0
29.0
9.0
20.0
10.0
2.0
-7.0
-9.0
-9.0
5.0
-6.0
-17.0
-15.0
10.0
-13.0
-7.0
-15.0
-19.0
-25.0
-2.0
1.0
6.0
13.0
18.0
21.0
-24.0
-11.0
-7.0
-9.0
-5.0
-44.0
-34.0
-32.0
18.0
6.0
16.0
25.0
21.0
10.0
-20.0
-4.0
-4.0
-8.0
-20.0
9.0
27.0
7.0
2.0
5.0
-10.0
-4.0
-11.0
-8.0
-10.0
-26.0
24.0
-14.0
-5.0
-1.0
-17.0
3.0
-4.0
-17.0
-4.0
-3.0
-10.0
-28.0
-20.0
-39.0
-32.0
-29.0
-11.0
-20.0
-6.0
-19.0
-15.0
22.0
23.0
10.0
2.0
23.0
24.0
18.0
12.0
6.0
-9.0
-11.0
-16.0
2.0
14.0
14.0
3.0
-17.0
-28.0
-41.0
-33.0
-32.0
-37.0
4.0
-14.0
-15.0
-31.0
-2.0
15.0
10.0
1.0
-1.0
4.0
-2.0
-4.0
-25.0
-15.0
-19.0
-18.0
4.0
-10.0
2.0
-1.0
-19.0
-30.0
-59.0
-22.0
-29.0
-2.0
-21.0
-14.0
-25.0
-27.0
-48.0
18.0
14.0
10.0
12.0
38.0
4.0
20.0
-9.0
-12.0
-28.0
-26.0
-28.0
2.0
7.0
-9.0
-12.0
-1.0
-2.0
-2.0
-33.0
-17.0
-35.0
-29.0
-5.0
9.0
20.0
11.0
8.0
4.0
-17.0
18.0
6.0
29.0
7.0
-2.0
-18.0
-40.0
-15.0
-7.0
-43.0
-22.0
-11.0
-19.0
3.0
-1.0
13.0
13.0
14.0
22.0
5.0
-32.0
-17.0
-12.0
-25.0
-20.0
-5.0
-9.0
46.0
31.0
-11.0
-12.0
-11.0
42.0
38.0
39.0
27.0
7.0
17.0
23.0
41.0
24.0
34.0
1.0
11.0
15.0
3.0
9.0
2.0
6.0
18.0
13.0
19.0
11.0
-32.0
-9.0
8.0
-14.0
-6.0
-5.0
-14.0
-36.0
-26.0
-23.0
-7.0
-2.0
-21.0
2.0
-13.0
-14.0
-12.0
-31.0
-7.0
-13.0
9.0
4.0
-5.0
12.0
-8.0
4.0
-18.0
-22.0
-68.0
-43.0
10.0
-46.0
-3.0
-44.0
5.0
7.0
-5.0
45.0
16.0
30.0
16.0
2.0
12.0
-4.0
20.0
26.0
11.0
29.0
20.0
14.0
1.0
-18.0
2.0
1.0
-24.0
-23.0
-33.0
-46.0
-28.0
-37.0
-2.0
-17.0
-32.0
-19.0
-30.0
-27.0
-1.0
-8.0
-5.0
-17.0
11.0
-2.0
22.0
8.0
-2.0
-4.0
-3.0
-16.0
0.0
-12.0
-38.0
-16.0
-17.0
-68.0
-45.0
-34.0
-31.0
-20.0
-7.0
-30.0
-19.0
-28.0
-13.0
-46.0
5.0
8.0
6.0
-5.0
10.0
-8.0
0.0
3.0
-2.0
-20.0
-11.0
-7.0
6.0
17.0
-5.0
13.0
33.0
17.0
17.0
4.0
1.0
-2.0
-2.0
8.0
9.0
4.0
1.0
-24.0
-19.0
-15.0
-46.0
-50.0
-12.0
-16.0
-28.0
-40.0
-32.0
-36.0
-13.0
3.0
0.0
-4.0
-12.0
-5.0
-36.0
-20.0
-1.0
-11.0
0.0
-34.0
-49.0
-36.0
-70.0
-44.0
-69.0
-12.0
-13.0
16.0
30.0
14.0
2.0
1.0
20.0
-3.0
2.0
15.0
6.0
8.0
6.0
-5.0
-4.0
-2.0
-1.0
0.0
-20.0
-5.0
-13.0
-45.0
-38.0
-33.0
-12.0
-8.0
-18.0
-57.0
-20.0
-26.0
17.0
19.0
33.0
26.0
11.0
12.0
16.0
1.0
-15.0
4.0
11.0
-1.0
-4.0
-18.0
12.0
13.0
7.0
9.0
-19.0
-21.0
-30.0
-3.0
0.0
3.0
-11.0
-8.0
-25.0
-16.0
-1.0
-13.0
-1.0
-23.0
-32.0
-23.0
-26.0
-25.0
-17.0
-20.0
5.0
8.0
19.0
-6.0
-37.0
-10.0
-31.0
-38.0
-37.0
-25.0
-38.0
-32.0
-24.0
-22.0
-28.0
-8.0
7.0
17.0
-19.0
1.0
17.0
10.0
-1.0
-29.0
-26.0
-13.0
-3.0
-18.0
-2.0
1.0
19.0
17.0
-4.0
-5.0
-14.0
-18.0
-19.0
-27.0
-4.0
-15.0
6.0
16.0
12.0
20.0
25.0
46.0
42.0
42.0
20.0
8.0
19.0
16.0
0.0
-8.0
-11.0
-2.0
10.0
12.0
7.0
8.0
3.0
8.0
-10.0
2.0
-8.0
-13.0
13.0
7.0
-3.0
1.0
15.0
23.0
8.0
26.0
44.0
27.0
24.0
23.0
22.0
14.0
18.0
9.0
-11.0
-7.0
1.0
8.0
11.0
14.0
-4.0
0.0
-19.0
4.0
-9.0
-19.0
-24.0
-35.0
2.0
-3.0
13.0
-4.0
5.0
32.0
15.0
10.0
6.0
-2.0
2.0
3.0
22.0
9.0
27.0
22.0
12.0
7.0
-2.0
-18.0
-45.0
-37.0
-51.0
-40.0
-23.0
-17.0
-14.0
-3.0
-20.0
-39.0
15.0
9.0
26.0
19.0
3.0
-11.0
-1.0
-11.0
0.0
-5.0
30.0
23.0
10.0
4.0
6.0
-2.0
-17.0
-34.0
-51.0
-23.0
-22.0
-18.0
-3.0
-24.0
-13.0
2.0
7.0
7.0
5.0
-10.0
3.0
-4.0
19.0
-7.0
-29.0
2.0
3.0
-2.0
8.0
14.0
22.0
20.0
13.0
6.0
-6.0
2.0
-24.0
-31.0
-41.0
-15.0
-13.0
-17.0
-6.0
-34.0
-9.0
-7.0
6.0
-16.0
-5.0
-7.0
17.0
24.0
-10.0
-22.0
-15.0
7.0
6.0
-2.0
5.0
27.0
12.0
3.0
21.0
16.0
14.0
-8.0
-6.0
-19.0
-2.0
-30.0
-33.0
-34.0
-46.0
-35.0
-50.0
-25.0
-28.0
-15.0
-3.0
10.0
27.0
8.0
14.0
56.0
12.0
22.0
-4.0
-11.0
-19.0
-22.0
-13.0
-9.0
-30.0
-22.0
-32.0
21.0
7.0
-10.0
-21.0
-39.0
-16.0
-15.0
-45.0
-6.0
3.0
7.0
-2.0
13.0
25.0
23.0
9.0
6.0
-4.0
-18.0
1.0
10.0
-11.0
-25.0
-3.0
-3.0
11.0
12.0
13.0
4.0
1.0
-20.0
-19.0
-6.0
-47.0
-39.0
-42.0
-39.0
-36.0
-15.0
21.0
24.0
29.0
26.0
8.0
4.0
2.0
15.0
17.0
6.0
-10.0
-12.0
-11.0
-52.0
-50.0
-11.0
-34.0
-26.0
-1.0
-9.0
-16.0
-4.0
-26.0
-12.0
-11.0
30.0
28.0
31.0
15.0
15.0
-4.0
24.0
2.0
21.0
24.0
-1.0
0.0
3.0
-11.0
-13.0
-35.0
-23.0
-5.0
9.0
-19.0
-15.0
-57.0
-60.0
-46.0
-50.0
11.0
-4.0
26.0
24.0
18.0
31.0
10.0
10.0
27.0
4.0
-13.0
-12.0
-12.0
-3.0
6.0
-4.0
-12.0
-18.0
-26.0
-33.0
-28.0
4.0
-6.0
-22.0
-15.0
-26.0
4.0
3.0
-26.0
-8.0
6.0
5.0
-13.0
39.0
26.0
24.0
15.0
0.0
10.0
0.0
-16.0
-4.0
-34.0
-13.0
-7.0
-17.0
-12.0
-16.0
-27.0
23.0
-48.0
-21.0
-30.0
-17.0
-15.0
-27.0
-5.0
7.0
38.0
42.0
42.0
41.0
56.0
45.0
26.0
13.0
-15.0
-17.0
-16.0
-38.0
-39.0
-32.0
-61.0
-35.0
-4.0
-8.0
-3.0
-4.0
-2.0
-22.0
-24.0
6.0
20.0
36.0
20.0
-16.0
-15.0
-22.0
-29.0
12.0
-13.0
-16.0
-17.0
16.0
4.0
5.0
-6.0
-6.0
-8.0
-4.0
10.0
8.0
2.0
-7.0
10.0
18.0
20.0
15.0
-20.0
-20.0
-31.0
-21.0
-30.0
-5.0
26.0
4.0
5.0
-13.0
-16.0
2.0
-24.0
-3.0
4.0
-5.0
-7.0
-21.0
-13.0
-10.0
14.0
0.0
4.0
8.0
-22.0
-28.0
-33.0
-42.0
-14.0
-13.0
-22.0
13.0
-14.0
-1.0
13.0
46.0
45.0
18.0
66.0
68.0
35.0
4.0
-9.0
-13.0
-29.0
-45.0
-18.0
-40.0
-57.0
-51.0
-17.0
-17.0
-49.0
-52.0
-46.0
-19.0
-12.0
-23.0
-28.0
-24.0
-13.0
-1.0
5.0
20.0
29.0
24.0
23.0
0.0
-3.0
-9.0
-2.0
-18.0
-1.0
25.0
-4.0
3.0
-1.0
-14.0
-1.0
-2.0
9.0
-22.0
-7.0
-26.0
-51.0
-62.0
-10.0
-9.0
-46.0
-40.0
-15.0
-22.0
13.0
22.0
2.0
10.0
42.0
56.0
31.0
35.0
40.0
13.0
43.0
35.0
27.0
14.0
6.0
-15.0
-11.0
-15.0
-30.0
-33.0
-27.0
-25.0
-31.0
-6.0
-6.0
-5.0
4.0
4.0
14.0
25.0
-35.0
24.0
40.0
42.0
35.0
28.0
32.0
32.0
11.0
40.0
20.0
24.0
9.0
24.0
17.0
36.0
5.0
8.0
22.0
9.0
19.0
25.0
-8.0
1.0
14.0
0.0
21.0
17.0
-18.0
-15.0
-13.0
26.0
2.0
27.0
1.0
0.0
2.0
-5.0
-8.0
-7.0
7.0
-3.0
-9.0
-15.0
-15.0
-23.0
-9.0
-9.0
-15.0
-44.0
-59.0
-32.0
-27.0
-18.0
-14.0
-9.0
-18.0
-11.0
13.0
19.0
22.0
17.0
-15.0
0.0
19.0
39.0
-1.0
3.0
6.0
9.0
16.0
-14.0
-26.0
-7.0
-2.0
-12.0
3.0
-10.0
-29.0
-32.0
2.0
-7.0
-9.0
-8.0
-11.0
-9.0
5.0
4.0
0.0
2.0
5.0
25.0
19.0
19.0
-7.0
-29.0
-32.0
-26.0
-2.0
-18.0
-27.0
-35.0
-24.0
-33.0
-15.0
-21.0
-5.0
-6.0
-26.0
-48.0
-63.0
-26.0
-24.0
-45.0
-59.0
-39.0
-12.0
-12.0
46.0
15.0
7.0
20.0
23.0
2.0
11.0
7.0
30.0
28.0
15.0
22.0
24.0
28.0
-2.0
-3.0
9.0
-9.0
-25.0
-29.0
-7.0
-7.0
13.0
-7.0
-16.0
-35.0
-39.0
10.0
23.0
20.0
49.0
26.0
24.0
8.0
-20.0
30.0
-10.0
39.0
6.0
14.0
27.0
21.0
8.0
-7.0
-54.0
-42.0
-42.0
-62.0
-50.0
-48.0
-28.0
-28.0
-6.0
22.0
17.0
5.0
2.0
2.0
11.0
15.0
11.0
-10.0
-13.0
-28.0
-26.0
-30.0
-34.0
0.0
-29.0
-31.0
5.0
-3.0
-4.0
-13.0
10.0
12.0
-22.0
-11.0
-2.0
4.0
21.0
-6.0
26.0
-1.0
51.0
21.0
5.0
-13.0
14.0
7.0
26.0
13.0
22.0
-3.0
10.0
-10.0
3.0
-39.0
-50.0
-45.0
-21.0
-17.0
-21.0
-18.0
-15.0
-22.0
8.0
15.0
-4.0
-1.0
-7.0
-15.0
18.0
7.0
7.0
9.0
15.0
10.0
11.0
13.0
6.0
-13.0
-15.0
-7.0
-9.0
19.0
29.0
-8.0
-16.0
-10.0
-18.0
-25.0
-17.0
-67.0
-14.0
12.0
0.0
55.0
27.0
29.0
-6.0
27.0
7.0
21.0
48.0
-25.0
-8.0
-48.0
-26.0
-13.0
-97.0
-5.0
-35.0
-47.0
-38.0
-5.0
9.0
18.0
-22.0
-7.0
-33.0
-46.0
-9.0
-29.0
3.0
-18.0
20.0
7.0
-1.0
-10.0
13.0
-15.0
-7.0
-35.0
21.0
41.0
16.0
17.0
3.0
6.0
-35.0
-12.0
9.0
-13.0
2.0
2.0
-1.0
17.0
-34.0
-7.0
-6.0
-5.0
-37.0
-4.0
-15.0
-7.0
9.0
5.0
-24.0
-14.0
-23.0
-20.0
-32.0
-12.0
20.0
6.0
-12.0
-5.0
42.0
50.0
41.0
21.0
31.0
-5.0
-25.0
-4.0
-25.0
-30.0
-32.0
-13.0
-39.0
-27.0
-48.0
-16.0
-2.0
8.0
-8.0
-21.0
-16.0
-26.0
-25.0
-13.0
-53.0
-35.0
-51.0
-31.0
-13.0
-16.0
30.0
27.0
20.0
21.0
22.0
16.0
6.0
12.0
24.0
19.0
11.0
7.0
24.0
9.0
24.0
7.0
-5.0
22.0
4.0
-19.0
-27.0
-22.0
-6.0
-6.0
-25.0
-36.0
-20.0
6.0
45.0
28.0
17.0
26.0
6.0
14.0
-12.0
7.0
5.0
6.0
20.0
6.0
-19.0
-19.0
-15.0
-21.0
-9.0
-25.0
-9.0
-30.0
-4.0
-33.0
-31.0
-25.0
-2.0
-42.0
-37.0
-57.0
-43.0
4.0
-15.0
4.0
-37.0
-23.0
-13.0
12.0
6.0
10.0
-6.0
34.0
22.0
22.0
8.0
16.0
2.0
-3.0
14.0
14.0
-2.0
-5.0
-26.0
-31.0
-29.0
-30.0
-17.0
-28.0
-11.0
-6.0
-50.0
13.0
12.0
20.0
7.0
7.0
-4.0
-17.0
-10.0
2.0
-1.0
6.0
16.0
11.0
7.0
7.0
22.0
-9.0
-1.0
21.0
-48.0
-32.0
-27.0
-9.0
7.0
-7.0
-33.0
-8.0
-4.0
10.0
-11.0
-3.0
-54.0
-37.0
-43.0
-34.0
-2.0
1.0
-44.0
-25.0
-28.0
-3.0
21.0
37.0
10.0
14.0
4.0
21.0
16.0
4.0
-12.0
-5.0
-1.0
5.0
-20.0
-26.0
-5.0
-16.0
-35.0
-26.0
-16.0
-31.0
-27.0
15.0
23.0
20.0
-20.0
-7.0
8.0
28.0
-30.0
-1.0
-18.0
6.0
-18.0
-23.0
11.0
19.0
-4.0
12.0
19.0
43.0
11.0
16.0
2.0
-1.0
6.0
11.0
-35.0
-6.0
17.0
-20.0
-20.0
-27.0
-43.0
-34.0
-42.0
-20.0
-50.0
-25.0
2.0
13.0
22.0
4.0
11.0
1.0
-11.0
4.0
-43.0
-15.0
-24.0
-8.0
-15.0
-12.0
12.0
7.0
33.0
37.0
3.0
33.0
9.0
16.0
18.0
13.0
1.0
6.0
-4.0
-17.0
-16.0
-18.0
-14.0
-19.0
24.0
24.0
24.0
28.0
-29.0
-11.0
-15.0
-37.0
-18.0
-75.0
-79.0
-74.0
-103.0
-97.0
-89.0
-90.0
-98.0
-70.0
-55.0
-9.0
-2.0
-3.0
11.0
9.0
-27.0
-22.0
-28.0
-36.0
-43.0
-31.0
-69.0
-78.0
-42.0
-40.0
-66.0
-81.0
-33.0
-62.0
-88.0
-55.0
-75.0
-52.0
-6.0
-5.0
-19.0
-31.0
34.0
72.0
47.0
63.0
48.0
54.0
66.0
55.0
46.0
38.0
-1.0
-32.0
-65.0
-84.0
-88.0
-98.0
-53.0
-49.0
-25.0
-37.0
-8.0
15.0
20.0
53.0
33.0
80.0
84.0
78.0
40.0
31.0
24.0
72.0
78.0
97.0
78.0
77.0
63.0
77.0
76.0
63.0
97.0
62.0
61.0
55.0
35.0
32.0
8.0
8.0
-13.0
-2.0
19.0
18.0
7.0
14.0
5.0
27.0
22.0
25.0
24.0
15.0
16.0
12.0
31.0
9.0
-18.0
-19.0
-4.0
-9.0
-8.0
-9.0
8.0
9.0
8.0
25.0
44.0
31.0
23.0
7.0
-7.0
-2.0
-56.0
-34.0
-21.0
-16.0
4.0
-15.0
18.0
5.0
25.0
32.0
28.0
16.0
3.0
4.0
-5.0
6.0
5.0
-1.0
2.0
-12.0
-13.0
-5.0
12.0
-17.0
-14.0
-28.0
-43.0
-51.0
-48.0
10.0
-3.0
4.0
17.0
-12.0
-27.0
-2.0
9.0
24.0
-6.0
-12.0
0.0
18.0
18.0
1.0
23.0
28.0
2.0
0.0
-13.0
-10.0
17.0
-2.0
22.0
-8.0
9.0
7.0
-3.0
-6.0
-11.0
-30.0
19.0
-4.0
-1.0
-6.0
-28.0
-7.0
-47.0
-58.0
-15.0
-13.0
0.0
-13.0
0.0
-4.0
-16.0
-24.0
-2.0
-11.0
-30.0
-33.0
-37.0
-12.0
-14.0
15.0
-1.0
-10.0
-34.0
-24.0
-17.0
-10.0
12.0
-8.0
-8.0
-7.0
4.0
-9.0
11.0
11.0
-15.0
-14.0
-10.0
6.0
-7.0
-6.0
-23.0
-13.0
-3.0
11.0
6.0
-3.0
12.0
23.0
0.0
-18.0
-43.0
-54.0
-21.0
-21.0
6.0
-16.0
6.0
-3.0
0.0
6.0
-3.0
1.0
9.0
-3.0
22.0
11.0
-14.0
-15.0
-32.0
-30.0
0.0
-18.0
-7.0
-10.0
7.0
7.0
-17.0
5.0
12.0
4.0
13.0
12.0
-22.0
-19.0
-7.0
0.0
-113.0
28.0
-203.0
-132.0
-34.0
145.0
234.0
241.0
313.0
313.0
313.0
277.0
305.0
178.0
167.0
144.0
159.0
166.0
155.0
143.0
127.0
88.0
102.0
75.0
-6.0
29.0
39.0
13.0
-47.0
-52.0
-110.0
-126.0
-139.0
-189.0
-128.0
-153.0
-181.0
-168.0
-103.0
-122.0
-134.0
-172.0
-17.0
313.0
147.0
184.0
197.0
188.0
115.0
123.0
109.0
63.0
-5.0
-50.0
-66.0
-142.0
-181.0
-201.0
-216.0
-197.0
-190.0
-179.0
-101.0
-174.0
-197.0
-162.0
-193.0
-181.0
-176.0
-156.0
-126.0
-114.0
-109.0
-101.0
-78.0
-86.0
-90.0
-75.0
-89.0
-74.0
-58.0
-142.0
-61.0
-97.0
-33.0
-17.0
-4.0
-9.0
1.0
17.0
4.0
0.0
-15.0
-29.0
-77.0
0.0
14.0
-2.0
-29.0
-14.0
-22.0
-6.0
2.0
-59.0
-89.0
-68.0
-22.0
-20.0
-2.0
-8.0
-26.0
-34.0
-35.0
-42.0
-35.0
-31.0
-33.0
-49.0
-61.0
-44.0
-54.0
-23.0
-9.0
-58.0
-52.0
-52.0
-34.0
-50.0
-26.0
-34.0
-33.0
-19.0
22.0
12.0
-23.0
-4.0
0.0
-2.0
1.0
-9.0
-7.0
-1.0
-3.0
-12.0
-10.0
2.0
25.0
9.0
36.0
24.0
34.0
62.0
72.0
67.0
60.0
77.0
47.0
51.0
30.0
41.0
26.0
0.0
30.0
20.0
24.0
-20.0
-12.0
-20.0
-14.0
-54.0
-41.0
23.0
15.0
-11.0
5.0
13.0
35.0
31.0
15.0
20.0
46.0
4.0
26.0
7.0
12.0
10.0
2.0
7.0
18.0
10.0
-2.0
5.0
27.0
22.0
7.0
13.0
28.0
11.0
2.0
-10.0
-7.0
38.0
28.0
5.0
-20.0
-39.0
-13.0
-13.0
15.0
-24.0
15.0
10.0
10.0
6.0
9.0
-8.0
14.0
2.0
28.0
6.0
10.0
36.0
16.0
11.0
40.0
28.0
30.0
7.0
17.0
22.0
52.0
41.0
-38.0
-30.0
15.0
-10.0
-5.0
-2.0
11.0
13.0
4.0
-25.0
-30.0
17.0
7.0
-26.0
4.0
0.0
7.0
-23.0
18.0
31.0
2.0
12.0
8.0
13.0
15.0
25.0
0.0
0.0
-16.0
-6.0
-33.0
-58.0
-61.0
-47.0
-49.0
-50.0
-54.0
-28.0
-12.0
-2.0
1.0
-1.0
-9.0
-27.0
-13.0
-18.0
-2.0
-1.0
-7.0
-5.0
24.0
-8.0
9.0
-33.0
2.0
13.0
13.0
4.0
-18.0
-45.0
-28.0
-18.0
-20.0
-30.0
36.0
41.0
-18.0
-13.0
-19.0
-22.0
-24.0
5.0
2.0
24.0
25.0
46.0
29.0
14.0
46.0
39.0
2.0
-13.0
-7.0
-5.0
3.0
-16.0
-9.0
29.0
5.0
10.0
-24.0
-48.0
-32.0
-7.0
-8.0
5.0
15.0
6.0
11.0
-4.0
-1.0
-13.0
-27.0
-3.0
-5.0
-2.0
-1.0
7.0
-6.0
-13.0
-20.0
20.0
-17.0
-21.0
-11.0
3.0
-10.0
-26.0
-29.0
-1.0
-11.0
13.0
-7.0
6.0
9.0
14.0
6.0
4.0
-32.0
-16.0
-25.0
-17.0
-20.0
-35.0
-11.0
-16.0
-36.0
-31.0
-4.0
6.0
50.0
21.0
18.0
2.0
7.0
14.0
10.0
16.0
0.0
18.0
17.0
47.0
6.0
8.0
25.0
23.0
6.0
-4.0
-8.0
24.0
24.0
27.0
5.0
21.0
34.0
28.0
26.0
-20.0
-13.0
8.0
0.0
-20.0
-3.0
-20.0
-2.0
-4.0
-20.0
0.0
11.0
-2.0
-30.0
-21.0
-16.0
-14.0
4.0
5.0
30.0
8.0
9.0
21.0
18.0
-9.0
-24.0
12.0
20.0
17.0
-26.0
24.0
11.0
2.0
-2.0
0.0
-3.0
-21.0
-8.0
-1.0
-28.0
2.0
-15.0
-9.0
-23.0
7.0
-27.0
-21.0
8.0
8.0
8.0
-18.0
-29.0
-8.0
-47.0
-28.0
-4.0
11.0
-29.0
-31.0
7.0
2.0
4.0
4.0
21.0
10.0
8.0
12.0
-1.0
-6.0
16.0
-18.0
0.0
-35.0
-5.0
-34.0
-8.0
-11.0
-20.0
-16.0
-42.0
-7.0
-23.0
-33.0
-29.0
-17.0
-19.0
-4.0
-5.0
2.0
-15.0
-15.0
-23.0
-20.0
19.0
0.0
1.0
-22.0
-15.0
-10.0
-19.0
-2.0
-32.0
-40.0
-9.0
-17.0
-10.0
-5.0
17.0
12.0
-7.0
-18.0
3.0
38.0
22.0
-7.0
7.0
6.0
14.0
14.0
20.0
16.0
9.0
-24.0
-11.0
-23.0
-13.0
-28.0
11.0
14.0
-13.0
2.0
-39.0
-39.0
-34.0
-63.0
-16.0
6.0
-1.0
-13.0
11.0
35.0
24.0
21.0
24.0
4.0
4.0
23.0
-28.0
-23.0
-61.0
-63.0
-31.0
-41.0
-52.0
-56.0
-60.0
-56.0
-54.0
-43.0
-25.0
1.0
0.0
-10.0
8.0
35.0
-18.0
41.0
24.0
35.0
53.0
42.0
57.0
6.0
29.0
14.0
2.0
-71.0
-65.0
-51.0
-95.0
-93.0
-84.0
-34.0
-66.0
-24.0
-26.0
-1.0
1.0
14.0
35.0
41.0
20.0
-7.0
71.0
27.0
29.0
17.0
23.0
26.0
35.0
46.0
51.0
44.0
23.0
37.0
23.0
4.0
-13.0
-21.0
-1.0
12.0
-15.0
-57.0
-83.0
-71.0
-82.0
-49.0
-50.0
-57.0
-48.0
-89.0
-26.0
-8.0
13.0
5.0
39.0
42.0
16.0
18.0
48.0
55.0
56.0
62.0
53.0
42.0
17.0
29.0
38.0
34.0
37.0
36.0
34.0
16.0
-8.0
-56.0
-34.0
-44.0
-42.0
-44.0
-21.0
-28.0
-38.0
-49.0
-8.0
7.0
20.0
0.0
19.0
33.0
5.0
32.0
44.0
15.0
16.0
44.0
31.0
28.0
19.0
19.0
13.0
-43.0
-2.0
18.0
0.0
31.0
10.0
-17.0
4.0
-6.0
-11.0
-18.0
-46.0
-105.0
-122.0
-148.0
-137.0
-139.0
-123.0
-120.0
-76.0
-42.0
20.0
48.0
86.0
112.0
85.0
63.0
61.0
54.0
76.0
86.0
48.0
44.0
62.0
73.0
65.0
65.0
74.0
70.0
87.0
87.0
44.0
51.0
44.0
25.0
-3.0
18.0
1.0
0.0
12.0
-20.0
-45.0
-70.0
-49.0
-70.0
-91.0
-127.0
-165.0
-166.0
-173.0
-190.0
-151.0
-161.0
-113.0
-80.0
-85.0
-13.0
11.0
18.0
52.0
46.0
94.0
107.0
153.0
133.0
135.0
157.0
136.0
141.0
114.0
112.0
102.0
135.0
95.0
80.0
60.0
35.0
-2.0
-16.0
-14.0
25.0
15.0
3.0
8.0
-27.0
-23.0
-60.0
3.0
-3.0
-26.0
-24.0
-41.0
-30.0
-41.0
0.0
-13.0
-3.0
-28.0
-22.0
31.0
22.0
32.0
16.0
0.0
3.0
-33.0
-19.0
-23.0
-25.0
3.0
33.0
-8.0
44.0
30.0
47.0
11.0
10.0
15.0
17.0
-27.0
25.0
13.0
35.0
-15.0
44.0
-5.0
-18.0
-23.0
-12.0
-16.0
5.0
-8.0
6.0
3.0
-30.0
-24.0
-11.0
-49.0
-56.0
2.0
-26.0
-53.0
-24.0
34.0
11.0
29.0
20.0
61.0
54.0
2.0
5.0
14.0
18.0
-50.0
-10.0
-18.0
-22.0
-7.0
-7.0
-32.0
-70.0
-22.0
-73.0
-114.0
-138.0
-98.0
-110.0
-98.0
-92.0
-56.0
-19.0
-13.0
40.0
20.0
11.0
80.0
74.0
79.0
68.0
55.0
86.0
67.0
42.0
67.0
18.0
74.0
-28.0
46.0
44.0
7.0
38.0
17.0
21.0
37.0
-15.0
33.0
-47.0
-7.0
-9.0
-25.0
-4.0
-5.0
-13.0
-9.0
-39.0
17.0
-12.0
13.0
-4.0
7.0
-17.0
6.0
-22.0
-41.0
10.0
6.0
5.0
-15.0
-19.0
-25.0
-45.0
10.0
-22.0
1.0
-24.0
3.0
-63.0
-103.0
-113.0
-74.0
-159.0
-132.0
-234.0
-255.0
-278.0
-285.0
-216.0
-150.0
-156.0
-122.0
-62.0
-21.0
23.0
50.0
83.0
125.0
128.0
115.0
109.0
163.0
126.0
139.0
148.0
116.0
160.0
112.0
109.0
84.0
84.0
86.0
44.0
37.0
58.0
32.0
49.0
40.0
16.0
33.0
27.0
29.0
-13.0
2.0
-20.0
-13.0
-12.0
22.0
12.0
5.0
11.0
-22.0
-10.0
-33.0
46.0
6.0
-4.0
-14.0
-36.0
-44.0
-36.0
-53.0
-54.0
-72.0
-22.0
-12.0
-10.0
-3.0
35.0
-7.0
-4.0
22.0
13.0
12.0
11.0
0.0
3.0
-4.0
22.0
10.0
0.0
15.0
-12.0
-43.0
-60.0
-63.0
-85.0
-131.0
-139.0
-140.0
-143.0
-134.0
-131.0
-111.0
-114.0
-31.0
-39.0
9.0
-8.0
51.0
35.0
32.0
55.0
28.0
88.0
69.0
91.0
50.0
50.0
47.0
45.0
87.0
47.0
55.0
17.0
28.0
36.0
23.0
5.0
1.0
0.0
40.0
39.0
15.0
11.0
11.0
22.0
25.0
-11.0
-5.0
-11.0
0.0
-5.0
7.0
-3.0
-19.0
-18.0
-5.0
4.0
4.0
-4.0
-29.0
-8.0
-5.0
6.0
-13.0
-16.0
-1.0
-55.0
-19.0
-12.0
-39.0
-13.0
-21.0
-18.0
-3.0
23.0
18.0
-4.0
7.0
14.0
10.0
21.0
7.0
13.0
6.0
-19.0
-4.0
-21.0
-2.0
-1.0
29.0
4.0
6.0
10.0
-11.0
7.0
-37.0
-16.0
-32.0
-45.0
-25.0
-5.0
-26.0
22.0
-3.0
23.0
39.0
35.0
15.0
16.0
7.0
3.0
-9.0
15.0
18.0
18.0
-12.0
-35.0
-15.0
-21.0
-7.0
-16.0
4.0
-27.0
-42.0
-31.0
-21.0
1.0
-9.0
-18.0
18.0
22.0
6.0
-2.0
1.0
-1.0
20.0
-16.0
6.0
3.0
13.0
-3.0
-18.0
-6.0
-19.0
18.0
-17.0
-22.0
-8.0
-9.0
-32.0
-8.0
-23.0
-33.0
-48.0
-8.0
-6.0
-8.0
-26.0
-11.0
3.0
-18.0
36.0
28.0
57.0
-27.0
-18.0
3.0
14.0
26.0
-27.0
-13.0
22.0
-6.0
14.0
12.0
4.0
-44.0
-3.0
-9.0
4.0
-23.0
-37.0
5.0
8.0
-22.0
-26.0
27.0
-29.0
-32.0
-22.0
45.0
6.0
35.0
5.0
13.0
-20.0
-19.0
-2.0
3.0
-5.0
3.0
-12.0
22.0
1.0
-5.0
-9.0
-3.0
-65.0
-62.0
-47.0
-50.0
-28.0
-23.0
-17.0
-8.0
18.0
34.0
15.0
11.0
35.0
-11.0
40.0
3.0
20.0
-27.0
-18.0
2.0
-4.0
1.0
-14.0
-2.0
-3.0
-45.0
-41.0
-28.0
-41.0
-73.0
-74.0
-81.0
-75.0
-77.0
-34.0
-48.0
-64.0
-60.0
-62.0
-4.0
13.0
9.0
43.0
31.0
6.0
0.0
10.0
10.0
67.0
20.0
84.0
69.0
-8.0
52.0
12.0
-4.0
26.0
-13.0
8.0
3.0
16.0
14.0
18.0
-4.0
20.0
28.0
30.0
10.0
-2.0
12.0
8.0
15.0
-17.0
-6.0
26.0
21.0
27.0
0.0
13.0
-15.0
9.0
12.0
11.0
-13.0
-52.0
-64.0
-68.0
-29.0
-15.0
-8.0
2.0
-2.0
-19.0
6.0
-5.0
-17.0
-35.0
-9.0
-1.0
-34.0
-35.0
-26.0
-22.0
-31.0
-15.0
-22.0
10.0
-25.0
-21.0
-25.0
-40.0
-36.0
-15.0
-1.0
10.0
1.0
-11.0
2.0
8.0
-3.0
-5.0
-8.0
-7.0
2.0
-26.0
-51.0
-73.0
-75.0
-79.0
-71.0
-43.0
-45.0
-39.0
-40.0
-12.0
-2.0
-4.0
-3.0
-10.0
38.0
33.0
44.0
58.0
46.0
66.0
59.0
56.0
49.0
22.0
42.0
21.0
18.0
20.0
52.0
10.0
-5.0
-5.0
14.0
-15.0
-34.0
-64.0
-63.0
-81.0
-134.0
-171.0
-265.0
-300.0
-313.0
-313.0
-285.0
-260.0
-257.0
-247.0
-244.0
-111.0
-70.0
-20.0
-30.0
38.0
98.0
131.0
118.0
169.0
179.0
208.0
202.0
203.0
197.0
218.0
193.0
171.0
175.0
154.0
111.0
127.0
93.0
85.0
61.0
55.0
24.0
48.0
42.0
-3.0
15.0
30.0
16.0
41.0
58.0
34.0
18.0
1.0
5.0
10.0
4.0
5.0
-13.0
14.0
-1.0
4.0
30.0
-12.0
-5.0
-15.0
-1.0
-11.0
6.0
-41.0
-29.0
-18.0
16.0
8.0
8.0
-2.0
-7.0
15.0
16.0
27.0
11.0
0.0
1.0
-7.0
-6.0
0.0
-18.0
-14.0
12.0
-29.0
-11.0
-8.0
-15.0
-9.0
-7.0
-20.0
-32.0
-7.0
-4.0
-13.0
-8.0
-8.0
4.0
2.0
-3.0
3.0
-12.0
39.0
5.0
25.0
1.0
20.0
-19.0
12.0
9.0
19.0
-2.0
2.0
-25.0
7.0
-17.0
-18.0
-14.0
-10.0
-19.0
-29.0
-39.0
-10.0
-7.0
-2.0
-35.0
-2.0
-24.0
8.0
4.0
-19.0
4.0
-7.0
-4.0
-2.0
11.0
-27.0
5.0
10.0
11.0
26.0
-32.0
-3.0
-32.0
-14.0
-12.0
-8.0
-2.0
-17.0
-8.0
-16.0
3.0
-11.0
-8.0
-40.0
-31.0
6.0
-10.0
-6.0
-7.0
-14.0
18.0
14.0
4.0
17.0
38.0
-11.0
36.0
-18.0
-26.0
13.0
-26.0
-6.0
-17.0
33.0
13.0
-20.0
-43.0
-41.0
-45.0
-18.0
-20.0
-14.0
-11.0
-18.0
-34.0
-17.0
-27.0
20.0
12.0
-24.0
-12.0
-6.0
-2.0
10.0
-29.0
-9.0
-22.0
-53.0
-59.0
-96.0
-125.0
-151.0
-124.0
-125.0
-130.0
-108.0
-102.0
-79.0
-93.0
-19.0
-2.0
-7.0
23.0
35.0
41.0
63.0
99.0
122.0
113.0
64.0
76.0
46.0
46.0
23.0
-58.0
-52.0
-55.0
-81.0
-79.0
-77.0
-81.0
-83.0
-115.0
-72.0
-32.0
-24.0
-12.0
53.0
60.0
55.0
83.0
121.0
105.0
70.0
69.0
79.0
59.0
75.0
78.0
56.0
58.0
75.0
60.0
42.0
41.0
86.0
18.0
39.0
43.0
31.0
20.0
17.0
-5.0
26.0
-3.0
31.0
-13.0
4.0
1.0
-52.0
-22.0
-38.0
-3.0
-30.0
-32.0
-50.0
4.0
-29.0
-35.0
-20.0
2.0
-16.0
7.0
20.0
11.0
-25.0
-7.0
-9.0
-4.0
32.0
42.0
-14.0
-28.0
-18.0
-12.0
13.0
14.0
-11.0
-4.0
-28.0
12.0
-8.0
-27.0
-4.0
-23.0
-100.0
-42.0
-21.0
-19.0
-6.0
-19.0
-36.0
-105.0
-137.0
-199.0
-190.0
-232.0
-232.0
-234.0
-179.0
-190.0
-113.0
-94.0
-50.0
-37.0
-2.0
38.0
53.0
64.0
131.0
125.0
110.0
108.0
108.0
135.0
112.0
97.0
92.0
102.0
133.0
83.0
97.0
69.0
97.0
87.0
68.0
57.0
43.0
36.0
42.0
-1.0
47.0
39.0
-10.0
20.0
-33.0
44.0
-30.0
-33.0
18.0
-13.0
-7.0
-17.0
-6.0
-32.0
-42.0
-33.0
-29.0
-23.0
-12.0
-32.0
-20.0
-19.0
6.0
-17.0
2.0
-34.0
-11.0
-17.0
-36.0
-42.0
-37.0
-38.0
-21.0
-30.0
13.0
-29.0
14.0
7.0
-10.0
5.0
24.0
2.0
-16.0
23.0
-11.0
-42.0
0.0
-8.0
-5.0
2.0
-3.0
38.0
-29.0
-1.0
-8.0
33.0
40.0
30.0
15.0
24.0
25.0
4.0
-22.0
12.0
-16.0
-48.0
-9.0
-14.0
4.0
40.0
-51.0
-26.0
-81.0
-125.0
-146.0
-215.0
-255.0
-256.0
-238.0
-197.0
-173.0
-131.0
-106.0
-47.0
-17.0
-14.0
18.0
29.0
76.0
116.0
108.0
133.0
153.0
153.0
169.0
157.0
89.0
90.0
88.0
135.0
75.0
73.0
97.0
87.0
57.0
25.0
9.0
14.0
21.0
-18.0
10.0
-76.0
-64.0
-118.0
-97.0
-86.0
-107.0
-105.0
-104.0
-67.0
-31.0
-17.0
-55.0
-68.0
-22.0
-3.0
-14.0
-11.0
-47.0
2.0
-30.0
-26.0
-12.0
-27.0
-49.0
-61.0
-72.0
-55.0
-33.0
-66.0
4.0
10.0
10.0
49.0
64.0
78.0
73.0
78.0
79.0
134.0
119.0
97.0
44.0
69.0
57.0
71.0
62.0
76.0
61.0
37.0
59.0
42.0
18.0
27.0
-5.0
0.0
-47.0
-44.0
-60.0
-105.0
-151.0
-161.0
-215.0
-199.0
-217.0
-175.0
-130.0
-127.0
-122.0
-128.0
-110.0
-82.0
-66.0
-51.0
-19.0
-30.0
-9.0
-16.0
39.0
61.0
97.0
66.0
109.0
130.0
150.0
66.0
85.0
86.0
91.0
52.0
69.0
59.0
30.0
7.0
10.0
4.0
2.0
6.0
25.0
44.0
27.0
89.0
67.0
47.0
37.0
42.0
68.0
56.0
41.0
45.0
30.0
1.0
-24.0
25.0
9.0
39.0
-6.0
6.0
29.0
-12.0
-38.0
-21.0
-24.0
-85.0
-73.0
-83.0
-54.0
-62.0
-43.0
-136.0
-21.0
23.0
15.0
11.0
28.0
22.0
50.0
42.0
13.0
36.0
37.0
48.0
33.0
24.0
10.0
23.0
-21.0
-11.0
-8.0
-29.0
-39.0
-48.0
-47.0
-29.0
-18.0
-42.0
-2.0
-12.0
-21.0
2.0
11.0
-3.0
19.0
-2.0
26.0
63.0
24.0
20.0
-15.0
30.0
34.0
7.0
9.0
-9.0
2.0
13.0
-43.0
-55.0
-94.0
-136.0
-164.0
-180.0
-180.0
-169.0
-128.0
-81.0
-83.0
-83.0
-89.0
-48.0
-74.0
-50.0
-94.0
-33.0
-13.0
63.0
45.0
40.0
41.0
82.0
79.0
113.0
69.0
85.0
94.0
102.0
90.0
92.0
80.0
90.0
88.0
48.0
29.0
38.0
34.0
-5.0
-12.0
-8.0
-87.0
-70.0
-107.0
-74.0
-92.0
-50.0
-57.0
2.0
3.0
-13.0
12.0
25.0
28.0
72.0
51.0
46.0
69.0
4.0
36.0
30.0
24.0
1.0
-3.0
25.0
-3.0
17.0
46.0
42.0
-3.0
6.0
-44.0
-38.0
-29.0
-43.0
-61.0
-70.0
-74.0
-71.0
-47.0
-42.0
-56.0
-39.0
12.0
-24.0
-24.0
29.0
56.0
66.0
71.0
69.0
27.0
43.0
33.0
49.0
12.0
0.0
48.0
-22.0
-35.0
-41.0
0.0
18.0
4.0
-10.0
-5.0
-37.0
-6.0
11.0
-3.0
17.0
4.0
48.0
-2.0
28.0
12.0
39.0
17.0
11.0
-49.0
-54.0
-101.0
-131.0
-160.0
-156.0
-159.0
-158.0
-119.0
-83.0
-40.0
-38.0
15.0
-15.0
25.0
-17.0
32.0
22.0
37.0
56.0
58.0
51.0
78.0
88.0
99.0
34.0
57.0
62.0
45.0
26.0
18.0
20.0
35.0
17.0
26.0
15.0
26.0
13.0
24.0
41.0
24.0
22.0
7.0
40.0
11.0
6.0
9.0
6.0
-21.0
-88.0
-127.0
-115.0
-112.0
-171.0
-117.0
-172.0
-100.0
-61.0
-20.0
-55.0
14.0
24.0
-11.0
58.0
10.0
29.0
42.0
74.0
81.0
75.0
73.0
78.0
79.0
47.0
103.0
54.0
33.0
17.0
37.0
55.0
71.0
76.0
2.0
29.0
21.0
77.0
39.0
11.0
-11.0
12.0
-2.0
-7.0
-35.0
-19.0
-5.0
21.0
-14.0
3.0
-19.0
-20.0
-22.0
-31.0
-17.0
-71.0
-123.0
-165.0
-195.0
-231.0
-302.0
-283.0
-216.0
-221.0
-180.0
-64.0
29.0
-33.0
-19.0
-49.0
-44.0
-6.0
-22.0
-19.0
17.0
61.0
85.0
96.0
83.0
76.0
50.0
90.0
118.0
120.0
96.0
81.0
68.0
39.0
79.0
82.0
80.0
47.0
74.0
68.0
62.0
71.0
50.0
101.0
81.0
33.0
18.0
50.0
39.0
45.0
36.0
32.0
4.0
-37.0
-118.0
-116.0
-171.0
-189.0
-190.0
-191.0
-168.0
-151.0
-141.0
-115.0
-111.0
-40.0
17.0
22.0
19.0
22.0
54.0
76.0
129.0
138.0
96.0
107.0
74.0
116.0
100.0
99.0
105.0
95.0
91.0
52.0
12.0
11.0
32.0
66.0
15.0
11.0
-8.0
-49.0
-189.0
-172.0
-188.0
-254.0
-286.0
-294.0
-202.0
-200.0
-92.0
-28.0
-12.0
29.0
23.0
23.0
52.0
-2.0
41.0
18.0
38.0
52.0
49.0
68.0
52.0
86.0
58.0
34.0
75.0
86.0
46.0
79.0
69.0
70.0
70.0
72.0
55.0
49.0
48.0
54.0
28.0
19.0
15.0
-15.0
33.0
37.0
13.0
16.0
-2.0
2.0
10.0
-40.0
-84.0
-95.0
-118.0
-131.0
-102.0
-102.0
-101.0
-101.0
-43.0
-36.0
12.0
-8.0
61.0
78.0
91.0
94.0
100.0
90.0
84.0
50.0
62.0
40.0
0.0
-80.0
-102.0
-167.0
-166.0
-152.0
-203.0
-164.0
-132.0
-90.0
-50.0
-23.0
25.0
46.0
60.0
58.0
114.0
94.0
134.0
95.0
65.0
64.0
67.0
53.0
67.0
69.0
81.0
71.0
27.0
-48.0
-58.0
-57.0
-37.0
-67.0
-82.0
-72.0
-44.0
-55.0
-13.0
-48.0
-22.0
13.0
-55.0
-34.0
-105.0
-112.0
-83.0
-20.0
15.0
21.0
26.0
36.0
35.0
64.0
50.0
67.0
91.0
93.0
57.0
69.0
23.0
51.0
31.0
53.0
58.0
52.0
36.0
21.0
8.0
23.0
48.0
20.0
23.0
18.0
26.0
18.0
-3.0
-17.0
-6.0
0.0
35.0
17.0
4.0
-11.0
-37.0
-42.0
-29.0
-34.0
-2.0
24.0
7.0
-8.0
-29.0
-84.0
-95.0
-101.0
-123.0
-171.0
-191.0
-221.0
-171.0
-141.0
-142.0
-136.0
-91.0
-107.0
-41.0
11.0
26.0
41.0
65.0
66.0
107.0
131.0
106.0
89.0
79.0
101.0
18.0
19.0
-75.0
-114.0
-136.0
-120.0
-101.0
-98.0
-52.0
-2.0
36.0
47.0
48.0
78.0
70.0
56.0
50.0
53.0
98.0
50.0
72.0
43.0
59.0
56.0
65.0
22.0
24.0
29.0
0.0
26.0
0.0
-8.0
0.0
-11.0
-39.0
-15.0
-35.0
-47.0
-68.0
-57.0
-69.0
-76.0
-39.0
-62.0
-38.0
-38.0
2.0
6.0
4.0
50.0
38.0
27.0
44.0
24.0
53.0
71.0
79.0
68.0
62.0
73.0
47.0
2.0
18.0
7.0
-52.0
-141.0
-176.0
-182.0
-235.0
-238.0
-225.0
-182.0
-105.0
-82.0
-23.0
-11.0
1.0
13.0
35.0
18.0
38.0
49.0
76.0
85.0
93.0
90.0
112.0
106.0
101.0
78.0
93.0
67.0
76.0
96.0
57.0
60.0
42.0
52.0
14.0
-9.0
4.0
23.0
-17.0
-67.0
-69.0
-108.0
-174.0
-166.0
-191.0
-201.0
-232.0
-191.0
-151.0
-135.0
-44.0
18.0
60.0
65.0
103.0
89.0
111.0
92.0
71.0
45.0
63.0
58.0
59.0
56.0
68.0
68.0
58.0
87.0
71.0
41.0
60.0
13.0
-34.0
-46.0
-63.0
-112.0
-124.0
-113.0
-131.0
-102.0
-69.0
-79.0
-36.0
-32.0
16.0
57.0
66.0
80.0
92.0
80.0
87.0
84.0
96.0
88.0
51.0
47.0
-24.0
42.0
114.0
33.0
-41.0
12.0
-46.0
-52.0
-61.0
-50.0
-21.0
-12.0
7.0
26.0
-10.0
32.0
35.0
32.0
48.0
33.0
2.0
28.0
25.0
35.0
11.0
2.0
-23.0
-5.0
-13.0
-7.0
-29.0
-78.0
-73.0
-137.0
-181.0
-187.0
-236.0
-223.0
-152.0
-143.0
-84.0
-52.0
-49.0
6.0
34.0
87.0
63.0
67.0
112.0
124.0
85.0
71.0
102.0
120.0
93.0
110.0
55.0
71.0
33.0
13.0
0.0
-14.0
-35.0
-51.0
-106.0
-39.0
-31.0
-23.0
30.0
27.0
32.0
29.0
26.0
65.0
41.0
55.0
39.0
37.0
54.0
26.0
25.0
15.0
24.0
61.0
72.0
6.0
22.0
22.0
-8.0
-20.0
-29.0
-41.0
-11.0
-28.0
-22.0
-16.0
-40.0
-50.0
-97.0
-96.0
-142.0
-206.0
-195.0
-209.0
-171.0
-113.0
-61.0
-58.0
-63.0
-51.0
-31.0
7.0
-12.0
72.0
57.0
108.0
114.0
107.0
133.0
105.0
45.0
-4.0
-82.0
-134.0
-175.0
-183.0
-125.0
-122.0
-48.0
-23.0
0.0
46.0
44.0
62.0
59.0
18.0
71.0
57.0
100.0
98.0
129.0
92.0
91.0
70.0
49.0
64.0
33.0
33.0
-13.0
-11.0
24.0
-24.0
-4.0
-20.0
-20.0
-35.0
5.0
4.0
30.0
43.0
22.0
28.0
18.0
9.0
2.0
37.0
22.0
33.0
-5.0
12.0
43.0
6.0
-44.0
-126.0
-149.0
-177.0
-191.0
-189.0
-188.0
-152.0
-90.0
-54.0
-49.0
-25.0
-24.0
7.0
60.0
62.0
103.0
81.0
104.0
87.0
125.0
112.0
131.0
101.0
99.0
90.0
82.0
59.0
67.0
40.0
11.0
-4.0
-53.0
-121.0
-163.0
-162.0
-211.0
-232.0
-223.0
-202.0
-149.0
-113.0
-67.0
-11.0
27.0
26.0
30.0
38.0
84.0
97.0
97.0
104.0
130.0
132.0
118.0
117.0
86.0
65.0
31.0
-34.0
-108.0
-170.0
-229.0
-210.0
-181.0
-186.0
-130.0
-133.0
-81.0
5.0
35.0
100.0
126.0
129.0
116.0
114.0
131.0
125.0
109.0
144.0
113.0
70.0
62.0
41.0
22.0
22.0
-50.0
-76.0
-125.0
-159.0
-169.0
-142.0
-129.0
-96.0
-75.0
-77.0
-23.0
-13.0
27.0
48.0
69.0
78.0
83.0
79.0
102.0
90.0
55.0
18.0
48.0
34.0
34.0
51.0
51.0
12.0
5.0
11.0
-65.0
-125.0
-166.0
-234.0
-232.0
-209.0
-185.0
-137.0
-72.0
-63.0
-30.0
27.0
45.0
64.0
98.0
96.0
135.0
117.0
107.0
109.0
121.0
115.0
89.0
107.0
80.0
43.0
45.0
21.0
16.0
28.0
10.0
15.0
-1.0
-17.0
7.0
-14.0
-28.0
11.0
1.0
8.0
10.0
-9.0
1.0
-3.0
-28.0
-30.0
-28.0
7.0
-57.0
-57.0
-110.0
-179.0
-230.0
-258.0
-288.0
-246.0
-179.0
-143.0
-94.0
-87.0
-38.0
39.0
65.0
103.0
114.0
123.0
172.0
159.0
181.0
175.0
149.0
156.0
120.0
110.0
64.0
56.0
67.0
66.0
30.0
26.0
10.0
-14.0
-20.0
-12.0
-24.0
-1.0
-33.0
-18.0
-14.0
-3.0
-8.0
-22.0
-20.0
-15.0
-15.0
-15.0
12.0
-1.0
-21.0
-17.0
-10.0
-21.0
-1.0
-75.0
-93.0
-141.0
-222.0
-301.0
-263.0
-273.0
-280.0
-228.0
-187.0
-130.0
-39.0
58.0
82.0
118.0
117.0
124.0
129.0
131.0
139.0
132.0
145.0
150.0
143.0
130.0
110.0
104.0
114.0
93.0
27.0
52.0
56.0
45.0
1.0
-20.0
24.0
38.0
56.0
-18.0
-49.0
-46.0
-33.0
-44.0
-44.0
-59.0
-120.0
-121.0
-115.0
-131.0
-113.0
-68.0
-85.0
-42.0
-30.0
-32.0
-100.0
-106.0
-112.0
-170.0
-187.0
-208.0
-139.0
-78.0
-28.0
48.0
63.0
62.0
81.0
116.0
150.0
156.0
172.0
153.0
140.0
114.0
104.0
115.0
107.0
112.0
67.0
31.0
7.0
-18.0
-5.0
-37.0
-18.0
-24.0
-25.0
-26.0
-30.0
-14.0
-17.0
5.0
-47.0
-23.0
-31.0
-38.0
-61.0
-66.0
-87.0
-99.0
-78.0
-63.0
-66.0
-57.0
-40.0
-28.0
-2.0
-33.0
5.0
-18.0
-18.0
4.0
19.0
-48.0
-67.0
-61.0
-47.0
-36.0
-29.0
-11.0
-11.0
39.0
75.0
62.0
81.0
77.0
85.0
94.0
68.0
44.0
74.0
54.0
67.0
45.0
18.0
24.0
-60.0
-116.0
-167.0
-225.0
-194.0
-174.0
-117.0
-94.0
-47.0
-42.0
34.0
59.0
99.0
72.0
35.0
29.0
-6.0
1.0
26.0
28.0
35.0
65.0
111.0
76.0
53.0
63.0
52.0
71.0
8.0
7.0
38.0
41.0
55.0
37.0
10.0
36.0
52.0
20.0
-46.0
-39.0
-5.0
6.0
30.0
32.0
26.0
18.0
-8.0
-54.0
5.0
-4.0
-24.0
-56.0
-39.0
-33.0
-21.0
-15.0
-13.0
-26.0
-31.0
-44.0
-64.0
-92.0
-147.0
-223.0
-186.0
-209.0
-195.0
-188.0
-142.0
-139.0
-58.0
-38.0
30.0
90.0
126.0
111.0
143.0
151.0
149.0
143.0
60.0
37.0
-22.0
-26.0
-28.0
52.0
39.0
98.0
109.0
114.0
105.0
105.0
78.0
107.0
87.0
88.0
26.0
20.0
-48.0
-45.0
-70.0
-137.0
-73.0
-42.0
-53.0
-20.0
36.0
49.0
60.0
54.0
59.0
61.0
59.0
73.0
44.0
25.0
44.0
-77.0
-21.0
-21.0
-9.0
-52.0
6.0
-53.0
-61.0
-72.0
-61.0
-46.0
-33.0
-36.0
-34.0
-33.0
-17.0
-28.0
-60.0
-45.0
-21.0
-31.0
-59.0
-55.0
-94.0
-150.0
-183.0
-183.0
-176.0
-155.0
-119.0
-68.0
-106.0
-110.0
-5.0
27.0
116.0
161.0
181.0
166.0
160.0
112.0
61.0
58.0
36.0
14.0
7.0
23.0
10.0
31.0
49.0
2.0
34.0
30.0
15.0
-5.0
-20.0
-74.0
-52.0
-62.0
-50.0
-39.0
44.0
35.0
12.0
36.0
96.0
130.0
129.0
128.0
103.0
60.0
-12.0
-11.0
-46.0
-128.0
-157.0
-145.0
-99.0
-70.0
-22.0
42.0
74.0
72.0
132.0
127.0
137.0
90.0
100.0
89.0
112.0
77.0
62.0
63.0
56.0
24.0
54.0
-70.0
-59.0
-15.0
-11.0
4.0
15.0
20.0
-38.0
-63.0
-88.0
-40.0
-63.0
-62.0
-63.0
-98.0
-77.0
-86.0
-87.0
-59.0
-23.0
-26.0
7.0
-20.0
-46.0
-82.0
-87.0
-77.0
-50.0
-104.0
-85.0
-128.0
-139.0
-139.0
-128.0
-102.0
-26.0
-23.0
-1.0
51.0
68.0
35.0
66.0
62.0
67.0
82.0
79.0
83.0
47.0
37.0
1.0
-54.0
-53.0
-86.0
-24.0
3.0
45.0
58.0
81.0
111.0
134.0
131.0
188.0
148.0
102.0
102.0
75.0
69.0
78.0
73.0
80.0
57.0
45.0
-15.0
-22.0
-22.0
-76.0
-78.0
-31.0
-98.0
-146.0
-178.0
-128.0
-79.0
-56.0
-47.0
-37.0
-27.0
-14.0
-2.0
25.0
21.0
-5.0
17.0
-2.0
27.0
35.0
37.0
49.0
46.0
21.0
16.0
18.0
-21.0
-58.0
-100.0
-189.0
-188.0
-209.0
-209.0
-223.0
-148.0
-143.0
-81.0
-17.0
44.0
84.0
74.0
118.0
219.0
156.0
178.0
180.0
153.0
130.0
125.0
100.0
101.0
100.0
53.0
35.0
9.0
-16.0
-22.0
-8.0
-11.0
13.0
8.0
-18.0
-13.0
-40.0
-40.0
-50.0
-38.0
-52.0
-81.0
-132.0
-134.0
-189.0
-293.0
-251.0
-240.0
-205.0
-139.0
-66.0
7.0
79.0
75.0
145.0
170.0
175.0
199.0
216.0
201.0
208.0
174.0
145.0
143.0
85.0
70.0
-11.0
-116.0
-170.0
-166.0
-170.0
-111.0
-72.0
-61.0
-36.0
-15.0
56.0
82.0
54.0
54.0
72.0
92.0
115.0
101.0
127.0
101.0
118.0
95.0
88.0
14.0
-19.0
-24.0
-24.0
-26.0
-59.0
-69.0
-74.0
-71.0
-61.0
-82.0
-78.0
-85.0
-56.0
-57.0
-61.0
-46.0
-45.0
-57.0
-71.0
-55.0
-38.0
-50.0
-45.0
-41.0
-39.0
-19.0
4.0
-26.0
-83.0
-122.0
-145.0
-177.0
-192.0
-195.0
-154.0
-127.0
-108.0
-67.0
-19.0
11.0
96.0
135.0
174.0
173.0
201.0
193.0
190.0
175.0
152.0
96.0
19.0
-19.0
-87.0
-103.0
-154.0
-136.0
-114.0
-36.0
-4.0
26.0
75.0
86.0
88.0
90.0
95.0
140.0
119.0
104.0
116.0
106.0
87.0
51.0
40.0
35.0
20.0
25.0
-1.0
-18.0
-44.0
-53.0
-98.0
-126.0
-190.0
-200.0
-199.0
-209.0
-212.0
-206.0
-128.0
-51.0
27.0
39.0
86.0
80.0
121.0
125.0
153.0
126.0
142.0
118.0
88.0
53.0
57.0
69.0
24.0
19.0
3.0
-5.0
-31.0
-17.0
-22.0
-30.0
-42.0
-39.0
-39.0
-46.0
-44.0
-53.0
-55.0
-56.0
-33.0
-33.0
-11.0
-18.0
-20.0
-18.0
-5.0
-7.0
0.0
-11.0
-2.0
-24.0
-4.0
-5.0
23.0
1.0
-4.0
-9.0
-8.0
-26.0
-22.0
11.0
-11.0
-6.0
-13.0
-48.0
-76.0
-109.0
-114.0
-151.0
-172.0
-135.0
-111.0
-107.0
-75.0
-40.0
11.0
47.0
52.0
33.0
124.0
147.0
149.0
152.0
127.0
115.0
72.0
90.0
92.0
66.0
39.0
-27.0
-105.0
-114.0
-149.0
-179.0
-173.0
-110.0
-86.0
-55.0
-33.0
-20.0
41.0
41.0
78.0
127.0
138.0
134.0
122.0
129.0
115.0
125.0
83.0
90.0
92.0
85.0
62.0
31.0
4.0
2.0
-12.0
-12.0
-33.0
-18.0
-63.0
-203.0
-177.0
-216.0
-196.0
-209.0
-184.0
-138.0
-75.0
-69.0
-28.0
48.0
82.0
99.0
109.0
110.0
115.0
144.0
131.0
146.0
161.0
130.0
36.0
-61.0
-109.0
-111.0
-129.0
-96.0
-51.0
-39.0
-16.0
38.0
45.0
64.0
84.0
78.0
99.0
113.0
127.0
136.0
114.0
84.0
102.0
95.0
85.0
8.0
-1.0
-9.0
-35.0
-25.0
-68.0
-68.0
-77.0
-86.0
-98.0
-121.0
-166.0
-235.0
-288.0
-280.0
-273.0
-258.0
-207.0
-126.0
-70.0
21.0
63.0
138.0
152.0
152.0
142.0
173.0
138.0
172.0
166.0
133.0
80.0
65.0
2.0
-4.0
-66.0
-99.0
-108.0
-114.0
-101.0
-88.0
-45.0
-19.0
-18.0
-15.0
2.0
57.0
45.0
38.0
34.0
22.0
-18.0
6.0
-9.0
-21.0
-35.0
-103.0
-77.0
-57.0
-76.0
-45.0
-54.0
-40.0
-41.0
-31.0
-48.0
-10.0
-2.0
-8.0
-25.0
-18.0
-39.0
-93.0
-114.0
-113.0
-130.0
-126.0
-114.0
-54.0
-24.0
-13.0
72.0
107.0
138.0
139.0
135.0
180.0
167.0
108.0
70.0
44.0
57.0
41.0
46.0
46.0
43.0
52.0
87.0
85.0
73.0
68.0
39.0
60.0
24.0
23.0
33.0
20.0
-23.0
-48.0
-107.0
-164.0
-188.0
-228.0
-193.0
-201.0
-166.0
-109.0
-72.0
-44.0
33.0
76.0
105.0
136.0
178.0
175.0
132.0
129.0
123.0
120.0
122.0
44.0
25.0
-48.0
-59.0
-63.0
-83.0
-65.0
-100.0
-146.0
-188.0
-145.0
-133.0
-96.0
-94.0
-88.0
-101.0
-84.0
-69.0
26.0
-20.0
8.0
22.0
-21.0
-9.0
-17.0
9.0
38.0
60.0
77.0
93.0
76.0
84.0
101.0
96.0
84.0
68.0
40.0
45.0
6.0
-27.0
0.0
-48.0
-38.0
-45.0
-45.0
-63.0
-47.0
-62.0
-68.0
-52.0
-48.0
-32.0
-22.0
-31.0
-25.0
-43.0
-50.0
-37.0
-138.0
-208.0
-234.0
-198.0
-153.0
-92.0
-93.0
-37.0
10.0
92.0
125.0
179.0
245.0
249.0
242.0
230.0
228.0
181.0
141.0
116.0
66.0
55.0
50.0
-9.0
-66.0
-107.0
-109.0
-129.0
-105.0
-96.0
-66.0
-7.0
28.0
75.0
98.0
125.0
128.0
131.0
108.0
96.0
64.0
16.0
-7.0
14.0
7.0
48.0
44.0
16.0
-31.0
32.0
4.0
16.0
21.0
9.0
-13.0
-21.0
-26.0
-55.0
-102.0
-132.0
-89.0
-160.0
-191.0
-244.0
-269.0
-288.0
-278.0
-200.0
-151.0
-89.0
-23.0
24.0
90.0
128.0
128.0
164.0
166.0
154.0
132.0
83.0
37.0
45.0
87.0
110.0
117.0
99.0
102.0
92.0
99.0
99.0
91.0
48.0
31.0
24.0
-47.0
-45.0
-46.0
-47.0
-78.0
-76.0
-86.0
-111.0
-134.0
-125.0
-161.0
-141.0
-140.0
-145.0
-145.0
-152.0
-184.0
-214.0
-241.0
-237.0
-170.0
-131.0
-133.0
-90.0
-74.0
-28.0
32.0
50.0
98.0
124.0
106.0
146.0
149.0
117.0
76.0
-2.0
26.0
25.0
79.0
115.0
87.0
76.0
82.0
59.0
47.0
29.0
24.0
16.0
12.0
-10.0
-60.0
-50.0
-52.0
-9.0
0.0
-15.0
-18.0
-29.0
-76.0
-143.0
-187.0
-229.0
-224.0
-215.0
-178.0
-151.0
-93.0
-8.0
110.0
157.0
197.0
212.0
219.0
251.0
226.0
244.0
230.0
191.0
173.0
143.0
120.0
74.0
58.0
5.0
-13.0
0.0
7.0
-3.0
-55.0
-62.0
-64.0
-78.0
-82.0
-90.0
-61.0
-47.0
-79.0
-88.0
-44.0
-53.0
-60.0
-38.0
-37.0
-61.0
-29.0
-26.0
-30.0
-31.0
-89.0
-122.0
-206.0
-237.0
-246.0
-242.0
-227.0
-162.0
-91.0
16.0
74.0
141.0
211.0
275.0
278.0
286.0
313.0
264.0
230.0
197.0
138.0
102.0
81.0
73.0
74.0
80.0
86.0
97.0
62.0
49.0
68.0
41.0
37.0
16.0
17.0
49.0
2.0
-37.0
-99.0
-166.0
-246.0
-282.0
-268.0
-241.0
-235.0
-162.0
-109.0
-27.0
49.0
68.0
94.0
108.0
107.0
112.0
112.0
123.0
104.0
115.0
118.0
26.0
1.0
19.0
-28.0
-63.0
-59.0
-62.0
-101.0
-156.0
-190.0
-223.0
-220.0
-174.0
-136.0
-80.0
-79.0
-51.0
-26.0
18.0
54.0
79.0
74.0
67.0
72.0
81.0
87.0
74.0
11.0
-22.0
-22.0
-63.0
-66.0
-68.0
-68.0
-7.0
4.0
56.0
-39.0
-26.0
-36.0
8.0
-29.0
31.0
22.0
23.0
15.0
-34.0
-34.0
-106.0
-141.0
-192.0
-183.0
-152.0
-124.0
-90.0
-70.0
-20.0
36.0
23.0
55.0
78.0
52.0
27.0
86.0
64.0
69.0
105.0
149.0
156.0
167.0
176.0
135.0
143.0
115.0
87.0
85.0
58.0
58.0
29.0
-26.0
-29.0
-15.0
-68.0
-69.0
-89.0
-95.0
-75.0
-66.0
-64.0
-41.0
-69.0
-44.0
-86.0
-131.0
-152.0
-147.0
-198.0
-198.0
-166.0
-125.0
-116.0
-76.0
-59.0
-40.0
-5.0
-4.0
65.0
105.0
126.0
125.0
125.0
136.0
116.0
133.0
68.0
64.0
62.0
55.0
76.0
30.0
29.0
-7.0
-5.0
-5.0
-7.0
-15.0
-42.0
-25.0
-70.0
-13.0
11.0
-2.0
-19.0
-7.0
-14.0
-20.0
-52.0
-19.0
15.0
41.0
20.0
-17.0
-73.0
-143.0
-205.0
-201.0
-307.0
-215.0
-179.0
-151.0
-99.0
-41.0
18.0
67.0
139.0
143.0
191.0
183.0
212.0
204.0
206.0
192.0
157.0
134.0
148.0
137.0
111.0
110.0
94.0
63.0
66.0
47.0
29.0
21.0
-87.0
-92.0
-79.0
-32.0
-6.0
-18.0
-39.0
-42.0
-59.0
-70.0
-66.0
-68.0
-53.0
-73.0
-65.0
-145.0
-183.0
-241.0
-244.0
-271.0
-239.0
-240.0
-181.0
-134.0
-57.0
23.0
83.0
128.0
144.0
209.0
209.0
211.0
192.0
192.0
168.0
153.0
126.0
26.0
5.0
-17.0
-24.0
-18.0
-28.0
-17.0
9.0
5.0
7.0
2.0
7.0
-9.0
36.0
26.0
3.0
1.0
-35.0
-9.0
6.0
13.0
-13.0
-21.0
-66.0
-60.0
-92.0
-84.0
-63.0
-37.0
-31.0
-31.0
-21.0
-30.0
-11.0
-12.0
7.0
26.0
29.0
31.0
22.0
-12.0
-39.0
-121.0
-139.0
-144.0
-156.0
-171.0
-157.0
-124.0
-98.0
-46.0
23.0
68.0
91.0
92.0
54.0
23.0
-35.0
13.0
49.0
90.0
99.0
121.0
109.0
119.0
77.0
111.0
103.0
63.0
56.0
74.0
50.0
42.0
29.0
20.0
-32.0
2.0
-7.0
-15.0
-9.0
8.0
-8.0
-26.0
-30.0
-37.0
-59.0
-60.0
-13.0
-34.0
-73.0
-114.0
-132.0
-209.0
-194.0
-192.0
-209.0
-170.0
-128.0
-77.0
-31.0
21.0
51.0
92.0
78.0
85.0
102.0
122.0
76.0
135.0
126.0
115.0
70.0
74.0
14.0
18.0
-41.0
-86.0
-114.0
-128.0
-93.0
-88.0
-35.0
-13.0
23.0
28.0
47.0
92.0
85.0
42.0
5.0
-3.0
20.0
11.0
43.0
40.0
40.0
-17.0
26.0
82.0
84.0
89.0
87.0
49.0
57.0
52.0
50.0
9.0
-1.0
14.0
-33.0
-61.0
-37.0
-41.0
-40.0
-49.0
-44.0
-94.0
-158.0
-214.0
-279.0
-238.0
-237.0
-179.0
-134.0
-125.0
-60.0
3.0
72.0
168.0
160.0
165.0
149.0
217.0
189.0
190.0
184.0
159.0
100.0
103.0
65.0
29.0
-49.0
-82.0
-138.0
-140.0
-130.0
-108.0
-94.0
-85.0
-32.0
-44.0
29.0
13.0
10.0
20.0
42.0
22.0
41.0
-46.0
-56.0
-44.0
-43.0
-39.0
-11.0
-1.0
1.0
34.0
38.0
54.0
20.0
-8.0
-4.0
-14.0
1.0
1.0
-19.0
-77.0
-110.0
-110.0
-111.0
-108.0
-92.0
-33.0
-36.0
-35.0
14.0
56.0
77.0
55.0
55.0
15.0
1.0
-33.0
-10.0
0.0
-7.0
44.0
64.0
113.0
118.0
80.0
86.0
135.0
152.0
160.0
144.0
94.0
78.0
43.0
35.0
2.0
-33.0
-9.0
-17.0
-26.0
-59.0
-79.0
-97.0
-90.0
-137.0
-128.0
-134.0
-95.0
-135.0
-148.0
-171.0
-198.0
-224.0
-201.0
-149.0
-98.0
-48.0
10.0
54.0
46.0
77.0
127.0
148.0
126.0
179.0
193.0
161.0
129.0
105.0
103.0
81.0
62.0
13.0
-11.0
-7.0
-44.0
-62.0
-74.0
-117.0
-116.0
-131.0
-116.0
-136.0
-136.0
-145.0
-93.0
-77.0
-40.0
28.0
24.0
-15.0
45.0
68.0
61.0
52.0
48.0
51.0
86.0
42.0
42.0
19.0
13.0
10.0
21.0
16.0
-14.0
-1.0
-54.0
-14.0
-10.0
-28.0
-11.0
-40.0
-30.0
17.0
17.0
-17.0
-25.0
-31.0
-39.0
-47.0
-43.0
-27.0
-11.0
-3.0
15.0
7.0
-6.0
-15.0
-16.0
-5.0
5.0
3.0
-22.0
-9.0
4.0
-4.0
-17.0
-4.0
-9.0
14.0
-7.0
-2.0
-24.0
-21.0
-47.0
-16.0
-71.0
-60.0
-67.0
-28.0
-33.0
-73.0
-67.0
-94.0
-112.0
-128.0
-103.0
-65.0
-65.0
-28.0
44.0
60.0
111.0
106.0
128.0
150.0
121.0
154.0
156.0
148.0
164.0
145.0
108.0
92.0
66.0
44.0
11.0
14.0
13.0
-33.0
-80.0
-100.0
-115.0
-124.0
-85.0
-113.0
-62.0
-50.0
-44.0
-11.0
-16.0
-14.0
-40.0
12.0
-22.0
19.0
34.0
26.0
25.0
77.0
76.0
73.0
87.0
88.0
80.0
67.0
-1.0
-3.0
-3.0
-30.0
-48.0
-59.0
-77.0
-53.0
-21.0
-29.0
-9.0
24.0
33.0
14.0
19.0
35.0
27.0
68.0
39.0
16.0
20.0
-4.0
-7.0
-35.0
11.0
-57.0
4.0
18.0
-17.0
-53.0
-55.0
-68.0
-66.0
-110.0
-130.0
-173.0
-197.0
-205.0
-135.0
-158.0
-107.0
-56.0
-54.0
3.0
20.0
78.0
94.0
125.0
171.0
155.0
173.0
145.0
144.0
118.0
-2.0
-48.0
-102.0
-114.0
-128.0
-44.0
6.0
38.0
34.0
50.0
77.0
85.0
86.0
140.0
134.0
161.0
172.0
137.0
135.0
128.0
82.0
68.0
96.0
27.0
-6.0
-6.0
-52.0
-67.0
-62.0
-70.0
-72.0
-79.0
-94.0
-107.0
-101.0
-79.0
-113.0
-81.0
-86.0
-72.0
-58.0
-85.0
-115.0
-175.0
-204.0
-193.0
-215.0
-177.0
-175.0
-166.0
-112.0
-41.0
0.0
63.0
56.0
132.0
161.0
156.0
155.0
155.0
175.0
147.0
114.0
115.0
102.0
63.0
40.0
36.0
27.0
24.0
-15.0
-1.0
-36.0
-28.0
-26.0
-25.0
-41.0
-48.0
-48.0
-48.0
-30.0
-33.0
-66.0
-114.0
-186.0
-229.0
-273.0
-276.0
-277.0
-231.0
-203.0
-76.0
5.0
74.0
140.0
206.0
209.0
268.0
267.0
234.0
254.0
223.0
188.0
146.0
125.0
118.0
73.0
55.0
48.0
19.0
-5.0
-1.0
-11.0
-32.0
-58.0
-40.0
-11.0
-37.0
-45.0
-23.0
-44.0
-57.0
-76.0
-35.0
-46.0
-29.0
-53.0
-75.0
-65.0
-65.0
-91.0
-96.0
-47.0
-79.0
-70.0
-96.0
-125.0
-198.0
-202.0
-221.0
-228.0
-176.0
-128.0
-115.0
-43.0
22.0
79.0
89.0
95.0
135.0
152.0
191.0
174.0
184.0
179.0
157.0
135.0
91.0
87.0
46.0
-46.0
-97.0
-155.0
-173.0
-124.0
-91.0
-72.0
-11.0
-4.0
38.0
91.0
92.0
116.0
102.0
89.0
102.0
83.0
85.0
84.0
127.0
84.0
92.0
66.0
64.0
55.0
49.0
-15.0
-69.0
-62.0
-49.0
-68.0
-74.0
-80.0
-51.0
-70.0
-117.0
-85.0
-80.0
-82.0
-75.0
-91.0
-77.0
-87.0
-132.0
-159.0
-206.0
-236.0
-254.0
-256.0
-213.0
-169.0
-91.0
-11.0
35.0
109.0
135.0
181.0
207.0
220.0
282.0
249.0
224.0
200.0
175.0
152.0
118.0
99.0
55.0
51.0
-12.0
-7.0
-18.0
-48.0
-82.0
-97.0
-95.0
-101.0
-89.0
-98.0
-101.0
-128.0
-126.0
-146.0
-227.0
-249.0
-234.0
-191.0
-166.0
-161.0
-68.0
2.0
89.0
143.0
161.0
198.0
215.0
221.0
224.0
218.0
191.0
167.0
127.0
107.0
64.0
37.0
24.0
-7.0
-50.0
-53.0
-49.0
-52.0
-80.0
-105.0
-127.0
-141.0
-189.0
-221.0
-214.0
-213.0
-205.0
-147.0
-84.0
-78.0
-5.0
52.0
61.0
68.0
54.0
48.0
57.0
57.0
21.0
25.0
53.0
88.0
131.0
132.0
134.0
139.0
131.0
108.0
105.0
90.0
67.0
72.0
60.0
-8.0
-40.0
-49.0
-22.0
-60.0
-41.0
-64.0
-86.0
-82.0
-83.0
-74.0
-78.0
-78.0
-119.0
-145.0
-120.0
-164.0
-206.0
-184.0
-162.0
-125.0
-112.0
-105.0
-81.0
7.0
28.0
74.0
79.0
143.0
165.0
151.0
121.0
120.0
85.0
56.0
14.0
-33.0
-56.0
-53.0
-18.0
-9.0
-14.0
-15.0
21.0
64.0
53.0
28.0
43.0
54.0
52.0
60.0
13.0
18.0
16.0
4.0
-27.0
-34.0
-71.0
17.0
-36.0
-49.0
-148.0
-145.0
-207.0
-273.0
-241.0
-209.0
-130.0
-31.0
35.0
119.0
146.0
144.0
185.0
197.0
200.0
211.0
224.0
188.0
184.0
147.0
172.0
176.0
139.0
102.0
44.0
28.0
14.0
-20.0
-41.0
-48.0
-92.0
-87.0
-129.0
-195.0
-201.0
-152.0
-178.0
-148.0
-109.0
-82.0
-65.0
-59.0
-17.0
-12.0
3.0
37.0
38.0
84.0
58.0
64.0
30.0
24.0
15.0
-14.0
-21.0
-19.0
-40.0
-78.0
-74.0
-71.0
-90.0
-81.0
-46.0
-39.0
-54.0
-34.0
-34.0
-26.0
-64.0
-68.0
-131.0
-137.0
-180.0
-202.0
-142.0
-98.0
-59.0
-20.0
85.0
160.0
236.0
229.0
226.0
269.0
277.0
254.0
248.0
225.0
172.0
113.0
46.0
51.0
7.0
-22.0
-69.0
-65.0
-96.0
-127.0
-113.0
-73.0
-94.0
-96.0
-93.0
-97.0
-142.0
-138.0
-148.0
-142.0
-128.0
-115.0
-88.0
-77.0
-64.0
-43.0
-31.0
-16.0
10.0
-2.0
31.0
21.0
40.0
36.0
26.0
2.0
-41.0
-99.0
-150.0
-180.0
-177.0
-153.0
-98.0
-96.0
-30.0
30.0
119.0
149.0
199.0
204.0
188.0
228.0
245.0
247.0
185.0
208.0
176.0
99.0
85.0
34.0
9.0
-20.0
-42.0
-36.0
-33.0
-63.0
-61.0
-58.0
-49.0
-42.0
-70.0
-35.0
-63.0
-66.0
-69.0
-141.0
-172.0
-193.0
-198.0
-144.0
-78.0
-82.0
-16.0
-21.0
39.0
78.0
90.0
109.0
81.0
48.0
99.0
53.0
65.0
67.0
62.0
73.0
94.0
88.0
111.0
121.0
122.0
98.0
85.0
84.0
88.0
33.0
15.0
-34.0
-79.0
-120.0
-142.0
-114.0
-106.0
-104.0
-76.0
-81.0
-58.0
-58.0
9.0
-14.0
-24.0
-30.0
-14.0
-11.0
15.0
-13.0
0.0
2.0
4.0
-63.0
-35.0
-58.0
-74.0
-74.0
-124.0
-133.0
-157.0
-159.0
-120.0
-57.0
-39.0
9.0
62.0
63.0
78.0
80.0
119.0
103.0
82.0
102.0
84.0
52.0
72.0
67.0
36.0
48.0
28.0
32.0
61.0
4.0
-5.0
-29.0
-47.0
-53.0
-47.0
-27.0
-52.0
-82.0
-140.0
-145.0
-178.0
-156.0
-155.0
-151.0
-67.0
-60.0
7.0
46.0
91.0
83.0
85.0
132.0
112.0
123.0
138.0
109.0
32.0
-17.0
-80.0
-76.0
-80.0
-97.0
-70.0
-65.0
-49.0
24.0
72.0
95.0
100.0
172.0
154.0
146.0
147.0
138.0
101.0
99.0
70.0
65.0
17.0
-33.0
-48.0
-62.0
-78.0
-90.0
-67.0
-106.0
-111.0
-78.0
-80.0
-101.0
-114.0
-86.0
-58.0
-52.0
-74.0
-70.0
-90.0
-111.0
-101.0
-175.0
-218.0
-230.0
-186.0
-185.0
-141.0
-114.0
-26.0
49.0
73.0
159.0
174.0
203.0
201.0
203.0
214.0
219.0
219.0
162.0
115.0
100.0
76.0
70.0
79.0
74.0
34.0
-34.0
-36.0
-79.0
-96.0
-85.0
-88.0
-75.0
-75.0
-75.0
-92.0
-92.0
-90.0
-73.0
-82.0
-73.0
-94.0
-81.0
-72.0
-77.0
-53.0
-47.0
-56.0
-12.0
24.0
35.0
-2.0
-5.0
20.0
20.0
4.0
3.0
-1.0
-37.0
19.0
9.0
-8.0
10.0
-7.0
-5.0
40.0
6.0
5.0
2.0
4.0
2.0
-12.0
-2.0
-8.0
-14.0
-7.0
2.0
-45.0
-39.0
-8.0
-2.0
24.0
4.0
-18.0
-11.0
11.0
16.0
-1.0
-9.0
-43.0
-72.0
-84.0
-90.0
-90.0
-96.0
-65.0
-15.0
-9.0
0.0
35.0
29.0
61.0
50.0
64.0
71.0
73.0
59.0
57.0
55.0
32.0
46.0
44.0
42.0
19.0
18.0
-9.0
-13.0
9.0
8.0
12.0
-15.0
-101.0
-155.0
-201.0
-202.0
-241.0
-250.0
-204.0
-138.0
-28.0
22.0
43.0
125.0
152.0
153.0
191.0
181.0
214.0
200.0
195.0
179.0
196.0
145.0
115.0
107.0
75.0
10.0
58.0
55.0
74.0
35.0
-5.0
-1.0
-17.0
-21.0
-59.0
-76.0
-92.0
-98.0
-128.0
-167.0
-219.0
-240.0
-286.0
-288.0
-274.0
-203.0
-173.0
-115.0
-61.0
20.0
37.0
94.0
126.0
124.0
144.0
171.0
201.0
205.0
165.0
165.0
156.0
148.0
113.0
107.0
65.0
52.0
-3.0
-12.0
-20.0
-4.0
-37.0
-31.0
-44.0
-51.0
-100.0
-118.0
-169.0
-213.0
-268.0
-234.0
-216.0
-166.0
-121.0
-119.0
-76.0
2.0
60.0
93.0
90.0
118.0
144.0
155.0
164.0
160.0
163.0
132.0
122.0
78.0
48.0
26.0
27.0
-7.0
-45.0
-43.0
-5.0
-40.0
-17.0
-62.0
-93.0
-45.0
-135.0
-192.0
-236.0
-228.0
-202.0
-202.0
-145.0
-105.0
-35.0
30.0
68.0
114.0
169.0
166.0
159.0
151.0
168.0
167.0
154.0
132.0
79.0
47.0
-27.0
-32.0
-51.0
-67.0
-58.0
-28.0
-44.0
-61.0
-32.0
-2.0
12.0
14.0
-9.0
-11.0
17.0
39.0
44.0
28.0
20.0
2.0
1.0
-1.0
-18.0
-45.0
-51.0
-36.0
-16.0
-15.0
-71.0
-127.0
-199.0
-200.0
-233.0
-256.0
-244.0
-178.0
-96.0
2.0
39.0
77.0
125.0
133.0
184.0
202.0
219.0
212.0
164.0
173.0
129.0
155.0
103.0
109.0
79.0
37.0
73.0
10.0
7.0
-23.0
-67.0
-74.0
-68.0
-67.0
-85.0
-99.0
-94.0
-93.0
-84.0
-84.0
-139.0
-205.0
-254.0
-256.0
-273.0
-237.0
-191.0
-147.0
-55.0
7.0
62.0
110.0
165.0
170.0
174.0
220.0
207.0
188.0
157.0
164.0
151.0
157.0
111.0
103.0
79.0
24.0
-34.0
-88.0
-103.0
-103.0
-111.0
-116.0
-83.0
-76.0
-67.0
-42.0
-10.0
-23.0
30.0
25.0
23.0
55.0
24.0
33.0
15.0
-15.0
-40.0
-74.0
-126.0
-142.0
-168.0
-127.0
-110.0
-106.0
-44.0
-16.0
15.0
47.0
88.0
77.0
122.0
145.0
147.0
146.0
157.0
125.0
117.0
73.0
21.0
-20.0
-37.0
-56.0
-104.0
-104.0
-114.0
-102.0
-114.0
-118.0
-70.0
-64.0
-57.0
-26.0
4.0
-1.0
7.0
-33.0
-39.0
-79.0
-129.0
-126.0
-126.0
-93.0
-33.0
-31.0
44.0
87.0
84.0
134.0
152.0
194.0
190.0
218.0
187.0
186.0
134.0
71.0
26.0
4.0
-14.0
-22.0
-40.0
-79.0
-57.0
-57.0
-63.0
-60.0
-56.0
-66.0
-71.0
-97.0
-74.0
-67.0
-100.0
-102.0
-145.0
-177.0
-199.0
-216.0
-208.0
-165.0
-115.0
-37.0
7.0
9.0
60.0
91.0
118.0
159.0
141.0
176.0
179.0
137.0
132.0
129.0
115.0
119.0
66.0
4.0
12.0
-4.0
-101.0
-196.0
-267.0
-270.0
-200.0
-163.0
-105.0
1.0
50.0
130.0
153.0
202.0
170.0
166.0
189.0
167.0
166.0
149.0
128.0
77.0
46.0
7.0
-64.0
-75.0
-104.0
-129.0
-156.0
-146.0
-142.0
-87.0
-72.0
-66.0
-51.0
-44.0
-25.0
-22.0
-15.0
-21.0
-6.0
16.0
32.0
37.0
15.0
16.0
-5.0
10.0
-3.0
36.0
-37.0
-41.0
-70.0
-97.0
-67.0
-68.0
-56.0
-47.0
-6.0
-33.0
-26.0
-100.0
-117.0
-119.0
-89.0
-82.0
-117.0
-155.0
-70.0
-38.0
-24.0
-33.0
26.0
50.0
-4.0
-11.0
50.0
33.0
26.0
28.0
28.0
50.0
71.0
-28.0
1.0
-6.0
60.0
46.0
37.0
15.0
-9.0
-15.0
23.0
-74.0
-110.0
-110.0
-100.0
-116.0
-104.0
-54.0
-40.0
25.0
65.0
127.0
104.0
98.0
134.0
171.0
150.0
145.0
146.0
160.0
125.0
129.0
95.0
91.0
74.0
38.0
3.0
-8.0
-39.0
-38.0
-33.0
-51.0
-87.0
-86.0
-80.0
-114.0
-52.0
-98.0
-90.0
-64.0
-39.0
-36.0
-44.0
-44.0
-64.0
-45.0
-28.0
-64.0
-139.0
-177.0
-208.0
-181.0
-164.0
-165.0
-169.0
-112.0
-21.0
3.0
61.0
164.0
173.0
167.0
251.0
237.0
243.0
234.0
230.0
221.0
158.0
117.0
38.0
9.0
4.0
-5.0
-30.0
-22.0
15.0
-36.0
-11.0
-48.0
-28.0
-7.0
15.0
16.0
10.0
25.0
0.0
18.0
0.0
-2.0
-53.0
-55.0
-61.0
-58.0
-75.0
-97.0
-112.0
-137.0
-141.0
-112.0
-106.0
-47.0
-2.0
8.0
2.0
37.0
46.0
33.0
50.0
72.0
71.0
30.0
55.0
52.0
41.0
35.0
35.0
2.0
-14.0
-50.0
-135.0
-164.0
-164.0
-156.0
-146.0
-106.0
-52.0
1.0
-4.0
58.0
89.0
111.0
101.0
97.0
99.0
58.0
40.0
7.0
28.0
9.0
11.0
35.0
37.0
40.0
37.0
10.0
19.0
9.0
-3.0
-9.0
-47.0
-80.0
-71.0
-68.0
-67.0
-70.0
-87.0
-78.0
-79.0
-96.0
-94.0
-76.0
-88.0
-82.0
-69.0
-95.0
-172.0
-159.0
-204.0
-229.0
-180.0
-109.0
-77.0
-76.0
5.0
104.0
105.0
159.0
207.0
206.0
192.0
193.0
133.0
133.0
111.0
113.0
99.0
87.0
93.0
112.0
80.0
86.0
84.0
84.0
46.0
61.0
34.0
-18.0
-35.0
-69.0
-75.0
-96.0
-109.0
-104.0
-106.0
-130.0
-100.0
-131.0
-104.0
-93.0
-69.0
-50.0
-51.0
-52.0
-53.0
-51.0
-33.0
-9.0
-16.0
-14.0
-80.0
-69.0
-114.0
-113.0
-87.0
-88.0
-74.0
7.0
78.0
38.0
74.0
100.0
119.0
111.0
147.0
99.0
93.0
35.0
100.0
193.0
72.0
26.0
-17.0
-22.0
-51.0
-65.0
-136.0
-89.0
-93.0
-41.0
-54.0
0.0
37.0
38.0
41.0
100.0
60.0
86.0
36.0
40.0
10.0
4.0
21.0
14.0
-39.0
2.0
-37.0
-22.0
-77.0
-49.0
-39.0
-74.0
-45.0
-43.0
-133.0
-156.0
-187.0
-129.0
-91.0
-11.0
58.0
124.0
130.0
139.0
164.0
173.0
171.0
143.0
118.0
140.0
142.0
104.0
53.0
57.0
22.0
-5.0
-44.0
-65.0
-75.0
-127.0
-148.0
-122.0
-154.0
-148.0
-147.0
-167.0
-149.0
-153.0
-136.0
-132.0
-128.0
-132.0
-116.0
-117.0
-97.0
-76.0
-52.0
-87.0
-71.0
-51.0
-72.0
-93.0
-123.0
-127.0
-121.0
-95.0
-64.0
-17.0
37.0
71.0
126.0
163.0
164.0
164.0
165.0
199.0
183.0
198.0
169.0
143.0
86.0
62.0
28.0
28.0
10.0
-5.0
24.0
21.0
13.0
6.0
17.0
55.0
23.0
27.0
4.0
-5.0
-24.0
-69.0
-69.0
-44.0
-26.0
-20.0
-7.0
0.0
6.0
79.0
46.0
39.0
65.0
55.0
17.0
8.0
-7.0
-2.0
43.0
15.0
-42.0
-78.0
-94.0
-120.0
-49.0
-62.0
3.0
2.0
18.0
53.0
41.0
78.0
101.0
77.0
66.0
60.0
25.0
38.0
56.0
-22.0
-51.0
-52.0
-66.0
-79.0
-94.0
-62.0
-106.0
-102.0
-59.0
-69.0
-98.0
-97.0
-86.0
-64.0
-77.0
-98.0
-118.0
-126.0
-105.0
-128.0
-118.0
-111.0
-96.0
-108.0
-2.0
26.0
69.0
79.0
90.0
120.0
140.0
140.0
106.0
127.0
144.0
144.0
133.0
142.0
150.0
138.0
124.0
96.0
124.0
60.0
3.0
-16.0
-7.0
-9.0
-10.0
-26.0
1.0
21.0
12.0
-1.0
-26.0
-25.0
-64.0
-61.0
-93.0
-51.0
-61.0
-19.0
-11.0
23.0
23.0
30.0
16.0
17.0
5.0
-28.0
-30.0
-32.0
-12.0
-15.0
-39.0
-35.0
-14.0
-15.0
-5.0
0.0
3.0
-27.0
-35.0
0.0
-27.0
-64.0
-96.0
-97.0
-133.0
-115.0
-44.0
-46.0
13.0
16.0
38.0
31.0
4.0
12.0
22.0
39.0
52.0
62.0
52.0
47.0
15.0
-7.0
-31.0
-21.0
-48.0
-66.0
-56.0
-61.0
-100.0
-179.0
-190.0
-174.0
-204.0
-201.0
-155.0
-44.0
50.0
107.0
158.0
197.0
251.0
262.0
240.0
240.0
233.0
203.0
163.0
126.0
85.0
59.0
8.0
-71.0
-95.0
-94.0
-98.0
-84.0
-89.0
-105.0
-101.0
-114.0
-141.0
-169.0
-214.0
-220.0
-194.0
-159.0
-199.0
-124.0
-79.0
-38.0
42.0
75.0
105.0
108.0
97.0
109.0
137.0
158.0
101.0
99.0
15.0
3.0
13.0
17.0
14.0
-25.0
-50.0
-64.0
-96.0
-130.0
-170.0
-130.0
-116.0
-116.0
-92.0
-121.0
-116.0
-75.0
-40.0
-9.0
24.0
13.0
29.0
39.0
90.0
84.0
103.0
66.0
34.0
32.0
24.0
6.0
-15.0
-18.0
-32.0
27.0
-20.0
22.0
1.0
-9.0
-33.0
-75.0
-48.0
-50.0
-43.0
-89.0
-136.0
-200.0
-191.0
-164.0
-145.0
-7.0
87.0
93.0
146.0
272.0
271.0
254.0
271.0
249.0
243.0
200.0
172.0
171.0
144.0
108.0
64.0
51.0
17.0
-13.0
-46.0
-56.0
-83.0
-84.0
-103.0
-162.0
-187.0
-96.0
-124.0
-150.0
-92.0
-124.0
-137.0
-144.0
-166.0
-206.0
-231.0
-201.0
-162.0
-88.0
-42.0
29.0
86.0
90.0
123.0
139.0
182.0
180.0
157.0
171.0
144.0
166.0
89.0
93.0
103.0
131.0
127.0
82.0
92.0
91.0
60.0
4.0
-54.0
-52.0
-68.0
-58.0
-81.0
-100.0
-135.0
-141.0
-183.0
-168.0
-151.0
-152.0
-151.0
-136.0
-143.0
-121.0
-160.0
-67.0
-59.0
-83.0
-74.0
-74.0
-47.0
-55.0
-52.0
-54.0
-47.0
-21.0
-19.0
17.0
-25.0
-22.0
-36.0
-15.0
37.0
4.0
13.0
40.0
30.0
21.0
-50.0
-53.0
-118.0
-144.0
-169.0
-167.0
-165.0
-118.0
-33.0
65.0
136.0
136.0
174.0
272.0
309.0
313.0
313.0
286.0
272.0
257.0
252.0
244.0
205.0
149.0
113.0
60.0
-16.0
-6.0
-52.0
-86.0
-100.0
-98.0
-170.0
-225.0
-223.0
-211.0
-186.0
-126.0
-92.0
-75.0
-39.0
-42.0
-7.0
13.0
36.0
60.0
74.0
46.0
39.0
25.0
31.0
30.0
14.0
8.0
9.0
-16.0
-45.0
-61.0
-86.0
-86.0
-117.0
-105.0
-100.0
-44.0
-42.0
-38.0
-52.0
-36.0
-45.0
0.0
-32.0
-36.0
12.0
26.0
22.0
-10.0
-53.0
-116.0
-148.0
-129.0
-120.0
-113.0
-40.0
-19.0
49.0
131.0
172.0
212.0
223.0
228.0
228.0
229.0
220.0
186.0
131.0
119.0
60.0
55.0
12.0
-22.0
3.0
-3.0
-37.0
-73.0
-30.0
-30.0
-31.0
1.0
4.0
-39.0
-55.0
-47.0
-57.0
-37.0
-15.0
-71.0
-71.0
-49.0
-67.0
-112.0
-165.0
-169.0
-205.0
-250.0
-230.0
-217.0
-153.0
-54.0
23.0
67.0
134.0
135.0
153.0
184.0
198.0
236.0
194.0
198.0
115.0
97.0
106.0
106.0
99.0
113.0
26.0
26.0
-40.0
-108.0
-37.0
-59.0
-81.0
-83.0
-98.0
-98.0
-132.0
-138.0
-131.0
-99.0
-96.0
-94.0
-81.0
-80.0
-102.0
-91.0
-128.0
-119.0
-92.0
-129.0
-105.0
-141.0
-108.0
-106.0
-106.0
-149.0
-101.0
29.0
75.0
66.0
71.0
81.0
108.0
107.0
66.0
84.0
111.0
137.0
154.0
132.0
168.0
161.0
152.0
145.0
133.0
111.0
75.0
29.0
13.0
-14.0
-5.0
-52.0
-55.0
-50.0
-40.0
-48.0
-65.0
-90.0
-72.0
-31.0
-15.0
-16.0
-32.0
-41.0
-81.0
-110.0
-147.0
-80.0
-31.0
-37.0
10.0
57.0
17.0
17.0
31.0
86.0
78.0
110.0
67.0
12.0
-3.0
17.0
33.0
33.0
47.0
-5.0
-33.0
-60.0
-93.0
-84.0
-72.0
-38.0
-31.0
-33.0
-32.0
2.0
-9.0
7.0
-10.0
-32.0
-34.0
-45.0
-2.0
-9.0
24.0
24.0
47.0
73.0
93.0
102.0
91.0
100.0
79.0
81.0
86.0
71.0
42.0
36.0
31.0
0.0
-30.0
-89.0
-97.0
-99.0
-152.0
-180.0
-226.0
-213.0
-165.0
-81.0
-18.0
37.0
114.0
118.0
152.0
160.0
175.0
171.0
150.0
99.0
94.0
109.0
78.0
74.0
69.0
-12.0
-46.0
-79.0
-89.0
-45.0
-74.0
-85.0
-122.0
-128.0
-115.0
-118.0
-184.0
-152.0
-188.0
-214.0
-186.0
-137.0
-89.0
-91.0
-61.0
17.0
-26.0
6.0
81.0
75.0
122.0
90.0
72.0
78.0
79.0
96.0
61.0
-27.0
-62.0
-103.0
-109.0
-125.0
-77.0
-77.0
-32.0
43.0
100.0
128.0
190.0
202.0
191.0
201.0
175.0
171.0
166.0
154.0
118.0
74.0
9.0
0.0
-35.0
-30.0
-83.0
-86.0
-116.0
-136.0
-166.0
-160.0
-129.0
-113.0
-94.0
-73.0
-79.0
-77.0
-44.0
-40.0
-26.0
-26.0
-17.0
-4.0
41.0
-8.0
-9.0
-7.0
-39.0
-21.0
-41.0
-33.0
-35.0
-22.0
-5.0
-38.0
-17.0
-26.0
-41.0
-53.0
-57.0
-54.0
-61.0
-52.0
-114.0
-134.0
-140.0
-145.0
-137.0
-130.0
-138.0
-56.0
-55.0
2.0
105.0
115.0
136.0
141.0
166.0
172.0
178.0
201.0
209.0
192.0
177.0
175.0
166.0
163.0
153.0
148.0
118.0
98.0
84.0
23.0
-11.0
-119.0
-170.0
-175.0
-182.0
-219.0
-205.0
-159.0
-105.0
-56.0
-23.0
55.0
59.0
61.0
67.0
99.0
94.0
28.0
7.0
-9.0
-9.0
4.0
54.0
46.0
60.0
65.0
37.0
38.0
68.0
93.0
71.0
64.0
38.0
36.0
-27.0
-51.0
-52.0
-73.0
-92.0
-109.0
-155.0
-187.0
-214.0
-214.0
-265.0
-250.0
-183.0
-144.0
-128.0
-97.0
-82.0
-41.0
13.0
11.0
65.0
34.0
44.0
50.0
73.0
39.0
24.0
27.0
49.0
47.0
61.0
55.0
59.0
83.0
100.0
80.0
68.0
89.0
116.0
117.0
120.0
95.0
68.0
68.0
47.0
32.0
-13.0
-29.0
-18.0
-14.0
-37.0
-82.0
-120.0
-139.0
-157.0
-217.0
-202.0
-196.0
-153.0
-150.0
-75.0
-17.0
40.0
48.0
27.0
60.0
88.0
92.0
86.0
87.0
83.0
28.0
21.0
6.0
-15.0
-16.0
-7.0
-30.0
-56.0
-57.0
-66.0
-61.0
-81.0
-74.0
-103.0
-95.0
-63.0
-79.0
-84.0
-79.0
-127.0
-172.0
-179.0
-171.0
-108.0
-47.0
-14.0
74.0
125.0
123.0
158.0
211.0
197.0
189.0
182.0
157.0
125.0
106.0
135.0
141.0
155.0
177.0
161.0
144.0
157.0
117.0
115.0
107.0
70.0
65.0
46.0
6.0
-18.0
-87.0
-66.0
-87.0
-118.0
-122.0
-137.0
-148.0
-149.0
-143.0
-138.0
-116.0
-118.0
-123.0
-104.0
-128.0
-132.0
-129.0
-99.0
-156.0
-232.0
-238.0
-233.0
-179.0
-151.0
-72.0
-10.0
-2.0
74.0
179.0
234.0
257.0
281.0
274.0
229.0
254.0
195.0
195.0
129.0
120.0
146.0
125.0
66.0
73.0
86.0
86.0
28.0
24.0
7.0
-25.0
-65.0
-89.0
-74.0
-30.0
15.0
-11.0
-49.0
-44.0
-81.0
-120.0
-123.0
-96.0
-123.0
-163.0
-234.0
-254.0
-236.0
-231.0
-249.0
-147.0
-66.0
-33.0
57.0
100.0
95.0
137.0
160.0
159.0
147.0
169.0
129.0
120.0
70.0
43.0
3.0
-54.0
-87.0
-88.0
-111.0
-117.0
-112.0
-111.0
-52.0
-59.0
-28.0
-30.0
1.0
3.0
-11.0
25.0
67.0
76.0
57.0
56.0
65.0
67.0
42.0
43.0
14.0
-16.0
-70.0
-100.0
-131.0
-76.0
-110.0
-94.0
-62.0
-62.0
-73.0
-103.0
-56.0
-19.0
15.0
40.0
72.0
26.0
18.0
19.0
-10.0
8.0
44.0
-3.0
-38.0
-41.0
21.0
18.0
7.0
4.0
-11.0
-32.0
4.0
-45.0
-30.0
-27.0
-100.0
-109.0
-145.0
-146.0
-168.0
-98.0
-92.0
-17.0
38.0
71.0
106.0
142.0
184.0
180.0
185.0
159.0
144.0
121.0
140.0
121.0
107.0
85.0
43.0
49.0
63.0
63.0
-8.0
25.0
6.0
-13.0
2.0
-72.0
-71.0
-71.0
-79.0
-75.0
-73.0
-112.0
-121.0
-104.0
-102.0
-90.0
-109.0
-111.0
-155.0
-123.0
-109.0
-128.0
-133.0
-138.0
-187.0
-191.0
-180.0
-181.0
-142.0
-39.0
68.0
154.0
204.0
247.0
282.0
313.0
313.0
313.0
313.0
259.0
223.0
180.0
129.0
112.0
103.0
92.0
69.0
66.0
57.0
28.0
30.0
2.0
-35.0
-97.0
-94.0
-117.0
-149.0
-152.0
-147.0
-147.0
-127.0
-190.0
-146.0
-148.0
-207.0
-194.0
-171.0
-173.0
-139.0
-95.0
-55.0
-20.0
1.0
15.0
82.0
64.0
45.0
48.0
42.0
22.0
60.0
95.0
116.0
147.0
120.0
82.0
123.0
121.0
118.0
100.0
62.0
18.0
-3.0
-9.0
-38.0
-143.0
-154.0
-159.0
-167.0
-216.0
-186.0
-139.0
-134.0
-69.0
-51.0
52.0
112.0
116.0
77.0
92.0
66.0
84.0
74.0
35.0
6.0
-46.0
-3.0
-3.0
-69.0
-141.0
-192.0
-209.0
-195.0
-155.0
-62.0
17.0
103.0
109.0
151.0
216.0
269.0
210.0
60.0
157.0
217.0
139.0
117.0
111.0
98.0
60.0
-12.0
-63.0
-94.0
-55.0
-143.0
-135.0
-164.0
-162.0
-202.0
-230.0
-241.0
-217.0
-141.0
-190.0
-128.0
-57.0
-6.0
2.0
43.0
62.0
64.0
68.0
83.0
73.0
42.0
5.0
-1.0
-2.0
-8.0
-34.0
-31.0
41.0
50.0
107.0
119.0
100.0
124.0
125.0
98.0
70.0
70.0
48.0
28.0
4.0
-11.0
16.0
8.0
6.0
-4.0
-18.0
-26.0
-28.0
-38.0
-43.0
-27.0
-56.0
-64.0
-60.0
-40.0
-65.0
-83.0
-91.0
-137.0
-212.0
-265.0
-218.0
-164.0
-164.0
-71.0
22.0
121.0
180.0
238.0
307.0
313.0
313.0
285.0
282.0
268.0
234.0
230.0
162.0
83.0
-24.0
-43.0
-73.0
-60.0
-68.0
-53.0
-63.0
-83.0
-84.0
-86.0
-85.0
-135.0
-160.0
-130.0
-134.0
-120.0
-150.0
-170.0
-146.0
-166.0
-159.0
-162.0
-140.0
-86.0
-90.0
-76.0
-39.0
-9.0
9.0
24.0
31.0
64.0
26.0
37.0
40.0
48.0
39.0
79.0
108.0
93.0
63.0
58.0
21.0
-8.0
-3.0
-46.0
-73.0
-52.0
-61.0
-90.0
-128.0
-85.0
-88.0
-53.0
-55.0
-33.0
-28.0
-12.0
-44.0
-10.0
-26.0
34.0
9.0
66.0
65.0
66.0
88.0
81.0
58.0
51.0
35.0
39.0
60.0
38.0
39.0
22.0
13.0
17.0
-31.0
-44.0
-80.0
-69.0
-68.0
-39.0
-34.0
-40.0
-45.0
-56.0
-60.0
-12.0
-37.0
-22.0
-27.0
-19.0
-17.0
-9.0
-51.0
-50.0
-103.0
-183.0
-209.0
-189.0
-154.0
-102.0
-98.0
33.0
123.0
205.0
267.0
313.0
313.0
313.0
313.0
296.0
289.0
231.0
194.0
179.0
143.0
138.0
110.0
103.0
94.0
75.0
72.0
33.0
26.0
-15.0
-66.0
-73.0
-101.0
-107.0
-145.0
-180.0
-181.0
-188.0
-194.0
-213.0
-188.0
-189.0
-181.0
-177.0
-208.0
-261.0
-271.0
-297.0
-276.0
-210.0
-136.0
-66.0
-9.0
84.0
135.0
168.0
174.0
261.0
256.0
225.0
182.0
159.0
143.0
123.0
99.0
65.0
66.0
33.0
-37.0
-47.0
-31.0
-10.0
-41.0
-54.0
-87.0
-103.0
-106.0
-162.0
-194.0
-215.0
-185.0
-170.0
-91.0
17.0
66.0
83.0
85.0
124.0
119.0
136.0
135.0
115.0
110.0
124.0
55.0
6.0
2.0
-20.0
-78.0
-113.0
-149.0
-128.0
-95.0
-86.0
-55.0
-22.0
-22.0
-33.0
25.0
-73.0
-23.0
28.0
13.0
-28.0
-46.0
-54.0
-54.0
-92.0
-98.0
-59.0
-27.0
21.0
35.0
78.0
121.0
60.0
64.0
73.0
66.0
37.0
19.0
25.0
-4.0
-50.0
-85.0
-50.0
-50.0
-48.0
-80.0
-4.0
-4.0
6.0
18.0
19.0
46.0
61.0
56.0
31.0
19.0
-3.0
-27.0
-55.0
-105.0
-115.0
-74.0
-97.0
-93.0
-95.0
-70.0
-86.0
-24.0
-1.0
30.0
64.0
45.0
24.0
10.0
-31.0
-48.0
-42.0
-17.0
-6.0
56.0
122.0
123.0
149.0
146.0
118.0
114.0
135.0
148.0
126.0
140.0
118.0
44.0
54.0
53.0
15.0
-33.0
-47.0
-66.0
-101.0
-112.0
-110.0
-141.0
-141.0
-150.0
-179.0
-157.0
-138.0
-90.0
-125.0
-66.0
-49.0
-43.0
-61.0
-54.0
21.0
16.0
-73.0
2.0
38.0
-8.0
-6.0
-99.0
-105.0
-104.0
-113.0
-66.0
-12.0
24.0
14.0
3.0
54.0
29.0
77.0
78.0
126.0
106.0
70.0
152.0
208.0
199.0
156.0
130.0
85.0
85.0
46.0
32.0
49.0
26.0
-15.0
-61.0
-61.0
-68.0
-141.0
-143.0
-181.0
-203.0
-205.0
-184.0
-107.0
-88.0
2.0
111.0
169.0
171.0
193.0
179.0
211.0
236.0
209.0
172.0
146.0
120.0
74.0
73.0
19.0
-75.0
-131.0
-152.0
-157.0
-94.0
-81.0
-4.0
37.0
42.0
119.0
86.0
107.0
101.0
79.0
64.0
33.0
68.0
56.0
50.0
23.0
-10.0
-24.0
-123.0
-149.0
-166.0
-255.0
-269.0
-158.0
-121.0
-313.0
-313.0
-313.0
-143.0
155.0
311.0
313.0
313.0
313.0
313.0
313.0
313.0
313.0
313.0
250.0
32.0
11.0
-159.0
-33.0
-59.0
-174.0
-199.0
-224.0
313.0
-148.0
45.0
-68.0
4.0
-100.0
-126.0
-16.0
-128.0
-156.0
-127.0
-206.0
95.0
-34.0
-176.0
-313.0
-313.0
-271.0
-235.0
-237.0
-166.0
-100.0
-19.0
-11.0
-156.0
-266.0
-252.0
-142.0
-167.0
-242.0
-288.0
-197.0
-122.0
-180.0
24.0
-38.0
-62.0
1.0
33.0
17.0
54.0
59.0
68.0
34.0
-47.0
-74.0
-75.0
-87.0
-121.0
-113.0
-164.0
-98.0
-97.0
-143.0
-164.0
-136.0
-114.0
-107.0
-111.0
-101.0
-87.0
-110.0
-135.0
-156.0
-53.0
-64.0
-122.0
-99.0
-78.0
-71.0
-101.0
-91.0
-32.0
-51.0
13.0
-41.0
-54.0
-101.0
1.0
-30.0
-56.0
-77.0
-20.0
-25.0
61.0
77.0
72.0
58.0
78.0
-25.0
4.0
15.0
13.0
34.0
-13.0
15.0
14.0
38.0
69.0
14.0
42.0
69.0
28.0
16.0
54.0
69.0
42.0
120.0
74.0
75.0
95.0
87.0
48.0
50.0
92.0
117.0
119.0
127.0
83.0
45.0
66.0
-14.0
107.0
102.0
77.0
49.0
63.0
56.0
12.0
4.0
25.0
30.0
26.0
13.0
-57.0
-16.0
-9.0
26.0
69.0
44.0
75.0
90.0
96.0
109.0
53.0
86.0
76.0
101.0
121.0
121.0
44.0
52.0
33.0
23.0
59.0
30.0
25.0
-46.0
9.0
-43.0
-65.0
-49.0
-71.0
-53.0
-62.0
-16.0
-12.0
-14.0
17.0
5.0
42.0
59.0
112.0
113.0
87.0
43.0
45.0
-2.0
30.0
67.0
66.0
47.0
28.0
-5.0
-48.0
-49.0
-45.0
-94.0
-100.0
-73.0
-45.0
-87.0
-79.0
-113.0
-127.0
-103.0
-105.0
-51.0
-12.0
-10.0
39.0
19.0
48.0
20.0
36.0
20.0
-5.0
45.0
34.0
38.0
22.0
37.0
50.0
1.0
-38.0
-14.0
-19.0
16.0
-13.0
-47.0
-88.0
-71.0
-73.0
-91.0
-89.0
-78.0
-77.0
-67.0
-30.0
-55.0
-17.0
-4.0
11.0
-49.0
-54.0
-103.0
-98.0
-94.0
-60.0
-24.0
46.0
134.0
133.0
197.0
180.0
207.0
190.0
186.0
214.0
185.0
105.0
153.0
105.0
155.0
99.0
92.0
94.0
5.0
15.0
41.0
29.0
33.0
20.0
-6.0
-53.0
-65.0
-62.0
-81.0
-73.0
-54.0
-67.0
-81.0
-189.0
-228.0
-288.0
-301.0
-307.0
-268.0
-173.0
-113.0
-18.0
63.0
132.0
180.0
195.0
189.0
202.0
195.0
178.0
151.0
138.0
125.0
91.0
78.0
52.0
-7.0
-7.0
-57.0
-133.0
-160.0
-179.0
-150.0
-138.0
-106.0
-54.0
-28.0
-17.0
-26.0
-37.0
-7.0
-5.0
-19.0
-10.0
-26.0
-9.0
-79.0
-78.0
-97.0
-126.0
-100.0
-111.0
-162.0
-184.0
-210.0
-213.0
-185.0
-196.0
-157.0
-94.0
-30.0
28.0
11.0
29.0
81.0
107.0
167.0
138.0
109.0
101.0
115.0
104.0
70.0
-11.0
-25.0
-24.0
-29.0
-23.0
-8.0
-6.0
-31.0
-124.0
-163.0
-195.0
-160.0
-159.0
-64.0
-70.0
-5.0
-18.0
68.0
133.0
152.0
166.0
189.0
238.0
221.0
216.0
173.0
150.0
112.0
130.0
123.0
39.0
-25.0
-13.0
-31.0
-33.0
-70.0
-76.0
-61.0
-98.0
-77.0
-86.0
-129.0
-158.0
-178.0
-170.0
-177.0
-183.0
-140.0
-144.0
-112.0
-96.0
-31.0
-5.0
53.0
34.0
79.0
91.0
80.0
114.0
148.0
163.0
112.0
66.0
63.0
65.0
49.0
50.0
60.0
51.0
37.0
35.0
92.0
88.0
60.0
70.0
48.0
68.0
53.0
47.0
-3.0
-47.0
-25.0
-62.0
-83.0
-70.0
-74.0
-78.0
-111.0
-122.0
-130.0
-129.0
-121.0
-118.0
-107.0
-105.0
-94.0
-38.0
9.0
40.0
43.0
68.0
113.0
111.0
77.0
79.0
65.0
52.0
57.0
41.0
36.0
5.0
3.0
-17.0
-10.0
-15.0
-22.0
-17.0
-37.0
-19.0
-20.0
-33.0
-37.0
-34.0
-27.0
-27.0
-50.0
-45.0
9.0
-77.0
-123.0
-168.0
-185.0
-143.0
-136.0
-125.0
-54.0
-10.0
68.0
111.0
197.0
149.0
218.0
188.0
222.0
225.0
223.0
231.0
171.0
56.0
32.0
2.0
-12.0
-20.0
-3.0
4.0
50.0
57.0
110.0
99.0
125.0
137.0
121.0
100.0
59.0
52.0
47.0
23.0
14.0
6.0
-35.0
-89.0
-102.0
-151.0
-185.0
-196.0
-200.0
-186.0
-136.0
-119.0
-120.0
-142.0
-91.0
-116.0
-103.0
-96.0
-73.0
-90.0
-70.0
-37.0
-35.0
-102.0
-86.0
-69.0
-46.0
-46.0
-39.0
-44.0
-30.0
0.0
-50.0
-36.0
-35.0
-25.0
-20.0
-3.0
-4.0
6.0
-17.0
-61.0
-87.0
-89.0
-100.0
-120.0
-80.0
-90.0
-88.0
-39.0
4.0
43.0
70.0
48.0
90.0
140.0
119.0
111.0
120.0
130.0
94.0
95.0
52.0
80.0
61.0
83.0
77.0
81.0
54.0
50.0
31.0
42.0
-5.0
-15.0
-8.0
-40.0
-48.0
-57.0
-46.0
5.0
-4.0
1.0
-37.0
-59.0
-72.0
-77.0
-86.0
-95.0
-84.0
-81.0
-86.0
-57.0
-14.0
12.0
11.0
46.0
73.0
71.0
55.0
59.0
34.0
-3.0
-42.0
-69.0
-117.0
-87.0
-62.0
-59.0
-8.0
28.0
65.0
95.0
157.0
135.0
141.0
162.0
203.0
211.0
248.0
241.0
202.0
183.0
160.0
127.0
61.0
25.0
-24.0
-13.0
-73.0
-79.0
-100.0
-120.0
-112.0
-73.0
-125.0
-101.0
-91.0
-96.0
-59.0
-65.0
-56.0
-18.0
-44.0
-50.0
-34.0
-28.0
-34.0
-33.0
-50.0
-90.0
-156.0
-174.0
-189.0
-176.0
-141.0
-96.0
-46.0
-47.0
10.0
55.0
99.0
113.0
135.0
161.0
157.0
121.0
108.0
104.0
97.0
89.0
88.0
65.0
56.0
17.0
-39.0
-40.0
-9.0
-13.0
-46.0
-55.0
-63.0
-66.0
-69.0
-50.0
-92.0
-114.0
-123.0
-121.0
-80.0
-110.0
-86.0
-96.0
-81.0
-43.0
-67.0
-37.0
-74.0
-78.0
-36.0
-91.0
-69.0
-90.0
-49.0
-49.0
-1.0
-23.0
-45.0
-39.0
-39.0
6.0
-10.0
41.0
33.0
87.0
84.0
43.0
38.0
35.0
36.0
44.0
56.0
16.0
25.0
8.0
30.0
46.0
62.0
61.0
54.0
27.0
-2.0
-29.0
-57.0
-122.0
-116.0
-126.0
-114.0
-119.0
-56.0
-6.0
33.0
107.0
138.0
171.0
173.0
194.0
192.0
179.0
181.0
144.0
133.0
144.0
107.0
107.0
20.0
-6.0
-53.0
-53.0
-59.0
-78.0
-63.0
-70.0
-84.0
-73.0
-85.0
-89.0
-126.0
-134.0
-107.0
-100.0
-99.0
-57.0
-69.0
-81.0
-61.0
-73.0
-64.0
-61.0
-24.0
-54.0
-35.0
-112.0
-125.0
-136.0
-137.0
-73.0
-49.0
-51.0
-18.0
-15.0
14.0
54.0
100.0
121.0
123.0
136.0
106.0
98.0
100.0
55.0
72.0
52.0
70.0
46.0
74.0
43.0
17.0
10.0
-30.0
-25.0
-34.0
-35.0
-26.0
8.0
-39.0
-38.0
-13.0
-19.0
-48.0
-29.0
-25.0
-58.0
-37.0
-45.0
4.0
-11.0
-26.0
-26.0
-51.0
-57.0
-49.0
-5.0
-30.0
-22.0
-27.0
8.0
28.0
14.0
1.0
3.0
-14.0
12.0
19.0
-19.0
-47.0
-104.0
-110.0
-116.0
-124.0
-118.0
-96.0
-87.0
-44.0
17.0
34.0
61.0
56.0
47.0
50.0
83.0
96.0
85.0
59.0
76.0
91.0
77.0
76.0
74.0
81.0
53.0
38.0
23.0
53.0
56.0
34.0
30.0
6.0
1.0
-23.0
8.0
27.0
-27.0
-48.0
-38.0
-29.0
-33.0
-10.0
-11.0
-44.0
-30.0
-10.0
-21.0
-34.0
-28.0
-44.0
-32.0
0.0
-5.0
10.0
-35.0
-43.0
-36.0
-54.0
-59.0
-66.0
-74.0
-28.0
-32.0
-20.0
28.0
4.0
0.0
17.0
19.0
43.0
33.0
14.0
6.0
0.0
47.0
5.0
5.0
2.0
8.0
15.0
9.0
-39.0
-35.0
-104.0
-149.0
-196.0
-182.0
-157.0
-121.0
-96.0
-78.0
0.0
-7.0
41.0
121.0
142.0
177.0
194.0
217.0
201.0
179.0
192.0
184.0
178.0
156.0
99.0
57.0
7.0
-24.0
-38.0
-16.0
-42.0
-32.0
-23.0
-11.0
19.0
-26.0
-3.0
-7.0
-9.0
-13.0
-5.0
-13.0
11.0
17.0
-4.0
-43.0
-33.0
-50.0
-54.0
-67.0
-72.0
-75.0
-80.0
-93.0
-70.0
-82.0
-37.0
-56.0
-51.0
-60.0
-60.0
-66.0
-59.0
-37.0
-41.0
-5.0
-19.0
-103.0
-190.0
-201.0
-198.0
-188.0
-130.0
-116.0
-86.0
-59.0
-15.0
15.0
64.0
109.0
120.0
111.0
168.0
175.0
180.0
165.0
171.0
173.0
119.0
50.0
20.0
28.0
11.0
-20.0
-35.0
-22.0
-37.0
15.0
29.0
54.0
39.0
36.0
66.0
-8.0
18.0
26.0
-26.0
17.0
11.0
31.0
-3.0
11.0
24.0
21.0
20.0
-9.0
-2.0
33.0
39.0
16.0
-33.0
-37.0
-66.0
-76.0
-24.0
-32.0
-69.0
-88.0
-107.0
-85.0
-96.0
-89.0
-97.0
-116.0
-133.0
-195.0
-186.0
-188.0
-148.0
-83.0
-51.0
-38.0
15.0
18.0
65.0
109.0
154.0
136.0
135.0
92.0
84.0
79.0
42.0
41.0
52.0
48.0
35.0
67.0
85.0
95.0
71.0
67.0
84.0
68.0
41.0
46.0
58.0
13.0
17.0
-29.0
-51.0
-60.0
-30.0
-117.0
-135.0
-64.0
-98.0
-58.0
-77.0
-120.0
-113.0
-113.0
-168.0
-160.0
-182.0
-164.0
-120.0
-112.0
-92.0
7.0
46.0
54.0
66.0
75.0
149.0
133.0
165.0
183.0
174.0
136.0
132.0
132.0
127.0
83.0
84.0
20.0
39.0
42.0
7.0
-15.0
-24.0
-13.0
-47.0
-92.0
-98.0
-64.0
-50.0
-83.0
-103.0
-73.0
-63.0
-66.0
-55.0
-40.0
-31.0
-105.0
-168.0
-195.0
-206.0
-177.0
-147.0
-139.0
-74.0
-6.0
121.0
184.0
209.0
241.0
302.0
313.0
273.0
273.0
263.0
202.0
186.0
180.0
120.0
64.0
8.0
-17.0
-11.0
7.0
-48.0
-63.0
-93.0
-63.0
-103.0
-130.0
-163.0
-187.0
-179.0
-180.0
-146.0
-161.0
-126.0
-144.0
-156.0
-97.0
-83.0
-94.0
-72.0
-55.0
-97.0
-89.0
-94.0
-88.0
-133.0
-88.0
-42.0
0.0
-18.0
-12.0
22.0
108.0
92.0
42.0
49.0
103.0
103.0
81.0
96.0
86.0
69.0
103.0
86.0
76.0
73.0
33.0
25.0
64.0
35.0
23.0
24.0
-17.0
-8.0
-39.0
-7.0
-56.0
-56.0
-60.0
-101.0
-108.0
-151.0
-138.0
-180.0
-144.0
-89.0
4.0
43.0
128.0
141.0
151.0
146.0
158.0
186.0
216.0
238.0
173.0
119.0
60.0
69.0
58.0
64.0
26.0
24.0
16.0
1.0
-9.0
-17.0
-67.0
-50.0
-48.0
-31.0
-56.0
-66.0
-75.0
-79.0
-98.0
-97.0
-99.0
-127.0
-133.0
-115.0
-121.0
-102.0
-80.0
-88.0
-81.0
-102.0
-48.0
-46.0
-67.0
-71.0
-54.0
-102.0
-41.0
-55.0
-75.0
-40.0
-28.0
-24.0
-20.0
-13.0
-10.0
9.0
-33.0
48.0
3.0
-17.0
11.0
28.0
33.0
-10.0
43.0
42.0
26.0
37.0
45.0
34.0
-9.0
8.0
2.0
1.0
10.0
44.0
-10.0
-5.0
25.0
-1.0
12.0
26.0
24.0
26.0
-11.0
-30.0
-9.0
-11.0
3.0
2.0
-19.0
9.0
10.0
16.0
12.0
46.0
52.0
31.0
17.0
27.0
43.0
0.0
4.0
-12.0
-22.0
-10.0
-5.0
-22.0
-33.0
-21.0
-61.0
-71.0
-65.0
-89.0
-136.0
-162.0
-128.0
-102.0
-80.0
-46.0
16.0
45.0
53.0
63.0
66.0
75.0
130.0
150.0
169.0
133.0
118.0
103.0
103.0
98.0
65.0
50.0
28.0
-38.0
-84.0
-138.0
-184.0
-177.0
-168.0
-127.0
-84.0
-64.0
8.0
101.0
122.0
169.0
187.0
163.0
166.0
186.0
173.0
180.0
204.0
178.0
135.0
129.0
104.0
57.0
56.0
6.0
-19.0
-20.0
-44.0
-69.0
-75.0
-102.0
-118.0
-124.0
-132.0
-115.0
-101.0
-114.0
-121.0
-135.0
-97.0
-102.0
-118.0
-72.0
-69.0
-86.0
-70.0
-54.0
-87.0
-49.0
-24.0
13.0
2.0
-25.0
-29.0
-49.0
-37.0
-40.0
-12.0
2.0
-29.0
-34.0
-44.0
-33.0
-46.0
9.0
-9.0
1.0
18.0
-4.0
10.0
-9.0
-22.0
-20.0
-25.0
-8.0
-41.0
2.0
7.0
11.0
-20.0
-75.0
-129.0
-124.0
-133.0
-133.0
-129.0
-116.0
-111.0
-61.0
-12.0
6.0
66.0
118.0
117.0
105.0
154.0
141.0
168.0
182.0
152.0
134.0
116.0
83.0
82.0
48.0
24.0
16.0
-15.0
-11.0
10.0
19.0
19.0
-4.0
-16.0
-5.0
-44.0
-35.0
-23.0
-59.0
-20.0
-63.0
-75.0
-54.0
-50.0
-54.0
-37.0
-20.0
-7.0
-37.0
-48.0
-29.0
4.0
18.0
5.0
59.0
-1.0
8.0
-8.0
36.0
32.0
-24.0
-88.0
-150.0
-148.0
-173.0
-185.0
-178.0
-114.0
-69.0
-15.0
107.0
164.0
190.0
194.0
203.0
214.0
225.0
189.0
189.0
202.0
136.0
116.0
55.0
50.0
69.0
24.0
17.0
18.0
-26.0
-49.0
-120.0
-56.0
-79.0
-77.0
-97.0
-108.0
-103.0
-111.0
-200.0
-193.0
-233.0
-232.0
-184.0
-177.0
-114.0
-100.0
-34.0
-9.0
84.0
120.0
121.0
120.0
122.0
120.0
193.0
166.0
166.0
142.0
128.0
115.0
103.0
68.0
20.0
24.0
-7.0
-76.0
-79.0
-108.0
-91.0
-97.0
-112.0
-96.0
-114.0
-110.0
-105.0
-114.0
-91.0
-107.0
-104.0
-115.0
-95.0
-37.0
-26.0
-34.0
-59.0
-60.0
-101.0
-109.0
-147.0
-170.0
-173.0
-134.0
-65.0
-37.0
2.0
43.0
112.0
157.0
151.0
162.0
163.0
184.0
199.0
200.0
201.0
176.0
134.0
109.0
79.0
56.0
12.0
-35.0
-82.0
-79.0
-103.0
-96.0
-108.0
-83.0
-78.0
-69.0
-51.0
-60.0
-40.0
-45.0
-9.0
-15.0
-3.0
-29.0
-22.0
-75.0
-22.0
-37.0
-21.0
-22.0
6.0
-22.0
37.0
74.0
28.0
15.0
45.0
31.0
47.0
38.0
25.0
35.0
9.0
25.0
32.0
9.0
-35.0
-35.0
-59.0
-59.0
-109.0
-74.0
-71.0
-94.0
-112.0
-92.0
-102.0
-8.0
14.0
15.0
-42.0
-4.0
38.0
82.0
29.0
39.0
29.0
85.0
80.0
66.0
81.0
25.0
89.0
47.0
77.0
52.0
31.0
-9.0
-20.0
-21.0
-20.0
-23.0
-60.0
-38.0
-52.0
-26.0
-19.0
-28.0
-11.0
-20.0
-4.0
-34.0
-32.0
-4.0
5.0
-10.0
-27.0
-90.0
-45.0
-43.0
-60.0
-29.0
-87.0
-66.0
-52.0
4.0
1.0
8.0
21.0
17.0
-38.0
20.0
-21.0
-42.0
-23.0
8.0
-19.0
-23.0
9.0
18.0
-10.0
-81.0
-168.0
-153.0
-150.0
-136.0
-16.0
16.0
35.0
36.0
124.0
122.0
118.0
179.0
161.0
187.0
210.0
185.0
148.0
150.0
165.0
215.0
198.0
162.0
113.0
74.0
5.0
13.0
-29.0
-37.0
-27.0
-39.0
-69.0
-48.0
-13.0
27.0
38.0
8.0
29.0
32.0
29.0
-22.0
-75.0
-60.0
-100.0
-70.0
-80.0
-79.0
-80.0
-82.0
-67.0
-57.0
-56.0
-39.0
-26.0
-31.0
-15.0
-51.0
-109.0
-121.0
-145.0
-186.0
-163.0
-155.0
-83.0
-68.0
-24.0
31.0
61.0
69.0
103.0
139.0
148.0
172.0
134.0
111.0
116.0
56.0
41.0
35.0
-16.0
-14.0
-61.0
-95.0
-168.0
-162.0
-147.0
-147.0
-123.0
-129.0
-67.0
-44.0
-18.0
1.0
37.0
6.0
8.0
-39.0
-43.0
-53.0
-57.0
5.0
-1.0
69.0
71.0
117.0
147.0
163.0
159.0
152.0
172.0
136.0
118.0
89.0
55.0
31.0
4.0
-55.0
-114.0
-106.0
-134.0
-120.0
-146.0
-130.0
-128.0
-159.0
-190.0
-145.0
-164.0
-164.0
-141.0
-108.0
-86.0
-39.0
-22.0
-12.0
11.0
6.0
14.0
12.0
30.0
36.0
18.0
13.0
-5.0
19.0
-5.0
-12.0
-28.0
-37.0
-69.0
-94.0
-126.0
-163.0
-135.0
-34.0
-1.0
31.0
70.0
83.0
97.0
122.0
143.0
137.0
120.0
161.0
157.0
153.0
130.0
116.0
100.0
101.0
92.0
32.0
6.0
11.0
-13.0
-59.0
-9.0
-1.0
-25.0
-87.0
-118.0
-153.0
-174.0
-176.0
-131.0
-133.0
-82.0
-78.0
-7.0
70.0
118.0
164.0
165.0
146.0
87.0
109.0
148.0
153.0
152.0
94.0
23.0
22.0
-21.0
-23.0
-50.0
-38.0
-67.0
-49.0
-48.0
-54.0
-98.0
-74.0
-77.0
-22.0
-48.0
-75.0
-81.0
-91.0
-49.0
-55.0
-50.0
-36.0
12.0
14.0
17.0
-23.0
-24.0
-27.0
-2.0
-11.0
9.0
-56.0
-35.0
-30.0
-101.0
-110.0
-145.0
-145.0
-132.0
-128.0
-76.0
-15.0
76.0
52.0
77.0
70.0
112.0
126.0
164.0
108.0
142.0
135.0
122.0
112.0
86.0
109.0
87.0
93.0
86.0
68.0
32.0
9.0
-17.0
-20.0
-72.0
-69.0
-124.0
-126.0
-153.0
-158.0
-132.0
-104.0
-52.0
-40.0
-35.0
1.0
59.0
54.0
62.0
94.0
81.0
103.0
133.0
74.0
58.0
78.0
31.0
27.0
15.0
13.0
49.0
84.0
25.0
-15.0
-29.0
-13.0
-52.0
-47.0
-121.0
-65.0
-13.0
-18.0
-53.0
-68.0
-32.0
-46.0
-25.0
-31.0
-88.0
-79.0
-86.0
-96.0
-94.0
-50.0
-94.0
-133.0
-147.0
-162.0
-166.0
-140.0
-90.0
-50.0
2.0
66.0
87.0
105.0
175.0
164.0
162.0
138.0
141.0
136.0
150.0
135.0
99.0
145.0
109.0
109.0
51.0
22.0
-22.0
-42.0
-71.0
-92.0
-80.0
-106.0
-88.0
-92.0
-80.0
-58.0
-82.0
-93.0
-125.0
-148.0
-159.0
-145.0
-104.0
-94.0
-82.0
-1.0
-9.0
40.0
54.0
90.0
100.0
98.0
86.0
82.0
77.0
-8.0
-5.0
-40.0
-1.0
8.0
55.0
29.0
15.0
15.0
0.0
-18.0
-27.0
-21.0
-27.0
-15.0
-59.0
-44.0
-67.0
-57.0
-119.0
-121.0
-123.0
-94.0
-34.0
-31.0
3.0
41.0
69.0
82.0
62.0
95.0
64.0
73.0
87.0
89.0
123.0
57.0
38.0
38.0
41.0
60.0
64.0
26.0
56.0
13.0
-6.0
-21.0
-16.0
-17.0
-45.0
-36.0
-56.0
-27.0
-83.0
-98.0
-119.0
-134.0
-76.0
-72.0
-82.0
-84.0
-90.0
-114.0
-15.0
26.0
66.0
87.0
48.0
56.0
84.0
39.0
3.0
-33.0
-45.0
-66.0
-59.0
-51.0
-24.0
-18.0
-33.0
14.0
44.0
122.0
110.0
160.0
172.0
165.0
164.0
166.0
204.0
195.0
158.0
98.0
50.0
-5.0
19.0
-2.0
-44.0
-39.0
-8.0
-55.0
-66.0
-66.0
-93.0
-64.0
-70.0
-66.0
-90.0
-84.0
-58.0
-10.0
-22.0
-46.0
-38.0
-60.0
-97.0
-105.0
-109.0
-116.0
-50.0
-70.0
-96.0
-69.0
-50.0
-39.0
-78.0
-103.0
-150.0
-147.0
-159.0
-180.0
-176.0
-113.0
-74.0
-21.0
15.0
77.0
106.0
114.0
105.0
160.0
232.0
167.0
147.0
165.0
148.0
154.0
138.0
136.0
122.0
66.0
74.0
32.0
-2.0
-12.0
-15.0
-79.0
-96.0
-97.0
-117.0
-99.0
-107.0
-125.0
-115.0
-121.0
-122.0
-58.0
-28.0
-35.0
-21.0
-3.0
-7.0
-27.0
-26.0
-48.0
-17.0
7.0
-4.0
-11.0
10.0
36.0
49.0
72.0
64.0
67.0
65.0
-5.0
43.0
50.0
40.0
20.0
40.0
48.0
71.0
37.0
1.0
27.0
-4.0
0.0
18.0
48.0
71.0
25.0
-7.0
7.0
-13.0
4.0
-50.0
-54.0
-44.0
-57.0
-54.0
-101.0
-93.0
-94.0
-83.0
-58.0
-63.0
-70.0
-96.0
-91.0
-46.0
-59.0
-50.0
-43.0
-64.0
-14.0
40.0
32.0
68.0
4.0
-36.0
-12.0
-62.0
-29.0
-40.0
-3.0
9.0
7.0
11.0
34.0
17.0
70.0
124.0
103.0
112.0
78.0
64.0
67.0
33.0
73.0
72.0
65.0
88.0
78.0
86.0
72.0
62.0
63.0
-6.0
-28.0
-35.0
6.0
38.0
9.0
-38.0
-41.0
-81.0
-89.0
-118.0
-95.0
-72.0
-61.0
-24.0
-20.0
-21.0
-18.0
-40.0
-43.0
-37.0
-24.0
8.0
9.0
78.0
67.0
36.0
15.0
-51.0
-62.0
-131.0
-161.0
-162.0
-140.0
-88.0
-43.0
3.0
82.0
95.0
100.0
101.0
125.0
175.0
220.0
199.0
154.0
153.0
140.0
105.0
96.0
42.0
44.0
16.0
-38.0
-100.0
-147.0
-151.0
-147.0
-181.0
-190.0
-160.0
-137.0
-178.0
-133.0
-123.0
-110.0
-100.0
-66.0
6.0
8.0
10.0
-8.0
11.0
36.0
31.0
21.0
48.0
40.0
26.0
23.0
-11.0
-114.0
-41.0
13.0
30.0
-5.0
-3.0
-7.0
-37.0
-26.0
-5.0
6.0
-2.0
4.0
-37.0
-17.0
-45.0
-12.0
-6.0
-4.0
-20.0
-3.0
-35.0
-5.0
-67.0
-57.0
-29.0
-27.0
-82.0
-82.0
-66.0
-13.0
4.0
-44.0
-45.0
-146.0
-180.0
-123.0
-82.0
-80.0
-25.0
35.0
74.0
94.0
156.0
174.0
196.0
229.0
191.0
189.0
194.0
198.0
157.0
167.0
39.0
28.0
43.0
-4.0
-13.0
-6.0
-6.0
22.0
-53.0
-100.0
-68.0
-35.0
-70.0
-88.0
-155.0
-154.0
-105.0
-96.0
-43.0
-81.0
-109.0
-130.0
-186.0
-245.0
-144.0
-140.0
-125.0
-64.0
-15.0
34.0
87.0
122.0
111.0
183.0
190.0
191.0
177.0
187.0
172.0
136.0
130.0
56.0
53.0
52.0
74.0
79.0
48.0
29.0
-1.0
6.0
-21.0
-31.0
-34.0
-15.0
-53.0
-53.0
-69.0
-98.0
-75.0
-88.0
-95.0
-125.0
-162.0
-131.0
-91.0
-92.0
-84.0
-116.0
-112.0
-85.0
-112.0
-114.0
-120.0
-107.0
-105.0
-104.0
-70.0
-49.0
14.0
24.0
14.0
25.0
59.0
101.0
66.0
65.0
56.0
65.0
15.0
58.0
118.0
101.0
61.0
-2.0
-1.0
-1.0
-10.0
-3.0
-7.0
15.0
35.0
-18.0
-41.0
-40.0
-19.0
-32.0
-74.0
-9.0
-24.0
-23.0
-23.0
-53.0
-38.0
-34.0
-46.0
-54.0
-36.0
17.0
5.0
22.0
75.0
110.0
134.0
77.0
79.0
70.0
86.0
73.0
31.0
69.0
127.0
69.0
60.0
1.0
-10.0
-7.0
6.0
-45.0
-73.0
-62.0
-32.0
-29.0
-39.0
-9.0
-34.0
-52.0
-9.0
-49.0
-45.0
-72.0
-37.0
-49.0
-60.0
-32.0
2.0
-8.0
-8.0
7.0
-8.0
-89.0
-101.0
-155.0
-156.0
-24.0
-15.0
-17.0
-2.0
32.0
84.0
91.0
87.0
109.0
140.0
135.0
182.0
184.0
165.0
147.0
165.0
147.0
162.0
134.0
136.0
69.0
49.0
55.0
-11.0
-35.0
-62.0
-124.0
-126.0
-167.0
-166.0
-136.0
-116.0
-111.0
-73.0
-50.0
-10.0
9.0
36.0
3.0
24.0
57.0
35.0
38.0
4.0
2.0
-46.0
-34.0
-16.0
-39.0
-46.0
-25.0
-40.0
-50.0
-166.0
-179.0
-213.0
-233.0
-174.0
-144.0
-97.0
-18.0
57.0
68.0
107.0
166.0
225.0
254.0
263.0
267.0
224.0
205.0
153.0
152.0
146.0
117.0
122.0
13.0
-20.0
-25.0
-53.0
-110.0
-115.0
-126.0
-123.0
-113.0
-147.0
-176.0
-205.0
-145.0
-116.0
-91.0
-101.0
-111.0
-106.0
-118.0
-93.0
-90.0
-77.0
-33.0
-85.0
-105.0
-98.0
-107.0
-190.0
-175.0
-177.0
-154.0
-94.0
-85.0
-12.0
64.0
141.0
146.0
202.0
219.0
187.0
239.0
228.0
190.0
141.0
165.0
210.0
211.0
119.0
64.0
81.0
57.0
-17.0
-37.0
-70.0
-74.0
-166.0
-155.0
-108.0
-124.0
-37.0
-49.0
11.0
6.0
-7.0
20.0
-2.0
-9.0
29.0
24.0
-34.0
-64.0
-116.0
-121.0
-119.0
-153.0
-159.0
-154.0
-105.0
-57.0
-36.0
21.0
54.0
105.0
102.0
124.0
146.0
138.0
64.0
0.0
30.0
51.0
67.0
69.0
56.0
91.0
125.0
120.0
132.0
94.0
-5.0
-30.0
42.0
12.0
0.0
-63.0
1.0
-11.0
-68.0
-94.0
-91.0
-187.0
-120.0
-118.0
-163.0
-125.0
-110.0
-115.0
-172.0
-111.0
-93.0
-118.0
-100.0
-110.0
-126.0
-147.0
-126.0
-126.0
-173.0
-172.0
-75.0
-59.0
-80.0
-39.0
33.0
74.0
114.0
108.0
87.0
127.0
142.0
147.0
173.0
183.0
206.0
150.0
133.0
131.0
83.0
26.0
12.0
1.0
-19.0
3.0
53.0
58.0
69.0
72.0
74.0
63.0
82.0
79.0
83.0
107.0
105.0
102.0
40.0
43.0
70.0
30.0
13.0
-24.0
-22.0
-57.0
-73.0
-51.0
-94.0
-100.0
-115.0
-128.0
-133.0
-129.0
-129.0
-157.0
-126.0
-98.0
-84.0
-87.0
-59.0
-70.0
-75.0
-68.0
-81.0
-42.0
-14.0
-50.0
-70.0
-70.0
-33.0
-70.0
-36.0
-8.0
8.0
-41.0
-19.0
-51.0
-55.0
-57.0
-51.0
-24.0
3.0
45.0
50.0
46.0
40.0
28.0
19.0
19.0
42.0
65.0
29.0
-5.0
-11.0
24.0
73.0
33.0
71.0
63.0
15.0
4.0
-18.0
-80.0
-57.0
-15.0
47.0
104.0
105.0
102.0
182.0
158.0
172.0
282.0
274.0
196.0
201.0
209.0
207.0
201.0
143.0
109.0
58.0
50.0
39.0
9.0
-47.0
-58.0
-73.0
-79.0
-116.0
-136.0
-173.0
-157.0
-200.0
-152.0
-145.0
-132.0
-106.0
-103.0
-73.0
-81.0
-16.0
-33.0
-19.0
-6.0
-32.0
3.0
30.0
17.0
24.0
9.0
6.0
-3.0
-3.0
-14.0
-28.0
-42.0
-92.0
-100.0
-134.0
-198.0
-152.0
-109.0
-72.0
-44.0
-53.0
65.0
121.0
127.0
156.0
178.0
211.0
216.0
161.0
138.0
128.0
100.0
111.0
111.0
65.0
-39.0
-94.0
-105.0
-180.0
-250.0
-144.0
-112.0
-21.0
-9.0
19.0
62.0
55.0
80.0
70.0
58.0
25.0
-29.0
-2.0
2.0
-15.0
-1.0
-64.0
-74.0
-105.0
-79.0
-143.0
-102.0
-151.0
-144.0
-46.0
-57.0
-27.0
0.0
30.0
58.0
-3.0
21.0
7.0
4.0
-17.0
-31.0
-39.0
-28.0
-50.0
-37.0
-28.0
-57.0
-61.0
-61.0
-40.0
-50.0
-26.0
-79.0
-35.0
-32.0
-21.0
-37.0
-44.0
-51.0
-30.0
-50.0
-40.0
-4.0
-19.0
-12.0
25.0
-16.0
-27.0
-15.0
-55.0
-29.0
-57.0
-23.0
41.0
67.0
22.0
30.0
57.0
54.0
55.0
47.0
60.0
8.0
45.0
49.0
50.0
28.0
59.0
64.0
5.0
-9.0
-12.0
-31.0
-42.0
-26.0
-27.0
-83.0
-111.0
-114.0
-128.0
-153.0
-135.0
-72.0
-22.0
30.0
78.0
113.0
166.0
171.0
161.0
202.0
258.0
228.0
222.0
133.0
96.0
106.0
99.0
105.0
94.0
70.0
18.0
-50.0
-18.0
-30.0
-28.0
-52.0
-57.0
-61.0
-88.0
-84.0
-40.0
-169.0
-200.0
-224.0
-195.0
-162.0
-115.0
-112.0
-66.0
-58.0
-23.0
-4.0
-13.0
-24.0
-52.0
-96.0
-91.0
-89.0
-44.0
29.0
80.0
88.0
119.0
127.0
103.0
97.0
136.0
141.0
122.0
75.0
43.0
52.0
26.0
31.0
-13.0
10.0
-53.0
-54.0
-39.0
-88.0
-111.0
-102.0
-75.0
-101.0
-117.0
-67.0
-30.0
-40.0
-34.0
-34.0
-9.0
-17.0
-17.0
-31.0
34.0
25.0
45.0
30.0
-1.0
15.0
11.0
-23.0
14.0
1.0
34.0
22.0
19.0
17.0
48.0
33.0
18.0
-15.0
3.0
7.0
-25.0
-30.0
-49.0
-39.0
-9.0
-18.0
-63.0
-65.0
-28.0
-15.0
-11.0
-90.0
-137.0
-136.0
-145.0
-138.0
-109.0
-193.0
-148.0
-41.0
25.0
92.0
111.0
111.0
131.0
119.0
186.0
188.0
195.0
103.0
105.0
50.0
-1.0
-4.0
-38.0
-55.0
-52.0
-27.0
-4.0
36.0
66.0
104.0
116.0
115.0
102.0
98.0
131.0
168.0
156.0
102.0
82.0
83.0
76.0
79.0
25.0
5.0
-16.0
-49.0
-119.0
-77.0
-55.0
-30.0
-82.0
-83.0
-122.0
-112.0
-155.0
-120.0
-84.0
-129.0
-91.0
-119.0
-113.0
-106.0
-144.0
-151.0
-197.0
-172.0
-144.0
-147.0
-122.0
-115.0
-50.0
-50.0
27.0
16.0
71.0
73.0
96.0
86.0
88.0
84.0
117.0
112.0
115.0
114.0
93.0
71.0
43.0
36.0
23.0
45.0
30.0
29.0
39.0
33.0
52.0
41.0
35.0
-4.0
-14.0
-33.0
-50.0
-56.0
-32.0
-61.0
-78.0
-64.0
-35.0
-41.0
-49.0
-44.0
-51.0
-47.0
-26.0
-45.0
-16.0
-30.0
-75.0
-130.0
-54.0
36.0
26.0
30.0
79.0
50.0
83.0
84.0
94.0
112.0
69.0
63.0
59.0
50.0
6.0
14.0
20.0
13.0
-21.0
-27.0
-21.0
5.0
-54.0
-55.0
-16.0
-43.0
-30.0
-57.0
-59.0
-69.0
-72.0
-74.0
-89.0
-94.0
-146.0
-183.0
-180.0
-146.0
-83.0
-23.0
15.0
125.0
168.0
173.0
245.0
276.0
264.0
289.0
308.0
232.0
159.0
127.0
149.0
153.0
99.0
6.0
-12.0
-1.0
3.0
6.0
-1.0
-59.0
-15.0
-16.0
-55.0
-47.0
-95.0
-123.0
-213.0
-178.0
-129.0
-135.0
-228.0
-233.0
-160.0
-146.0
-94.0
-55.0
-10.0
37.0
32.0
0.0
13.0
17.0
19.0
33.0
28.0
-31.0
-8.0
-23.0
-64.0
-87.0
-126.0
-122.0
-132.0
-162.0
-146.0
-136.0
-92.0
-50.0
52.0
74.0
133.0
143.0
148.0
126.0
138.0
107.0
92.0
70.0
48.0
20.0
-2.0
4.0
-48.0
-32.0
-80.0
-97.0
-83.0
-107.0
-111.0
-131.0
-140.0
-137.0
-107.0
-87.0
-34.0
-25.0
2.0
-18.0
-50.0
-58.0
17.0
12.0
-7.0
-2.0
22.0
-4.0
89.0
87.0
51.0
15.0
-33.0
-36.0
-49.0
-92.0
-57.0
-32.0
-49.0
17.0
44.0
65.0
34.0
40.0
61.0
107.0
140.0
120.0
98.0
75.0
57.0
40.0
44.0
33.0
-4.0
-25.0
-38.0
-38.0
-21.0
-43.0
-75.0
-90.0
-52.0
-45.0
1.0
-55.0
-29.0
13.0
-36.0
-39.0
11.0
67.0
-2.0
-2.0
-8.0
-75.0
-112.0
-74.0
-85.0
-42.0
30.0
91.0
123.0
120.0
125.0
150.0
200.0
222.0
181.0
168.0
159.0
105.0
75.0
72.0
28.0
8.0
27.0
-58.0
-50.0
-97.0
-116.0
-89.0
-152.0
-148.0
-99.0
-103.0
-106.0
-98.0
-89.0
-95.0
-90.0
-84.0
-103.0
-115.0
-94.0
-81.0
-73.0
-71.0
-68.0
-84.0
-75.0
-58.0
-55.0
-61.0
-15.0
-14.0
-47.0
-23.0
-74.0
-114.0
-170.0
-195.0
-170.0
-162.0
-70.0
1.0
81.0
112.0
188.0
227.0
303.0
310.0
299.0
306.0
313.0
313.0
257.0
276.0
215.0
150.0
118.0
22.0
-5.0
-11.0
-28.0
-35.0
-29.0
-59.0
-70.0
-112.0
-149.0
-175.0
-209.0
-214.0
-197.0
-204.0
-175.0
-119.0
-77.0
-16.0
11.0
-17.0
79.0
88.0
109.0
91.0
128.0
103.0
79.0
66.0
57.0
59.0
72.0
74.0
64.0
55.0
70.0
11.0
-51.0
-94.0
-129.0
-100.0
-79.0
-77.0
-35.0
-69.0
-133.0
-90.0
45.0
65.0
3.0
60.0
66.0
64.0
53.0
44.0
-32.0
9.0
-6.0
-33.0
-72.0
-98.0
-89.0
-91.0
-120.0
-117.0
-84.0
-59.0
-67.0
36.0
-21.0
-72.0
-25.0
-30.0
18.0
-55.0
-66.0
8.0
-32.0
10.0
-24.0
-34.0
-52.0
-55.0
-10.0
21.0
-5.0
-28.0
19.0
-127.0
-158.0
17.0
22.0
21.0
-64.0
-44.0
98.0
84.0
63.0
-33.0
-111.0
-149.0
-165.0
-171.0
-174.0
-49.0
56.0
176.0
256.0
305.0
313.0
313.0
313.0
313.0
313.0
313.0
275.0
199.0
168.0
109.0
83.0
26.0
-55.0
-54.0
-109.0
-111.0
-118.0
-233.0
-313.0
-230.0
-174.0
-134.0
-217.0
-221.0
-234.0
-226.0
-232.0
-271.0
-282.0
-278.0
-225.0
-145.0
-40.0
-44.0
17.0
56.0
116.0
163.0
178.0
225.0
139.0
120.0
109.0
109.0
90.0
53.0
-12.0
-40.0
-64.0
-109.0
-101.0
-89.0
-115.0
-115.0
-132.0
-163.0
-154.0
-145.0
-132.0
-145.0
-166.0
-185.0
-110.0
-114.0
-124.0
-139.0
-60.0
-33.0
-65.0
-60.0
-83.0
-66.0
17.0
13.0
-15.0
-22.0
65.0
86.0
85.0
123.0
74.0
65.0
76.0
78.0
67.0
35.0
35.0
5.0
-48.0
-46.0
-14.0
25.0
-4.0
-5.0
62.0
59.0
133.0
162.0
145.0
125.0
116.0
101.0
96.0
94.0
137.0
69.0
40.0
102.0
115.0
99.0
56.0
20.0
38.0
24.0
21.0
14.0
-3.0
18.0
38.0
59.0
54.0
-1.0
-13.0
-6.0
-39.0
-25.0
-8.0
9.0
-36.0
19.0
-10.0
24.0
14.0
16.0
6.0
-2.0
-41.0
-29.0
-45.0
-50.0
-30.0
-8.0
-44.0
-50.0
-115.0
-166.0
-111.0
-118.0
-137.0
-137.0
-53.0
-52.0
-42.0
-38.0
-5.0
10.0
78.0
84.0
33.0
83.0
83.0
74.0
71.0
78.0
49.0
36.0
23.0
74.0
49.0
91.0
83.0
58.0
31.0
32.0
12.0
23.0
-6.0
11.0
-27.0
-26.0
-13.0
-63.0
-101.0
-92.0
-86.0
-147.0
-86.0
-77.0
-121.0
-90.0
-87.0
-41.0
-40.0
-42.0
-32.0
-37.0
-55.0
-49.0
-27.0
-15.0
-22.0
-72.0
-27.0
-15.0
-90.0
-100.0
-124.0
-139.0
-147.0
-98.0
-24.0
28.0
125.0
127.0
196.0
267.0
309.0
271.0
254.0
277.0
272.0
266.0
240.0
237.0
153.0
119.0
63.0
0.0
-51.0
-34.0
11.0
-73.0
-95.0
-95.0
-131.0
-141.0
-187.0
-175.0
-227.0
-232.0
-212.0
-171.0
-214.0
-195.0
-121.0
-82.0
-68.0
-67.0
-86.0
-30.0
48.0
-4.0
35.0
29.0
37.0
-20.0
-44.0
-77.0
-127.0
-118.0
-133.0
-125.0
-28.0
-34.0
77.0
186.0
224.0
300.0
313.0
304.0
307.0
313.0
313.0
313.0
313.0
259.0
198.0
153.0
74.0
2.0
-133.0
-199.0
-202.0
-201.0
-124.0
-88.0
-99.0
-145.0
-95.0
-99.0
-45.0
-24.0
-59.0
-65.0
-106.0
-139.0
-191.0
-152.0
-127.0
-105.0
-138.0
-150.0
-184.0
-184.0
-198.0
-223.0
-145.0
-159.0
-113.0
-105.0
-75.0
-32.0
-34.0
-27.0
62.0
53.0
19.0
19.0
16.0
-19.0
21.0
-44.0
-23.0
-24.0
-65.0
-24.0
-89.0
-97.0
-46.0
-11.0
-38.0
-24.0
-12.0
-8.0
-16.0
1.0
-54.0
-110.0
-108.0
-52.0
-79.0
-22.0
89.0
86.0
31.0
17.0
56.0
68.0
58.0
53.0
58.0
42.0
5.0
11.0
-59.0
29.0
24.0
-1.0
-16.0
0.0
3.0
23.0
82.0
96.0
25.0
113.0
123.0
92.0
62.0
78.0
49.0
55.0
34.0
40.0
37.0
63.0
102.0
124.0
126.0
95.0
69.0
79.0
57.0
54.0
69.0
63.0
16.0
30.0
3.0
15.0
3.0
-55.0
-26.0
-29.0
-26.0
-98.0
-97.0
-111.0
-95.0
-51.0
-73.0
-50.0
-88.0
-101.0
-47.0
-75.0
-81.0
-82.0
-33.0
-52.0
-26.0
50.0
15.0
14.0
48.0
82.0
50.0
37.0
83.0
60.0
81.0
71.0
64.0
83.0
102.0
91.0
106.0
37.0
7.0
-27.0
-6.0
17.0
25.0
21.0
-4.0
-44.0
-71.0
-54.0
-39.0
-85.0
-23.0
-92.0
-124.0
-118.0
-49.0
-20.0
-24.0
-39.0
-28.0
6.0
56.0
87.0
57.0
61.0
62.0
95.0
68.0
67.0
42.0
17.0
-2.0
-2.0
4.0
14.0
-9.0
-17.0
-81.0
-89.0
-54.0
-41.0
-7.0
16.0
-9.0
-3.0
-4.0
-21.0
11.0
6.0
-66.0
-113.0
-62.0
40.0
73.0
70.0
58.0
55.0
70.0
81.0
49.0
63.0
31.0
17.0
64.0
66.0
40.0
-13.0
8.0
-17.0
-25.0
5.0
-97.0
-38.0
-69.0
-78.0
-133.0
-144.0
-154.0
-122.0
-91.0
-81.0
-118.0
-116.0
-76.0
-65.0
-73.0
-100.0
-69.0
-27.0
4.0
87.0
149.0
136.0
190.0
190.0
141.0
143.0
176.0
132.0
109.0
96.0
12.0
-31.0
-76.0
-85.0
-87.0
-120.0
-205.0
-92.0
-46.0
51.0
111.0
70.0
120.0
109.0
116.0
118.0
142.0
157.0
151.0
72.0
15.0
13.0
49.0
45.0
17.0
-34.0
-90.0
-159.0
-179.0
-174.0
-224.0
-141.0
-178.0
-181.0
-170.0
-97.0
-92.0
-34.0
-82.0
-26.0
48.0
7.0
56.0
57.0
32.0
42.0
27.0
-31.0
-89.0
-107.0
-108.0
-92.0
-31.0
-21.0
-68.0
-68.0
-70.0
-96.0
-105.0
-103.0
-94.0
-105.0
-88.0
-94.0
-18.0
50.0
96.0
64.0
114.0
121.0
114.0
126.0
116.0
114.0
64.0
64.0
28.0
10.0
-8.0
-22.0
-19.0
-6.0
-34.0
-39.0
-22.0
-50.0
-71.0
-38.0
-26.0
-49.0
-51.0
-81.0
-114.0
-105.0
-121.0
-142.0
-123.0
-158.0
-64.0
-21.0
50.0
37.0
110.0
113.0
175.0
193.0
223.0
201.0
174.0
178.0
140.0
112.0
59.0
57.0
20.0
0.0
-6.0
-25.0
52.0
63.0
37.0
55.0
11.0
11.0
11.0
23.0
36.0
9.0
-33.0
-43.0
-86.0
-73.0
-75.0
-83.0
-88.0
-109.0
-102.0
-119.0
-155.0
-176.0
-196.0
-231.0
-236.0
-240.0
-161.0
-124.0
-64.0
-17.0
62.0
195.0
146.0
205.0
157.0
161.0
134.0
206.0
250.0
240.0
178.0
160.0
133.0
96.0
86.0
96.0
48.0
23.0
9.0
-65.0
-113.0
-128.0
-82.0
-130.0
-113.0
-109.0
-106.0
-117.0
-32.0
-27.0
-2.0
-13.0
1.0
30.0
80.0
86.0
62.0
21.0
-16.0
-20.0
-31.0
-18.0
-23.0
-71.0
-79.0
-76.0
-70.0
-111.0
-160.0
-128.0
-110.0
-132.0
-55.0
-14.0
18.0
19.0
74.0
96.0
129.0
132.0
119.0
133.0
150.0
148.0
77.0
71.0
28.0
-22.0
-27.0
-18.0
-27.0
-121.0
-124.0
-73.0
-73.0
-66.0
-96.0
-167.0
-121.0
-160.0
-145.0
-109.0
-67.0
-17.0
-77.0
-80.0
-128.0
-70.0
-34.0
-43.0
2.0
39.0
79.0
0.0
-7.0
-24.0
-13.0
2.0
-88.0
-198.0
-155.0
-143.0
-114.0
-70.0
-91.0
-94.0
5.0
113.0
253.0
253.0
236.0
241.0
152.0
217.0
248.0
240.0
212.0
247.0
191.0
121.0
85.0
76.0
65.0
113.0
86.0
84.0
84.0
103.0
97.0
109.0
65.0
52.0
85.0
41.0
15.0
8.0
-4.0
-68.0
-78.0
-96.0
-55.0
-67.0
-54.0
-81.0
-60.0
-60.0
-52.0
-125.0
-89.0
-55.0
-97.0
-166.0
-154.0
-179.0
-162.0
-155.0
-140.0
-166.0
-130.0
-95.0
-59.0
-49.0
-23.0
-35.0
-39.0
-46.0
-25.0
-102.0
-94.0
-35.0
-23.0
-56.0
-22.0
24.0
71.0
63.0
37.0
32.0
67.0
41.0
32.0
-36.0
-64.0
-42.0
10.0
0.0
-9.0
24.0
6.0
25.0
4.0
24.0
10.0
11.0
40.0
46.0
4.0
10.0
-23.0
-66.0
-55.0
14.0
7.0
39.0
9.0
12.0
-36.0
0.0
-9.0
-18.0
-29.0
-36.0
-82.0
-85.0
-84.0
-85.0
-124.0
-143.0
-110.0
-108.0
-76.0
-68.0
-56.0
10.0
23.0
16.0
54.0
24.0
22.0
36.0
44.0
51.0
64.0
59.0
100.0
97.0
61.0
35.0
-35.0
3.0
67.0
90.0
125.0
99.0
103.0
126.0
93.0
74.0
85.0
57.0
44.0
39.0
11.0
-44.0
28.0
27.0
-24.0
-6.0
-30.0
-67.0
-99.0
-94.0
-97.0
-103.0
-167.0
-175.0
-222.0
-233.0
-239.0
-147.0
-48.0
12.0
128.0
189.0
226.0
233.0
261.0
254.0
280.0
291.0
256.0
187.0
175.0
94.0
77.0
72.0
21.0
71.0
3.0
-22.0
-52.0
-93.0
-115.0
-72.0
-121.0
-125.0
-110.0
-122.0
-134.0
-166.0
-114.0
-153.0
-171.0
-142.0
-127.0
-127.0
-96.0
-77.0
-104.0
-125.0
-111.0
-160.0
-211.0
-226.0
-209.0
-214.0
-137.0
-77.0
-50.0
70.0
128.0
199.0
276.0
310.0
313.0
313.0
313.0
261.0
207.0
193.0
151.0
132.0
80.0
74.0
113.0
116.0
86.0
34.0
8.0
-29.0
-85.0
-91.0
-75.0
-107.0
-169.0
-170.0
-148.0
-229.0
-215.0
-240.0
-214.0
-227.0
-193.0
-179.0
-86.0
-80.0
-12.0
-14.0
20.0
62.0
77.0
78.0
103.0
102.0
113.0
117.0
64.0
15.0
-11.0
-6.0
9.0
5.0
24.0
-6.0
-46.0
-44.0
-6.0
12.0
3.0
49.0
12.0
47.0
74.0
62.0
-7.0
-2.0
-26.0
-5.0
28.0
29.0
16.0
-24.0
-9.0
-34.0
-39.0
-31.0
-7.0
-24.0
-51.0
-36.0
-47.0
-105.0
-94.0
-133.0
-115.0
-114.0
-87.0
-29.0
-55.0
-34.0
-13.0
90.0
99.0
76.0
150.0
146.0
107.0
70.0
105.0
125.0
127.0
50.0
-78.0
-71.0
8.0
18.0
28.0
25.0
51.0
52.0
-76.0
-76.0
-40.0
-15.0
95.0
95.0
51.0
-95.0
-102.0
-177.0
-165.0
-97.0
6.0
2.0
33.0
33.0
57.0
112.0
150.0
188.0
223.0
221.0
172.0
175.0
157.0
155.0
120.0
98.0
59.0
71.0
80.0
18.0
2.0
-1.0
-23.0
-37.0
-67.0
-95.0
-104.0
-87.0
-169.0
-125.0
-79.0
-135.0
-130.0
-135.0
-154.0
-141.0
-116.0
-83.0
-86.0
-111.0
-57.0
-8.0
-31.0
-41.0
-45.0
-106.0
-151.0
-155.0
-86.0
-17.0
-52.0
-68.0
-4.0
0.0
44.0
11.0
-53.0
-58.0
81.0
137.0
120.0
71.0
52.0
50.0
35.0
11.0
-43.0
-66.0
-27.0
-26.0
6.0
-31.0
19.0
18.0
4.0
39.0
33.0
32.0
56.0
-16.0
-2.0
-34.0
-13.0
-19.0
30.0
-5.0
-34.0
-57.0
-77.0
-95.0
-143.0
-152.0
-110.0
-98.0
1.0
95.0
83.0
61.0
35.0
49.0
85.0
38.0
59.0
61.0
44.0
27.0
-16.0
-13.0
-63.0
-107.0
0.0
53.0
-39.0
-23.0
-29.0
7.0
-44.0
8.0
-88.0
-144.0
-189.0
-135.0
-60.0
-64.0
4.0
-10.0
24.0
30.0
12.0
63.0
90.0
123.0
121.0
120.0
116.0
127.0
145.0
94.0
98.0
70.0
52.0
46.0
40.0
30.0
9.0
13.0
-3.0
-26.0
-46.0
-55.0
-55.0
-114.0
-140.0
-140.0
-167.0
-167.0
-161.0
-55.0
-16.0
16.0
51.0
116.0
155.0
163.0
161.0
117.0
140.0
140.0
133.0
109.0
33.0
77.0
55.0
46.0
22.0
12.0
58.0
86.0
53.0
-13.0
-25.0
-73.0
-81.0
-83.0
-63.0
-52.0
-89.0
-104.0
-54.0
-90.0
-112.0
-104.0
-123.0
-119.0
-145.0
-147.0
-142.0
-169.0
-123.0
-51.0
-14.0
-11.0
50.0
46.0
9.0
23.0
27.0
28.0
11.0
29.0
-28.0
-27.0
-52.0
-44.0
-35.0
-21.0
60.0
35.0
27.0
47.0
87.0
140.0
152.0
153.0
80.0
26.0
23.0
-4.0
-11.0
37.0
34.0
35.0
1.0
13.0
-19.0
-39.0
-87.0
-50.0
-44.0
-28.0
-35.0
-47.0
1.0
-3.0
-145.0
-84.0
-79.0
-79.0
2.0
42.0
-37.0
-104.0
-116.0
-114.0
-66.0
-132.0
-85.0
-18.0
45.0
72.0
59.0
54.0
1.0
8.0
7.0
54.0
16.0
50.0
66.0
-35.0
-68.0
-82.0
-44.0
-37.0
11.0
-2.0
-4.0
-19.0
-4.0
24.0
33.0
28.0
-62.0
-66.0
-60.0
-4.0
-8.0
-92.0
-72.0
-4.0
-10.0
-78.0
-120.0
-116.0
-166.0
-106.0
-138.0
-45.0
50.0
72.0
86.0
132.0
132.0
129.0
189.0
257.0
206.0
170.0
148.0
159.0
186.0
138.0
141.0
138.0
111.0
53.0
20.0
16.0
-27.0
20.0
55.0
-6.0
-9.0
-7.0
24.0
-44.0
-44.0
-98.0
-114.0
-175.0
-249.0
-133.0
-134.0
-127.0
-26.0
3.0
-54.0
-41.0
-122.0
-110.0
-36.0
61.0
20.0
31.0
43.0
-7.0
-17.0
-10.0
25.0
51.0
129.0
65.0
-5.0
-17.0
-81.0
-26.0
-22.0
3.0
19.0
-9.0
-16.0
-64.0
-60.0
-59.0
-44.0
21.0
-21.0
-29.0
-35.0
-48.0
-31.0
-33.0
2.0
1.0
-3.0
-1.0
63.0
110.0
135.0
130.0
141.0
109.0
68.0
65.0
80.0
35.0
4.0
28.0
7.0
-35.0
-22.0
-43.0
-95.0
-96.0
-120.0
-143.0
-182.0
-192.0
-163.0
-169.0
-147.0
-104.0
-41.0
-39.0
-31.0
38.0
104.0
105.0
69.0
105.0
49.0
93.0
98.0
83.0
77.0
87.0
56.0
74.0
85.0
78.0
62.0
47.0
-36.0
-27.0
-58.0
-51.0
-77.0
-71.0
-116.0
-134.0
-158.0
-129.0
-130.0
-125.0
-104.0
-101.0
-115.0
-67.0
-43.0
-1.0
12.0
42.0
101.0
111.0
114.0
102.0
128.0
99.0
80.0
49.0
17.0
10.0
15.0
11.0
-1.0
-19.0
-72.0
-31.0
-34.0
-41.0
-83.0
-97.0
-105.0
-107.0
-122.0
-102.0
-38.0
-26.0
6.0
-17.0
-36.0
-81.0
-107.0
-100.0
-83.0
22.0
40.0
-17.0
-23.0
-11.0
-26.0
-1.0
-53.0
-55.0
-46.0
-32.0
-9.0
7.0
4.0
-33.0
-43.0
-38.0
5.0
5.0
45.0
80.0
57.0
-19.0
-57.0
36.0
17.0
50.0
44.0
45.0
36.0
-21.0
23.0
46.0
50.0
-24.0
-22.0
-5.0
-67.0
-62.0
-16.0
52.0
16.0
9.0
-12.0
-48.0
-63.0
-72.0
-30.0
-23.0
-55.0
16.0
65.0
36.0
29.0
69.0
123.0
94.0
108.0
104.0
104.0
66.0
32.0
20.0
31.0
4.0
44.0
74.0
94.0
100.0
145.0
117.0
103.0
91.0
100.0
107.0
92.0
82.0
51.0
42.0
21.0
-38.0
-10.0
16.0
14.0
-68.0
-37.0
-168.0
-149.0
-138.0
-90.0
-51.0
-39.0
-61.0
-62.0
-104.0
-65.0
-75.0
-122.0
-129.0
-99.0
-26.0
-63.0
-93.0
-89.0
-131.0
-141.0
-145.0
-149.0
-146.0
-128.0
-52.0
-19.0
6.0
26.0
56.0
63.0
126.0
186.0
197.0
208.0
187.0
132.0
87.0
75.0
73.0
37.0
-19.0
3.0
-1.0
-38.0
69.0
43.0
46.0
91.0
154.0
161.0
104.0
50.0
45.0
-29.0
73.0
107.0
77.0
33.0
13.0
-73.0
-190.0
-227.0
-223.0
-220.0
-201.0
-200.0
-167.0
-156.0
-77.0
11.0
64.0
56.0
54.0
31.0
44.0
109.0
92.0
121.0
129.0
82.0
151.0
149.0
150.0
80.0
58.0
7.0
-35.0
-56.0
-82.0
-108.0
-83.0
-45.0
-48.0
-96.0
-128.0
-152.0
-173.0
-126.0
-134.0
-194.0
-260.0
-243.0
-241.0
-217.0
-162.0
-57.0
-7.0
103.0
123.0
126.0
164.0
205.0
207.0
205.0
218.0
157.0
145.0
109.0
40.0
65.0
11.0
-47.0
-43.0
-37.0
-22.0
-40.0
-101.0
-117.0
-117.0
-109.0
-173.0
-221.0
-212.0
-189.0
-154.0
-116.0
-126.0
-104.0
-24.0
6.0
-12.0
20.0
19.0
36.0
58.0
97.0
47.0
84.0
87.0
71.0
22.0
4.0
0.0
17.0
-3.0
-30.0
-54.0
-23.0
23.0
-20.0
-16.0
-13.0
-9.0
30.0
35.0
73.0
52.0
6.0
19.0
-11.0
-32.0
-53.0
-52.0
-16.0
-21.0
7.0
26.0
-12.0
-10.0
-13.0
-15.0
-20.0
-18.0
-22.0
4.0
15.0
26.0
-12.0
-24.0
-37.0
-67.0
-92.0
-85.0
-84.0
-32.0
-9.0
-44.0
-21.0
-11.0
41.0
81.0
39.0
36.0
5.0
-42.0
8.0
47.0
76.0
98.0
161.0
78.0
42.0
40.0
23.0
-6.0
29.0
4.0
-5.0
4.0
15.0
18.0
15.0
19.0
30.0
30.0
2.0
34.0
38.0
-2.0
-24.0
-49.0
-28.0
-18.0
-25.0
-14.0
18.0
27.0
-19.0
21.0
-24.0
10.0
25.0
23.0
60.0
31.0
49.0
50.0
-23.0
3.0
4.0
59.0
38.0
45.0
2.0
62.0
80.0
65.0
22.0
-50.0
-66.0
-53.0
-37.0
-45.0
37.0
4.0
-36.0
-52.0
-57.0
-37.0
-50.0
-37.0
10.0
-1.0
3.0
-53.0
-21.0
-50.0
-11.0
-83.0
-43.0
-107.0
-98.0
-92.0
-86.0
-62.0
-22.0
14.0
60.0
67.0
38.0
100.0
126.0
119.0
93.0
36.0
53.0
73.0
51.0
40.0
2.0
6.0
67.0
49.0
-39.0
-94.0
-114.0
-134.0
-144.0
-147.0
-156.0
-155.0
-178.0
-180.0
-137.0
-120.0
-110.0
-11.0
50.0
107.0
137.0
216.0
218.0
218.0
238.0
198.0
180.0
103.0
130.0
153.0
124.0
-9.0
-14.0
-13.0
-96.0
-142.0
-82.0
-72.0
-124.0
-120.0
-121.0
-88.0
-149.0
-152.0
-170.0
-183.0
-313.0
-260.0
-108.0
-94.0
-48.0
-104.0
-114.0
-114.0
51.0
36.0
45.0
49.0
45.0
57.0
85.0
84.0
-26.0
-35.0
-61.0
-6.0
0.0
80.0
105.0
125.0
157.0
180.0
154.0
154.0
158.0
183.0
151.0
96.0
88.0
24.0
76.0
72.0
7.0
7.0
18.0
7.0
16.0
44.0
35.0
40.0
-19.0
-2.0
-42.0
-44.0
-73.0
-86.0
-133.0
-133.0
-151.0
-144.0
-150.0
-155.0
-139.0
-142.0
-114.0
-109.0
-49.0
-49.0
-61.0
-83.0
-11.0
-25.0
20.0
18.0
66.0
31.0
57.0
90.0
130.0
85.0
128.0
53.0
8.0
7.0
-7.0
-19.0
-20.0
-33.0
-55.0
-26.0
49.0
66.0
64.0
56.0
48.0
4.0
28.0
7.0
-39.0
-19.0
19.0
-79.0
-70.0
-74.0
-47.0
-60.0
-127.0
-113.0
-93.0
-106.0
-111.0
-115.0
-136.0
-131.0
-121.0
-39.0
50.0
0.0
65.0
121.0
136.0
111.0
136.0
146.0
269.0
285.0
209.0
118.0
115.0
70.0
99.0
88.0
117.0
112.0
68.0
-5.0
-5.0
-59.0
-42.0
-36.0
-100.0
-129.0
-142.0
-138.0
-112.0
-145.0
-129.0
-154.0
-115.0
-107.0
-90.0
-121.0
-166.0
-167.0
-137.0
-134.0
-150.0
-110.0
-56.0
-82.0
-139.0
-185.0
-151.0
-129.0
-30.0
88.0
135.0
185.0
141.0
153.0
190.0
195.0
175.0
184.0
132.0
190.0
167.0
156.0
126.0
92.0
101.0
55.0
75.0
74.0
-2.0
-56.0
-135.0
-52.0
-50.0
-19.0
-27.0
42.0
-168.0
-186.0
-216.0
-165.0
-105.0
-45.0
63.0
-51.0
-119.0
-79.0
-4.0
-12.0
7.0
13.0
0.0
68.0
8.0
-62.0
-11.0
51.0
30.0
3.0
53.0
-57.0
-76.0
-20.0
-47.0
28.0
28.0
48.0
43.0
35.0
51.0
85.0
101.0
31.0
-1.0
145.0
40.0
-81.0
-103.0
-97.0
26.0
-4.0
-60.0
-32.0
-169.0
-198.0
-246.0
-170.0
-158.0
-158.0
-174.0
-210.0
-102.0
-59.0
50.0
-21.0
-104.0
-71.0
-2.0
-12.0
7.0
2.0
-4.0
15.0
56.0
53.0
31.0
39.0
-17.0
-7.0
33.0
3.0
-54.0
-53.0
-24.0
4.0
41.0
5.0
-14.0
-13.0
52.0
71.0
9.0
-5.0
-24.0
-57.0
71.0
45.0
63.0
59.0
39.0
89.0
31.0
-21.0
-47.0
-70.0
41.0
88.0
37.0
40.0
-12.0
9.0
-28.0
32.0
6.0
28.0
86.0
92.0
21.0
25.0
-41.0
-15.0
-4.0
10.0
-29.0
11.0
-2.0
-101.0
-117.0
-123.0
-132.0
-104.0
3.0
32.0
39.0
35.0
11.0
13.0
7.0
13.0
169.0
164.0
163.0
98.0
18.0
41.0
97.0
107.0
49.0
42.0
91.0
113.0
41.0
-39.0
-65.0
-42.0
1.0
53.0
50.0
52.0
41.0
61.0
32.0
-2.0
-64.0
-19.0
-3.0
25.0
-12.0
-15.0
-26.0
-50.0
-101.0
-143.0
-147.0
-176.0
-149.0
-161.0
-139.0
-144.0
-153.0
-48.0
-19.0
55.0
105.0
202.0
181.0
156.0
142.0
140.0
123.0
46.0
105.0
136.0
130.0
98.0
82.0
80.0
68.0
69.0
92.0
57.0
51.0
25.0
11.0
43.0
72.0
77.0
54.0
56.0
18.0
-94.0
-151.0
-85.0
0.0
21.0
5.0
13.0
-15.0
-9.0
-40.0
-92.0
-74.0
-51.0
-103.0
-72.0
-45.0
-89.0
-114.0
-122.0
-126.0
-72.0
-91.0
-79.0
-95.0
-64.0
-59.0
-127.0
-130.0
-130.0
-183.0
-196.0
-205.0
-200.0
-170.0
-114.0
-60.0
-16.0
41.0
51.0
106.0
155.0
162.0
174.0
231.0
202.0
194.0
189.0
192.0
193.0
141.0
135.0
121.0
79.0
18.0
19.0
4.0
-39.0
-24.0
-22.0
-79.0
-146.0
-64.0
-44.0
-39.0
-55.0
-71.0
-67.0
-57.0
-55.0
-51.0
-79.0
-125.0
-179.0
-222.0
-304.0
-299.0
-268.0
-126.0
-120.0
-27.0
1.0
94.0
133.0
154.0
198.0
236.0
226.0
209.0
212.0
198.0
241.0
108.0
104.0
118.0
45.0
33.0
19.0
-24.0
-29.0
-18.0
-50.0
-76.0
-78.0
-101.0
-88.0
-96.0
-83.0
-105.0
-103.0
-111.0
-158.0
-132.0
-155.0
-175.0
-132.0
-104.0
-96.0
-69.0
-66.0
-46.0
-4.0
38.0
-2.0
27.0
25.0
51.0
54.0
31.0
31.0
18.0
14.0
17.0
-6.0
19.0
25.0
13.0
31.0
46.0
53.0
20.0
6.0
1.0
-4.0
-12.0
-25.0
-39.0
-31.0
-71.0
-74.0
-81.0
-59.0
-43.0
-37.0
-54.0
-38.0
-113.0
-3.0
63.0
65.0
124.0
115.0
111.0
106.0
66.0
40.0
44.0
68.0
30.0
28.0
17.0
29.0
37.0
6.0
6.0
13.0
-59.0
-29.0
-94.0
-97.0
-89.0
-91.0
-41.0
-21.0
-36.0
-15.0
14.0
2.0
16.0
6.0
-2.0
22.0
37.0
46.0
42.0
7.0
0.0
-37.0
-28.0
-17.0
-30.0
-46.0
-123.0
-156.0
-67.0
-50.0
56.0
10.0
-136.0
-141.0
-68.0
-30.0
-24.0
46.0
84.0
139.0
62.0
5.0
-13.0
-22.0
25.0
-86.0
-7.0
0.0
62.0
10.0
18.0
55.0
-3.0
-9.0
47.0
37.0
-17.0
-79.0
-75.0
-72.0
-35.0
-44.0
-37.0
-35.0
-10.0
-2.0
26.0
-13.0
22.0
44.0
66.0
107.0
88.0
80.0
31.0
89.0
88.0
90.0
48.0
79.0
44.0
0.0
4.0
3.0
-22.0
-97.0
-74.0
-121.0
-119.0
-82.0
-23.0
-2.0
18.0
22.0
49.0
59.0
122.0
95.0
80.0
64.0
45.0
51.0
18.0
18.0
46.0
61.0
79.0
112.0
63.0
46.0
26.0
61.0
37.0
35.0
23.0
-37.0
-62.0
-42.0
-33.0
-41.0
-46.0
-29.0
-69.0
-61.0
-63.0
-89.0
-109.0
-105.0
-137.0
-111.0
-133.0
-155.0
-173.0
-172.0
-177.0
-133.0
-127.0
-111.0
-66.0
-56.0
-18.0
48.0
42.0
50.0
98.0
105.0
85.0
98.0
123.0
119.0
123.0
100.0
148.0
145.0
132.0
90.0
66.0
8.0
-9.0
-37.0
-51.0
-162.0
-140.0
-133.0
-57.0
-46.0
-27.0
-27.0
-42.0
-30.0
-44.0
-53.0
-54.0
-59.0
-51.0
-45.0
-39.0
-51.0
-23.0
-26.0
-15.0
-83.0
-37.0
-38.0
-40.0
-54.0
-58.0
-101.0
-94.0
-33.0
-125.0
-81.0
-53.0
-51.0
-26.0
-3.0
30.0
27.0
44.0
59.0
98.0
99.0
74.0
73.0
31.0
34.0
75.0
74.0
78.0
67.0
110.0
104.0
107.0
107.0
105.0
97.0
50.0
53.0
49.0
22.0
16.0
7.0
-8.0
-12.0
-62.0
-114.0
-111.0
-115.0
-39.0
-21.0
-32.0
-78.0
-35.0
-33.0
-21.0
-3.0
-19.0
-75.0
-45.0
-74.0
-61.0
-52.0
-31.0
-35.0
-28.0
33.0
-26.0
-134.0
-136.0
-123.0
-97.0
-90.0
-67.0
-65.0
-57.0
-32.0
50.0
94.0
59.0
37.0
95.0
185.0
174.0
162.0
175.0
108.0
98.0
44.0
-30.0
-76.0
-35.0
40.0
53.0
46.0
62.0
40.0
41.0
65.0
112.0
96.0
59.0
101.0
21.0
17.0
33.0
51.0
-10.0
-9.0
-75.0
-134.0
-148.0
-182.0
-158.0
-161.0
-113.0
-39.0
-18.0
22.0
95.0
109.0
125.0
136.0
138.0
144.0
119.0
113.0
122.0
83.0
23.0
24.0
25.0
46.0
-7.0
1.0
-7.0
-12.0
6.0
-74.0
-84.0
-101.0
-134.0
-166.0
-143.0
-136.0
-168.0
-156.0
-176.0
-212.0
-173.0
-179.0
-213.0
-194.0
-145.0
-144.0
-97.0
-30.0
8.0
53.0
93.0
122.0
117.0
143.0
124.0
124.0
122.0
136.0
104.0
62.0
84.0
46.0
25.0
-4.0
-18.0
-32.0
-52.0
-84.0
-93.0
-118.0
-88.0
-85.0
-91.0
-85.0
-76.0
-74.0
-50.0
-43.0
-56.0
-59.0
-29.0
7.0
6.0
-18.0
20.0
21.0
6.0
-26.0
9.0
-5.0
-35.0
-50.0
-48.0
-42.0
-68.0
-68.0
-53.0
-124.0
-100.0
-48.0
-9.0
6.0
-23.0
-4.0
-25.0
-29.0
10.0
58.0
73.0
113.0
142.0
128.0
96.0
60.0
62.0
47.0
96.0
91.0
102.0
80.0
50.0
5.0
-38.0
-57.0
-55.0
-57.0
-52.0
-44.0
-15.0
6.0
27.0
69.0
52.0
28.0
4.0
2.0
21.0
41.0
37.0
0.0
13.0
34.0
8.0
42.0
9.0
6.0
11.0
-31.0
-44.0
-61.0
-147.0
-121.0
-77.0
-78.0
3.0
4.0
22.0
16.0
71.0
56.0
114.0
160.0
210.0
142.0
138.0
138.0
104.0
75.0
31.0
57.0
5.0
-31.0
8.0
-24.0
-98.0
-98.0
-115.0
-142.0
-107.0
-108.0
-62.0
3.0
-19.0
-30.0
2.0
-4.0
59.0
27.0
27.0
75.0
71.0
-36.0
4.0
43.0
36.0
33.0
11.0
-5.0
-71.0
-134.0
-146.0
-114.0
-94.0
-83.0
-22.0
-27.0
6.0
98.0
49.0
103.0
164.0
121.0
148.0
96.0
79.0
79.0
56.0
27.0
85.0
52.0
29.0
-2.0
-33.0
-42.0
-60.0
-62.0
-67.0
-91.0
-140.0
-94.0
-106.0
-89.0
-81.0
-78.0
-97.0
-96.0
-107.0
-67.0
-126.0
-175.0
-233.0
-190.0
-175.0
-151.0
-106.0
-103.0
-53.0
46.0
107.0
99.0
184.0
286.0
252.0
226.0
246.0
247.0
284.0
212.0
199.0
136.0
16.0
85.0
-63.0
-111.0
-53.0
-55.0
-76.0
-78.0
-104.0
-133.0
-195.0
-190.0
-152.0
-142.0
-128.0
-132.0
-142.0
-206.0
-216.0
-202.0
-196.0
-206.0
-131.0
-79.0
-1.0
15.0
81.0
188.0
222.0
236.0
230.0
212.0
219.0
181.0
175.0
180.0
161.0
155.0
138.0
136.0
53.0
-48.0
-40.0
-77.0
-78.0
-79.0
-57.0
-79.0
-82.0
-88.0
-74.0
-59.0
-53.0
-62.0
-33.0
-28.0
-49.0
-72.0
-97.0
-115.0
-77.0
-121.0
-135.0
-164.0
-162.0
-157.0
-165.0
-126.0
-92.0
-12.0
23.0
75.0
87.0
83.0
94.0
107.0
134.0
202.0
217.0
212.0
163.0
156.0
131.0
71.0
48.0
44.0
-3.0
-15.0
-22.0
-41.0
-94.0
-107.0
-116.0
-138.0
-177.0
-179.0
-170.0
-154.0
-120.0
-121.0
-64.0
-35.0
-36.0
-43.0
-41.0
-41.0
-17.0
-17.0
1.0
-75.0
-130.0
-90.0
-61.0
-111.0
-113.0
-114.0
-75.0
7.0
77.0
93.0
154.0
209.0
187.0
190.0
201.0
194.0
187.0
195.0
186.0
143.0
109.0
86.0
44.0
31.0
-1.0
0.0
18.0
-10.0
-65.0
-97.0
-105.0
-107.0
-127.0
-69.0
-103.0
-93.0
-115.0
-117.0
-112.0
-141.0
-119.0
-112.0
-135.0
-98.0
-45.0
-47.0
-62.0
-76.0
-87.0
-109.0
-154.0
-143.0
-129.0
-116.0
-57.0
-49.0
-17.0
14.0
112.0
51.0
118.0
181.0
163.0
141.0
134.0
132.0
94.0
57.0
82.0
83.0
105.0
159.0
114.0
82.0
70.0
68.0
79.0
70.0
87.0
41.0
60.0
54.0
-22.0
-20.0
17.0
32.0
38.0
-10.0
14.0
-29.0
-32.0
-31.0
-90.0
-76.0
-76.0
-71.0
-71.0
-88.0
-96.0
-144.0
-137.0
-45.0
-95.0
-60.0
-155.0
-166.0
-85.0
-9.0
112.0
157.0
92.0
35.0
-1.0
-40.0
-33.0
-28.0
13.0
-31.0
-84.0
-102.0
-84.0
-140.0
-110.0
-66.0
-61.0
-54.0
-8.0
18.0
30.0
77.0
63.0
76.0
79.0
63.0
71.0
72.0
59.0
40.0
-23.0
-11.0
-12.0
7.0
-28.0
15.0
28.0
28.0
37.0
70.0
115.0
111.0
76.0
72.0
60.0
38.0
64.0
68.0
70.0
27.0
-18.0
-52.0
-30.0
-59.0
-70.0
-64.0
-76.0
-73.0
-38.0
-85.0
-85.0
-82.0
-38.0
-27.0
-22.0
-58.0
-61.0
-56.0
-74.0
-29.0
-29.0
-40.0
-58.0
-42.0
-54.0
-45.0
-23.0
-15.0
4.0
-42.0
-34.0
-6.0
-14.0
-20.0
6.0
8.0
0.0
-4.0
-98.0
-31.0
9.0
16.0
30.0
14.0
-9.0
26.0
46.0
42.0
43.0
26.0
-4.0
-46.0
-4.0
-61.0
-78.0
-124.0
-151.0
-160.0
-150.0
-205.0
-157.0
-102.0
-47.0
10.0
73.0
161.0
209.0
206.0
232.0
245.0
275.0
305.0
287.0
260.0
275.0
193.0
160.0
153.0
162.0
118.0
87.0
102.0
45.0
-2.0
-32.0
-65.0
-114.0
-110.0
-102.0
-123.0
-122.0
-127.0
-109.0
-112.0
-125.0
-115.0
-100.0
-101.0
-107.0
-99.0
-124.0
-182.0
-234.0
-253.0
-154.0
-184.0
-157.0
-157.0
-90.0
-31.0
17.0
104.0
101.0
138.0
138.0
148.0
136.0
138.0
177.0
110.0
68.0
65.0
49.0
-10.0
55.0
79.0
52.0
54.0
68.0
108.0
132.0
122.0
103.0
66.0
98.0
104.0
91.0
80.0
65.0
-6.0
-31.0
-56.0
-46.0
-99.0
-154.0
-228.0
-250.0
-251.0
-212.0
-153.0
-132.0
-110.0
-24.0
-4.0
-9.0
-52.0
10.0
12.0
137.0
120.0
87.0
10.0
-52.0
-89.0
-88.0
-78.0
24.0
30.0
28.0
-26.0
-79.0
-71.0
-106.0
-90.0
-31.0
-83.0
-90.0
-90.0
-82.0
-82.0
-130.0
-92.0
-31.0
-57.0
-135.0
-180.0
-221.0
-215.0
-225.0
-114.0
-40.0
17.0
19.0
79.0
151.0
148.0
212.0
213.0
134.0
147.0
172.0
142.0
133.0
148.0
148.0
120.0
88.0
82.0
50.0
-15.0
-15.0
-83.0
-104.0
-66.0
-69.0
-100.0
-119.0
-118.0
-104.0
-105.0
-117.0
-138.0
-78.0
-21.0
17.0
45.0
47.0
39.0
66.0
68.0
79.0
134.0
117.0
115.0
65.0
84.0
68.0
80.0
68.0
72.0
53.0
-10.0
-37.0
-77.0
-88.0
-119.0
-161.0
-168.0
-188.0
-147.0
-98.0
-48.0
-30.0
8.0
60.0
116.0
195.0
180.0
178.0
169.0
164.0
123.0
102.0
130.0
104.0
10.0
-8.0
5.0
19.0
-57.0
-14.0
-32.0
-24.0
-2.0
-44.0
6.0
15.0
8.0
-9.0
-57.0
-2.0
20.0
-62.0
-120.0
-94.0
-86.0
-99.0
-115.0
-147.0
-119.0
-105.0
-83.0
-144.0
-118.0
-82.0
33.0
69.0
68.0
48.0
39.0
35.0
40.0
12.0
38.0
32.0
43.0
7.0
8.0
-19.0
-34.0
-65.0
-104.0
-84.0
-55.0
-52.0
-21.0
50.0
48.0
34.0
78.0
53.0
92.0
74.0
119.0
98.0
16.0
28.0
30.0
11.0
9.0
24.0
-5.0
30.0
-35.0
-64.0
-85.0
-62.0
-63.0
-10.0
-27.0
9.0
23.0
31.0
17.0
50.0
51.0
59.0
52.0
22.0
-20.0
-48.0
-46.0
-27.0
-30.0
-4.0
-12.0
-17.0
-22.0
-28.0
-71.0
-49.0
-59.0
-69.0
-60.0
-26.0
-13.0
-23.0
-18.0
-31.0
-16.0
-10.0
-18.0
-69.0
-101.0
-113.0
-79.0
-76.0
-61.0
-7.0
-58.0
-35.0
61.0
115.0
122.0
62.0
49.0
4.0
12.0
45.0
57.0
57.0
-2.0
2.0
6.0
-14.0
26.0
41.0
37.0
15.0
-12.0
-41.0
-50.0
-121.0
-55.0
-21.0
-9.0
-36.0
-29.0
-59.0
-31.0
-28.0
-20.0
-98.0
-152.0
-176.0
-119.0
-81.0
-79.0
-38.0
44.0
95.0
121.0
172.0
246.0
274.0
241.0
193.0
182.0
163.0
171.0
101.0
77.0
126.0
58.0
36.0
11.0
-29.0
-40.0
-33.0
-45.0
-106.0
-79.0
-100.0
-102.0
-155.0
-135.0
-156.0
-169.0
-185.0
-161.0
-152.0
-132.0
-147.0
-108.0
-37.0
28.0
25.0
19.0
19.0
-31.0
2.0
-7.0
27.0
-16.0
-12.0
-5.0
9.0
11.0
-7.0
2.0
26.0
44.0
27.0
20.0
61.0
41.0
29.0
35.0
29.0
1.0
41.0
66.0
45.0
65.0
10.0
-38.0
-6.0
-9.0
6.0
-42.0
-24.0
-23.0
-14.0
-49.0
-32.0
-53.0
-76.0
-78.0
-75.0
-38.0
-29.0
-12.0
27.0
57.0
37.0
59.0
59.0
61.0
79.0
81.0
63.0
22.0
21.0
14.0
27.0
44.0
18.0
24.0
6.0
3.0
-8.0
20.0
-24.0
-47.0
-67.0
-61.0
-42.0
-46.0
-17.0
-33.0
-20.0
-55.0
-90.0
-85.0
-77.0
-64.0
-22.0
-17.0
14.0
-10.0
-18.0
-6.0
14.0
47.0
27.0
17.0
54.0
50.0
63.0
49.0
72.0
26.0
9.0
7.0
30.0
0.0
0.0
7.0
-41.0
-121.0
-99.0
-107.0
24.0
60.0
51.0
7.0
-15.0
-27.0
6.0
-29.0
-21.0
-13.0
50.0
30.0
-11.0
-12.0
-21.0
-15.0
1.0
11.0
3.0
-26.0
-48.0
-9.0
50.0
51.0
53.0
47.0
49.0
17.0
22.0
14.0
-28.0
-45.0
-17.0
-54.0
-20.0
-23.0
33.0
2.0
82.0
23.0
6.0
46.0
66.0
53.0
24.0
26.0
40.0
43.0
27.0
23.0
-21.0
-62.0
-44.0
-32.0
-59.0
-58.0
-49.0
-42.0
-59.0
-49.0
-99.0
-86.0
-111.0
-125.0
-98.0
-89.0
-75.0
-80.0
-7.0
-8.0
-49.0
8.0
40.0
78.0
87.0
94.0
114.0
77.0
92.0
103.0
48.0
30.0
23.0
2.0
-13.0
-10.0
-56.0
-62.0
-68.0
-102.0
-40.0
5.0
55.0
79.0
53.0
39.0
19.0
-7.0
34.0
24.0
52.0
73.0
76.0
77.0
66.0
73.0
32.0
44.0
81.0
52.0
31.0
8.0
-29.0
-41.0
-59.0
-63.0
-53.0
-57.0
-69.0
-50.0
-138.0
-66.0
-56.0
-104.0
-120.0
-118.0
-121.0
-114.0
-108.0
-98.0
-56.0
-20.0
-5.0
28.0
61.0
65.0
75.0
119.0
85.0
139.0
89.0
93.0
13.0
19.0
-16.0
-15.0
-75.0
-91.0
-88.0
-122.0
-20.0
-18.0
24.0
28.0
64.0
67.0
34.0
-4.0
2.0
-24.0
6.0
45.0
-15.0
-64.0
-53.0
-44.0
-60.0
-78.0
-101.0
-31.0
12.0
10.0
21.0
17.0
-4.0
-10.0
28.0
-12.0
91.0
13.0
-81.0
-102.0
-32.0
-48.0
-48.0
-45.0
34.0
6.0
-42.0
-87.0
-79.0
-81.0
-70.0
-51.0
-22.0
-23.0
-68.0
-42.0
38.0
0.0
-33.0
81.0
26.0
21.0
51.0
54.0
30.0
12.0
22.0
29.0
41.0
-58.0
-92.0
-2.0
-6.0
-1.0
3.0
86.0
37.0
-11.0
11.0
51.0
16.0
46.0
31.0
35.0
20.0
13.0
18.0
-10.0
38.0
52.0
9.0
8.0
11.0
11.0
0.0
-9.0
37.0
32.0
54.0
-9.0
-10.0
4.0
0.0
-2.0
16.0
-31.0
-25.0
-21.0
-85.0
-23.0
34.0
40.0
7.0
11.0
32.0
-18.0
-50.0
-17.0
-21.0
-51.0
-33.0
17.0
-3.0
-1.0
-45.0
-73.0
-87.0
-160.0
-202.0
-177.0
-71.0
1.0
52.0
47.0
16.0
2.0
81.0
99.0
141.0
174.0
176.0
221.0
201.0
204.0
171.0
174.0
154.0
60.0
-2.0
-19.0
-63.0
-56.0
-12.0
-10.0
-4.0
-50.0
-24.0
-10.0
-18.0
-30.0
-100.0
-147.0
-163.0
-161.0
-210.0
-149.0
-82.0
-72.0
26.0
37.0
54.0
82.0
113.0
118.0
72.0
50.0
28.0
50.0
79.0
65.0
17.0
44.0
-7.0
-3.0
-47.0
-122.0
-147.0
-129.0
-117.0
-121.0
-158.0
-63.0
19.0
21.0
34.0
58.0
17.0
70.0
80.0
57.0
41.0
25.0
-7.0
-12.0
2.0
-2.0
90.0
75.0
25.0
36.0
33.0
26.0
-21.0
-18.0
51.0
77.0
30.0
-22.0
16.0
-1.0
-32.0
-43.0
-105.0
-108.0
-103.0
-154.0
-160.0
-136.0
-124.0
-100.0
-73.0
-62.0
-35.0
-32.0
31.0
0.0
46.0
31.0
67.0
81.0
28.0
105.0
-12.0
-5.0
-76.0
-55.0
-98.0
-75.0
-47.0
-114.0
-121.0
-65.0
-39.0
-37.0
-27.0
17.0
24.0
23.0
55.0
14.0
-14.0
-46.0
-17.0
-16.0
-12.0
-32.0
-15.0
-4.0
22.0
51.0
54.0
103.0
47.0
44.0
47.0
67.0
9.0
6.0
-50.0
-76.0
-19.0
-105.0
-89.0
-92.0
-45.0
0.0
22.0
13.0
44.0
75.0
76.0
66.0
62.0
60.0
112.0
97.0
57.0
39.0
21.0
76.0
80.0
63.0
62.0
66.0
9.0
16.0
31.0
-14.0
-9.0
-5.0
-16.0
-51.0
-124.0
-128.0
-160.0
-144.0
-121.0
-83.0
-57.0
-50.0
-8.0
-10.0
21.0
20.0
43.0
27.0
23.0
44.0
98.0
98.0
110.0
88.0
-2.0
-3.0
43.0
36.0
-37.0
-96.0
-109.0
-103.0
-81.0
-134.0
-123.0
-125.0
-101.0
-123.0
-104.0
-100.0
-93.0
-52.0
-28.0
-46.0
-28.0
-31.0
-99.0
-37.0
33.0
62.0
54.0
10.0
41.0
43.0
47.0
45.0
59.0
71.0
-14.0
-20.0
-24.0
-5.0
-20.0
-74.0
-80.0
-84.0
-50.0
-89.0
-102.0
-127.0
-99.0
-45.0
36.0
83.0
135.0
131.0
144.0
109.0
94.0
75.0
76.0
63.0
42.0
15.0
75.0
78.0
95.0
105.0
-35.0
-73.0
-54.0
93.0
176.0
131.0
93.0
91.0
75.0
74.0
-72.0
-84.0
-50.0
-26.0
12.0
-21.0
-33.0
-40.0
-13.0
-19.0
-15.0
15.0
-9.0
2.0
4.0
4.0
68.0
69.0
67.0
96.0
84.0
29.0
35.0
32.0
35.0
39.0
13.0
12.0
-13.0
-22.0
-53.0
-45.0
-52.0
-92.0
-78.0
-85.0
-98.0
-101.0
-93.0
-29.0
-29.0
-45.0
-73.0
-25.0
-10.0
-1.0
-35.0
-37.0
-64.0
-57.0
-70.0
-22.0
-13.0
18.0
-8.0
19.0
-23.0
-20.0
-11.0
-71.0
-24.0
-48.0
-70.0
-96.0
-87.0
-75.0
-137.0
-128.0
-121.0
-100.0
-36.0
63.0
104.0
53.0
-43.0
-134.0
-114.0
-111.0
-58.0
11.0
45.0
78.0
97.0
144.0
184.0
118.0
133.0
127.0
162.0
127.0
131.0
120.0
105.0
99.0
78.0
46.0
68.0
58.0
70.0
26.0
-10.0
-42.0
-63.0
-58.0
-74.0
-80.0
-90.0
-76.0
-64.0
-91.0
-57.0
-21.0
-30.0
-69.0
-83.0
-76.0
-51.0
-49.0
24.0
7.0
9.0
-24.0
-59.0
-33.0
-48.0
26.0
-26.0
-38.0
-3.0
77.0
76.0
45.0
79.0
37.0
24.0
41.0
19.0
23.0
10.0
76.0
67.0
105.0
146.0
48.0
3.0
-26.0
-94.0
-102.0
-43.0
49.0
-144.0
-238.0
-187.0
-17.0
26.0
28.0
27.0
27.0
11.0
-53.0
-90.0
-56.0
9.0
107.0
95.0
70.0
63.0
70.0
-8.0
-27.0
2.0
7.0
-56.0
-63.0
-42.0
-22.0
13.0
12.0
72.0
59.0
67.0
41.0
76.0
48.0
31.0
16.0
11.0
16.0
25.0
35.0
37.0
3.0
3.0
-36.0
-80.0
-51.0
-66.0
-71.0
-20.0
9.0
15.0
3.0
-11.0
16.0
17.0
-7.0
-22.0
-11.0
-15.0
12.0
18.0
7.0
-20.0
-2.0
51.0
43.0
22.0
17.0
32.0
39.0
35.0
5.0
-5.0
4.0
-83.0
-93.0
-116.0
-122.0
-110.0
-156.0
-131.0
-81.0
-82.0
-77.0
27.0
15.0
58.0
59.0
-31.0
7.0
-44.0
40.0
46.0
-6.0
30.0
3.0
-62.0
-55.0
-66.0
-17.0
-56.0
-64.0
-71.0
-95.0
-130.0
-91.0
-118.0
-122.0
-138.0
-97.0
-9.0
-1.0
37.0
63.0
113.0
155.0
116.0
114.0
114.0
109.0
75.0
80.0
94.0
75.0
35.0
-40.0
-1.0
2.0
68.0
46.0
36.0
-76.0
-46.0
-53.0
-91.0
-103.0
-159.0
-160.0
-191.0
-170.0
-66.0
-31.0
-12.0
48.0
42.0
95.0
132.0
126.0
136.0
208.0
169.0
107.0
132.0
135.0
38.0
-43.0
-140.0
-138.0
-109.0
-20.0
-47.0
8.0
110.0
98.0
-22.0
-70.0
22.0
37.0
59.0
27.0
23.0
126.0
153.0
95.0
96.0
36.0
11.0
15.0
-50.0
-102.0
-131.0
-194.0
-213.0
-168.0
-117.0
-138.0
-128.0
-131.0
-66.0
6.0
23.0
52.0
47.0
-5.0
8.0
44.0
57.0
56.0
29.0
25.0
3.0
0.0
2.0
38.0
90.0
37.0
25.0
19.0
20.0
-73.0
-82.0
-57.0
-17.0
-59.0
-47.0
-50.0
-53.0
-60.0
1.0
-42.0
-40.0
-42.0
-56.0
-29.0
-11.0
-70.0
-31.0
-35.0
-114.0
-146.0
-131.0
-157.0
-116.0
-103.0
-31.0
9.0
29.0
31.0
65.0
77.0
83.0
95.0
138.0
134.0
122.0
85.0
49.0
37.0
17.0
85.0
49.0
23.0
-24.0
-90.0
-96.0
-70.0
-177.0
-175.0
-127.0
-44.0
-45.0
39.0
91.0
83.0
105.0
65.0
58.0
44.0
77.0
66.0
57.0
49.0
9.0
31.0
60.0
37.0
-35.0
-38.0
-63.0
-85.0
-86.0
-57.0
-96.0
-157.0
-136.0
-31.0
21.0
14.0
9.0
-34.0
-25.0
2.0
30.0
30.0
-13.0
5.0
25.0
30.0
75.0
61.0
87.0
12.0
37.0
15.0
-36.0
-17.0
-45.0
-46.0
-71.0
-116.0
-125.0
-73.0
0.0
32.0
100.0
123.0
118.0
110.0
126.0
110.0
137.0
75.0
64.0
113.0
104.0
88.0
17.0
11.0
43.0
31.0
-8.0
2.0
-42.0
-59.0
-115.0
-180.0
-106.0
-119.0
-85.0
-84.0
-64.0
-196.0
-215.0
-163.0
-170.0
-175.0
-58.0
-68.0
-18.0
-6.0
18.0
46.0
60.0
75.0
31.0
36.0
77.0
65.0
53.0
-12.0
15.0
18.0
56.0
89.0
114.0
-8.0
6.0
13.0
7.0
8.0
76.0
53.0
3.0
-14.0
-24.0
-26.0
-63.0
-51.0
-38.0
-53.0
-53.0
-21.0
56.0
119.0
110.0
117.0
123.0
117.0
47.0
91.0
49.0
76.0
-32.0
-103.0
-33.0
39.0
12.0
10.0
-42.0
-155.0
-93.0
-134.0
-84.0
-112.0
-127.0
-98.0
-91.0
-82.0
-91.0
-4.0
-27.0
-20.0
22.0
-44.0
-79.0
-52.0
-17.0
-17.0
-14.0
23.0
26.0
-18.0
-68.0
-21.0
26.0
28.0
41.0
40.0
18.0
66.0
56.0
-27.0
-63.0
-112.0
-99.0
-93.0
-103.0
-103.0
-78.0
-39.0
-23.0
75.0
110.0
108.0
138.0
155.0
175.0
182.0
167.0
155.0
146.0
109.0
78.0
82.0
100.0
69.0
36.0
44.0
-8.0
-41.0
-97.0
-113.0
-87.0
-70.0
-79.0
-22.0
15.0
20.0
6.0
-21.0
14.0
10.0
-20.0
-24.0
-63.0
-44.0
-63.0
-67.0
-48.0
-35.0
-117.0
-45.0
-69.0
15.0
29.0
23.0
-6.0
-5.0
23.0
26.0
22.0
40.0
13.0
52.0
-4.0
-33.0
-53.0
-57.0
-75.0
-66.0
-77.0
-61.0
-27.0
-15.0
-34.0
-17.0
14.0
15.0
97.0
103.0
126.0
136.0
107.0
58.0
49.0
49.0
94.0
100.0
67.0
74.0
30.0
34.0
48.0
-9.0
-57.0
22.0
-1.0
-5.0
-37.0
-59.0
-51.0
-35.0
-84.0
-88.0
-86.0
-94.0
-113.0
-110.0
-79.0
-152.0
-207.0
-186.0
-148.0
-112.0
-156.0
-136.0
-88.0
-87.0
-10.0
80.0
84.0
134.0
123.0
94.0
75.0
144.0
133.0
129.0
120.0
87.0
57.0
37.0
76.0
64.0
31.0
-99.0
-86.0
-89.0
-59.0
-70.0
-106.0
-117.0
-102.0
-20.0
11.0
42.0
-3.0
-10.0
44.0
76.0
110.0
76.0
32.0
2.0
92.0
38.0
-2.0
-3.0
27.0
-2.0
-74.0
-93.0
-106.0
-163.0
-135.0
-136.0
-83.0
-82.0
-79.0
-46.0
-10.0
66.0
119.0
157.0
178.0
170.0
146.0
138.0
121.0
107.0
93.0
23.0
58.0
65.0
18.0
-26.0
-44.0
-46.0
8.0
-10.0
-28.0
-13.0
-26.0
-29.0
-74.0
-79.0
-90.0
-86.0
-140.0
-138.0
-105.0
-119.0
-127.0
-110.0
-154.0
-67.0
-30.0
-25.0
-32.0
-7.0
-51.0
-2.0
42.0
-2.0
-12.0
-4.0
-1.0
6.0
-32.0
-13.0
-18.0
-9.0
-25.0
-69.0
-27.0
-68.0
-34.0
-33.0
57.0
85.0
60.0
27.0
4.0
82.0
137.0
142.0
149.0
151.0
84.0
8.0
-21.0
36.0
3.0
1.0
4.0
-41.0
-27.0
-37.0
-41.0
-66.0
-36.0
-31.0
5.0
-35.0
-29.0
-60.0
-107.0
-110.0
-113.0
-67.0
-127.0
-102.0
-61.0
-79.0
-76.0
-102.0
-80.0
-81.0
-84.0
-127.0
-44.0
19.0
-23.0
39.0
114.0
123.0
149.0
148.0
187.0
194.0
166.0
136.0
132.0
117.0
82.0
56.0
56.0
54.0
40.0
9.0
-52.0
-38.0
-36.0
-77.0
-79.0
-24.0
-3.0
2.0
-34.0
-37.0
-63.0
-39.0
32.0
28.0
29.0
23.0
4.0
5.0
-43.0
-34.0
-9.0
14.0
-7.0
-30.0
-53.0
-42.0
-62.0
-59.0
-62.0
-100.0
-67.0
13.0
-17.0
4.0
27.0
-36.0
-8.0
-7.0
-2.0
-38.0
-22.0
-37.0
-35.0
-19.0
-15.0
-61.0
-43.0
-44.0
-1.0
17.0
24.0
-10.0
44.0
-17.0
-71.0
-43.0
1.0
3.0
-16.0
-5.0
35.0
12.0
-5.0
26.0
11.0
6.0
18.0
14.0
-14.0
-23.0
-75.0
-127.0
-135.0
-63.0
-67.0
-4.0
-46.0
-49.0
11.0
59.0
84.0
59.0
89.0
144.0
158.0
163.0
183.0
178.0
304.0
250.0
179.0
158.0
59.0
51.0
93.0
70.0
94.0
94.0
84.0
30.0
-25.0
-20.0
30.0
35.0
-37.0
-25.0
-98.0
-108.0
-85.0
-94.0
-78.0
-76.0
-51.0
-85.0
-88.0
-82.0
-36.0
-30.0
-50.0
-72.0
-18.0
-41.0
-10.0
-54.0
-55.0
22.0
30.0
35.0
0.0
8.0
-7.0
-27.0
4.0
17.0
6.0
-42.0
-28.0
-28.0
-40.0
-42.0
-24.0
12.0
-32.0
-98.0
-108.0
-67.0
-73.0
-72.0
-42.0
-30.0
-31.0
-46.0
9.0
-6.0
-14.0
8.0
-30.0
-38.0
-59.0
-85.0
-54.0
-19.0
53.0
3.0
6.0
44.0
16.0
12.0
3.0
32.0
-6.0
12.0
88.0
148.0
92.0
80.0
111.0
93.0
59.0
42.0
43.0
-19.0
-47.0
-31.0
-58.0
-66.0
-147.0
-151.0
-159.0
-79.0
-52.0
-34.0
38.0
4.0
45.0
40.0
19.0
18.0
19.0
107.0
69.0
21.0
-22.0
3.0
3.0
37.0
3.0
7.0
-7.0
-66.0
-99.0
-51.0
52.0
38.0
18.0
7.0
-46.0
-42.0
-39.0
-14.0
39.0
22.0
-15.0
-1.0
46.0
21.0
15.0
24.0
28.0
-40.0
42.0
14.0
19.0
-13.0
19.0
-53.0
-96.0
-97.0
-91.0
-43.0
-44.0
-40.0
-58.0
-17.0
-15.0
17.0
19.0
26.0
-24.0
-26.0
3.0
3.0
9.0
-2.0
-71.0
1.0
-35.0
-32.0
-2.0
-63.0
-28.0
-87.0
-85.0
-34.0
20.0
40.0
21.0
25.0
82.0
93.0
136.0
61.0
27.0
30.0
33.0
45.0
70.0
74.0
66.0
30.0
58.0
20.0
45.0
30.0
-13.0
-22.0
20.0
9.0
-47.0
-59.0
-62.0
-42.0
-55.0
-60.0
-59.0
-39.0
-117.0
-120.0
-120.0
-67.0
-32.0
-20.0
2.0
-42.0
-29.0
-21.0
22.0
28.0
10.0
82.0
81.0
6.0
13.0
63.0
42.0
15.0
-17.0
-35.0
-47.0
-66.0
-33.0
-32.0
5.0
55.0
71.0
77.0
53.0
48.0
93.0
1.0
41.0
51.0
41.0
-14.0
17.0
-26.0
-54.0
-43.0
-53.0
-64.0
-49.0
-33.0
-1.0
24.0
11.0
-2.0
-7.0
-6.0
24.0
68.0
66.0
6.0
-18.0
-76.0
-7.0
-74.0
-34.0
-32.0
-66.0
-93.0
-99.0
-41.0
19.0
66.0
70.0
-4.0
-17.0
-11.0
-75.0
-30.0
9.0
13.0
-23.0
-35.0
-110.0
-101.0
-34.0
-29.0
-79.0
-56.0
-85.0
-97.0
-35.0
-7.0
-79.0
-5.0
-109.0
-99.0
-96.0
-66.0
-93.0
-29.0
-2.0
-49.0
-35.0
-38.0
-78.0
-79.0
-96.0
-51.0
-4.0
-21.0
-6.0
23.0
38.0
28.0
57.0
68.0
40.0
77.0
163.0
166.0
133.0
82.0
108.0
96.0
144.0
142.0
98.0
54.0
37.0
69.0
114.0
74.0
52.0
32.0
-41.0
-48.0
-71.0
-94.0
-95.0
-73.0
-113.0
-106.0
-129.0
-24.0
-71.0
-69.0
-17.0
-47.0
-54.0
-61.0
-112.0
-125.0
-132.0
-86.0
-65.0
-64.0
-83.0
-84.0
8.0
8.0
72.0
82.0
69.0
34.0
86.0
96.0
221.0
193.0
167.0
165.0
162.0
213.0
167.0
136.0
117.0
121.0
100.0
45.0
-13.0
-17.0
-59.0
-60.0
-86.0
-177.0
-167.0
-163.0
-101.0
-66.0
-55.0
-34.0
-62.0
-83.0
-47.0
-85.0
-55.0
-50.0
-50.0
-55.0
-57.0
-107.0
-77.0
-47.0
-64.0
-22.0
-52.0
-57.0
-55.0
-79.0
-34.0
-45.0
-33.0
9.0
13.0
-1.0
-22.0
-21.0
-19.0
15.0
33.0
-33.0
-55.0
-15.0
12.0
-65.0
-68.0
-73.0
-63.0
-93.0
-52.0
-59.0
-82.0
-55.0
-2.0
69.0
103.0
107.0
150.0
136.0
118.0
146.0
146.0
142.0
163.0
118.0
147.0
150.0
125.0
60.0
0.0
-45.0
-54.0
-63.0
-54.0
-2.0
28.0
20.0
48.0
44.0
48.0
50.0
54.0
92.0
97.0
80.0
100.0
97.0
60.0
18.0
27.0
-12.0
2.0
33.0
-28.0
-109.0
-146.0
-156.0
-143.0
-120.0
-57.0
-42.0
-71.0
-34.0
45.0
31.0
36.0
26.0
54.0
74.0
-42.0
-44.0
-20.0
-1.0
-16.0
-8.0
-58.0
-62.0
30.0
-68.0
-61.0
19.0
-53.0
-73.0
-48.0
8.0
-22.0
-28.0
0.0
-14.0
-4.0
-54.0
-59.0
-62.0
-12.0
-12.0
4.0
6.0
-7.0
31.0
-30.0
-118.0
-60.0
-24.0
-13.0
21.0
-83.0
-90.0
-94.0
-37.0
44.0
52.0
66.0
33.0
16.0
3.0
-42.0
-39.0
14.0
35.0
-28.0
-19.0
18.0
-86.0
-68.0
-16.0
-10.0
-21.0
-39.0
-55.0
-41.0
-94.0
-63.0
-38.0
3.0
44.0
26.0
25.0
31.0
134.0
125.0
85.0
77.0
40.0
32.0
89.0
27.0
22.0
36.0
-5.0
21.0
-28.0
-81.0
-140.0
-183.0
-165.0
-128.0
-117.0
-60.0
-41.0
-46.0
-38.0
-12.0
14.0
82.0
127.0
109.0
105.0
160.0
194.0
172.0
129.0
134.0
105.0
105.0
35.0
34.0
35.0
-34.0
-36.0
-78.0
-92.0
-82.0
-68.0
-82.0
-101.0
-83.0
-83.0
-121.0
-127.0
-101.0
-83.0
-95.0
-100.0
-132.0
-86.0
-41.0
-39.0
-28.0
-47.0
-49.0
3.0
41.0
101.0
27.0
22.0
23.0
33.0
33.0
110.0
100.0
21.0
-4.0
42.0
22.0
-65.0
-42.0
-41.0
6.0
-84.0
-30.0
-92.0
-50.0
-94.0
-64.0
-55.0
-18.0
-14.0
-20.0
3.0
-63.0
-94.0
-104.0
-15.0
15.0
25.0
51.0
51.0
34.0
25.0
22.0
46.0
53.0
-28.0
-34.0
31.0
98.0
100.0
91.0
86.0
43.0
36.0
35.0
5.0
-42.0
-43.0
-111.0
-111.0
-145.0
-111.0
-82.0
-93.0
-72.0
30.0
71.0
119.0
202.0
209.0
187.0
188.0
203.0
147.0
141.0
193.0
69.0
31.0
96.0
92.0
106.0
28.0
11.0
4.0
18.0
-11.0
-101.0
-71.0
-86.0
-88.0
-46.0
-29.0
-44.0
-80.0
-98.0
-137.0
-96.0
-107.0
-150.0
-159.0
-188.0
-170.0
-131.0
-154.0
-179.0
-147.0
-114.0
-77.0
-61.0
-65.0
-16.0
63.0
107.0
96.0
123.0
168.0
152.0
179.0
106.0
100.0
102.0
86.0
93.0
32.0
-18.0
-84.0
-143.0
-53.0
11.0
5.0
-23.0
-4.0
-44.0
-74.0
-141.0
-81.0
-22.0
-45.0
-31.0
-27.0
-70.0
-40.0
46.0
49.0
36.0
5.0
23.0
75.0
82.0
85.0
43.0
111.0
56.0
47.0
49.0
5.0
1.0
-78.0
2.0
-6.0
10.0
-21.0
-23.0
-16.0
-10.0
11.0
-10.0
-58.0
11.0
8.0
-23.0
-57.0
-98.0
-104.0
-113.0
-78.0
-75.0
-49.0
-75.0
-80.0
-74.0
-26.0
-25.0
21.0
15.0
-34.0
-16.0
35.0
83.0
86.0
38.0
34.0
3.0
-25.0
-39.0
-76.0
-62.0
39.0
33.0
34.0
47.0
8.0
-7.0
51.0
111.0
89.0
72.0
28.0
47.0
46.0
32.0
59.0
64.0
53.0
23.0
4.0
-67.0
-59.0
-69.0
-59.0
-48.0
-41.0
-42.0
-48.0
-29.0
-57.0
13.0
16.0
-58.0
-58.0
-38.0
16.0
13.0
17.0
-40.0
-6.0
-6.0
-47.0
-43.0
-46.0
-52.0
-107.0
-121.0
-116.0
-117.0
-38.0
-8.0
-42.0
53.0
50.0
35.0
69.0
91.0
70.0
128.0
104.0
70.0
120.0
82.0
84.0
56.0
-27.0
-47.0
-48.0
-69.0
-31.0
-29.0
-44.0
17.0
24.0
86.0
29.0
102.0
95.0
149.0
147.0
122.0
132.0
95.0
82.0
50.0
9.0
-19.0
-7.0
-33.0
-89.0
-46.0
-71.0
-85.0
-92.0
-102.0
-148.0
-109.0
-115.0
-144.0
-190.0
-217.0
-210.0
-173.0
-171.0
-86.0
-17.0
43.0
45.0
105.0
157.0
176.0
222.0
198.0
195.0
156.0
189.0
168.0
165.0
123.0
76.0
17.0
1.0
-46.0
-48.0
-52.0
-90.0
-91.0
-120.0
-159.0
-180.0
-142.0
-89.0
-134.0
-139.0
-149.0
-167.0
-148.0
-112.0
-114.0
-112.0
-82.0
-78.0
-58.0
-56.0
-26.0
-2.0
7.0
-29.0
-52.0
-45.0
-49.0
20.0
30.0
34.0
45.0
-23.0
1.0
60.0
3.0
15.0
35.0
-13.0
-13.0
-17.0
-44.0
-18.0
46.0
74.0
15.0
55.0
71.0
70.0
102.0
97.0
81.0
31.0
-37.0
-27.0
13.0
58.0
51.0
10.0
-43.0
-44.0
-93.0
-28.0
-25.0
-15.0
39.0
-1.0
-29.0
-9.0
-76.0
-84.0
-62.0
-58.0
-128.0
-163.0
-149.0
-71.0
-75.0
0.0
18.0
20.0
41.0
73.0
130.0
175.0
186.0
122.0
189.0
177.0
84.0
85.0
134.0
112.0
136.0
68.0
50.0
26.0
76.0
11.0
30.0
29.0
18.0
9.0
-18.0
-49.0
4.0
-18.0
-33.0
-93.0
-100.0
-103.0
-79.0
-94.0
-107.0
-96.0
-125.0
-133.0
-99.0
-70.0
-56.0
-53.0
-37.0
4.0
4.0
5.0
-46.0
-44.0
-33.0
9.0
-44.0
-47.0
2.0
-1.0
-7.0
-46.0
-75.0
-63.0
-64.0
21.0
-9.0
-19.0
-103.0
-107.0
-158.0
-122.0
-141.0
-75.0
-20.0
-17.0
69.0
78.0
145.0
247.0
312.0
275.0
269.0
277.0
278.0
226.0
174.0
172.0
159.0
67.0
25.0
36.0
-24.0
-65.0
-77.0
-131.0
-159.0
-155.0
-246.0
-218.0
-174.0
-130.0
-122.0
-71.0
26.0
57.0
55.0
56.0
132.0
157.0
157.0
63.0
57.0
45.0
8.0
22.0
-79.0
-91.0
-165.0
-112.0
-76.0
-28.0
3.0
7.0
-91.0
-93.0
26.0
27.0
67.0
6.0
8.0
-40.0
12.0
-39.0
-34.0
-43.0
-38.0
-28.0
-30.0
-38.0
-65.0
-48.0
-52.0
-76.0
-157.0
-167.0
-115.0
-114.0
-99.0
-122.0
-173.0
-141.0
-173.0
-165.0
-90.0
-69.0
-37.0
-30.0
-11.0
69.0
63.0
124.0
129.0
85.0
143.0
153.0
98.0
99.0
93.0
105.0
26.0
30.0
-64.0
-144.0
-165.0
-94.0
-52.0
-44.0
-24.0
5.0
24.0
64.0
176.0
142.0
146.0
172.0
136.0
140.0
145.0
106.0
76.0
49.0
48.0
22.0
-29.0
-70.0
4.0
-2.0
-52.0
-52.0
-13.0
-57.0
-38.0
-81.0
-90.0
-50.0
-75.0
-80.0
-75.0
-48.0
-97.0
-103.0
-153.0
-97.0
-85.0
-153.0
-109.0
-111.0
-91.0
-69.0
-92.0
-102.0
-69.0
12.0
-5.0
-20.0
-33.0
-41.0
-44.0
-61.0
-36.0
-9.0
-43.0
-49.0
-57.0
-52.0
0.0
-1.0
36.0
106.0
103.0
152.0
172.0
187.0
177.0
203.0
178.0
175.0
131.0
145.0
132.0
128.0
44.0
41.0
11.0
8.0
-74.0
-75.0
-66.0
-133.0
-101.0
-134.0
-150.0
-188.0
-155.0
-86.0
-20.0
-21.0
-10.0
68.0
111.0
108.0
152.0
189.0
249.0
175.0
153.0
149.0
165.0
139.0
102.0
92.0
18.0
-6.0
-4.0
-11.0
-2.0
-8.0
-43.0
-70.0
-104.0
-42.0
-75.0
-96.0
-137.0
-100.0
-78.0
-76.0
-147.0
-119.0
-72.0
-138.0
-169.0
-162.0
-151.0
-108.0
-66.0
-69.0
-81.0
-104.0
-114.0
-26.0
36.0
30.0
70.0
48.0
32.0
36.0
-15.0
49.0
77.0
92.0
69.0
88.0
51.0
10.0
1.0
2.0
-34.0
-26.0
-31.0
-8.0
-41.0
-81.0
-141.0
-75.0
8.0
16.0
33.0
93.0
119.0
65.0
82.0
79.0
-3.0
-34.0
-24.0
-21.0
52.0
22.0
-57.0
21.0
61.0
77.0
101.0
-18.0
24.0
23.0
-27.0
-55.0
-34.0
-39.0
19.0
43.0
71.0
51.0
61.0
61.0
71.0
77.0
87.0
84.0
74.0
1.0
2.0
-38.0
-5.0
-4.0
-58.0
-88.0
-6.0
-39.0
-8.0
-34.0
-1.0
-43.0
-34.0
-36.0
-99.0
-78.0
-22.0
-24.0
-9.0
-85.0
-73.0
-79.0
-105.0
-104.0
-110.0
-129.0
-117.0
-55.0
-67.0
22.0
-6.0
77.0
175.0
178.0
155.0
92.0
76.0
90.0
68.0
80.0
112.0
97.0
88.0
89.0
115.0
70.0
-10.0
23.0
60.0
17.0
-38.0
-58.0
-37.0
-38.0
-52.0
-34.0
-22.0
-54.0
-76.0
-119.0
-88.0
-84.0
-79.0
-77.0
-65.0
-77.0
-87.0
-129.0
-58.0
-69.0
-70.0
-11.0
-55.0
-52.0
-19.0
-53.0
-8.0
26.0
-18.0
-90.0
-161.0
-166.0
-50.0
-43.0
18.0
63.0
55.0
100.0
107.0
157.0
152.0
138.0
138.0
135.0
134.0
104.0
71.0
114.0
105.0
20.0
-42.0
-40.0
-71.0
-65.0
-57.0
-73.0
-90.0
-91.0
-50.0
-65.0
-37.0
-27.0
-41.0
-33.0
-39.0
2.0
-37.0
-75.0
-76.0
-113.0
-190.0
-167.0
-107.0
-107.0
-64.0
45.0
96.0
195.0
135.0
155.0
138.0
94.0
112.0
115.0
94.0
-6.0
-50.0
-44.0
31.0
93.0
108.0
61.0
-1.0
0.0
-10.0
-102.0
-201.0
-232.0
-160.0
-195.0
-145.0
-149.0
-83.0
-75.0
33.0
13.0
-33.0
41.0
57.0
100.0
53.0
27.0
46.0
50.0
78.0
4.0
-22.0
-52.0
22.0
80.0
54.0
66.0
26.0
13.0
-23.0
-13.0
-41.0
-3.0
-46.0
-57.0
-10.0
23.0
32.0
32.0
-9.0
-20.0
-16.0
-18.0
-16.0
-50.0
-69.0
-42.0
-74.0
-81.0
-34.0
-8.0
-25.0
22.0
36.0
69.0
59.0
66.0
117.0
118.0
156.0
126.0
123.0
13.0
-3.0
34.0
33.0
-15.0
-29.0
-33.0
-66.0
-44.0
-46.0
-74.0
-8.0
13.0
-39.0
-15.0
28.0
21.0
-54.0
-59.0
19.0
6.0
-59.0
6.0
-68.0
-141.0
-83.0
-83.0
-62.0
-104.0
-88.0
-100.0
-53.0
4.0
-18.0
-66.0
-31.0
-37.0
-28.0
-22.0
36.0
15.0
47.0
98.0
54.0
47.0
-29.0
-27.0
-40.0
-46.0
-56.0
-47.0
-26.0
37.0
44.0
2.0
49.0
49.0
81.0
51.0
-6.0
37.0
97.0
76.0
95.0
18.0
-33.0
-26.0
-35.0
-24.0
-18.0
-86.0
-80.0
14.0
-85.0
-120.0
-119.0
-110.0
9.0
4.0
41.0
81.0
12.0
-21.0
19.0
96.0
83.0
80.0
-18.0
-63.0
-83.0
-27.0
-42.0
-9.0
-55.0
-76.0
-107.0
-111.0
-37.0
77.0
0.0
24.0
4.0
74.0
106.0
91.0
108.0
107.0
98.0
101.0
48.0
37.0
73.0
9.0
-43.0
-64.0
-81.0
-79.0
-84.0
-68.0
-110.0
-109.0
-19.0
67.0
-83.0
-186.0
14.0
17.0
31.0
74.0
24.0
24.0
27.0
18.0
23.0
24.0
-3.0
-3.0
19.0
-9.0
-107.0
-104.0
-101.0
-83.0
-36.0
-33.0
-26.0
-26.0
-6.0
7.0
68.0
95.0
137.0
166.0
109.0
94.0
162.0
171.0
79.0
65.0
-8.0
-53.0
-19.0
-27.0
16.0
-32.0
7.0
14.0
2.0
-46.0
-5.0
-51.0
-89.0
3.0
66.0
71.0
17.0
20.0
22.0
-24.0
-91.0
-84.0
-115.0
-70.0
-79.0
-23.0
-18.0
-9.0
-9.0
-44.0
-25.0
5.0
-29.0
-44.0
-73.0
-109.0
-48.0
-48.0
-67.0
-53.0
-50.0
-33.0
-17.0
-8.0
-1.0
30.0
3.0
-7.0
13.0
59.0
38.0
31.0
6.0
46.0
12.0
-27.0
-27.0
-21.0
-44.0
-34.0
-10.0
-55.0
-63.0
-69.0
-10.0
-7.0
21.0
18.0
51.0
16.0
15.0
52.0
-15.0
-42.0
13.0
53.0
124.0
129.0
-4.0
27.0
-13.0
26.0
38.0
-8.0
-13.0
19.0
55.0
56.0
91.0
69.0
25.0
27.0
34.0
18.0
-9.0
-43.0
-68.0
-63.0
18.0
73.0
19.0
-10.0
15.0
-6.0
-11.0
-70.0
-83.0
-79.0
-64.0
-4.0
-13.0
-11.0
-57.0
-21.0
-47.0
-24.0
51.0
49.0
51.0
-1.0
-25.0
-3.0
-8.0
-86.0
-150.0
-90.0
-4.0
-9.0
38.0
44.0
65.0
-6.0
-58.0
-59.0
-70.0
-162.0
-133.0
-129.0
-26.0
44.0
114.0
85.0
91.0
112.0
51.0
-46.0
-76.0
-78.0
-103.0
-76.0
-81.0
9.0
21.0
-25.0
10.0
58.0
48.0
47.0
37.0
142.0
106.0
96.0
71.0
66.0
53.0
29.0
0.0
-1.0
56.0
103.0
53.0
70.0
9.0
8.0
34.0
42.0
-13.0
-13.0
-31.0
-40.0
-31.0
-72.0
-77.0
-57.0
-81.0
-135.0
-118.0
-121.0
-98.0
-33.0
-96.0
-137.0
-156.0
-179.0
-182.0
-154.0
-133.0
-135.0
-72.0
-108.0
-48.0
28.0
81.0
175.0
177.0
152.0
248.0
243.0
277.0
192.0
150.0
124.0
76.0
5.0
30.0
62.0
14.0
13.0
37.0
-28.0
-72.0
-82.0
-93.0
-65.0
-141.0
-168.0
-73.0
-70.0
-43.0
-117.0
-138.0
-134.0
-122.0
-136.0
-77.0
-91.0
-23.0
-28.0
-16.0
-18.0
33.0
-1.0
-4.0
56.0
113.0
62.0
51.0
48.0
55.0
-3.0
16.0
123.0
40.0
33.0
50.0
-2.0
-46.0
-49.0
-73.0
-79.0
-83.0
-41.0
-35.0
-30.0
-25.0
-33.0
-25.0
-23.0
7.0
110.0
123.0
55.0
45.0
69.0
95.0
60.0
30.0
28.0
72.0
65.0
59.0
-15.0
-46.0
35.0
39.0
-84.0
-107.0
-109.0
-137.0
-140.0
-144.0
-112.0
-122.0
-58.0
-14.0
25.0
131.0
136.0
46.0
68.0
146.0
158.0
188.0
90.0
32.0
50.0
81.0
82.0
156.0
65.0
-13.0
-5.0
-50.0
-113.0
-107.0
-46.0
15.0
15.0
-97.0
-137.0
-105.0
-83.0
-87.0
-133.0
-98.0
-54.0
-29.0
-40.0
-123.0
-50.0
12.0
-5.0
-40.0
-3.0
-28.0
-64.0
-75.0
-74.0
-73.0
-3.0
103.0
105.0
29.0
34.0
72.0
61.0
4.0
6.0
47.0
47.0
86.0
58.0
56.0
36.0
38.0
-1.0
-31.0
-32.0
-116.0
-120.0
-66.0
15.0
24.0
11.0
7.0
-21.0
-52.0
-47.0
-72.0
-99.0
-99.0
-96.0
-73.0
-65.0
-71.0
2.0
-3.0
-1.0
34.0
82.0
53.0
41.0
104.0
86.0
79.0
62.0
98.0
97.0
92.0
78.0
17.0
-38.0
-34.0
12.0
11.0
-21.0
-52.0
-55.0
-39.0
-36.0
-26.0
-28.0
-34.0
-58.0
-48.0
-81.0
-78.0
-77.0
-35.0
-76.0
-90.0
-68.0
0.0
-21.0
-3.0
-61.0
-7.0
-5.0
-45.0
-37.0
-11.0
3.0
33.0
-26.0
2.0
22.0
6.0
5.0
-35.0
-35.0
-169.0
-189.0
-84.0
-50.0
28.0
39.0
15.0
12.0
-5.0
109.0
-6.0
-6.0
-6.0
0.0
63.0
92.0
109.0
105.0
132.0
103.0
96.0
28.0
33.0
44.0
36.0
-14.0
23.0
18.0
54.0
17.0
-62.0
14.0
73.0
112.0
26.0
8.0
-35.0
-30.0
-12.0
-24.0
33.0
28.0
60.0
95.0
71.0
-8.0
-17.0
-25.0
10.0
4.0
-15.0
-81.0
-29.0
-15.0
-41.0
-66.0
-17.0
-8.0
32.0
32.0
53.0
50.0
22.0
59.0
50.0
75.0
35.0
39.0
52.0
77.0
0.0
-6.0
-4.0
-9.0
16.0
-66.0
-45.0
-55.0
-81.0
-52.0
-28.0
-24.0
-46.0
-100.0
-138.0
-112.0
5.0
5.0
-60.0
-125.0
-52.0
-76.0
-59.0
46.0
56.0
-28.0
-64.0
-77.0
-20.0
-17.0
77.0
-43.0
-123.0
-79.0
-117.0
-99.0
-124.0
-123.0
-39.0
43.0
35.0
74.0
113.0
77.0
100.0
144.0
173.0
173.0
183.0
158.0
149.0
99.0
84.0
135.0
106.0
39.0
31.0
39.0
-90.0
-17.0
46.0
-8.0
-94.0
-179.0
-134.0
-128.0
-156.0
-147.0
-68.0
4.0
69.0
48.0
13.0
-6.0
6.0
41.0
36.0
37.0
14.0
-13.0
23.0
31.0
-61.0
3.0
18.0
-6.0
-17.0
-18.0
-20.0
10.0
29.0
-15.0
-34.0
-39.0
22.0
-7.0
-29.0
-37.0
-47.0
-72.0
-65.0
-64.0
-98.0
-124.0
-109.0
-87.0
-122.0
-122.0
-114.0
-38.0
6.0
-67.0
-80.0
-79.0
-48.0
-1.0
-12.0
-21.0
1.0
26.0
22.0
-36.0
-63.0
-68.0
-35.0
21.0
12.0
9.0
39.0
-24.0
-70.0
-111.0
-153.0
-156.0
-158.0
-97.0
-35.0
-34.0
26.0
28.0
99.0
148.0
84.0
218.0
260.0
225.0
249.0
250.0
218.0
165.0
150.0
109.0
112.0
100.0
92.0
92.0
29.0
18.0
-87.0
-158.0
-189.0
-219.0
-137.0
-90.0
-17.0
-7.0
-17.0
-18.0
29.0
19.0
47.0
79.0
91.0
52.0
58.0
81.0
131.0
129.0
85.0
100.0
120.0
123.0
-34.0
-54.0
-22.0
34.0
7.0
3.0
-121.0
-198.0
-172.0
-95.0
-105.0
-170.0
-115.0
-174.0
-187.0
-189.0
-162.0
-109.0
-89.0
0.0
22.0
4.0
7.0
67.0
55.0
57.0
73.0
94.0
134.0
130.0
77.0
18.0
28.0
16.0
10.0
12.0
44.0
43.0
-3.0
-107.0
-140.0
-188.0
-167.0
-120.0
-90.0
-89.0
-36.0
-65.0
-24.0
15.0
90.0
109.0
132.0
87.0
109.0
112.0
86.0
78.0
99.0
83.0
78.0
115.0
43.0
8.0
-66.0
-63.0
-39.0
-15.0
-81.0
-81.0
-116.0
-110.0
-124.0
-117.0
-106.0
-106.0
-57.0
-52.0
1.0
-25.0
-8.0
-39.0
-27.0
15.0
-30.0
-28.0
-10.0
-17.0
-50.0
30.0
66.0
20.0
-41.0
-99.0
-91.0
-108.0
-79.0
-71.0
-53.0
-5.0
19.0
2.0
-17.0
-36.0
-85.0
-89.0
-68.0
60.0
110.0
159.0
-47.0
-130.0
15.0
7.0
126.0
115.0
60.0
-2.0
83.0
117.0
104.0
104.0
4.0
24.0
29.0
33.0
-42.0
7.0
-44.0
-60.0
52.0
98.0
78.0
117.0
66.0
67.0
88.0
43.0
41.0
63.0
50.0
-9.0
-54.0
-46.0
-74.0
-73.0
-100.0
-87.0
-81.0
-160.0
-65.0
-13.0
-9.0
14.0
-5.0
-11.0
41.0
45.0
87.0
50.0
-22.0
39.0
14.0
41.0
10.0
13.0
-4.0
-33.0
-76.0
-144.0
-130.0
-82.0
-103.0
-16.0
-6.0
-1.0
20.0
-14.0
-1.0
37.0
45.0
51.0
16.0
20.0
23.0
27.0
28.0
-16.0
-5.0
-24.0
-36.0
-69.0
-116.0
-112.0
-92.0
-89.0
-88.0
-52.0
-56.0
-53.0
-10.0
-23.0
-54.0
-79.0
-69.0
-81.0
-83.0
-54.0
-81.0
-68.0
-1.0
34.0
-4.0
-39.0
-38.0
-32.0
-39.0
20.0
17.0
31.0
6.0
-25.0
27.0
58.0
80.0
84.0
89.0
45.0
117.0
27.0
-9.0
-33.0
25.0
-7.0
57.0
52.0
60.0
84.0
35.0
28.0
-25.0
-58.0
-77.0
-89.0
-69.0
-71.0
-53.0
-106.0
-90.0
-27.0
20.0
88.0
157.0
146.0
166.0
175.0
235.0
230.0
119.0
73.0
46.0
49.0
30.0
62.0
33.0
25.0
45.0
22.0
38.0
-4.0
13.0
31.0
-18.0
-70.0
-60.0
-52.0
-28.0
48.0
-5.0
-49.0
-46.0
-83.0
-78.0
-74.0
33.0
28.0
11.0
-107.0
-123.0
-208.0
-193.0
-203.0
-212.0
-150.0
-117.0
-115.0
-19.0
-20.0
-17.0
8.0
19.0
8.0
20.0
83.0
133.0
131.0
79.0
11.0
31.0
37.0
65.0
58.0
77.0
90.0
90.0
93.0
81.0
44.0
15.0
7.0
24.0
12.0
47.0
-15.0
-17.0
-23.0
-123.0
-116.0
-28.0
-28.0
-53.0
-47.0
19.0
-68.0
-43.0
-42.0
-16.0
-83.0
-44.0
-22.0
-47.0
-66.0
-4.0
14.0
13.0
11.0
59.0
-13.0
20.0
77.0
45.0
46.0
1.0
40.0
-11.0
-16.0
-63.0
3.0
18.0
21.0
-27.0
-23.0
-42.0
-9.0
31.0
29.0
8.0
-5.0
-29.0
-64.0
-152.0
-95.0
12.0
62.0
78.0
81.0
57.0
2.0
1.0
37.0
25.0
55.0
80.0
30.0
3.0
1.0
-24.0
-3.0
-5.0
-28.0
-53.0
-57.0
-32.0
-29.0
12.0
10.0
-18.0
-68.0
-94.0
-51.0
4.0
-40.0
-34.0
-31.0
-13.0
-6.0
-31.0
-38.0
-82.0
-103.0
-122.0
-168.0
-82.0
-40.0
-6.0
-8.0
15.0
30.0
104.0
111.0
115.0
159.0
158.0
187.0
171.0
179.0
243.0
213.0
158.0
151.0
63.0
28.0
-5.0
10.0
-27.0
-29.0
-97.0
-117.0
-117.0
-96.0
-110.0
-130.0
-68.0
-63.0
-95.0
-90.0
31.0
89.0
83.0
40.0
-26.0
-17.0
-45.0
-42.0
-29.0
-29.0
11.0
52.0
28.0
-45.0
-28.0
-50.0
-23.0
-68.0
-73.0
-77.0
-61.0
11.0
64.0
11.0
-32.0
20.0
46.0
-19.0
-81.0
-83.0
-70.0
-101.0
-53.0
-21.0
7.0
-8.0
53.0
88.0
62.0
57.0
37.0
5.0
-58.0
-15.0
-1.0
76.0
82.0
44.0
-1.0
-2.0
-57.0
-20.0
15.0
11.0
-55.0
-112.0
19.0
96.0
36.0
34.0
12.0
-29.0
-138.0
-110.0
-26.0
-28.0
-32.0
-25.0
-8.0
-12.0
-29.0
-30.0
-83.0
-70.0
-25.0
-18.0
23.0
11.0
40.0
39.0
54.0
11.0
30.0
56.0
64.0
55.0
-12.0
35.0
29.0
34.0
103.0
57.0
3.0
-98.0
-119.0
-81.0
-84.0
-153.0
-44.0
-39.0
5.0
-19.0
21.0
6.0
70.0
95.0
119.0
119.0
103.0
101.0
91.0
78.0
42.0
-72.0
-106.0
-64.0
-16.0
-58.0
-64.0
-63.0
-37.0
9.0
72.0
122.0
84.0
6.0
53.0
40.0
87.0
81.0
1.0
2.0
-40.0
-33.0
-50.0
-53.0
-17.0
-35.0
-72.0
-70.0
-102.0
-110.0
-119.0
-117.0
-145.0
-122.0
-119.0
-24.0
14.0
13.0
-17.0
-65.0
-36.0
-26.0
29.0
-17.0
-19.0
-11.0
-60.0
-64.0
-26.0
19.0
56.0
17.0
-22.0
-64.0
-45.0
-56.0
-8.0
-6.0
42.0
36.0
32.0
36.0
12.0
-5.0
-26.0
-18.0
-77.0
-81.0
-60.0
-2.0
17.0
29.0
58.0
70.0
51.0
-39.0
-91.0
-86.0
-63.0
-23.0
-12.0
19.0
23.0
70.0
65.0
96.0
129.0
127.0
92.0
37.0
15.0
-48.0
-20.0
48.0
50.0
30.0
64.0
58.0
21.0
61.0
83.0
60.0
-53.0
-61.0
-14.0
56.0
11.0
8.0
-94.0
-55.0
-20.0
-15.0
53.0
15.0
2.0
5.0
-60.0
-68.0
-60.0
-57.0
-64.0
-46.0
-61.0
-73.0
-110.0
-100.0
-140.0
-134.0
-59.0
-20.0
44.0
101.0
120.0
143.0
173.0
109.0
109.0
107.0
170.0
170.0
91.0
35.0
-11.0
45.0
69.0
10.0
13.0
18.0
4.0
-25.0
-64.0
-91.0
-124.0
-199.0
-157.0
-100.0
-85.0
-91.0
-102.0
-43.0
-110.0
-157.0
-176.0
-145.0
-218.0
-177.0
-72.0
-63.0
-17.0
-13.0
19.0
28.0
11.0
23.0
35.0
11.0
38.0
43.0
96.0
108.0
53.0
92.0
119.0
86.0
36.0
49.0
-10.0
-11.0
19.0
-23.0
-28.0
-34.0
-81.0
-41.0
54.0
108.0
124.0
125.0
141.0
71.0
43.0
63.0
82.0
93.0
46.0
-51.0
-116.0
-114.0
-44.0
5.0
39.0
17.0
17.0
-25.0
-35.0
-85.0
-97.0
-96.0
-169.0
-190.0
-163.0
-126.0
-60.0
-23.0
-35.0
-2.0
18.0
20.0
48.0
130.0
94.0
66.0
120.0
97.0
43.0
51.0
57.0
57.0
55.0
19.0
-22.0
-78.0
-121.0
-91.0
-36.0
28.0
28.0
35.0
39.0
38.0
63.0
53.0
-41.0
-49.0
-21.0
-20.0
0.0
-3.0
99.0
9.0
-70.0
-32.0
11.0
-74.0
-6.0
-26.0
-25.0
-24.0
59.0
33.0
8.0
-87.0
-268.0
-162.0
-80.0
-23.0
2.0
4.0
-52.0
-9.0
-75.0
-59.0
-97.0
-35.0
27.0
66.0
72.0
78.0
91.0
101.0
52.0
55.0
42.0
-13.0
15.0
9.0
-67.0
-75.0
-96.0
-157.0
-97.0
13.0
-29.0
-32.0
-110.0
-134.0
-58.0
-57.0
-11.0
14.0
95.0
50.0
70.0
-13.0
-1.0
56.0
39.0
31.0
12.0
20.0
76.0
127.0
169.0
212.0
141.0
122.0
149.0
150.0
107.0
53.0
-3.0
62.0
79.0
58.0
20.0
28.0
53.0
51.0
-5.0
-37.0
-43.0
-71.0
-71.0
-89.0
-115.0
-97.0
-85.0
-81.0
-92.0
-80.0
-69.0
-91.0
-96.0
-81.0
-90.0
-33.0
-25.0
-33.0
-120.0
-111.0
-135.0
-53.0
-110.0
-107.0
-65.0
-56.0
-89.0
-81.0
-53.0
3.0
-22.0
10.0
71.0
61.0
95.0
65.0
85.0
90.0
94.0
101.0
128.0
61.0
64.0
112.0
73.0
47.0
94.0
87.0
81.0
109.0
20.0
-57.0
-80.0
-49.0
-2.0
-19.0
-35.0
-41.0
-134.0
-186.0
-159.0
-207.0
-292.0
-280.0
-168.0
-48.0
25.0
19.0
73.0
83.0
218.0
224.0
221.0
245.0
218.0
253.0
225.0
223.0
196.0
121.0
179.0
109.0
1.0
28.0
30.0
14.0
-22.0
-18.0
20.0
29.0
39.0
31.0
81.0
34.0
29.0
-25.0
-43.0
-40.0
-67.0
-33.0
-52.0
-55.0
-94.0
-112.0
-112.0
-135.0
-149.0
-125.0
-113.0
-97.0
-81.0
-120.0
-119.0
-139.0
-138.0
-112.0
-182.0
-182.0
-125.0
-100.0
-150.0
-150.0
-83.0
-88.0
-86.0
28.0
60.0
52.0
96.0
102.0
27.0
153.0
158.0
144.0
75.0
54.0
44.0
51.0
65.0
54.0
17.0
46.0
38.0
37.0
51.0
39.0
15.0
12.0
10.0
-19.0
-26.0
-38.0
-88.0
-11.0
-73.0
-84.0
-92.0
-92.0
-128.0
-75.0
-47.0
-68.0
-92.0
-85.0
-1.0
-21.0
-35.0
-34.0
-9.0
-53.0
-133.0
-189.0
-181.0
-131.0
-146.0
-130.0
-27.0
-22.0
23.0
67.0
135.0
211.0
228.0
251.0
266.0
254.0
279.0
284.0
245.0
226.0
157.0
123.0
65.0
48.0
-9.0
-51.0
-101.0
-104.0
-102.0
-93.0
-77.0
-123.0
-110.0
-115.0
-101.0
-67.0
-85.0
-79.0
-103.0
-13.0
60.0
72.0
25.0
-2.0
19.0
-23.0
-84.0
-92.0
-98.0
-146.0
-166.0
-153.0
-193.0
-146.0
-91.0
-19.0
-18.0
-14.0
-2.0
-1.0
-14.0
62.0
67.0
111.0
138.0
158.0
125.0
129.0
136.0
46.0
92.0
18.0
5.0
14.0
36.0
4.0
18.0
22.0
-56.0
-94.0
-123.0
-179.0
-155.0
-63.0
-42.0
-47.0
-98.0
-101.0
-122.0
-101.0
-83.0
-96.0
-79.0
-47.0
-17.0
19.0
-63.0
-66.0
-21.0
74.0
85.0
73.0
44.0
93.0
78.0
103.0
24.0
22.0
3.0
-51.0
11.0
26.0
18.0
-35.0
-106.0
-70.0
-83.0
-83.0
-123.0
-52.0
-96.0
-55.0
62.0
57.0
89.0
126.0
20.0
31.0
5.0
102.0
130.0
83.0
47.0
115.0
68.0
36.0
26.0
18.0
1.0
-23.0
-16.0
-28.0
-33.0
-12.0
-3.0
-35.0
-35.0
-39.0
-50.0
-4.0
-30.0
-86.0
-89.0
-110.0
-102.0
-38.0
11.0
16.0
31.0
22.0
-17.0
-50.0
-45.0
24.0
22.0
46.0
61.0
70.0
79.0
108.0
38.0
8.0
25.0
-11.0
64.0
64.0
78.0
80.0
99.0
46.0
25.0
16.0
31.0
60.0
89.0
45.0
24.0
24.0
-97.0
-132.0
-85.0
-88.0
-39.0
63.0
84.0
-4.0
-10.0
-12.0
-48.0
-75.0
-32.0
-13.0
3.0
-27.0
-67.0
-70.0
-61.0
-60.0
-17.0
6.0
5.0
-52.0
-48.0
-86.0
11.0
92.0
69.0
68.0
21.0
61.0
60.0
17.0
45.0
46.0
37.0
0.0
-25.0
-30.0
48.0
27.0
-36.0
18.0
-7.0
-71.0
-84.0
-149.0
-206.0
-208.0
-219.0
-193.0
-118.0
-52.0
2.0
80.0
83.0
128.0
182.0
179.0
140.0
168.0
208.0
206.0
247.0
176.0
91.0
19.0
-25.0
-21.0
5.0
37.0
-29.0
-127.0
-62.0
44.0
79.0
27.0
-9.0
-14.0
-19.0
-79.0
-64.0
-54.0
-56.0
-154.0
-145.0
-128.0
-100.0
-97.0
-55.0
-87.0
-94.0
-90.0
-156.0
-125.0
-99.0
-82.0
-97.0
-93.0
-115.0
-184.0
-155.0
-134.0
-78.0
-39.0
-25.0
-4.0
45.0
44.0
35.0
10.0
20.0
44.0
58.0
49.0
97.0
87.0
81.0
79.0
72.0
53.0
-8.0
-20.0
53.0
19.0
-6.0
2.0
-18.0
-16.0
-20.0
27.0
100.0
21.0
-114.0
-126.0
-34.0
39.0
31.0
34.0
26.0
-18.0
-11.0
-22.0
-69.0
-142.0
-129.0
-75.0
7.0
14.0
62.0
61.0
60.0
66.0
41.0
18.0
-1.0
-48.0
-22.0
-26.0
5.0
66.0
113.0
86.0
94.0
100.0
118.0
109.0
169.0
163.0
138.0
84.0
60.0
52.0
54.0
29.0
15.0
-6.0
-44.0
-46.0
-38.0
-26.0
0.0
44.0
-19.0
16.0
26.0
60.0
65.0
62.0
0.0
-34.0
-57.0
-97.0
-104.0
-136.0
-114.0
-37.0
10.0
16.0
39.0
23.0
-43.0
-90.0
-54.0
-53.0
48.0
75.0
67.0
63.0
22.0
64.0
-12.0
-83.0
-96.0
-50.0
-29.0
-7.0
-26.0
-21.0
-25.0
-30.0
-79.0
-71.0
-21.0
-22.0
-55.0
-33.0
-67.0
-67.0
-31.0
-18.0
-63.0
-47.0
0.0
-16.0
-68.0
-42.0
-30.0
-34.0
-45.0
-100.0
-141.0
-195.0
-160.0
-101.0
-40.0
-81.0
12.0
13.0
85.0
146.0
157.0
160.0
123.0
224.0
234.0
195.0
164.0
163.0
168.0
105.0
73.0
16.0
51.0
16.0
5.0
-67.0
-95.0
-95.0
-61.0
-23.0
-51.0
-130.0
-97.0
-139.0
-127.0
-114.0
-146.0
-150.0
-125.0
-121.0
-116.0
-89.0
-152.0
-264.0
-257.0
-153.0
-42.0
-36.0
8.0
74.0
67.0
44.0
22.0
45.0
95.0
96.0
95.0
91.0
109.0
80.0
72.0
99.0
89.0
19.0
-5.0
-39.0
-27.0
-33.0
-19.0
-24.0
13.0
14.0
61.0
102.0
124.0
116.0
88.0
90.0
18.0
24.0
80.0
89.0
42.0
71.0
10.0
-60.0
-25.0
-19.0
-27.0
-37.0
12.0
-93.0
-191.0
-112.0
-74.0
-60.0
-34.0
-23.0
37.0
6.0
-11.0
-33.0
-44.0
-16.0
-27.0
37.0
48.0
41.0
36.0
-56.0
21.0
43.0
-12.0
-52.0
-19.0
-15.0
-38.0
-41.0
-69.0
-85.0
-56.0
20.0
26.0
-74.0
-93.0
-78.0
59.0
60.0
67.0
43.0
51.0
16.0
-26.0
-31.0
-40.0
-107.0
-112.0
-105.0
-36.0
-35.0
56.0
16.0
48.0
85.0
55.0
106.0
161.0
167.0
213.0
231.0
158.0
95.0
86.0
105.0
93.0
85.0
64.0
62.0
11.0
31.0
20.0
-28.0
28.0
24.0
-17.0
-29.0
-52.0
-52.0
-68.0
-93.0
-125.0
-127.0
-92.0
-81.0
-107.0
-99.0
-58.0
-52.0
-73.0
-54.0
-26.0
-15.0
-11.0
3.0
-3.0
-49.0
-13.0
-13.0
6.0
-29.0
14.0
-77.0
-127.0
-77.0
55.0
-28.0
-170.0
-159.0
-89.0
4.0
77.0
70.0
62.0
-11.0
-23.0
-39.0
6.0
4.0
-13.0
39.0
104.0
148.0
65.0
0.0
-14.0
-93.0
-34.0
-29.0
101.0
65.0
35.0
-7.0
28.0
23.0
54.0
69.0
79.0
88.0
85.0
34.0
26.0
-48.0
-98.0
-103.0
-104.0
-131.0
-107.0
-101.0
-34.0
-63.0
-97.0
-109.0
-61.0
-64.0
-73.0
-87.0
-92.0
-82.0
-32.0
30.0
21.0
41.0
61.0
73.0
7.0
24.0
102.0
103.0
94.0
30.0
-32.0
1.0
-15.0
3.0
34.0
90.0
93.0
90.0
104.0
122.0
91.0
66.0
62.0
61.0
133.0
123.0
74.0
78.0
19.0
-3.0
-27.0
-47.0
-76.0
-189.0
-123.0
-123.0
-46.0
-48.0
-54.0
-53.0
-5.0
-75.0
-78.0
-94.0
-104.0
-98.0
-156.0
-157.0
-165.0
-110.0
-70.0
-61.0
-50.0
12.0
55.0
89.0
109.0
117.0
131.0
109.0
82.0
77.0
193.0
170.0
45.0
40.0
-15.0
-9.0
-10.0
-15.0
3.0
-48.0
-63.0
-37.0
-59.0
-31.0
-53.0
-55.0
-84.0
-55.0
-84.0
-54.0
-41.0
-33.0
-68.0
-104.0
-91.0
-83.0
-50.0
9.0
34.0
28.0
-41.0
-78.0
-62.0
0.0
66.0
66.0
2.0
30.0
-13.0
-17.0
-8.0
5.0
-19.0
23.0
53.0
51.0
-63.0
37.0
91.0
142.0
126.0
73.0
54.0
49.0
51.0
51.0
12.0
11.0
-25.0
14.0
-2.0
13.0
-22.0
22.0
42.0
50.0
-31.0
-53.0
-118.0
-106.0
-81.0
-61.0
-46.0
-19.0
-8.0
-10.0
75.0
57.0
105.0
83.0
71.0
40.0
24.0
52.0
136.0
146.0
169.0
117.0
89.0
129.0
46.0
33.0
80.0
21.0
-64.0
-69.0
-60.0
-62.0
-58.0
-60.0
-179.0
-212.0
-149.0
-118.0
-87.0
-94.0
-21.0
3.0
-11.0
-14.0
-37.0
-24.0
-4.0
-61.0
-77.0
-74.0
-82.0
-38.0
-84.0
-80.0
-61.0
-13.0
-55.0
1.0
22.0
15.0
-32.0
-97.0
-97.0
-147.0
-53.0
-27.0
-40.0
-12.0
-37.0
-33.0
-53.0
-11.0
13.0
15.0
-20.0
1.0
0.0
-3.0
-7.0
-5.0
-43.0
-18.0
15.0
9.0
-13.0
53.0
-5.0
-4.0
-44.0
-42.0
4.0
-9.0
53.0
63.0
62.0
68.0
18.0
26.0
11.0
13.0
13.0
-9.0
-16.0
-62.0
-64.0
-77.0
-66.0
-73.0
15.0
23.0
60.0
75.0
94.0
111.0
81.0
35.0
37.0
45.0
52.0
49.0
95.0
22.0
75.0
74.0
6.0
-25.0
-21.0
-20.0
-16.0
-19.0
-53.0
-126.0
-133.0
-75.0
-9.0
23.0
-43.0
-75.0
-19.0
-14.0
5.0
35.0
132.0
138.0
119.0
99.0
86.0
101.0
37.0
36.0
36.0
-8.0
-25.0
-14.0
-22.0
-85.0
-71.0
-58.0
-112.0
-112.0
-75.0
-49.0
17.0
-26.0
29.0
29.0
76.0
90.0
65.0
65.0
-7.0
-10.0
65.0
-26.0
7.0
29.0
-36.0
-18.0
-48.0
-52.0
-58.0
-84.0
-153.0
-178.0
-131.0
-66.0
-66.0
-24.0
14.0
12.0
68.0
-62.0
12.0
-38.0
31.0
136.0
160.0
139.0
-25.0
-23.0
13.0
92.0
142.0
15.0
16.0
-60.0
-1.0
46.0
59.0
49.0
41.0
31.0
-45.0
-28.0
-53.0
-74.0
-110.0
-159.0
-125.0
-123.0
-88.0
-111.0
-48.0
-17.0
66.0
83.0
64.0
63.0
22.0
22.0
-27.0
-38.0
30.0
-5.0
-28.0
-28.0
4.0
7.0
15.0
20.0
31.0
101.0
125.0
147.0
162.0
133.0
159.0
120.0
85.0
85.0
48.0
45.0
21.0
-9.0
-2.0
-63.0
-66.0
-86.0
-80.0
-85.0
-84.0
-68.0
-96.0
-101.0
-115.0
-122.0
-85.0
-52.0
-50.0
-55.0
-130.0
-162.0
-140.0
-142.0
-115.0
-119.0
-10.0
-43.0
-79.0
-80.0
-88.0
-61.0
12.0
2.0
37.0
30.0
107.0
36.0
51.0
49.0
43.0
-37.0
19.0
-26.0
43.0
26.0
-33.0
40.0
66.0
68.0
62.0
68.0
37.0
-24.0
-7.0
44.0
7.0
31.0
-10.0
-16.0
-12.0
35.0
24.0
70.0
79.0
3.0
15.0
24.0
-35.0
-37.0
4.0
-40.0
-40.0
-20.0
-100.0
-77.0
15.0
35.0
12.0
13.0
15.0
42.0
83.0
97.0
31.0
34.0
12.0
-20.0
2.0
-5.0
36.0
39.0
15.0
-62.0
-69.0
-59.0
-94.0
-82.0
-59.0
-57.0
-37.0
-78.0
-74.0
-44.0
-16.0
34.0
75.0
107.0
57.0
58.0
46.0
66.0
35.0
77.0
62.0
46.0
5.0
-16.0
-58.0
-60.0
-44.0
-42.0
-91.0
-21.0
12.0
20.0
-32.0
-27.0
9.0
13.0
21.0
-22.0
-83.0
-85.0
-47.0
21.0
22.0
-51.0
-29.0
-28.0
-35.0
-60.0
-106.0
-146.0
-156.0
-88.0
-73.0
-70.0
-18.0
-24.0
55.0
69.0
85.0
121.0
72.0
87.0
29.0
52.0
104.0
115.0
118.0
166.0
192.0
127.0
57.0
13.0
63.0
83.0
62.0
54.0
5.0
-14.0
-54.0
-56.0
-184.0
-131.0
-119.0
-91.0
-62.0
-47.0
-138.0
-130.0
-117.0
-100.0
19.0
-58.0
-158.0
-179.0
-84.0
-85.0
13.0
-29.0
119.0
76.0
4.0
-54.0
46.0
-12.0
48.0
36.0
52.0
12.0
-10.0
-93.0
-56.0
-9.0
-49.0
-17.0
22.0
21.0
-16.0
-31.0
10.0
84.0
167.0
26.0
-25.0
-49.0
-1.0
1.0
-22.0
10.0
-40.0
-49.0
-118.0
18.0
5.0
-30.0
-97.0
-97.0
-66.0
-88.0
-31.0
-20.0
-26.0
-11.0
-9.0
44.0
-19.0
-34.0
54.0
91.0
118.0
80.0
86.0
88.0
64.0
30.0
51.0
50.0
74.0
119.0
-11.0
9.0
-25.0
58.0
-9.0
-20.0
34.0
24.0
89.0
-11.0
-31.0
52.0
46.0
48.0
-6.0
-17.0
8.0
-9.0
22.0
-37.0
-34.0
17.0
-49.0
-105.0
22.0
27.0
2.0
19.0
-105.0
-76.0
65.0
-22.0
-131.0
-23.0
-28.0
-70.0
-91.0
-58.0
-114.0
-63.0
-138.0
-136.0
-13.0
-40.0
-108.0
-33.0
60.0
59.0
7.0
106.0
130.0
64.0
128.0
47.0
74.0
101.0
42.0
53.0
114.0
85.0
68.0
101.0
59.0
88.0
-16.0
-33.0
96.0
102.0
30.0
-130.0
-53.0
15.0
-67.0
-5.0
-7.0
-46.0
1.0
-2.0
-62.0
-48.0
-53.0
-13.0
-59.0
-13.0
28.0
22.0
-16.0
-17.0
-88.0
48.0
19.0
-63.0
-57.0
91.0
8.0
18.0
-23.0
-36.0
-66.0
-8.0
-13.0
2.0
74.0
45.0
-99.0
0.0
25.0
22.0
-8.0
10.0
-38.0
41.0
-21.0
-38.0
-19.0
-6.0
41.0
13.0
-38.0
-26.0
-72.0
-4.0
53.0
-21.0
28.0
8.0
2.0
-5.0
-10.0
19.0
-16.0
-43.0
25.0
17.0
-40.0
168.0
-118.0
-108.0
-59.0
-75.0
81.0
159.0
-141.0
47.0
-28.0
-50.0
80.0
-99.0
-116.0
-103.0
107.0
66.0
106.0
49.0
145.0
140.0
296.0
252.0
227.0
189.0
142.0
155.0
131.0
61.0
52.0
58.0
45.0
28.0
-20.0
-80.0
-74.0
-58.0
-42.0
-129.0
-66.0
-74.0
-159.0
-203.0
-126.0
-181.0
-213.0
-219.0
-313.0
-313.0
-267.0
-271.0
-206.0
-189.0
-192.0
-56.0
-53.0
-68.0
58.0
26.0
77.0
34.0
85.0
103.0
144.0
141.0
72.0
109.0
63.0
50.0
92.0
79.0
109.0
137.0
40.0
48.0
53.0
47.0
37.0
-81.0
18.0
-50.0
45.0
37.0
-50.0
-138.0
-208.0
-170.0
-258.0
-177.0
-136.0
-57.0
12.0
-14.0
0.0
16.0
59.0
36.0
3.0
70.0
128.0
63.0
113.0
60.0
44.0
69.0
51.0
-10.0
59.0
1.0
65.0
42.0
-71.0
-62.0
-62.0
-26.0
-66.0
-11.0
-15.0
-60.0
-52.0
-9.0
-30.0
20.0
-59.0
-99.0
-46.0
-40.0
-70.0
-103.0
12.0
-58.0
-47.0
-15.0
-34.0
-79.0
-56.0
5.0
-101.0
-3.0
-46.0
54.0
17.0
21.0
-2.0
-30.0
-118.0
-45.0
1.0
-23.0
-93.0
-57.0
-75.0
-43.0
-75.0
-74.0
-66.0
28.0
65.0
14.0
-16.0
7.0
72.0
26.0
101.0
116.0
60.0
32.0
83.0
40.0
114.0
-12.0
8.0
38.0
15.0
108.0
107.0
16.0
63.0
75.0
-99.0
-31.0
44.0
14.0
45.0
56.0
59.0
18.0
49.0
-5.0
-24.0
10.0
-25.0
-16.0
57.0
60.0
-61.0
-131.0
-25.0
-15.0
-31.0
-75.0
-34.0
-113.0
16.0
-91.0
-131.0
-90.0
-117.0
-94.0
6.0
-58.0
-72.0
-44.0
16.0
-103.0
-12.0
33.0
169.0
71.0
-28.0
93.0
79.0
169.0
31.0
101.0
-29.0
114.0
105.0
69.0
136.0
160.0
79.0
9.0
109.0
75.0
52.0
38.0
36.0
9.0
7.0
-3.0
-15.0
-26.0
77.0
-44.0
5.0
25.0
-77.0
-43.0
121.0
189.0
200.0
179.0
59.0
-14.0
10.0
130.0
121.0
55.0
106.0
142.0
75.0
55.0
76.0
74.0
-1.0
39.0
-81.0
-98.0
-150.0
-118.0
-29.0
-40.0
-12.0
-313.0
-278.0
-313.0
-313.0
-191.0
313.0
313.0
313.0
313.0
313.0
313.0
313.0
313.0
313.0
313.0
6.0
-313.0
-313.0
-313.0
-313.0
-313.0
-313.0
-313.0
-313.0
-313.0
-313.0
-313.0
-313.0
-313.0
-313.0
-313.0
-313.0
-313.0
-313.0
-313.0
-313.0
-313.0
-313.0
-313.0
-313.0
-313.0
-313.0
-271.0
-210.0
-236.0
-187.0
-194.0
-113.0
-114.0
-104.0
-116.0
-105.0
-135.0
-175.0
-81.0
-8.0
-69.0
-87.0
-89.0
-34.0
-108.0
-102.0
-70.0
-106.0
-56.0
-71.0
-56.0
-87.0
-92.0
-62.0
-63.0
-2.0
-32.0
33.0
58.0
30.0
37.0
37.0
21.0
-42.0
-2.0
50.0
-28.0
4.0
37.0
-8.0
32.0
-56.0
-66.0
11.0
20.0
56.0
26.0
4.0
57.0
65.0
13.0
29.0
31.0
36.0
18.0
16.0
40.0
28.0
90.0
59.0
35.0
62.0
68.0
72.0
68.0
4.0
87.0
84.0
85.0
29.0
37.0
71.0
66.0
-18.0
42.0
77.0
69.0
89.0
17.0
87.0
48.0
15.0
9.0
84.0
76.0
133.0
103.0
46.0
30.0
33.0
36.0
-32.0
-33.0
-3.0
52.0
18.0
6.0
44.0
-47.0
-85.0
-14.0
-39.0
-41.0
-40.0
-65.0
-10.0
30.0
20.0
44.0
-58.0
19.0
-78.0
-76.0
52.0
58.0
108.0
293.0
313.0
306.0
215.0
177.0
187.0
215.0
100.0
43.0
-56.0
5.0
-13.0
-73.0
0.0
40.0
100.0
98.0
73.0
107.0
185.0
126.0
134.0
81.0
146.0
119.0
122.0
98.0
-4.0
-36.0
-96.0
-104.0
-114.0
-73.0
14.0
64.0
31.0
39.0
-75.0
28.0
110.0
56.0
48.0
0.0
42.0
123.0
68.0
55.0
-15.0
-46.0
-14.0
22.0
-27.0
-9.0
-32.0
-34.0
-105.0
-108.0
-165.0
-99.0
-285.0
-238.0
-313.0
-306.0
-313.0
-293.0
-313.0
-313.0
-300.0
-164.0
-127.0
-55.0
44.0
29.0
99.0
125.0
162.0
177.0
91.0
42.0
78.0
103.0
116.0
79.0
104.0
96.0
39.0
39.0
51.0
71.0
2.0
-94.0
-96.0
-26.0
-58.0
81.0
80.0
144.0
57.0
51.0
27.0
-44.0
-24.0
-111.0
-105.0
-43.0
24.0
39.0
112.0
107.0
101.0
201.0
252.0
313.0
313.0
274.0
313.0
265.0
241.0
257.0
126.0
243.0
154.0
132.0
79.0
116.0
30.0
2.0
32.0
-68.0
-15.0
-64.0
-107.0
-133.0
-131.0
-69.0
-103.0
-124.0
-237.0
-186.0
-209.0
-199.0
-166.0
-124.0
-280.0
-179.0
-190.0
-190.0
-166.0
-210.0
-171.0
-149.0
-89.0
-122.0
-105.0
-88.0
-98.0
-116.0
42.0
-64.0
301.0
313.0
313.0
313.0
313.0
313.0
313.0
313.0
313.0
313.0
313.0
313.0
179.0
32.0
-49.0
-48.0
-177.0
-150.0
-162.0
-292.0
-288.0
-303.0
-301.0
-290.0
-313.0
-313.0
-313.0
-313.0
-313.0
-313.0
-313.0
-313.0
-313.0
-313.0
-313.0
-295.0
-282.0
-291.0
-307.0
-313.0
-280.0
-245.0
-228.0
-230.0
-239.0
-279.0
-238.0
-290.0
-245.0
-240.0
-241.0
-188.0
-228.0
-209.0
-215.0
-148.0
-215.0
-183.0
-183.0
-219.0
-126.0
-127.0
-151.0
-173.0
-107.0
-125.0
-5.0
-3.0
151.0
161.0
155.0
313.0
214.0
313.0
313.0
295.0
213.0
191.0
219.0
161.0
216.0
155.0
131.0
86.0
34.0
44.0
42.0
39.0
48.0
4.0
-59.0
-71.0
-73.0
-95.0
-151.0
-205.0
-313.0
-293.0
-274.0
-249.0
-195.0
-217.0
-215.0
-256.0
-298.0
-298.0
-228.0
-241.0
-177.0
-230.0
-219.0
-74.0
-43.0
-2.0
52.0
55.0
-4.0
-27.0
80.0
14.0
33.0
-15.0
59.0
66.0
37.0
29.0
19.0
10.0
-63.0
-22.0
-5.0
16.0
1.0
-8.0
6.0
5.0
-78.0
-81.0
-40.0
-24.0
-44.0
-17.0
-66.0
-25.0
-17.0
-74.0
-90.0
-79.0
-116.0
-107.0
62.0
101.0
135.0
172.0
165.0
59.0
39.0
44.0
51.0
159.0
128.0
112.0
99.0
107.0
86.0
56.0
105.0
123.0
101.0
142.0
115.0
79.0
-32.0
-85.0
-93.0
-70.0
-111.0
-73.0
-118.0
-136.0
-101.0
-123.0
-34.0
36.0
31.0
2.0
63.0
75.0
26.0
56.0
35.0
72.0
62.0
160.0
125.0
181.0
123.0
136.0
157.0
134.0
125.0
84.0
32.0
-21.0
-24.0
-56.0
-128.0
-122.0
-212.0
-171.0
-145.0
-104.0
-97.0
-112.0
-162.0
-48.0
-43.0
-39.0
-41.0
7.0
0.0
6.0
19.0
-8.0
26.0
36.0
73.0
64.0
46.0
101.0
149.0
149.0
155.0
88.0
59.0
-21.0
56.0
47.0
116.0
170.0
157.0
180.0
90.0
79.0
81.0
-13.0
18.0
7.0
7.0
-65.0
-60.0
-112.0
-38.0
-111.0
-34.0
26.0
-23.0
-32.0
-51.0
40.0
33.0
-17.0
61.0
97.0
152.0
142.0
131.0
127.0
115.0
77.0
42.0
-53.0
-113.0
-73.0
-94.0
-116.0
-60.0
-50.0
-109.0
-64.0
-32.0
-20.0
17.0
-10.0
37.0
73.0
108.0
93.0
55.0
71.0
110.0
96.0
62.0
39.0
86.0
23.0
47.0
38.0
-10.0
9.0
-40.0
-45.0
-35.0
-17.0
-31.0
13.0
20.0
14.0
-29.0
-42.0
-37.0
-38.0
-38.0
-84.0
-23.0
-5.0
-47.0
-56.0
-116.0
-99.0
-147.0
-198.0
-173.0
-117.0
-72.0
-78.0
-75.0
-73.0
-89.0
-73.0
-23.0
31.0
16.0
78.0
74.0
99.0
122.0
128.0
66.0
-33.0
129.0
157.0
182.0
103.0
79.0
103.0
26.0
48.0
65.0
64.0
55.0
37.0
-11.0
-26.0
-39.0
-8.0
-19.0
-11.0
-63.0
-27.0
-45.0
-69.0
-55.0
-125.0
-27.0
-44.0
-45.0
-27.0
-86.0
-38.0
-23.0
-70.0
-81.0
-74.0
-94.0
-4.0
6.0
16.0
5.0
13.0
8.0
43.0
37.0
4.0
44.0
55.0
62.0
49.0
38.0
48.0
-5.0
22.0
-13.0
-34.0
-37.0
-61.0
-81.0
-93.0
-138.0
-168.0
-170.0
-117.0
-108.0
-90.0
-47.0
-11.0
44.0
31.0
43.0
38.0
59.0
33.0
55.0
18.0
81.0
122.0
117.0
101.0
113.0
83.0
129.0
76.0
68.0
61.0
49.0
53.0
-24.0
-29.0
-76.0
-25.0
41.0
26.0
37.0
21.0
39.0
-12.0
-28.0
-18.0
-55.0
-47.0
-32.0
-21.0
-29.0
-3.0
-33.0
-49.0
-64.0
-82.0
-102.0
-109.0
-129.0
-102.0
-72.0
-80.0
-42.0
-52.0
-31.0
-25.0
6.0
59.0
29.0
58.0
37.0
84.0
59.0
89.0
77.0
64.0
78.0
56.0
8.0
-101.0
-16.0
-25.0
-62.0
37.0
-35.0
-22.0
-35.0
-5.0
-7.0
36.0
6.0
8.0
-3.0
-13.0
65.0
50.0
5.0
-25.0
-47.0
-34.0
21.0
46.0
23.0
67.0
8.0
13.0
10.0
-14.0
52.0
20.0
1.0
3.0
-18.0
-6.0
-14.0
-3.0
16.0
-14.0
-40.0
-6.0
-15.0
-41.0
-20.0
-23.0
-79.0
-69.0
-33.0
-27.0
33.0
37.0
-8.0
-13.0
-20.0
12.0
14.0
9.0
8.0
30.0
28.0
15.0
-23.0
15.0
4.0
-37.0
-31.0
-37.0
4.0
-16.0
12.0
-17.0
16.0
-53.0
-43.0
-2.0
1.0
-10.0
4.0
2.0
-5.0
-6.0
-1.0
7.0
-9.0
-6.0
-15.0
-14.0
-15.0
-30.0
-18.0
-18.0
-17.0
1.0
17.0
-21.0
-13.0
-14.0
-1.0
-6.0
17.0
6.0
-23.0
42.0
-3.0
-41.0
-19.0
-37.0
-54.0
-60.0
-71.0
-60.0
-52.0
-74.0
-21.0
-53.0
-72.0
-61.0
-24.0
33.0
26.0
11.0
60.0
25.0
65.0
89.0
50.0
61.0
14.0
19.0
46.0
45.0
16.0
21.0
-8.0
-18.0
-15.0
-15.0
8.0
-17.0
5.0
-32.0
-9.0
-29.0
-37.0
-6.0
7.0
4.0
-39.0
14.0
38.0
29.0
-10.0
-25.0
-7.0
-4.0
54.0
58.0
39.0
8.0
-3.0
3.0
-9.0
-30.0
-27.0
-50.0
13.0
10.0
-2.0
-26.0
-81.0
-93.0
-140.0
-142.0
-134.0
-169.0
-172.0
-167.0
-133.0
-95.0
-44.0
-30.0
-11.0
-9.0
0.0
21.0
76.0
81.0
133.0
107.0
113.0
76.0
91.0
79.0
75.0
28.0
13.0
7.0
61.0
59.0
97.0
81.0
69.0
31.0
14.0
15.0
-34.0
-29.0
27.0
25.0
31.0
18.0
-12.0
-6.0
-12.0
-5.0
-22.0
-29.0
-24.0
-43.0
-31.0
-12.0
7.0
-11.0
-25.0
-39.0
-62.0
-54.0
-131.0
-130.0
-180.0
-251.0
-252.0
-208.0
-130.0
-95.0
-89.0
-91.0
-58.0
-36.0
18.0
91.0
47.0
109.0
55.0
89.0
98.0
105.0
121.0
141.0
153.0
147.0
94.0
143.0
103.0
89.0
95.0
86.0
47.0
73.0
22.0
-28.0
-9.0
3.0
-27.0
0.0
-9.0
-6.0
-3.0
0.0
-26.0
-17.0
-54.0
-47.0
-63.0
-28.0
19.0
26.0
-18.0
-18.0
-23.0
-33.0
10.0
-50.0
-48.0
-33.0
-39.0
-44.0
-61.0
-81.0
-46.0
-3.0
-35.0
-111.0
-110.0
-121.0
-151.0
-146.0
-119.0
-77.0
-16.0
-2.0
-10.0
7.0
-4.0
19.0
63.0
63.0
86.0
98.0
91.0
52.0
31.0
64.0
31.0
-40.0
-39.0
-49.0
-77.0
-41.0
-43.0
-63.0
-28.0
-36.0
4.0
26.0
-3.0
4.0
38.0
91.0
105.0
77.0
68.0
62.0
76.0
55.0
59.0
58.0
42.0
-19.0
-39.0
-42.0
-41.0
-44.0
-81.0
-58.0
-32.0
-29.0
15.0
-7.0
-1.0
7.0
21.0
30.0
25.0
10.0
24.0
18.0
7.0
48.0
-1.0
3.0
18.0
30.0
1.0
-12.0
-8.0
-17.0
-5.0
-7.0
7.0
-32.0
-85.0
-128.0
-162.0
-180.0
-172.0
-164.0
-122.0
-110.0
-97.0
-66.0
-32.0
-10.0
32.0
52.0
60.0
72.0
94.0
88.0
109.0
110.0
100.0
74.0
69.0
82.0
96.0
87.0
94.0
31.0
-6.0
-42.0
-30.0
-79.0
-61.0
-50.0
-50.0
-64.0
-17.0
-21.0
-44.0
-44.0
-28.0
-23.0
-12.0
-29.0
26.0
25.0
18.0
21.0
-24.0
-21.0
-29.0
4.0
3.0
-18.0
9.0
1.0
-56.0
-10.0
-23.0
-14.0
-10.0
-29.0
-31.0
-50.0
-45.0
-34.0
-43.0
-88.0
-104.0
-96.0
-122.0
-88.0
-44.0
13.0
38.0
40.0
51.0
58.0
25.0
-57.0
22.0
102.0
46.0
105.0
109.0
115.0
153.0
169.0
95.0
80.0
60.0
56.0
31.0
4.0
18.0
14.0
-3.0
-25.0
-17.0
-81.0
1.0
1.0
-36.0
-38.0
-62.0
-50.0
-16.0
3.0
-14.0
-25.0
20.0
12.0
-34.0
-17.0
-33.0
-36.0
-37.0
-44.0
-26.0
-43.0
-43.0
-16.0
-52.0
-35.0
-29.0
-31.0
-37.0
-14.0
16.0
-29.0
-11.0
-35.0
32.0
23.0
48.0
47.0
10.0
19.0
-6.0
-17.0
7.0
5.0
-2.0
-9.0
10.0
-7.0
14.0
-23.0
0.0
-3.0
-8.0
16.0
-8.0
-20.0
-24.0
-12.0
-48.0
-63.0
-56.0
-26.0
-37.0
-29.0
-3.0
6.0
9.0
7.0
-13.0
20.0
31.0
18.0
-62.0
17.0
44.0
41.0
41.0
45.0
57.0
7.0
3.0
0.0
-23.0
18.0
2.0
-19.0
-29.0
-37.0
-70.0
-111.0
-169.0
-171.0
-174.0
-142.0
-109.0
-62.0
-30.0
-22.0
-11.0
21.0
96.0
98.0
72.0
118.0
88.0
104.0
66.0
73.0
78.0
159.0
120.0
122.0
76.0
92.0
67.0
10.0
9.0
11.0
17.0
32.0
0.0
-12.0
20.0
-12.0
-8.0
-21.0
-29.0
-28.0
-11.0
-25.0
-30.0
-10.0
-19.0
0.0
-37.0
-6.0
-69.0
-60.0
-77.0
-98.0
-130.0
-131.0
-166.0
-98.0
-100.0
-65.0
-48.0
-43.0
-45.0
-23.0
-16.0
34.0
23.0
53.0
74.0
57.0
46.0
52.0
83.0
78.0
25.0
-8.0
-36.0
-114.0
-58.0
-30.0
-15.0
-31.0
8.0
-14.0
17.0
44.0
67.0
41.0
69.0
64.0
65.0
60.0
53.0
47.0
66.0
46.0
33.0
38.0
17.0
16.0
27.0
26.0
-4.0
0.0
-42.0
-8.0
-47.0
-24.0
-122.0
-115.0
-103.0
-97.0
-184.0
-150.0
-122.0
-62.0
-37.0
9.0
31.0
26.0
29.0
22.0
25.0
12.0
39.0
46.0
72.0
60.0
51.0
72.0
61.0
67.0
54.0
27.0
23.0
2.0
-2.0
10.0
14.0
24.0
-5.0
-3.0
-28.0
-19.0
-11.0
-21.0
22.0
-4.0
-20.0
-46.0
-62.0
-54.0
-48.0
-29.0
-39.0
-28.0
-31.0
-14.0
-21.0
-44.0
-3.0
-15.0
-42.0
-65.0
-79.0
-106.0
-93.0
-85.0
-48.0
-42.0
-4.0
-17.0
-10.0
3.0
50.0
36.0
41.0
51.0
77.0
37.0
79.0
78.0
75.0
46.0
39.0
17.0
18.0
0.0
-45.0
-35.0
-34.0
-35.0
-33.0
-44.0
-17.0
-13.0
8.0
27.0
25.0
20.0
-8.0
2.0
11.0
-4.0
33.0
-1.0
66.0
19.0
14.0
-19.0
-47.0
-48.0
-30.0
-1.0
35.0
40.0
20.0
25.0
-2.0
5.0
-27.0
-28.0
-6.0
-12.0
-3.0
9.0
-20.0
-33.0
-64.0
-114.0
-138.0
-148.0
-171.0
-112.0
-99.0
-138.0
-40.0
-30.0
-1.0
7.0
41.0
39.0
41.0
38.0
88.0
66.0
78.0
61.0
88.0
100.0
61.0
63.0
69.0
70.0
24.0
34.0
32.0
-4.0
-7.0
-1.0
23.0
25.0
0.0
-5.0
23.0
-10.0
-12.0
-8.0
-4.0
-7.0
-28.0
-29.0
-12.0
17.0
-2.0
8.0
-26.0
-42.0
-35.0
-35.0
-52.0
-59.0
-20.0
-6.0
-2.0
-11.0
-29.0
-19.0
15.0
-2.0
-42.0
-23.0
-7.0
-10.0
5.0
-6.0
28.0
-1.0
29.0
12.0
-7.0
0.0
-16.0
-13.0
-1.0
3.0
1.0
-14.0
-16.0
-29.0
-33.0
-34.0
-45.0
-27.0
3.0
-37.0
-54.0
-55.0
-59.0
-46.0
-30.0
-16.0
-35.0
-19.0
5.0
-6.0
-13.0
10.0
41.0
14.0
5.0
10.0
32.0
42.0
46.0
43.0
11.0
2.0
-13.0
-15.0
-4.0
-16.0
-32.0
5.0
28.0
20.0
-20.0
-43.0
10.0
3.0
0.0
-5.0
4.0
-1.0
25.0
-8.0
-69.0
-84.0
-125.0
-172.0
-178.0
-170.0
-156.0
-143.0
-111.0
-47.0
-15.0
17.0
90.0
77.0
38.0
39.0
65.0
99.0
142.0
135.0
85.0
104.0
90.0
77.0
68.0
61.0
34.0
22.0
39.0
31.0
68.0
59.0
50.0
25.0
22.0
21.0
-25.0
-9.0
-2.0
-9.0
-44.0
-39.0
-53.0
-74.0
-60.0
-60.0
-127.0
-96.0
-116.0
-85.0
-114.0
-81.0
-48.0
-61.0
-28.0
-24.0
-5.0
31.0
44.0
52.0
31.0
16.0
47.0
54.0
26.0
39.0
11.0
64.0
37.0
-10.0
-37.0
-25.0
-30.0
16.0
44.0
42.0
22.0
20.0
-4.0
16.0
-2.0
-16.0
14.0
0.0
-1.0
6.0
-17.0
7.0
-12.0
-7.0
11.0
-13.0
-28.0
-12.0
-18.0
0.0
21.0
-20.0
-10.0
-50.0
-75.0
-39.0
-44.0
-35.0
-60.0
-59.0
-44.0
-30.0
-10.0
-10.0
-15.0
15.0
6.0
15.0
33.0
33.0
32.0
27.0
13.0
44.0
29.0
-31.0
-31.0
-44.0
-6.0
-20.0
-2.0
-10.0
-35.0
-40.0
1.0
-39.0
-19.0
11.0
-4.0
-10.0
-9.0
87.0
62.0
46.0
49.0
-32.0
-29.0
-17.0
-114.0
-102.0
-72.0
-69.0
-68.0
-64.0
-59.0
-43.0
-38.0
0.0
21.0
25.0
31.0
40.0
35.0
54.0
63.0
62.0
43.0
67.0
42.0
55.0
33.0
40.0
46.0
15.0
-10.0
-5.0
14.0
2.0
-21.0
-30.0
-2.0
-42.0
-37.0
-26.0
1.0
18.0
7.0
-39.0
-38.0
-37.0
-40.0
-28.0
-6.0
0.0
38.0
-4.0
12.0
-14.0
7.0
9.0
7.0
3.0
-24.0
-22.0
-15.0
6.0
-48.0
36.0
-3.0
3.0
0.0
-31.0
-39.0
-86.0
-147.0
-115.0
-135.0
-148.0
-103.0
-117.0
-64.0
-15.0
23.0
34.0
70.0
63.0
79.0
72.0
75.0
76.0
70.0
79.0
59.0
74.0
64.0
63.0
14.0
49.0
23.0
22.0
22.0
52.0
65.0
26.0
-13.0
-68.0
-34.0
-42.0
-48.0
-37.0
-51.0
-56.0
-62.0
-53.0
7.0
-26.0
4.0
22.0
-10.0
-13.0
-33.0
-24.0
-79.0
-4.0
-7.0
6.0
15.0
-12.0
-37.0
-35.0
-18.0
-18.0
26.0
37.0
53.0
56.0
69.0
23.0
19.0
19.0
-29.0
-17.0
14.0
-7.0
9.0
-16.0
4.0
-18.0
9.0
9.0
-13.0
-34.0
-21.0
-26.0
-48.0
-42.0
-22.0
-13.0
18.0
24.0
18.0
21.0
42.0
29.0
3.0
26.0
0.0
-4.0
7.0
5.0
-18.0
-31.0
13.0
-35.0
-36.0
-3.0
7.0
24.0
5.0
2.0
-5.0
-19.0
-20.0
-2.0
-28.0
-53.0
-48.0
-7.0
-26.0
-40.0
-33.0
3.0
-53.0
-68.0
-53.0
-75.0
-91.0
-102.0
-120.0
-118.0
-60.0
1.0
-19.0
-24.0
13.0
46.0
51.0
53.0
31.0
32.0
67.0
63.0
35.0
51.0
55.0
71.0
70.0
68.0
45.0
51.0
30.0
-5.0
-28.0
-81.0
-124.0
-139.0
-126.0
-105.0
-112.0
-104.0
-115.0
-78.0
2.0
-26.0
-3.0
-6.0
59.0
89.0
78.0
79.0
63.0
98.0
103.0
111.0
90.0
103.0
88.0
44.0
41.0
38.0
39.0
19.0
8.0
39.0
19.0
-17.0
-31.0
-29.0
-31.0
-30.0
-26.0
-2.0
-18.0
-18.0
-40.0
-55.0
-44.0
-16.0
-35.0
-26.0
-14.0
-14.0
-9.0
-19.0
-29.0
5.0
0.0
-15.0
-18.0
-7.0
19.0
-50.0
-33.0
-36.0
-4.0
-26.0
4.0
-42.0
-5.0
-9.0
-35.0
23.0
17.0
44.0
58.0
32.0
25.0
-28.0
-35.0
-45.0
-40.0
-97.0
-124.0
-76.0
-56.0
-37.0
-44.0
-20.0
11.0
11.0
-15.0
11.0
-8.0
29.0
19.0
38.0
-25.0
57.0
77.0
87.0
82.0
48.0
47.0
20.0
35.0
-11.0
9.0
11.0
5.0
-4.0
21.0
-30.0
-7.0
7.0
-24.0
-37.0
-8.0
81.0
78.0
51.0
71.0
313.0
313.0
313.0
313.0
313.0
313.0
313.0
313.0
313.0
313.0
313.0
313.0
313.0
313.0
204.0
-215.0
-313.0
-313.0
-313.0
-313.0
-313.0
-313.0
-313.0
-313.0
-313.0
-313.0
-313.0
-313.0
-313.0
-313.0
-313.0
-313.0
-313.0
-313.0
-313.0
-313.0
-313.0
-313.0
-313.0
-313.0
-313.0
-313.0
-313.0
-313.0
-313.0
-313.0
-286.0
-272.0
-284.0
-278.0
-241.0
-228.0
-207.0
-212.0
-132.0
-113.0
-100.0
-88.0
-101.0
-132.0
-84.0
-133.0
-115.0
-98.0
-91.0
-85.0
-57.0
-87.0
-80.0
-66.0
-51.0
-46.0
-55.0
-101.0
-70.0
-48.0
-94.0
-42.0
-46.0
-38.0
-57.0
-61.0
-75.0
-63.0
-72.0
-29.0
11.0
-48.0
-56.0
-49.0
-80.0
-88.0
-85.0
-25.0
-130.0
-313.0
-313.0
-313.0
-313.0
-313.0
-313.0
-313.0
-313.0
-313.0
-313.0
-230.0
-64.0
-142.0
-124.0
14.0
313.0
313.0
313.0
313.0
313.0
313.0
313.0
313.0
313.0
313.0
313.0
313.0
313.0
313.0
265.0
217.0
77.0
71.0
42.0
-8.0
175.0
313.0
110.0
60.0
-250.0
-313.0
-313.0
-313.0
-313.0
-313.0
-313.0
-313.0
-186.0
-61.0
-7.0
91.0
127.0
167.0
173.0
158.0
144.0
180.0
203.0
190.0
174.0
232.0
178.0
180.0
167.0
205.0
163.0
196.0
147.0
158.0
128.0
202.0
97.0
132.0
120.0
90.0
144.0
109.0
114.0
58.0
-23.0
-21.0
-43.0
-77.0
-76.0
-104.0
-80.0
-116.0
-35.0
-14.0
23.0
65.0
52.0
49.0
71.0
99.0
110.0
130.0
157.0
151.0
178.0
144.0
146.0
110.0
86.0
102.0
93.0
67.0
107.0
60.0
47.0
101.0
14.0
4.0
21.0
42.0
43.0
54.0
47.0
30.0
46.0
8.0
25.0
0.0
-6.0
0.0
-32.0
-8.0
-9.0
-33.0
-22.0
-9.0
8.0
13.0
13.0
9.0
-34.0
20.0
7.0
6.0
11.0
-16.0
13.0
5.0
-14.0
-16.0
9.0
-26.0
7.0
-9.0
33.0
45.0
6.0
23.0
9.0
9.0
5.0
1.0
22.0
-18.0
17.0
-36.0
-26.0
-26.0
-44.0
-81.0
-55.0
-9.0
-57.0
-37.0
-57.0
-19.0
-25.0
-28.0
12.0
26.0
20.0
41.0
-2.0
-62.0
-60.0
-83.0
-123.0
-118.0
-102.0
-142.0
-105.0
-115.0
-93.0
-91.0
-40.0
9.0
13.0
8.0
37.0
8.0
98.0
94.0
76.0
72.0
76.0
109.0
146.0
183.0
180.0
115.0
90.0
67.0
60.0
34.0
25.0
-37.0
-58.0
-104.0
-104.0
-130.0
-171.0
-177.0
-156.0
-150.0
-105.0
-62.0
-45.0
-1.0
-49.0
5.0
18.0
31.0
72.0
69.0
71.0
53.0
70.0
81.0
57.0
112.0
81.0
55.0
66.0
38.0
41.0
-2.0
-11.0
21.0
36.0
18.0
-18.0
30.0
6.0
-29.0
-15.0
-24.0
-66.0
-77.0
-104.0
-138.0
-132.0
-162.0
-171.0
-147.0
-90.0
-76.0
-55.0
-17.0
-6.0
-11.0
-28.0
16.0
67.0
61.0
110.0
113.0
106.0
122.0
138.0
134.0
85.0
63.0
73.0
30.0
33.0
33.0
2.0
-13.0
-13.0
-13.0
-19.0
-53.0
-31.0
-84.0
-33.0
-110.0
-151.0
-175.0
-144.0
-112.0
-79.0
-75.0
-34.0
-25.0
-19.0
15.0
39.0
43.0
44.0
35.0
40.0
70.0
57.0
84.0
40.0
61.0
51.0
37.0
18.0
25.0
62.0
17.0
17.0
28.0
31.0
-16.0
-20.0
-7.0
-3.0
0.0
12.0
28.0
-23.0
-15.0
10.0
-47.0
-11.0
-6.0
-3.0
0.0
10.0
-11.0
8.0
0.0
-7.0
-40.0
-2.0
-54.0
-67.0
-78.0
-40.0
-57.0
-54.0
-61.0
-49.0
-66.0
-19.0
-28.0
-49.0
4.0
13.0
3.0
-13.0
-19.0
-34.0
-37.0
-32.0
-24.0
-32.0
-15.0
20.0
-2.0
51.0
32.0
45.0
60.0
54.0
60.0
53.0
97.0
81.0
26.0
-32.0
-71.0
-98.0
-91.0
-131.0
-107.0
-108.0
-118.0
-63.0
-60.0
-22.0
39.0
36.0
64.0
35.0
47.0
59.0
91.0
75.0
131.0
101.0
96.0
65.0
113.0
89.0
70.0
75.0
33.0
53.0
47.0
38.0
12.0
3.0
-34.0
-30.0
-33.0
-27.0
-25.0
-2.0
-61.0
-52.0
-39.0
-39.0
19.0
-11.0
34.0
16.0
29.0
26.0
6.0
-31.0
-26.0
-55.0
-9.0
31.0
14.0
11.0
3.0
2.0
-2.0
6.0
1.0
-29.0
4.0
1.0
0.0
-1.0
-23.0
-20.0
-61.0
-6.0
-11.0
-22.0
-24.0
-77.0
-94.0
-118.0
-118.0
-114.0
-109.0
-118.0
-85.0
-40.0
-23.0
-24.0
-17.0
-9.0
14.0
49.0
90.0
54.0
83.0
97.0
165.0
82.0
77.0
80.0
61.0
29.0
6.0
-29.0
49.0
58.0
24.0
14.0
1.0
13.0
-4.0
-13.0
33.0
-2.0
-19.0
7.0
4.0
-13.0
-19.0
-6.0
-17.0
-13.0
-24.0
-17.0
14.0
-2.0
1.0
-17.0
-54.0
-30.0
-40.0
-56.0
-90.0
-105.0
-87.0
-116.0
-14.0
-48.0
-15.0
-20.0
2.0
18.0
20.0
-8.0
-2.0
-8.0
-41.0
-38.0
-72.0
-59.0
-66.0
-77.0
-65.0
-61.0
6.0
51.0
41.0
53.0
53.0
72.0
80.0
30.0
60.0
63.0
79.0
39.0
48.0
16.0
69.0
57.0
14.0
-17.0
-58.0
-53.0
-77.0
-61.0
-59.0
-43.0
-42.0
-49.0
-11.0
-4.0
-8.0
21.0
24.0
26.0
18.0
9.0
20.0
33.0
28.0
15.0
17.0
0.0
22.0
-4.0
14.0
15.0
28.0
20.0
28.0
31.0
-13.0
29.0
-21.0
-40.0
-18.0
-16.0
-39.0
-40.0
-31.0
-22.0
6.0
-19.0
10.0
-27.0
-2.0
28.0
23.0
8.0
-20.0
-14.0
-26.0
-53.0
-22.0
0.0
12.0
0.0
-24.0
-22.0
-25.0
-11.0
18.0
-33.0
-83.0
-92.0
-149.0
-191.0
-205.0
-204.0
-175.0
-137.0
-148.0
-93.0
-35.0
4.0
28.0
57.0
73.0
52.0
69.0
115.0
141.0
120.0
118.0
95.0
87.0
64.0
48.0
40.0
88.0
64.0
81.0
76.0
62.0
32.0
-2.0
-4.0
1.0
17.0
1.0
18.0
14.0
12.0
-28.0
-48.0
-29.0
7.0
32.0
29.0
12.0
2.0
5.0
35.0
52.0
22.0
28.0
-23.0
-15.0
-33.0
-44.0
-31.0
-57.0
-75.0
-51.0
-61.0
-31.0
-35.0
-40.0
-21.0
-17.0
-64.0
-22.0
-50.0
-26.0
-30.0
-21.0
-27.0
-21.0
9.0
-20.0
-31.0
-19.0
-22.0
-9.0
-40.0
-29.0
-9.0
9.0
2.0
12.0
4.0
-32.0
4.0
27.0
26.0
1.0
15.0
-39.0
-27.0
-11.0
-12.0
22.0
47.0
11.0
-8.0
-9.0
9.0
18.0
26.0
-20.0
-25.0
-17.0
31.0
38.0
31.0
-14.0
-26.0
4.0
20.0
21.0
3.0
-27.0
-46.0
-80.0
-17.0
-118.0
-135.0
-150.0
-141.0
-178.0
-157.0
-177.0
-179.0
-137.0
-64.0
-53.0
28.0
21.0
39.0
95.0
87.0
126.0
116.0
134.0
140.0
124.0
123.0
102.0
127.0
120.0
85.0
106.0
75.0
78.0
30.0
-6.0
16.0
28.0
30.0
-14.0
-6.0
-10.0
6.0
3.0
10.0
-40.0
13.0
15.0
8.0
-9.0
-30.0
-76.0
-61.0
-53.0
-97.0
-70.0
-59.0
-15.0
-12.0
26.0
-28.0
-50.0
-18.0
-30.0
13.0
36.0
27.0
11.0
0.0
13.0
15.0
6.0
17.0
20.0
-7.0
25.0
-2.0
29.0
43.0
-6.0
-14.0
9.0
-24.0
-5.0
4.0
4.0
52.0
13.0
28.0
35.0
-8.0
-72.0
-84.0
-151.0
-154.0
-167.0
-156.0
-181.0
-181.0
-133.0
-74.0
-113.0
-70.0
12.0
67.0
81.0
53.0
109.0
93.0
127.0
215.0
141.0
120.0
90.0
88.0
76.0
82.0
77.0
66.0
57.0
56.0
38.0
14.0
-31.0
-20.0
2.0
23.0
-45.0
-59.0
-63.0
-134.0
-167.0
-180.0
-157.0
-126.0
-100.0
-108.0
-45.0
-37.0
-42.0
9.0
32.0
59.0
64.0
72.0
65.0
74.0
66.0
72.0
92.0
88.0
61.0
49.0
45.0
33.0
57.0
49.0
31.0
26.0
-7.0
-63.0
-89.0
-149.0
-212.0
-206.0
-244.0
-202.0
-134.0
-150.0
-84.0
-51.0
-3.0
7.0
29.0
-3.0
48.0
28.0
61.0
49.0
58.0
107.0
70.0
78.0
53.0
95.0
156.0
123.0
64.0
70.0
30.0
60.0
39.0
37.0
28.0
16.0
12.0
-25.0
-51.0
-48.0
-108.0
-127.0
-163.0
-185.0
-168.0
-132.0
-111.0
-84.0
0.0
6.0
14.0
70.0
20.0
38.0
33.0
11.0
20.0
42.0
48.0
56.0
18.0
-5.0
28.0
44.0
69.0
42.0
50.0
26.0
9.0
16.0
12.0
43.0
6.0
-7.0
22.0
-6.0
6.0
22.0
-19.0
-6.0
22.0
3.0
-3.0
-11.0
-30.0
-63.0
-68.0
-105.0
-95.0
-83.0
-71.0
-67.0
-53.0
-42.0
-19.0
-9.0
-3.0
2.0
16.0
1.0
15.0
38.0
27.0
4.0
33.0
74.0
11.0
-42.0
-129.0
-120.0
-155.0
-142.0
-126.0
-126.0
-73.0
-41.0
37.0
39.0
77.0
73.0
81.0
102.0
125.0
115.0
171.0
168.0
150.0
108.0
92.0
92.0
72.0
81.0
39.0
41.0
5.0
26.0
21.0
-46.0
-85.0
-63.0
-83.0
-128.0
-110.0
-107.0
-112.0
-109.0
-73.0
-56.0
-48.0
-36.0
17.0
4.0
41.0
48.0
89.0
73.0
92.0
32.0
22.0
26.0
-46.0
-60.0
-112.0
-120.0
-99.0
-74.0
-26.0
-10.0
15.0
25.0
37.0
26.0
51.0
59.0
70.0
73.0
72.0
106.0
45.0
33.0
-16.0
-52.0
-109.0
-115.0
-146.0
-125.0
-88.0
-51.0
-35.0
-26.0
2.0
66.0
78.0
93.0
106.0
112.0
132.0
138.0
102.0
90.0
90.0
83.0
61.0
45.0
37.0
43.0
3.0
-29.0
2.0
-30.0
-72.0
-121.0
-84.0
-106.0
-104.0
-150.0
-117.0
-68.0
-37.0
-21.0
-15.0
32.0
-10.0
0.0
28.0
7.0
-43.0
-37.0
7.0
7.0
-29.0
-16.0
-9.0
-15.0
6.0
-45.0
-8.0
18.0
7.0
11.0
37.0
3.0
26.0
9.0
-22.0
-32.0
-55.0
-117.0
-142.0
-162.0
-173.0
-132.0
-98.0
-59.0
-35.0
-3.0
29.0
81.0
112.0
121.0
163.0
128.0
142.0
156.0
148.0
109.0
93.0
96.0
61.0
60.0
42.0
27.0
11.0
-17.0
-45.0
-66.0
-42.0
-95.0
-112.0
-125.0
-152.0
-141.0
-167.0
-150.0
-123.0
-66.0
-30.0
21.0
12.0
26.0
56.0
60.0
85.0
75.0
62.0
70.0
66.0
47.0
54.0
41.0
18.0
29.0
10.0
49.0
21.0
16.0
-32.0
-69.0
-62.0
-70.0
-86.0
-141.0
-136.0
-103.0
-55.0
-34.0
-19.0
15.0
27.0
27.0
10.0
37.0
53.0
63.0
44.0
-56.0
-44.0
-26.0
19.0
28.0
45.0
69.0
25.0
9.0
-2.0
-4.0
54.0
-3.0
-8.0
-23.0
-32.0
-35.0
-32.0
-34.0
-6.0
-9.0
-2.0
-9.0
-3.0
-21.0
-9.0
5.0
-16.0
-28.0
-44.0
-53.0
-13.0
5.0
-12.0
-31.0
-43.0
-4.0
-52.0
-30.0
-2.0
14.0
-22.0
5.0
26.0
25.0
-4.0
-45.0
-35.0
0.0
26.0
17.0
30.0
-5.0
-7.0
-11.0
-9.0
0.0
-14.0
-19.0
-22.0
-12.0
18.0
18.0
-4.0
-10.0
-28.0
-8.0
-12.0
-6.0
-8.0
14.0
5.0
-12.0
-7.0
-12.0
-13.0
-32.0
-21.0
10.0
-6.0
0.0
10.0
27.0
-14.0
-6.0
-25.0
-89.0
-130.0
-180.0
-185.0
-194.0
-155.0
-133.0
-104.0
-107.0
-30.0
4.0
29.0
99.0
122.0
132.0
187.0
224.0
206.0
214.0
171.0
172.0
153.0
128.0
103.0
91.0
85.0
76.0
58.0
64.0
35.0
2.0
-15.0
-36.0
20.0
1.0
-79.0
-56.0
-9.0
-2.0
-55.0
-41.0
-48.0
-30.0
-55.0
-57.0
-58.0
-47.0
-34.0
-40.0
-35.0
-33.0
-44.0
-37.0
-36.0
-51.0
-21.0
-26.0
-24.0
-28.0
15.0
-14.0
-37.0
-27.0
-29.0
-7.0
2.0
-24.0
9.0
2.0
-36.0
-42.0
-11.0
-6.0
-60.0
-30.0
-10.0
7.0
17.0
7.0
-4.0
-28.0
-37.0
-56.0
-39.0
-40.0
-43.0
-23.0
-19.0
-17.0
-2.0
-19.0
46.0
6.0
52.0
26.0
43.0
38.0
37.0
20.0
23.0
41.0
64.0
56.0
21.0
4.0
3.0
12.0
22.0
46.0
5.0
-13.0
-30.0
-22.0
1.0
-24.0
-55.0
-73.0
-85.0
-93.0
-75.0
-120.0
-126.0
-138.0
-109.0
-90.0
-45.0
-38.0
6.0
-2.0
16.0
54.0
69.0
79.0
74.0
76.0
79.0
107.0
95.0
69.0
53.0
42.0
66.0
-36.0
-17.0
2.0
22.0
11.0
44.0
39.0
56.0
29.0
18.0
52.0
-24.0
26.0
4.0
-1.0
-1.0
-20.0
-22.0
-17.0
-4.0
-4.0
-19.0
-13.0
-39.0
-12.0
-11.0
-9.0
-34.0
-43.0
11.0
0.0
3.0
-17.0
-30.0
-16.0
-11.0
-19.0
-2.0
1.0
9.0
11.0
0.0
16.0
8.0
-10.0
2.0
0.0
-23.0
-31.0
-24.0
-8.0
8.0
-27.0
-7.0
-14.0
7.0
-7.0
14.0
-4.0
-8.0
0.0
-1.0
-16.0
-40.0
-8.0
-9.0
3.0
3.0
11.0
9.0
0.0
-14.0
-17.0
-6.0
-23.0
1.0
-9.0
1.0
2.0
13.0
-12.0
-4.0
-24.0
-44.0
-47.0
-83.0
-106.0
-118.0
-111.0
-95.0
-40.0
-79.0
-18.0
-10.0
-21.0
1.0
20.0
37.0
36.0
54.0
60.0
63.0
85.0
66.0
67.0
96.0
80.0
45.0
40.0
54.0
25.0
3.0
22.0
38.0
12.0
-18.0
-15.0
-2.0
-7.0
10.0
-12.0
13.0
21.0
9.0
-21.0
-17.0
2.0
8.0
15.0
14.0
1.0
-24.0
-38.0
-13.0
14.0
3.0
7.0
-10.0
-41.0
6.0
-20.0
-8.0
-36.0
-42.0
-10.0
-19.0
-10.0
-44.0
-56.0
-125.0
-139.0
-178.0
-196.0
-208.0
-198.0
-164.0
-169.0
-133.0
-86.0
-50.0
32.0
59.0
94.0
96.0
112.0
135.0
120.0
114.0
148.0
166.0
138.0
153.0
119.0
131.0
87.0
59.0
65.0
41.0
32.0
4.0
2.0
-10.0
3.0
-3.0
-30.0
-3.0
-1.0
11.0
7.0
4.0
0.0
-22.0
-86.0
-155.0
-194.0
-220.0
-216.0
-249.0
-205.0
-169.0
-128.0
-93.0
-30.0
-15.0
59.0
65.0
51.0
55.0
116.0
105.0
115.0
122.0
136.0
119.0
132.0
115.0
118.0
105.0
81.0
35.0
23.0
3.0
-24.0
-86.0
-149.0
-204.0
-209.0
-239.0
-224.0
-131.0
-78.0
-49.0
-39.0
-7.0
22.0
28.0
49.0
64.0
104.0
123.0
165.0
155.0
131.0
119.0
89.0
93.0
72.0
93.0
80.0
34.0
22.0
-14.0
-20.0
-2.0
-20.0
-15.0
-19.0
-4.0
-19.0
-27.0
-91.0
-53.0
-75.0
-80.0
-67.0
-114.0
-131.0
-139.0
-125.0
-101.0
-89.0
-51.0
-50.0
-21.0
-47.0
-4.0
-12.0
58.0
44.0
31.0
63.0
76.0
71.0
73.0
38.0
48.0
49.0
54.0
36.0
-2.0
6.0
0.0
-2.0
5.0
16.0
-7.0
-14.0
-23.0
-70.0
-103.0
-123.0
-167.0
-149.0
-156.0
-115.0
-128.0
-117.0
-79.0
7.0
7.0
65.0
62.0
85.0
105.0
120.0
140.0
143.0
135.0
133.0
105.0
127.0
115.0
93.0
74.0
45.0
-12.0
-18.0
-75.0
-117.0
-157.0
-196.0
-149.0
-111.0
-85.0
-57.0
-20.0
-10.0
3.0
-6.0
69.0
86.0
136.0
138.0
104.0
111.0
90.0
88.0
84.0
60.0
68.0
56.0
35.0
30.0
13.0
10.0
-43.0
-36.0
-73.0
-110.0
-149.0
-145.0
-130.0
-108.0
-111.0
-56.0
-14.0
-17.0
-13.0
-31.0
2.0
28.0
47.0
46.0
30.0
27.0
68.0
76.0
73.0
51.0
25.0
20.0
28.0
28.0
0.0
5.0
-29.0
-25.0
-46.0
-51.0
-52.0
-49.0
-66.0
-50.0
-20.0
-33.0
-53.0
-51.0
-59.0
-18.0
25.0
48.0
25.0
25.0
37.0
18.0
12.0
4.0
29.0
-1.0
31.0
-12.0
5.0
-5.0
-18.0
-9.0
-18.0
-19.0
6.0
-15.0
-4.0
-18.0
13.0
11.0
-2.0
12.0
-30.0
-30.0
-8.0
-18.0
-35.0
-17.0
-39.0
-12.0
-7.0
11.0
0.0
18.0
3.0
-8.0
-30.0
-8.0
5.0
1.0
-57.0
-90.0
-117.0
-129.0
-147.0
-155.0
-165.0
-133.0
-103.0
-41.0
-17.0
17.0
62.0
65.0
52.0
110.0
109.0
128.0
125.0
136.0
131.0
110.0
119.0
109.0
80.0
72.0
71.0
61.0
39.0
23.0
3.0
-28.0
24.0
22.0
30.0
-9.0
-6.0
-27.0
-20.0
-17.0
-35.0
-39.0
-6.0
-10.0
-33.0
-36.0
-34.0
-11.0
-18.0
-4.0
-3.0
-11.0
0.0
-14.0
-17.0
-20.0
-14.0
-6.0
-9.0
-15.0
4.0
-10.0
-13.0
-5.0
-7.0
-28.0
-28.0
-50.0
-32.0
-1.0
-23.0
-25.0
-26.0
-37.0
-17.0
22.0
15.0
0.0
12.0
-17.0
-13.0
-4.0
16.0
8.0
-3.0
23.0
2.0
-10.0
12.0
-3.0
1.0
-1.0
-6.0
-16.0
-4.0
-12.0
-20.0
-25.0
-16.0
6.0
-20.0
-25.0
-70.0
-68.0
-97.0
-104.0
-181.0
-159.0
-199.0
-138.0
-109.0
-70.0
-40.0
-31.0
-26.0
8.0
53.0
96.0
99.0
87.0
106.0
112.0
89.0
93.0
129.0
120.0
112.0
122.0
95.0
101.0
65.0
78.0
30.0
19.0
8.0
-32.0
-37.0
-57.0
-70.0
-77.0
-65.0
-20.0
-17.0
-19.0
9.0
14.0
-14.0
50.0
28.0
34.0
27.0
30.0
11.0
23.0
36.0
20.0
4.0
37.0
12.0
12.0
13.0
-7.0
-24.0
-28.0
-15.0
-9.0
-28.0
-23.0
-2.0
-8.0
-12.0
-28.0
-56.0
-56.0
-46.0
-31.0
-6.0
-24.0
-14.0
-12.0
-18.0
-5.0
-13.0
-30.0
-21.0
-35.0
-26.0
-29.0
-1.0
-5.0
3.0
4.0
16.0
4.0
13.0
27.0
12.0
-17.0
2.0
-17.0
-7.0
-27.0
-17.0
-13.0
-9.0
-23.0
-14.0
0.0
-2.0
-15.0
-27.0
-23.0
-4.0
5.0
3.0
0.0
-35.0
-3.0
-23.0
-19.0
-16.0
32.0
29.0
34.0
13.0
-10.0
9.0
-19.0
5.0
-9.0
-9.0
-8.0
19.0
22.0
-4.0
1.0
2.0
-13.0
-3.0
-30.0
-17.0
-15.0
-43.0
-36.0
-29.0
-31.0
-17.0
-26.0
-75.0
-67.0
-5.0
-1.0
-7.0
-11.0
2.0
34.0
27.0
31.0
16.0
7.0
9.0
-12.0
11.0
4.0
16.0
18.0
4.0
1.0
33.0
9.0
-9.0
-28.0
-31.0
-34.0
-58.0
-98.0
-98.0
-118.0
-84.0
-92.0
-68.0
-53.0
-21.0
-13.0
12.0
11.0
13.0
15.0
39.0
26.0
58.0
24.0
39.0
42.0
47.0
36.0
34.0
31.0
19.0
39.0
30.0
14.0
-21.0
-2.0
23.0
7.0
11.0
37.0
41.0
17.0
34.0
12.0
-10.0
-2.0
-27.0
-4.0
-63.0
-39.0
-63.0
-42.0
-73.0
-49.0
-39.0
-40.0
-7.0
3.0
-1.0
-21.0
-5.0
-10.0
-4.0
-46.0
-45.0
-48.0
-49.0
-33.0
28.0
-4.0
2.0
15.0
-1.0
-40.0
-54.0
-45.0
-46.0
-25.0
12.0
-5.0
30.0
34.0
31.0
19.0
77.0
77.0
36.0
9.0
6.0
30.0
21.0
16.0
-5.0
-17.0
-40.0
-47.0
-70.0
-65.0
-89.0
-73.0
-109.0
-105.0
-83.0
-72.0
-47.0
-54.0
-57.0
-21.0
10.0
35.0
6.0
65.0
85.0
102.0
95.0
94.0
108.0
100.0
126.0
37.0
3.0
5.0
-12.0
-4.0
28.0
14.0
59.0
12.0
9.0
5.0
3.0
21.0
9.0
-21.0
-52.0
-43.0
-154.0
-184.0
-187.0
-147.0
-150.0
-136.0
-116.0
-56.0
-65.0
-61.0
-5.0
46.0
78.0
81.0
44.0
78.0
83.0
82.0
121.0
120.0
113.0
105.0
151.0
86.0
55.0
37.0
26.0
73.0
35.0
29.0
16.0
22.0
-3.0
-45.0
-22.0
-18.0
-7.0
-14.0
-3.0
4.0
7.0
-24.0
-51.0
-38.0
-5.0
-17.0
-24.0
-48.0
-65.0
-61.0
-98.0
-103.0
-75.0
-50.0
-88.0
-56.0
-49.0
-37.0
-2.0
-5.0
-11.0
-20.0
2.0
48.0
53.0
35.0
74.0
84.0
65.0
53.0
35.0
-4.0
5.0
-54.0
-70.0
-84.0
-115.0
-104.0
-95.0
-74.0
-99.0
-74.0
-46.0
-23.0
10.0
37.0
47.0
69.0
54.0
51.0
62.0
85.0
68.0
75.0
55.0
69.0
43.0
11.0
6.0
16.0
-36.0
-60.0
-46.0
-78.0
-81.0
-112.0
-93.0
-123.0
-103.0
-98.0
-30.0
41.0
32.0
55.0
63.0
45.0
67.0
70.0
56.0
61.0
69.0
67.0
19.0
37.0
22.0
27.0
21.0
5.0
-42.0
-42.0
-88.0
-140.0
-139.0
-158.0
-162.0
-128.0
-108.0
-75.0
-43.0
-50.0
-12.0
13.0
41.0
32.0
28.0
62.0
70.0
77.0
85.0
97.0
107.0
119.0
116.0
115.0
61.0
67.0
57.0
42.0
18.0
33.0
-9.0
-18.0
-18.0
-43.0
-72.0
-87.0
-83.0
-80.0
-92.0
-96.0
-79.0
-84.0
-48.0
-16.0
-17.0
-40.0
4.0
8.0
6.0
17.0
-16.0
-10.0
14.0
46.0
4.0
-10.0
-54.0
-73.0
-109.0
-117.0
-38.0
-66.0
-58.0
-20.0
-25.0
-18.0
10.0
-4.0
1.0
0.0
23.0
20.0
50.0
62.0
70.0
62.0
74.0
58.0
30.0
51.0
13.0
26.0
32.0
29.0
41.0
33.0
6.0
-34.0
-65.0
-62.0
-77.0
-110.0
-129.0
-136.0
-131.0
-89.0
-73.0
-63.0
11.0
18.0
48.0
77.0
113.0
99.0
107.0
64.0
59.0
74.0
111.0
111.0
95.0
41.0
31.0
32.0
10.0
26.0
3.0
-32.0
-43.0
-34.0
-37.0
-16.0
-12.0
-35.0
-48.0
-27.0
-44.0
-35.0
-22.0
-16.0
-15.0
-14.0
-54.0
-38.0
-53.0
-19.0
-29.0
-17.0
-10.0
-25.0
-24.0
-24.0
-18.0
-16.0
12.0
1.0
-24.0
6.0
-37.0
-30.0
-71.0
-149.0
-191.0
-209.0
-228.0
-210.0
-146.0
-86.0
-13.0
-8.0
65.0
90.0
125.0
139.0
138.0
132.0
201.0
215.0
195.0
189.0
139.0
142.0
137.0
144.0
98.0
67.0
41.0
67.0
37.0
33.0
15.0
0.0
-10.0
-39.0
-27.0
-11.0
-24.0
-28.0
-40.0
-43.0
-73.0
-86.0
-66.0
-94.0
-56.0
-61.0
-63.0
-67.0
-53.0
-57.0
-49.0
-67.0
8.0
14.0
-2.0
-33.0
-29.0
-40.0
-73.0
-75.0
-80.0
-144.0
-193.0
-204.0
-220.0
-175.0
-99.0
-73.0
-27.0
-23.0
37.0
83.0
131.0
152.0
160.0
132.0
152.0
164.0
167.0
163.0
174.0
149.0
132.0
88.0
58.0
31.0
41.0
11.0
21.0
14.0
-16.0
-34.0
-70.0
6.0
-23.0
-68.0
-107.0
-125.0
-157.0
-165.0
-154.0
-155.0
-114.0
-76.0
-68.0
-3.0
61.0
44.0
46.0
47.0
80.0
64.0
61.0
75.0
54.0
64.0
58.0
67.0
79.0
74.0
32.0
34.0
-1.0
-9.0
-43.0
-28.0
-94.0
-125.0
-138.0
-143.0
-74.0
-29.0
-48.0
-35.0
-14.0
-8.0
-16.0
16.0
-4.0
0.0
-7.0
14.0
-27.0
-42.0
3.0
-8.0
10.0
18.0
1.0
-3.0
13.0
15.0
-12.0
6.0
19.0
-2.0
-17.0
-15.0
1.0
5.0
-16.0
-13.0
-30.0
0.0
8.0
-17.0
-16.0
11.0
-23.0
-25.0
-11.0
-5.0
-11.0
-5.0
-4.0
-19.0
-26.0
-17.0
2.0
-11.0
-10.0
10.0
-36.0
-69.0
-134.0
-162.0
-189.0
-222.0
-180.0
-180.0
-157.0
-124.0
-70.0
-23.0
60.0
117.0
120.0
164.0
175.0
183.0
198.0
215.0
222.0
208.0
194.0
182.0
144.0
134.0
96.0
97.0
95.0
72.0
36.0
20.0
12.0
-9.0
-53.0
-28.0
-70.0
-82.0
-67.0
-40.0
-66.0
-71.0
-90.0
-76.0
-109.0
-126.0
-103.0
-112.0
-116.0
-94.0
-108.0
-91.0
-68.0
-50.0
-18.0
-2.0
-2.0
5.0
10.0
40.0
56.0
40.0
39.0
17.0
18.0
-16.0
-39.0
-37.0
-42.0
-89.0
-94.0
-65.0
-55.0
-33.0
21.0
4.0
20.0
16.0
56.0
92.0
76.0
79.0
71.0
90.0
99.0
96.0
57.0
58.0
62.0
27.0
12.0
2.0
-35.0
-79.0
-76.0
-56.0
-32.0
-23.0
-38.0
-47.0
-62.0
-86.0
-52.0
-23.0
2.0
40.0
34.0
40.0
21.0
6.0
10.0
11.0
44.0
34.0
42.0
21.0
0.0
-5.0
0.0
-15.0
11.0
6.0
-69.0
-109.0
-141.0
-192.0
-180.0
-174.0
-170.0
-171.0
-132.0
-71.0
-15.0
96.0
149.0
173.0
179.0
182.0
209.0
201.0
191.0
193.0
169.0
140.0
125.0
89.0
75.0
76.0
62.0
7.0
2.0
-19.0
-21.0
-36.0
-106.0
-26.0
-66.0
-59.0
-94.0
-139.0
-180.0
-188.0
-199.0
-171.0
-132.0
-93.0
-66.0
-62.0
-10.0
20.0
57.0
89.0
103.0
121.0
133.0
114.0
116.0
110.0
69.0
55.0
33.0
2.0
-7.0
31.0
-13.0
-37.0
-21.0
-34.0
-49.0
-17.0
-55.0
-38.0
-47.0
-56.0
-100.0
-56.0
-68.0
-69.0
-72.0
-64.0
-90.0
-97.0
-107.0
-125.0
-124.0
-122.0
-95.0
-84.0
-49.0
-35.0
10.0
0.0
19.0
21.0
9.0
59.0
36.0
39.0
36.0
57.0
72.0
51.0
69.0
60.0
38.0
21.0
37.0
43.0
17.0
5.0
-2.0
-22.0
-42.0
-51.0
-56.0
-44.0
-28.0
-28.0
3.0
1.0
9.0
31.0
47.0
31.0
20.0
61.0
68.0
63.0
57.0
67.0
61.0
73.0
50.0
0.0
-21.0
-72.0
-102.0
-95.0
-87.0
-59.0
-19.0
-9.0
53.0
39.0
65.0
82.0
97.0
95.0
100.0
108.0
106.0
90.0
73.0
64.0
38.0
22.0
13.0
16.0
-10.0
-18.0
-103.0
-104.0
-148.0
-167.0
-185.0
-116.0
-103.0
-103.0
-50.0
-28.0
21.0
31.0
56.0
55.0
62.0
51.0
27.0
35.0
70.0
65.0
46.0
38.0
13.0
52.0
59.0
-4.0
-43.0
-37.0
-53.0
-82.0
-75.0
-46.0
-67.0
-49.0
-42.0
-26.0
-45.0
-50.0
-49.0
-77.0
-102.0
-144.0
-213.0
-230.0
-227.0
-223.0
-97.0
-102.0
-11.0
61.0
116.0
119.0
181.0
216.0
161.0
188.0
240.0
250.0
241.0
215.0
208.0
124.0
145.0
86.0
54.0
18.0
-6.0
-8.0
-27.0
-49.0
-106.0
-86.0
-54.0
-62.0
-105.0
-158.0
-179.0
-182.0
-196.0
-197.0
-200.0
-178.0
-137.0
-107.0
-77.0
14.0
43.0
35.0
24.0
42.0
100.0
98.0
105.0
107.0
95.0
85.0
73.0
62.0
44.0
71.0
51.0
54.0
-14.0
-7.0
-23.0
-13.0
-7.0
-14.0
-43.0
-52.0
-30.0
-64.0
-70.0
-59.0
-70.0
-91.0
-99.0
-104.0
-77.0
-89.0
-114.0
-108.0
-106.0
-63.0
-77.0
-33.0
-14.0
-12.0
-12.0
1.0
19.0
27.0
41.0
28.0
55.0
35.0
63.0
76.0
99.0
63.0
57.0
58.0
53.0
43.0
31.0
39.0
22.0
23.0
24.0
18.0
6.0
24.0
10.0
-9.0
5.0
18.0
-8.0
4.0
2.0
-29.0
-44.0
2.0
-44.0
-45.0
-47.0
-103.0
-130.0
-134.0
-149.0
-152.0
-141.0
-108.0
-74.0
-3.0
41.0
55.0
96.0
105.0
109.0
102.0
137.0
136.0
116.0
122.0
129.0
93.0
69.0
54.0
98.0
86.0
88.0
52.0
29.0
10.0
-41.0
-22.0
-22.0
-6.0
-21.0
-23.0
-71.0
-45.0
-87.0
-81.0
-55.0
-50.0
-61.0
-56.0
-60.0
-42.0
-64.0
-58.0
-58.0
-34.0
-14.0
3.0
8.0
9.0
-4.0
-22.0
-17.0
24.0
-11.0
-13.0
-13.0
-1.0
-3.0
1.0
-38.0
-31.0
2.0
-28.0
-2.0
-20.0
-55.0
-95.0
-134.0
-135.0
-159.0
-152.0
-118.0
-78.0
-69.0
-56.0
0.0
53.0
42.0
41.0
70.0
76.0
87.0
105.0
123.0
78.0
85.0
78.0
74.0
81.0
105.0
88.0
90.0
35.0
9.0
-81.0
-121.0
-160.0
-222.0
-217.0
-197.0
-169.0
-126.0
-59.0
4.0
32.0
108.0
137.0
157.0
150.0
177.0
185.0
193.0
169.0
185.0
172.0
140.0
110.0
89.0
77.0
59.0
99.0
44.0
7.0
-31.0
-20.0
-43.0
-53.0
-70.0
-74.0
-94.0
-81.0
-94.0
-101.0
-88.0
-103.0
-98.0
-134.0
-136.0
-131.0
-148.0
-167.0
-169.0
-154.0
-121.0
-75.0
-28.0
4.0
18.0
19.0
79.0
46.0
69.0
77.0
94.0
81.0
86.0
66.0
69.0
79.0
45.0
27.0
11.0
-32.0
-42.0
-24.0
-35.0
-64.0
-61.0
-63.0
-35.0
-15.0
-17.0
-44.0
-10.0
-14.0
-14.0
-30.0
-60.0
-63.0
-73.0
-94.0
-103.0
-127.0
-113.0
-75.0
-70.0
-38.0
-17.0
-13.0
15.0
45.0
49.0
77.0
92.0
98.0
95.0
100.0
90.0
92.0
101.0
73.0
30.0
-28.0
-78.0
-101.0
-117.0
-102.0
-78.0
-74.0
-59.0
-5.0
19.0
78.0
104.0
123.0
134.0
127.0
134.0
131.0
127.0
127.0
120.0
106.0
78.0
56.0
35.0
-13.0
-68.0
-71.0
-118.0
-166.0
-180.0
-205.0
-147.0
-114.0
-62.0
-53.0
-17.0
-11.0
48.0
90.0
92.0
75.0
68.0
78.0
52.0
74.0
68.0
60.0
74.0
38.0
-21.0
-39.0
-35.0
-105.0
-171.0
-186.0
-195.0
-210.0
-188.0
-148.0
-109.0
-70.0
-24.0
31.0
93.0
128.0
136.0
129.0
123.0
110.0
91.0
120.0
119.0
78.0
33.0
33.0
-11.0
-5.0
29.0
11.0
-46.0
-54.0
-52.0
-76.0
-105.0
-114.0
-89.0
-88.0
-95.0
-111.0
-148.0
-205.0
-243.0
-254.0
-193.0
-114.0
-84.0
-83.0
-36.0
-29.0
37.0
85.0
129.0
147.0
160.0
143.0
169.0
179.0
142.0
144.0
145.0
115.0
78.0
37.0
70.0
44.0
10.0
7.0
-26.0
-4.0
-8.0
-46.0
-69.0
-46.0
-95.0
-89.0
-97.0
-99.0
-94.0
-64.0
-55.0
-26.0
-62.0
-61.0
-57.0
-50.0
-37.0
-43.0
-43.0
-77.0
-75.0
-92.0
-136.0
-170.0
-166.0
-93.0
-78.0
-74.0
5.0
47.0
82.0
114.0
125.0
160.0
147.0
141.0
101.0
101.0
115.0
94.0
127.0
97.0
76.0
58.0
37.0
1.0
-16.0
-16.0
-62.0
-95.0
-109.0
-102.0
-89.0
-71.0
-14.0
-4.0
21.0
25.0
18.0
52.0
68.0
61.0
55.0
34.0
25.0
32.0
59.0
39.0
2.0
-40.0
-61.0
-84.0
-91.0
-80.0
-32.0
-10.0
10.0
19.0
2.0
-12.0
18.0
25.0
50.0
7.0
-6.0
29.0
8.0
10.0
-17.0
21.0
4.0
4.0
1.0
-5.0
-19.0
-20.0
-41.0
-44.0
-29.0
-41.0
-39.0
-26.0
-37.0
-15.0
-52.0
-74.0
-113.0
-110.0
-128.0
-108.0
-119.0
-91.0
-65.0
3.0
6.0
47.0
75.0
74.0
93.0
128.0
129.0
116.0
127.0
115.0
116.0
93.0
45.0
50.0
64.0
-1.0
-1.0
-25.0
12.0
-46.0
-82.0
-78.0
-66.0
-70.0
-87.0
-86.0
-66.0
-47.0
10.0
-4.0
-10.0
17.0
56.0
44.0
52.0
62.0
18.0
17.0
11.0
39.0
11.0
-12.0
7.0
10.0
22.0
4.0
-52.0
-50.0
-52.0
-61.0
-77.0
-87.0
-138.0
-139.0
-155.0
-137.0
-110.0
-95.0
-37.0
32.0
51.0
106.0
54.0
53.0
72.0
94.0
120.0
96.0
107.0
111.0
144.0
87.0
92.0
101.0
102.0
70.0
50.0
40.0
28.0
-22.0
-22.0
-25.0
-49.0
-50.0
-67.0
-25.0
-25.0
-32.0
-39.0
-34.0
-53.0
-44.0
-78.0
-70.0
-87.0
-92.0
-114.0
-112.0
-108.0
-59.0
-66.0
-25.0
0.0
1.0
-19.0
-12.0
20.0
-15.0
17.0
49.0
56.0
53.0
48.0
45.0
31.0
44.0
20.0
-4.0
13.0
19.0
-9.0
7.0
-27.0
-32.0
-46.0
-44.0
-35.0
-33.0
-36.0
-21.0
-12.0
-8.0
-55.0
-66.0
-71.0
-73.0
-94.0
-89.0
-63.0
-71.0
-52.0
-26.0
29.0
35.0
44.0
45.0
55.0
78.0
93.0
113.0
76.0
65.0
34.0
42.0
79.0
74.0
49.0
30.0
6.0
4.0
-10.0
-17.0
-47.0
-66.0
-53.0
-31.0
-43.0
-38.0
24.0
-18.0
-17.0
-23.0
-13.0
-13.0
-3.0
-51.0
29.0
24.0
-17.0
-74.0
-134.0
-141.0
-162.0
-163.0
-176.0
-173.0
-125.0
-71.0
-31.0
36.0
51.0
109.0
133.0
137.0
171.0
203.0
187.0
165.0
121.0
139.0
103.0
86.0
98.0
89.0
79.0
63.0
62.0
10.0
-36.0
-75.0
-91.0
-139.0
-126.0
-132.0
-108.0
-113.0
-52.0
9.0
10.0
29.0
55.0
69.0
88.0
84.0
105.0
94.0
90.0
75.0
87.0
32.0
27.0
11.0
1.0
2.0
-13.0
-25.0
-40.0
-26.0
-61.0
-55.0
-82.0
-66.0
-73.0
-69.0
-57.0
-58.0
-77.0
-56.0
-63.0
-71.0
-103.0
-88.0
-128.0
-132.0
-142.0
-172.0
-172.0
-142.0
-125.0
-83.0
-62.0
-17.0
31.0
28.0
40.0
41.0
43.0
50.0
41.0
112.0
134.0
119.0
130.0
141.0
131.0
74.0
77.0
77.0
37.0
30.0
-36.0
-46.0
-64.0
-56.0
-87.0
-53.0
-78.0
-48.0
-62.0
-80.0
-88.0
-20.0
41.0
41.0
46.0
56.0
64.0
0.0
42.0
58.0
71.0
44.0
35.0
21.0
-27.0
17.0
2.0
-15.0
0.0
-28.0
-46.0
-13.0
-4.0
-3.0
-18.0
-12.0
-59.0
-22.0
-73.0
-120.0
-96.0
-30.0
5.0
0.0
-16.0
-60.0
-78.0
-68.0
-93.0
-70.0
-42.0
7.0
51.0
49.0
64.0
86.0
45.0
-10.0
-13.0
55.0
64.0
95.0
83.0
86.0
41.0
22.0
36.0
-3.0
4.0
19.0
-42.0
-10.0
-32.0
-20.0
-56.0
-41.0
-84.0
-82.0
-53.0
-59.0
-53.0
2.0
29.0
33.0
35.0
48.0
55.0
25.0
73.0
44.0
70.0
63.0
65.0
62.0
40.0
-2.0
-43.0
15.0
-6.0
-46.0
-115.0
-150.0
-169.0
-165.0
-147.0
-86.0
-35.0
-30.0
-3.0
84.0
77.0
129.0
115.0
115.0
91.0
119.0
127.0
81.0
63.0
73.0
101.0
60.0
40.0
39.0
29.0
9.0
-28.0
-70.0
-76.0
-34.0
-39.0
-80.0
-69.0
-65.0
-64.0
-56.0
-93.0
-111.0
-169.0
-160.0
-147.0
-146.0
-79.0
-77.0
-23.0
-5.0
36.0
71.0
97.0
103.0
122.0
109.0
107.0
108.0
71.0
125.0
90.0
85.0
67.0
15.0
25.0
16.0
-4.0
-4.0
-15.0
-36.0
-31.0
-27.0
-54.0
-80.0
-87.0
-76.0
-105.0
-106.0
-34.0
-69.0
-54.0
-43.0
-60.0
-45.0
-56.0
-115.0
-96.0
-91.0
-127.0
-138.0
-116.0
-107.0
-77.0
-36.0
-16.0
8.0
45.0
56.0
94.0
108.0
142.0
117.0
149.0
124.0
90.0
84.0
33.0
41.0
72.0
98.0
79.0
74.0
28.0
-5.0
0.0
-17.0
-24.0
-19.0
-74.0
-78.0
-127.0
-127.0
-142.0
-148.0
-144.0
-137.0
-85.0
-81.0
-35.0
-6.0
30.0
65.0
94.0
106.0
97.0
55.0
24.0
27.0
-10.0
-35.0
0.0
-20.0
-29.0
-18.0
18.0
25.0
31.0
31.0
78.0
96.0
98.0
99.0
73.0
70.0
71.0
48.0
59.0
61.0
31.0
6.0
15.0
-31.0
-56.0
-74.0
-97.0
-68.0
-100.0
-97.0
-121.0
-137.0
-71.0
-51.0
-77.0
-88.0
-156.0
-180.0
-153.0
-147.0
-113.0
-63.0
-49.0
-3.0
25.0
32.0
39.0
62.0
45.0
42.0
49.0
60.0
95.0
137.0
142.0
105.0
98.0
104.0
76.0
76.0
58.0
57.0
68.0
48.0
41.0
-6.0
-70.0
-96.0
-136.0
-134.0
-154.0
-134.0
-90.0
-60.0
-42.0
-8.0
14.0
30.0
24.0
21.0
23.0
8.0
15.0
-2.0
14.0
10.0
-9.0
5.0
20.0
25.0
2.0
24.0
28.0
25.0
-1.0
9.0
18.0
-10.0
-2.0
-13.0
-13.0
22.0
2.0
-1.0
-17.0
-56.0
-30.0
-89.0
-52.0
-46.0
-49.0
-24.0
-59.0
-99.0
-76.0
-87.0
-76.0
-74.0
-55.0
-56.0
-7.0
-11.0
2.0
41.0
75.0
70.0
41.0
66.0
92.0
83.0
94.0
78.0
56.0
33.0
5.0
19.0
-12.0
-11.0
-34.0
-26.0
-22.0
-5.0
-40.0
-83.0
-96.0
-76.0
-70.0
-42.0
-45.0
-38.0
-31.0
-29.0
-19.0
-17.0
-3.0
17.0
33.0
35.0
20.0
27.0
-2.0
3.0
1.0
-31.0
-46.0
-1.0
-7.0
-13.0
-22.0
-16.0
-2.0
-10.0
-1.0
7.0
0.0
-21.0
-28.0
-22.0
-12.0
-17.0
5.0
1.0
4.0
6.0
7.0
-7.0
26.0
65.0
50.0
48.0
61.0
18.0
23.0
10.0
17.0
-4.0
6.0
14.0
18.0
16.0
32.0
5.0
-63.0
-65.0
-68.0
-107.0
-126.0
-81.0
-26.0
-22.0
8.0
20.0
51.0
86.0
129.0
127.0
97.0
168.0
139.0
136.0
132.0
114.0
117.0
81.0
46.0
28.0
4.0
-50.0
-80.0
-88.0
-69.0
-48.0
-34.0
-44.0
-56.0
-58.0
-50.0
-57.0
-49.0
-55.0
-14.0
-73.0
-63.0
-55.0
-94.0
-105.0
-111.0
-149.0
-136.0
-141.0
-98.0
-84.0
-84.0
-31.0
19.0
4.0
58.0
31.0
37.0
47.0
65.0
96.0
98.0
92.0
93.0
48.0
18.0
23.0
12.0
8.0
-2.0
6.0
37.0
23.0
-35.0
-31.0
-45.0
-48.0
-87.0
-88.0
-64.0
-18.0
-4.0
-27.0
-48.0
-170.0
-171.0
-194.0
-177.0
-171.0
-115.0
19.0
22.0
17.0
40.0
95.0
81.0
67.0
87.0
85.0
134.0
87.0
107.0
128.0
87.0
105.0
38.0
31.0
32.0
22.0
33.0
11.0
-17.0
-22.0
9.0
-13.0
-38.0
-59.0
-45.0
-47.0
-47.0
-37.0
-61.0
-92.0
-69.0
-88.0
-122.0
-115.0
-129.0
-126.0
-113.0
-81.0
-50.0
-24.0
34.0
31.0
41.0
53.0
99.0
109.0
71.0
63.0
42.0
-12.0
-59.0
-24.0
24.0
-10.0
4.0
2.0
19.0
26.0
18.0
39.0
113.0
127.0
98.0
125.0
92.0
93.0
68.0
39.0
57.0
27.0
24.0
43.0
-14.0
-32.0
-60.0
-58.0
-66.0
-37.0
-65.0
-45.0
-46.0
-86.0
-64.0
-57.0
-77.0
-80.0
-59.0
-49.0
-93.0
-66.0
-36.0
-99.0
-97.0
-11.0
-7.0
-9.0
9.0
-28.0
6.0
34.0
3.0
9.0
0.0
-18.0
-18.0
-17.0
-26.0
-43.0
-28.0
-27.0
-39.0
-78.0
-90.0
-51.0
-95.0
-90.0
-100.0
-49.0
-53.0
-28.0
-2.0
39.0
30.0
41.0
39.0
46.0
56.0
74.0
93.0
71.0
100.0
84.0
92.0
50.0
65.0
53.0
56.0
27.0
16.0
20.0
42.0
-13.0
-15.0
18.0
-23.0
-23.0
-53.0
-7.0
-1.0
16.0
-21.0
-11.0
-55.0
-68.0
-39.0
-39.0
-50.0
-49.0
-17.0
6.0
-10.0
-38.0
-57.0
-92.0
-130.0
-128.0
-113.0
-77.0
-36.0
-48.0
-5.0
37.0
56.0
57.0
24.0
31.0
16.0
28.0
58.0
76.0
77.0
88.0
67.0
66.0
40.0
37.0
55.0
90.0
98.0
77.0
70.0
48.0
39.0
32.0
26.0
24.0
11.0
0.0
2.0
-10.0
-48.0
-62.0
-48.0
-61.0
-57.0
-53.0
-77.0
-73.0
-106.0
-143.0
-165.0
-150.0
-139.0
-107.0
-71.0
-67.0
-23.0
-38.0
16.0
48.0
91.0
83.0
97.0
121.0
85.0
93.0
40.0
31.0
-9.0
-18.0
-52.0
-28.0
-14.0
-29.0
44.0
52.0
76.0
82.0
103.0
103.0
107.0
79.0
38.0
53.0
65.0
71.0
60.0
56.0
24.0
21.0
5.0
8.0
-20.0
-32.0
-41.0
-43.0
-67.0
-38.0
-75.0
-67.0
-61.0
-37.0
-27.0
-104.0
-91.0
-91.0
-98.0
-99.0
-92.0
-42.0
-60.0
-76.0
-43.0
-48.0
-23.0
-30.0
-36.0
-48.0
-11.0
-39.0
-18.0
-18.0
-14.0
-40.0
-47.0
-43.0
-39.0
6.0
31.0
9.0
5.0
6.0
-1.0
-19.0
25.0
12.0
14.0
-11.0
-6.0
-53.0
-30.0
11.0
-2.0
15.0
11.0
12.0
-7.0
-2.0
-48.0
-85.0
-80.0
-84.0
-95.0
-103.0
-57.0
-54.0
-72.0
-20.0
14.0
31.0
52.0
81.0
73.0
62.0
36.0
27.0
-4.0
-11.0
-5.0
10.0
32.0
57.0
76.0
44.0
63.0
69.0
41.0
94.0
68.0
59.0
74.0
65.0
61.0
72.0
49.0
43.0
22.0
7.0
14.0
27.0
-11.0
-13.0
2.0
-10.0
-6.0
0.0
-15.0
-13.0
-28.0
-16.0
-65.0
-39.0
-19.0
-35.0
9.0
2.0
-24.0
-30.0
-1.0
-3.0
-36.0
-52.0
-54.0
-39.0
-19.0
-19.0
-25.0
-15.0
-88.0
-120.0
-140.0
-112.0
-136.0
-85.0
-73.0
-72.0
-46.0
-9.0
-12.0
28.0
48.0
60.0
91.0
77.0
72.0
78.0
127.0
94.0
98.0
94.0
32.0
58.0
100.0
82.0
67.0
64.0
48.0
-10.0
-6.0
-21.0
14.0
24.0
-7.0
-39.0
-33.0
-26.0
-94.0
-65.0
-87.0
-105.0
-50.0
-72.0
-73.0
-46.0
-35.0
-27.0
-15.0
-3.0
15.0
1.0
30.0
48.0
52.0
15.0
37.0
44.0
41.0
7.0
-25.0
-4.0
10.0
26.0
-2.0
-26.0
-85.0
-80.0
-116.0
-124.0
-116.0
-141.0
-83.0
-48.0
13.0
2.0
15.0
10.0
33.0
59.0
90.0
84.0
88.0
120.0
85.0
74.0
39.0
34.0
43.0
14.0
31.0
22.0
29.0
32.0
38.0
35.0
-7.0
-15.0
-18.0
-25.0
-18.0
-35.0
-5.0
-7.0
-8.0
-8.0
-51.0
-48.0
-36.0
-23.0
-42.0
-71.0
-78.0
-8.0
-11.0
-12.0
-6.0
-8.0
-19.0
-20.0
-19.0
19.0
-26.0
-12.0
-25.0
-36.0
-49.0
-44.0
-52.0
-54.0
-18.0
-7.0
19.0
-3.0
15.0
11.0
-14.0
-6.0
-5.0
29.0
-7.0
-13.0
-28.0
-61.0
-84.0
-125.0
-136.0
-136.0
-101.0
-77.0
-34.0
-33.0
-2.0
31.0
94.0
89.0
94.0
95.0
111.0
106.0
103.0
109.0
112.0
100.0
84.0
70.0
68.0
69.0
52.0
28.0
1.0
-27.0
-31.0
-35.0
-47.0
-61.0
-38.0
-39.0
-5.0
-11.0
-22.0
-8.0
-34.0
-27.0
9.0
-2.0
-10.0
-4.0
-13.0
-20.0
1.0
-37.0
-5.0
-41.0
-65.0
-49.0
-45.0
-43.0
-63.0
-97.0
-5.0
-20.0
18.0
-55.0
-27.0
-82.0
-64.0
-63.0
-3.0
-19.0
-12.0
-24.0
11.0
20.0
67.0
77.0
24.0
30.0
81.0
76.0
66.0
70.0
40.0
27.0
37.0
10.0
28.0
30.0
-1.0
-33.0
-44.0
-61.0
-44.0
-48.0
-53.0
-92.0
-47.0
-47.0
-76.0
-55.0
-8.0
-19.0
-7.0
-14.0
23.0
13.0
18.0
13.0
-4.0
2.0
-28.0
-45.0
-78.0
-53.0
-37.0
-27.0
16.0
19.0
18.0
35.0
56.0
49.0
30.0
5.0
13.0
31.0
53.0
47.0
54.0
98.0
54.0
49.0
46.0
51.0
19.0
32.0
25.0
29.0
-13.0
-56.0
-95.0
-121.0
-100.0
-71.0
-87.0
-116.0
-58.0
-57.0
-32.0
-9.0
-2.0
14.0
24.0
-32.0
-1.0
29.0
49.0
40.0
56.0
47.0
26.0
44.0
31.0
-14.0
-18.0
-20.0
-61.0
-68.0
-98.0
-119.0
-141.0
-120.0
-77.0
-81.0
-59.0
17.0
36.0
44.0
53.0
74.0
98.0
61.0
84.0
114.0
107.0
109.0
83.0
81.0
42.0
57.0
56.0
20.0
23.0
41.0
22.0
-24.0
-22.0
-29.0
-41.0
-37.0
-59.0
-101.0
-105.0
-103.0
-110.0
-83.0
-63.0
-56.0
-78.0
-54.0
-51.0
-50.0
19.0
17.0
16.0
39.0
46.0
37.0
26.0
7.0
-2.0
-22.0
-22.0
-41.0
-78.0
-91.0
-40.0
-41.0
-72.0
-28.0
20.0
26.0
42.0
56.0
67.0
92.0
76.0
72.0
46.0
48.0
66.0
53.0
46.0
62.0
12.0
22.0
16.0
11.0
15.0
7.0
2.0
15.0
-26.0
-54.0
-58.0
-65.0
-72.0
-85.0
-75.0
-64.0
-48.0
-42.0
-41.0
-22.0
-5.0
20.0
6.0
3.0
9.0
21.0
3.0
0.0
-11.0
-11.0
-24.0
-17.0
1.0
-12.0
-12.0
-31.0
-58.0
-29.0
-29.0
-56.0
-20.0
0.0
26.0
27.0
33.0
39.0
44.0
14.0
6.0
30.0
52.0
9.0
-40.0
-30.0
-7.0
-10.0
10.0
8.0
-24.0
13.0
-25.0
-22.0
43.0
42.0
35.0
31.0
-33.0
-29.0
-16.0
9.0
35.0
-11.0
-29.0
-33.0
7.0
-46.0
-23.0
-30.0
-29.0
-35.0
-58.0
-21.0
-16.0
-19.0
-6.0
-19.0
-15.0
-42.0
-13.0
43.0
75.0
27.0
36.0
37.0
-4.0
56.0
-4.0
28.0
-1.0
-11.0
12.0
5.0
-14.0
-15.0
8.0
-29.0
4.0
-24.0
-18.0
-31.0
-50.0
-31.0
-33.0
-37.0
-24.0
-17.0
-26.0
-20.0
-34.0
-52.0
-70.0
-70.0
-42.0
-40.0
-23.0
-19.0
-20.0
9.0
40.0
56.0
72.0
64.0
27.0
13.0
10.0
34.0
21.0
7.0
-9.0
-7.0
-12.0
17.0
39.0
51.0
36.0
37.0
31.0
30.0
-8.0
-22.0
37.0
26.0
2.0
12.0
-26.0
-34.0
-2.0
-30.0
-6.0
3.0
-10.0
44.0
24.0
22.0
1.0
-24.0
-70.0
-59.0
-101.0
-72.0
-49.0
-75.0
-33.0
-33.0
-33.0
2.0
14.0
10.0
45.0
42.0
50.0
36.0
64.0
64.0
45.0
7.0
10.0
13.0
4.0
-37.0
-64.0
-37.0
-45.0
-53.0
-61.0
-46.0
-27.0
-23.0
-58.0
-40.0
2.0
12.0
50.0
48.0
88.0
65.0
122.0
70.0
46.0
21.0
15.0
53.0
24.0
17.0
35.0
-24.0
-31.0
-79.0
-52.0
-70.0
-53.0
-24.0
-38.0
-33.0
2.0
5.0
28.0
53.0
39.0
-12.0
10.0
-18.0
-9.0
-5.0
9.0
2.0
-28.0
-15.0
-26.0
-9.0
-24.0
-26.0
-13.0
-7.0
-35.0
-68.0
-74.0
-80.0
-78.0
-69.0
-44.0
-49.0
2.0
6.0
43.0
47.0
49.0
61.0
60.0
62.0
41.0
48.0
-13.0
-17.0
-28.0
-5.0
-46.0
-14.0
-24.0
9.0
15.0
-11.0
18.0
16.0
2.0
8.0
77.0
76.0
66.0
88.0
68.0
18.0
28.0
18.0
13.0
27.0
-16.0
-16.0
-63.0
-105.0
-114.0
-88.0
-101.0
-98.0
-62.0
-14.0
1.0
4.0
-49.0
7.0
-44.0
-4.0
10.0
-2.0
-9.0
17.0
-17.0
-6.0
2.0
27.0
0.0
-2.0
-6.0
-10.0
-17.0
5.0
-7.0
-16.0
-7.0
-42.0
-19.0
-20.0
-4.0
-4.0
-39.0
-22.0
-33.0
-63.0
-45.0
-46.0
-79.0
-60.0
-49.0
-46.0
-9.0
-26.0
23.0
43.0
-8.0
12.0
19.0
18.0
74.0
64.0
88.0
85.0
77.0
92.0
63.0
96.0
45.0
59.0
50.0
54.0
15.0
17.0
29.0
23.0
7.0
-14.0
-63.0
-73.0
-35.0
-39.0
-31.0
-12.0
-3.0
12.0
-50.0
-58.0
-55.0
-57.0
-65.0
-63.0
-55.0
-68.0
-13.0
22.0
-8.0
12.0
19.0
38.0
101.0
91.0
82.0
67.0
82.0
66.0
86.0
67.0
24.0
11.0
2.0
1.0
3.0
-10.0
12.0
3.0
-33.0
-65.0
-78.0
-71.0
-61.0
-54.0
-27.0
-14.0
9.0
-17.0
-93.0
-83.0
-57.0
-28.0
7.0
10.0
-3.0
-7.0
-46.0
-77.0
-52.0
-7.0
-6.0
-58.0
-46.0
-52.0
-10.0
-22.0
-60.0
-21.0
-1.0
-3.0
-2.0
3.0
-18.0
-19.0
32.0
44.0
36.0
12.0
20.0
-21.0
14.0
13.0
21.0
16.0
-4.0
-2.0
21.0
-38.0
-45.0
-32.0
-39.0
-63.0
-76.0
-86.0
-73.0
-55.0
-33.0
-38.0
-12.0
-16.0
-13.0
-4.0
13.0
9.0
23.0
9.0
24.0
70.0
93.0
65.0
67.0
29.0
36.0
31.0
10.0
49.0
-17.0
26.0
35.0
-4.0
15.0
13.0
-2.0
2.0
-10.0
-44.0
-26.0
-24.0
6.0
14.0
-5.0
-9.0
0.0
8.0
-23.0
-22.0
-5.0
-62.0
-86.0
-98.0
-121.0
-123.0
-93.0
-87.0
-68.0
-39.0
-20.0
12.0
13.0
40.0
19.0
40.0
34.0
45.0
27.0
74.0
55.0
48.0
80.0
148.0
146.0
162.0
108.0
104.0
101.0
63.0
51.0
54.0
67.0
51.0
39.0
-7.0
-10.0
-7.0
-52.0
-54.0
-78.0
-86.0
-139.0
-149.0
-129.0
-155.0
-143.0
-137.0
-119.0
-85.0
-63.0
14.0
41.0
54.0
54.0
56.0
103.0
108.0
90.0
107.0
121.0
69.0
97.0
47.0
44.0
35.0
28.0
27.0
23.0
-25.0
-35.0
-45.0
-75.0
-75.0
-60.0
-64.0
-80.0
-75.0
-72.0
-49.0
-33.0
-66.0
-27.0
-2.0
2.0
-67.0
-59.0
-50.0
-69.0
-115.0
-130.0
-128.0
-91.0
-74.0
-49.0
12.0
38.0
38.0
45.0
125.0
68.0
73.0
93.0
93.0
96.0
106.0
91.0
92.0
63.0
56.0
68.0
29.0
28.0
4.0
14.0
-39.0
-71.0
-89.0
-28.0
-3.0
-59.0
-40.0
-90.0
-64.0
-40.0
-48.0
-52.0
-51.0
-58.0
-34.0
-44.0
-9.0
4.0
6.0
-18.0
-55.0
-38.0
-36.0
-16.0
17.0
11.0
-9.0
0.0
-13.0
18.0
-6.0
33.0
29.0
-11.0
6.0
46.0
-2.0
-24.0
-59.0
-64.0
-109.0
-78.0
-78.0
-56.0
-47.0
-49.0
-11.0
33.0
20.0
32.0
46.0
50.0
56.0
41.0
48.0
16.0
28.0
48.0
46.0
50.0
34.0
44.0
43.0
13.0
-66.0
-95.0
-91.0
-102.0
-88.0
-97.0
-105.0
-57.0
-47.0
3.0
38.0
119.0
123.0
126.0
106.0
140.0
123.0
90.0
81.0
96.0
93.0
87.0
54.0
41.0
10.0
-19.0
-30.0
-34.0
-32.0
-37.0
-41.0
-54.0
-68.0
-80.0
-48.0
-48.0
-29.0
-33.0
-29.0
-33.0
-29.0
-36.0
-86.0
-94.0
-88.0
-81.0
-63.0
-77.0
-81.0
-63.0
-31.0
-8.0
-21.0
-38.0
9.0
30.0
-18.0
-12.0
-19.0
-26.0
-35.0
-24.0
-20.0
-24.0
-69.0
-73.0
-130.0
-167.0
-165.0
-72.0
-61.0
-11.0
-10.0
7.0
50.0
76.0
76.0
101.0
99.0
81.0
90.0
81.0
87.0
99.0
78.0
103.0
94.0
93.0
86.0
10.0
-42.0
-86.0
-93.0
-92.0
-109.0
-110.0
-98.0
-44.0
-37.0
-11.0
7.0
48.0
70.0
112.0
140.0
158.0
138.0
120.0
116.0
122.0
117.0
88.0
58.0
71.0
39.0
18.0
-6.0
-3.0
-20.0
-37.0
-29.0
-38.0
-39.0
-41.0
-29.0
-87.0
-94.0
-112.0
-119.0
-128.0
-107.0
-75.0
-79.0
-71.0
-92.0
-84.0
-85.0
-94.0
-107.0
-79.0
-75.0
-82.0
-44.0
6.0
0.0
22.0
29.0
26.0
34.0
57.0
17.0
2.0
-22.0
-21.0
-50.0
26.0
3.0
-48.0
-43.0
-52.0
-10.0
-4.0
-10.0
8.0
-23.0
-11.0
-13.0
10.0
-7.0
17.0
37.0
32.0
55.0
60.0
12.0
-21.0
-15.0
-15.0
2.0
-14.0
-42.0
10.0
4.0
-15.0
-10.0
-8.0
11.0
16.0
23.0
44.0
37.0
58.0
41.0
14.0
25.0
36.0
20.0
8.0
12.0
11.0
32.0
-12.0
-37.0
8.0
-14.0
-44.0
-28.0
-11.0
-8.0
-16.0
4.0
6.0
-15.0
-20.0
8.0
30.0
24.0
35.0
34.0
12.0
-5.0
-4.0
-18.0
-69.0
-53.0
13.0
-35.0
-39.0
-37.0
-52.0
-49.0
0.0
-13.0
24.0
25.0
17.0
8.0
-18.0
-21.0
-13.0
-12.0
-5.0
6.0
13.0
13.0
27.0
-23.0
24.0
17.0
-1.0
-6.0
-21.0
-16.0
-67.0
-49.0
-12.0
8.0
26.0
6.0
-21.0
-4.0
-39.0
-11.0
22.0
-12.0
29.0
11.0
-15.0
-14.0
3.0
25.0
-15.0
-18.0
-34.0
-38.0
-5.0
-28.0
19.0
20.0
10.0
20.0
22.0
36.0
-4.0
-48.0
-56.0
-29.0
-102.0
-93.0
-74.0
-78.0
-71.0
-61.0
-50.0
-61.0
-6.0
11.0
29.0
24.0
56.0
59.0
131.0
122.0
111.0
58.0
70.0
63.0
27.0
17.0
-22.0
-33.0
-92.0
-128.0
-99.0
-66.0
-67.0
-55.0
-22.0
-15.0
9.0
46.0
48.0
93.0
88.0
89.0
65.0
66.0
81.0
81.0
49.0
66.0
58.0
60.0
33.0
36.0
106.0
41.0
52.0
53.0
22.0
24.0
13.0
15.0
-20.0
-17.0
-29.0
-9.0
-46.0
-42.0
-33.0
-58.0
-52.0
-74.0
-85.0
-93.0
-124.0
-91.0
-87.0
-83.0
-6.0
2.0
-4.0
-43.0
4.0
-17.0
-9.0
-5.0
6.0
-6.0
14.0
2.0
-38.0
-31.0
-31.0
-32.0
-7.0
-43.0
-37.0
-24.0
-16.0
15.0
-14.0
18.0
-8.0
-48.0
-44.0
-72.0
-56.0
-61.0
-33.0
-77.0
-64.0
-3.0
16.0
19.0
42.0
78.0
70.0
76.0
63.0
67.0
26.0
12.0
30.0
41.0
8.0
26.0
13.0
8.0
-38.0
-51.0
-37.0
-9.0
-23.0
-9.0
-28.0
-24.0
-29.0
-31.0
-38.0
-29.0
-22.0
-52.0
-46.0
-55.0
-30.0
-58.0
-34.0
-39.0
-36.0
-36.0
-43.0
-41.0
-7.0
8.0
26.0
33.0
40.0
44.0
35.0
54.0
62.0
33.0
33.0
44.0
43.0
-16.0
-57.0
-61.0
-78.0
-101.0
-86.0
-80.0
-56.0
4.0
11.0
28.0
24.0
24.0
21.0
56.0
-12.0
28.0
77.0
102.0
106.0
46.0
32.0
28.0
37.0
58.0
56.0
24.0
18.0
4.0
-22.0
-30.0
4.0
7.0
19.0
32.0
8.0
-35.0
-52.0
-12.0
-29.0
-7.0
-5.0
-14.0
-55.0
-132.0
-101.0
-106.0
-55.0
-24.0
-2.0
-11.0
-1.0
-12.0
60.0
90.0
89.0
69.0
31.0
28.0
21.0
2.0
-12.0
-13.0
-11.0
-8.0
-37.0
-27.0
-36.0
-103.0
-113.0
-60.0
-80.0
-83.0
-26.0
18.0
57.0
52.0
70.0
37.0
61.0
71.0
17.0
14.0
-8.0
-74.0
-109.0
-120.0
-130.0
-128.0
-131.0
-85.0
-58.0
-54.0
-32.0
39.0
69.0
108.0
116.0
127.0
120.0
108.0
98.0
98.0
80.0
78.0
94.0
31.0
23.0
23.0
42.0
43.0
46.0
39.0
38.0
59.0
20.0
6.0
18.0
22.0
0.0
5.0
18.0
15.0
-33.0
-33.0
-65.0
-71.0
-76.0
-81.0
-86.0
-119.0
-177.0
-179.0
-220.0
-221.0
-222.0
-162.0
-154.0
-172.0
-103.0
5.0
57.0
53.0
120.0
139.0
117.0
158.0
145.0
139.0
109.0
159.0
170.0
169.0
123.0
85.0
79.0
91.0
14.0
14.0
0.0
-13.0
-32.0
-32.0
-41.0
-71.0
-88.0
-76.0
-43.0
-46.0
-71.0
-58.0
-103.0
-99.0
-63.0
-36.0
-29.0
-36.0
-37.0
-15.0
-20.0
-33.0
-57.0
-58.0
-74.0
-68.0
-72.0
-37.0
-48.0
-24.0
6.0
-13.0
24.0
25.0
-5.0
-47.0
-28.0
-8.0
37.0
43.0
35.0
37.0
48.0
44.0
61.0
35.0
37.0
5.0
39.0
-11.0
-22.0
-12.0
-49.0
-57.0
-132.0
-106.0
-60.0
-45.0
-86.0
-59.0
-39.0
31.0
86.0
90.0
72.0
49.0
59.0
63.0
34.0
76.0
80.0
90.0
73.0
70.0
52.0
20.0
46.0
42.0
22.0
-22.0
1.0
-35.0
-39.0
-39.0
-27.0
-17.0
-31.0
-56.0
-36.0
-68.0
-80.0
-42.0
-57.0
-59.0
-33.0
-20.0
27.0
-22.0
-24.0
18.0
31.0
12.0
12.0
12.0
15.0
17.0
24.0
4.0
1.0
8.0
53.0
24.0
-10.0
-10.0
-32.0
-50.0
-48.0
-57.0
-4.0
-34.0
-49.0
-46.0
-50.0
-46.0
-33.0
-17.0
-4.0
43.0
34.0
28.0
10.0
-2.0
4.0
7.0
4.0
-22.0
34.0
10.0
12.0
68.0
65.0
26.0
33.0
28.0
11.0
-13.0
-5.0
-39.0
32.0
-16.0
-22.0
-44.0
-35.0
-31.0
-23.0
-30.0
-58.0
-40.0
-47.0
-51.0
-60.0
-63.0
-48.0
-52.0
-28.0
34.0
61.0
57.0
73.0
76.0
62.0
21.0
25.0
22.0
-1.0
30.0
46.0
35.0
10.0
-7.0
-48.0
-44.0
-44.0
-43.0
-36.0
4.0
12.0
21.0
1.0
7.0
46.0
39.0
28.0
23.0
5.0
-16.0
-21.0
10.0
26.0
-8.0
-79.0
-60.0
-26.0
-27.0
-10.0
-60.0
-74.0
-57.0
-8.0
-10.0
41.0
12.0
-36.0
-40.0
-17.0
61.0
30.0
47.0
5.0
10.0
9.0
66.0
69.0
66.0
40.0
34.0
28.0
-20.0
27.0
-101.0
-57.0
-70.0
-10.0
-11.0
-59.0
-60.0
-45.0
-8.0
18.0
17.0
-9.0
-20.0
-25.0
-19.0
-3.0
-15.0
-20.0
-11.0
4.0
5.0
-4.0
-1.0
0.0
6.0
26.0
53.0
15.0
-20.0
-21.0
-42.0
-55.0
-25.0
-10.0
-11.0
2.0
-3.0
0.0
-13.0
6.0
-9.0
10.0
8.0
-5.0
-1.0
1.0
-26.0
-19.0
-32.0
-47.0
-36.0
-25.0
4.0
-85.0
-89.0
-29.0
7.0
11.0
-22.0
31.0
9.0
2.0
24.0
-57.0
-63.0
-43.0
-46.0
-22.0
65.0
-6.0
24.0
45.0
51.0
5.0
6.0
-66.0
-91.0
-31.0
3.0
29.0
-21.0
-2.0
42.0
16.0
7.0
3.0
35.0
37.0
-11.0
3.0
64.0
19.0
11.0
34.0
31.0
-1.0
-3.0
-14.0
-17.0
-1.0
-24.0
-52.0
-85.0
-58.0
-53.0
-14.0
-7.0
-12.0
-21.0
-11.0
22.0
40.0
52.0
38.0
45.0
16.0
29.0
31.0
15.0
29.0
29.0
-9.0
15.0
-16.0
-22.0
7.0
-34.0
-7.0
-1.0
-14.0
-25.0
-33.0
-10.0
-9.0
-7.0
-15.0
14.0
-35.0
-53.0
-19.0
-28.0
3.0
-5.0
-7.0
-9.0
29.0
6.0
25.0
-39.0
-53.0
-13.0
32.0
5.0
18.0
22.0
-24.0
2.0
28.0
43.0
5.0
-87.0
-23.0
27.0
23.0
20.0
40.0
21.0
18.0
-20.0
-20.0
-18.0
-36.0
-26.0
-29.0
-28.0
-23.0
-20.0
-29.0
-19.0
-17.0
0.0
-19.0
-12.0
-5.0
-5.0
1.0
-9.0
5.0
5.0
3.0
0.0
18.0
11.0
-9.0
-5.0
-47.0
-61.0
7.0
9.0
46.0
-11.0
-22.0
-39.0
-12.0
-16.0
-44.0
-4.0
21.0
-6.0
11.0
1.0
-5.0
-10.0
10.0
11.0
38.0
26.0
15.0
-9.0
-10.0
-14.0
-10.0
-8.0
20.0
17.0
-16.0
-21.0
-10.0
28.0
-7.0
5.0
10.0
-9.0
-50.0
-45.0
-18.0
-3.0
-23.0
-29.0
-21.0
-104.0
-136.0
-80.0
-22.0
-17.0
38.0
111.0
114.0
72.0
50.0
-43.0
-73.0
-81.0
69.0
73.0
72.0
77.0
4.0
-9.0
-47.0
-34.0
-18.0
0.0
-49.0
-52.0
-28.0
-31.0
-19.0
-36.0
-54.0
-37.0
-25.0
-6.0
32.0
31.0
-3.0
18.0
18.0
2.0
87.0
54.0
5.0
-22.0
-33.0
-31.0
-25.0
-4.0
-1.0
10.0
0.0
-22.0
5.0
13.0
26.0
25.0
-9.0
-36.0
-62.0
-74.0
-88.0
-89.0
-65.0
-32.0
-12.0
-12.0
-42.0
-23.0
5.0
46.0
17.0
57.0
43.0
49.0
59.0
52.0
57.0
75.0
48.0
19.0
-4.0
18.0
-15.0
40.0
-133.0
-131.0
-22.0
11.0
4.0
-47.0
25.0
54.0
7.0
23.0
30.0
33.0
19.0
-47.0
-22.0
17.0
40.0
35.0
-1.0
-93.0
-85.0
-83.0
-72.0
-69.0
-74.0
-62.0
-58.0
-31.0
-19.0
-55.0
-31.0
-36.0
8.0
-59.0
58.0
86.0
47.0
48.0
71.0
46.0
57.0
54.0
68.0
73.0
60.0
42.0
0.0
15.0
3.0
-16.0
-70.0
-63.0
-91.0
-83.0
-88.0
-109.0
-86.0
-35.0
-51.0
-35.0
-15.0
-12.0
-7.0
26.0
42.0
92.0
57.0
40.0
35.0
74.0
97.0
91.0
92.0
106.0
17.0
6.0
41.0
53.0
30.0
-20.0
-21.0
-21.0
32.0
-24.0
-23.0
3.0
-61.0
-41.0
-54.0
-11.0
11.0
9.0
-39.0
-34.0
-49.0
-43.0
-42.0
5.0
-23.0
-24.0
8.0
11.0
-3.0
-51.0
-76.0
-47.0
-23.0
52.0
18.0
8.0
-1.0
0.0
-87.0
-27.0
18.0
-3.0
8.0
-5.0
14.0
0.0
-3.0
-3.0
-21.0
-13.0
-19.0
-15.0
-18.0
-54.0
7.0
5.0
17.0
18.0
5.0
-9.0
-23.0
-11.0
-10.0
-28.0
-58.0
-87.0
-121.0
-123.0
-131.0
-103.0
-102.0
-74.0
-65.0
-81.0
-30.0
-24.0
20.0
37.0
60.0
100.0
53.0
68.0
32.0
74.0
131.0
107.0
57.0
53.0
44.0
66.0
-7.0
-28.0
49.0
0.0
9.0
13.0
57.0
62.0
39.0
4.0
9.0
15.0
10.0
30.0
-27.0
2.0
-52.0
-56.0
-46.0
-36.0
-94.0
-114.0
-126.0
-81.0
-116.0
-120.0
-64.0
-57.0
-9.0
21.0
24.0
72.0
87.0
113.0
86.0
38.0
53.0
55.0
76.0
72.0
92.0
112.0
79.0
74.0
45.0
30.0
28.0
29.0
13.0
-5.0
-47.0
-28.0
-37.0
-68.0
-63.0
-65.0
-49.0
-47.0
-48.0
-33.0
-29.0
1.0
-26.0
-70.0
-85.0
-95.0
-112.0
-113.0
-114.0
-91.0
-77.0
-57.0
-77.0
-11.0
15.0
53.0
62.0
67.0
52.0
49.0
70.0
69.0
50.0
45.0
49.0
20.0
32.0
28.0
14.0
-24.0
-9.0
-23.0
-37.0
-44.0
-20.0
-20.0
-20.0
-25.0
-4.0
-17.0
-53.0
-37.0
-34.0
-4.0
-23.0
17.0
14.0
13.0
35.0
17.0
7.0
10.0
-4.0
21.0
27.0
-12.0
-4.0
-8.0
-36.0
-30.0
-68.0
-103.0
-74.0
-45.0
-42.0
5.0
-29.0
-20.0
-50.0
-3.0
30.0
47.0
78.0
76.0
95.0
51.0
56.0
53.0
51.0
60.0
69.0
21.0
26.0
28.0
0.0
-11.0
-13.0
-11.0
-25.0
-22.0
-58.0
-26.0
-56.0
-49.0
-80.0
-50.0
-40.0
-40.0
-24.0
-6.0
-15.0
3.0
-25.0
-7.0
-12.0
16.0
10.0
11.0
-19.0
4.0
0.0
-20.0
-24.0
-32.0
-50.0
-35.0
-51.0
-50.0
-18.0
-5.0
-22.0
-41.0
-46.0
-19.0
-22.0
-5.0
-3.0
-5.0
18.0
2.0
25.0
21.0
42.0
39.0
42.0
-45.0
-47.0
-49.0
27.0
35.0
34.0
35.0
0.0
-1.0
61.0
31.0
-11.0
-17.0
-37.0
-22.0
-9.0
-25.0
-24.0
-19.0
-34.0
-39.0
-33.0
-36.0
-44.0
-44.0
-82.0
-46.0
-6.0
-16.0
2.0
-11.0
12.0
7.0
29.0
28.0
23.0
12.0
39.0
106.0
116.0
86.0
81.0
94.0
61.0
19.0
-4.0
-33.0
-28.0
11.0
11.0
-51.0
-14.0
-11.0
-3.0
-8.0
-14.0
-17.0
-23.0
-40.0
-33.0
-16.0
4.0
4.0
-39.0
-29.0
-4.0
-42.0
-37.0
-75.0
-45.0
-110.0
-20.0
-16.0
13.0
8.0
-11.0
-52.0
-80.0
-83.0
-100.0
-57.0
-51.0
-49.0
-29.0
-33.0
-5.0
38.0
40.0
61.0
52.0
68.0
98.0
99.0
84.0
64.0
76.0
55.0
40.0
44.0
64.0
35.0
-2.0
-6.0
0.0
13.0
-22.0
-9.0
-17.0
-44.0
-21.0
-17.0
-31.0
-32.0
-43.0
-17.0
-2.0
-5.0
-26.0
-20.0
-30.0
-28.0
1.0
-12.0
-39.0
-41.0
-57.0
-55.0
-84.0
-122.0
-176.0
-108.0
23.0
25.0
25.0
57.0
68.0
80.0
18.0
35.0
78.0
59.0
90.0
92.0
75.0
63.0
58.0
28.0
-10.0
25.0
23.0
-6.0
-1.0
-3.0
-36.0
-19.0
-40.0
-3.0
-52.0
-75.0
-72.0
-73.0
-66.0
-69.0
-86.0
-90.0
-66.0
-48.0
-13.0
9.0
17.0
41.0
49.0
48.0
48.0
56.0
75.0
81.0
60.0
58.0
46.0
20.0
33.0
34.0
19.0
9.0
0.0
3.0
-27.0
-8.0
26.0
29.0
-16.0
-14.0
18.0
-19.0
-24.0
-27.0
-10.0
-29.0
-48.0
-23.0
-21.0
-22.0
-13.0
-37.0
-29.0
-18.0
-25.0
-31.0
-53.0
-67.0
-7.0
-5.0
12.0
-2.0
3.0
5.0
-14.0
47.0
14.0
-11.0
-33.0
-29.0
-8.0
6.0
-10.0
-5.0
-7.0
-14.0
12.0
-22.0
-18.0
-18.0
-42.0
-34.0
-13.0
1.0
-41.0
-9.0
-28.0
10.0
56.0
52.0
75.0
58.0
-23.0
-33.0
31.0
-7.0
2.0
34.0
36.0
37.0
20.0
-31.0
-30.0
-10.0
-58.0
-72.0
-47.0
-17.0
29.0
19.0
-19.0
-64.0
-70.0
-129.0
-58.0
26.0
19.0
28.0
28.0
29.0
31.0
15.0
16.0
66.0
0.0
33.0
57.0
-4.0
7.0
-2.0
10.0
48.0
16.0
5.0
-8.0
-48.0
-16.0
-42.0
-81.0
-77.0
-39.0
-44.0
-51.0
-8.0
23.0
-17.0
-32.0
-26.0
4.0
14.0
42.0
54.0
48.0
48.0
2.0
23.0
16.0
23.0
53.0
52.0
32.0
21.0
8.0
-9.0
12.0
-18.0
-22.0
37.0
3.0
-4.0
-2.0
-35.0
-29.0
-18.0
-31.0
-74.0
-59.0
-18.0
3.0
8.0
-8.0
-8.0
14.0
-45.0
10.0
-11.0
4.0
6.0
5.0
11.0
-1.0
-17.0
-17.0
15.0
5.0
-22.0
-69.0
-22.0
-9.0
-10.0
6.0
5.0
-12.0
-20.0
-28.0
-22.0
-5.0
2.0
-24.0
-26.0
-53.0
-7.0
18.0
41.0
23.0
-15.0
-19.0
-23.0
4.0
1.0
11.0
19.0
-8.0
-17.0
-23.0
-36.0
-118.0
-109.0
-136.0
-125.0
-160.0
-168.0
-113.0
-104.0
-26.0
3.0
37.0
36.0
47.0
49.0
80.0
89.0
101.0
124.0
126.0
127.0
127.0
97.0
129.0
126.0
99.0
68.0
63.0
39.0
20.0
13.0
-3.0
-29.0
-19.0
-22.0
-21.0
-6.0
-38.0
-38.0
-1.0
-43.0
-63.0
-23.0
-35.0
-35.0
-40.0
-54.0
-32.0
-28.0
-66.0
1.0
24.0
-17.0
-6.0
-6.0
1.0
-32.0
41.0
14.0
-5.0
-31.0
-3.0
-12.0
-17.0
-19.0
-48.0
2.0
-20.0
-16.0
5.0
-7.0
-17.0
-39.0
-32.0
-31.0
-36.0
-27.0
-14.0
2.0
17.0
9.0
3.0
4.0
-15.0
-12.0
-53.0
-23.0
13.0
33.0
23.0
8.0
-20.0
-9.0
-6.0
-12.0
8.0
6.0
-11.0
-5.0
-37.0
-5.0
25.0
-4.0
-17.0
-21.0
-26.0
-29.0
3.0
4.0
-20.0
-24.0
20.0
35.0
47.0
42.0
2.0
22.0
-8.0
-2.0
-32.0
-13.0
21.0
9.0
6.0
8.0
-5.0
-25.0
-50.0
-10.0
2.0
-3.0
13.0
4.0
18.0
22.0
-10.0
-58.0
-48.0
-47.0
-14.0
6.0
45.0
21.0
-5.0
-9.0
0.0
10.0
4.0
11.0
16.0
41.0
2.0
-20.0
-27.0
-24.0
-20.0
-27.0
-5.0
13.0
-40.0
-27.0
-38.0
-24.0
3.0
9.0
-40.0
-8.0
16.0
34.0
14.0
44.0
30.0
45.0
34.0
32.0
7.0
-6.0
-10.0
-1.0
18.0
-3.0
-17.0
-24.0
-43.0
-45.0
-17.0
-10.0
-12.0
-18.0
-20.0
-3.0
-17.0
-6.0
1.0
11.0
-16.0
-7.0
17.0
6.0
33.0
11.0
32.0
13.0
-4.0
-5.0
-40.0
-40.0
-40.0
-26.0
13.0
46.0
25.0
-15.0
-25.0
-20.0
5.0
1.0
-19.0
-9.0
-39.0
-10.0
4.0
13.0
28.0
28.0
20.0
24.0
25.0
20.0
28.0
-25.0
-49.0
-27.0
-14.0
-13.0
3.0
8.0
39.0
11.0
-2.0
-5.0
5.0
-8.0
-35.0
-33.0
-40.0
-41.0
-65.0
-29.0
-61.0
-61.0
-66.0
-8.0
58.0
64.0
31.0
49.0
20.0
-13.0
11.0
-5.0
12.0
17.0
11.0
12.0
-1.0
-19.0
7.0
9.0
-28.0
-39.0
38.0
15.0
20.0
24.0
19.0
-9.0
-9.0
-10.0
-82.0
-37.0
7.0
12.0
39.0
36.0
40.0
3.0
25.0
-1.0
24.0
2.0
-3.0
15.0
-10.0
-10.0
-10.0
-52.0
-47.0
-47.0
-47.0
5.0
5.0
-9.0
13.0
12.0
18.0
-13.0
-41.0
-4.0
15.0
30.0
28.0
30.0
4.0
2.0
12.0
27.0
-2.0
-7.0
-51.0
-26.0
21.0
48.0
2.0
2.0
9.0
-14.0
-29.0
-28.0
-35.0
-28.0
-5.0
8.0
-18.0
-15.0
4.0
2.0
-24.0
0.0
-2.0
13.0
10.0
-13.0
10.0
9.0
10.0
-6.0
-2.0
-7.0
23.0
9.0
3.0
2.0
19.0
13.0
-9.0
-25.0
-18.0
-34.0
-30.0
-16.0
5.0
18.0
13.0
12.0
-67.0
-58.0
4.0
-3.0
-7.0
12.0
1.0
6.0
-9.0
-3.0
0.0
-2.0
-14.0
-10.0
-9.0
14.0
-16.0
-25.0
26.0
23.0
7.0
25.0
-2.0
-47.0
-29.0
-5.0
-6.0
3.0
-19.0
-16.0
-11.0
-47.0
5.0
10.0
45.0
46.0
20.0
-6.0
-18.0
-23.0
4.0
15.0
-3.0
6.0
-36.0
-16.0
-5.0
4.0
16.0
11.0
-12.0
0.0
-31.0
-12.0
-52.0
-37.0
-28.0
-2.0
13.0
7.0
21.0
26.0
16.0
6.0
18.0
-11.0
-11.0
-22.0
-3.0
-6.0
-15.0
-14.0
7.0
-4.0
-2.0
-2.0
-22.0
-25.0
-17.0
-16.0
-17.0
10.0
6.0
-14.0
-40.0
-35.0
-53.0
-33.0
-49.0
-48.0
-19.0
-42.0
-63.0
-93.0
-48.0
-25.0
-3.0
27.0
27.0
39.0
27.0
12.0
13.0
34.0
18.0
3.0
12.0
0.0
5.0
10.0
-16.0
-9.0
-16.0
-3.0
-17.0
-10.0
4.0
-48.0
-49.0
-50.0
-20.0
-16.0
24.0
14.0
54.0
56.0
24.0
22.0
-10.0
-15.0
6.0
28.0
28.0
31.0
16.0
9.0
-11.0
-15.0
-10.0
-9.0
-11.0
3.0
13.0
3.0
-4.0
-15.0
-54.0
-51.0
-29.0
-28.0
-20.0
-11.0
-6.0
-2.0
18.0
-19.0
-35.0
-17.0
-23.0
-23.0
6.0
5.0
-20.0
-11.0
-2.0
-11.0
4.0
-23.0
-29.0
-31.0
-26.0
-26.0
5.0
-6.0
-2.0
-2.0
-25.0
-42.0
-17.0
-9.0
8.0
-10.0
-4.0
25.0
46.0
23.0
30.0
-1.0
-31.0
-32.0
28.0
17.0
-20.0
-15.0
0.0
0.0
1.0
-11.0
-25.0
-33.0
-50.0
-62.0
-76.0
-25.0
-20.0
3.0
3.0
34.0
10.0
9.0
-2.0
17.0
-11.0
13.0
20.0
14.0
18.0
-5.0
-23.0
-25.0
-2.0
4.0
-35.0
-2.0
2.0
-18.0
8.0
-12.0
-39.0
-47.0
-29.0
15.0
-8.0
-9.0
-8.0
-25.0
44.0
52.0
22.0
14.0
-11.0
-42.0
-38.0
-49.0
-70.0
-123.0
-127.0
-75.0
-63.0
-59.0
-31.0
-40.0
-39.0
-35.0
-18.0
-12.0
-10.0
10.0
16.0
19.0
24.0
54.0
77.0
39.0
47.0
32.0
46.0
96.0
28.0
29.0
18.0
58.0
48.0
27.0
28.0
-5.0
-18.0
-22.0
16.0
15.0
-18.0
-30.0
-19.0
-9.0
-12.0
-33.0
14.0
13.0
-25.0
-29.0
13.0
-3.0
-16.0
6.0
-16.0
13.0
18.0
17.0
-12.0
-13.0
-32.0
-13.0
-26.0
-19.0
-46.0
0.0
-29.0
-72.0
-1.0
8.0
9.0
-7.0
-18.0
14.0
1.0
-53.0
2.0
46.0
31.0
30.0
37.0
14.0
6.0
9.0
-16.0
-3.0
-10.0
6.0
13.0
11.0
5.0
30.0
9.0
-1.0
-24.0
-22.0
19.0
19.0
2.0
11.0
-11.0
7.0
-10.0
-14.0
-9.0
-49.0
-9.0
-37.0
-12.0
-9.0
-19.0
-9.0
11.0
-5.0
4.0
2.0
-10.0
-11.0
-17.0
-19.0
-17.0
-34.0
-27.0
-23.0
-32.0
-11.0
-1.0
-3.0
17.0
16.0
30.0
11.0
9.0
22.0
3.0
-15.0
-15.0
-24.0
0.0
4.0
-19.0
-25.0
-25.0
25.0
12.0
32.0
34.0
30.0
14.0
19.0
-3.0
17.0
9.0
7.0
-4.0
-11.0
-2.0
-20.0
-11.0
-7.0
-18.0
-27.0
-19.0
-29.0
-30.0
-24.0
-30.0
13.0
5.0
1.0
28.0
40.0
-5.0
10.0
12.0
-1.0
10.0
1.0
-21.0
-19.0
-18.0
-8.0
-24.0
-33.0
-67.0
-54.0
-53.0
-35.0
-32.0
-24.0
-51.0
-61.0
-28.0
-22.0
3.0
-10.0
3.0
-5.0
9.0
10.0
19.0
46.0
40.0
39.0
8.0
21.0
7.0
10.0
-12.0
-15.0
-38.0
-35.0
-35.0
-53.0
-20.0
-26.0
-37.0
-42.0
-18.0
-5.0
1.0
12.0
37.0
16.0
8.0
53.0
30.0
29.0
18.0
18.0
9.0
32.0
11.0
12.0
8.0
-8.0
8.0
4.0
30.0
29.0
13.0
-10.0
-3.0
-18.0
-24.0
-29.0
-57.0
-7.0
-33.0
-29.0
-16.0
-3.0
-35.0
-37.0
-7.0
58.0
52.0
-14.0
-14.0
-13.0
-9.0
11.0
-19.0
0.0
-28.0
9.0
6.0
-21.0
-9.0
10.0
-1.0
48.0
-4.0
-4.0
3.0
29.0
4.0
-23.0
-52.0
-23.0
-33.0
-15.0
-35.0
1.0
-14.0
-50.0
-58.0
-39.0
-43.0
-23.0
21.0
15.0
-53.0
0.0
85.0
-29.0
-26.0
23.0
8.0
20.0
23.0
64.0
-10.0
8.0
8.0
18.0
-15.0
30.0
65.0
74.0
43.0
13.0
9.0
-3.0
-6.0
-11.0
20.0
-29.0
2.0
8.0
-11.0
-22.0
-6.0
-16.0
-60.0
-24.0
-10.0
-19.0
13.0
7.0
-10.0
-1.0
-13.0
27.0
11.0
-9.0
-27.0
-64.0
-52.0
-41.0
-58.0
-71.0
-49.0
-129.0
-102.0
-53.0
-39.0
-42.0
7.0
4.0
0.0
26.0
7.0
48.0
11.0
53.0
23.0
22.0
11.0
13.0
11.0
-27.0
-11.0
-8.0
-4.0
-32.0
8.0
-44.0
-9.0
-14.0
-36.0
-7.0
-4.0
39.0
13.0
33.0
22.0
5.0
5.0
7.0
10.0
31.0
28.0
54.0
42.0
31.0
54.0
11.0
-26.0
-26.0
-48.0
-34.0
-28.0
12.0
-13.0
-31.0
-27.0
-44.0
-57.0
-42.0
-100.0
-88.0
-66.0
-29.0
-44.0
-32.0
18.0
11.0
17.0
28.0
43.0
19.0
13.0
10.0
49.0
19.0
-26.0
12.0
6.0
3.0
-46.0
-59.0
-91.0
-74.0
-54.0
-49.0
-61.0
-38.0
12.0
20.0
17.0
13.0
2.0
31.0
29.0
46.0
64.0
55.0
36.0
36.0
34.0
37.0
71.0
27.0
15.0
6.0
-4.0
-22.0
-30.0
-29.0
-4.0
-9.0
-50.0
-19.0
-82.0
-63.0
-48.0
-40.0
-27.0
-36.0
-62.0
-28.0
-32.0
-43.0
-3.0
2.0
1.0
61.0
86.0
82.0
43.0
68.0
63.0
37.0
38.0
6.0
-17.0
-22.0
-29.0
-15.0
-43.0
-63.0
-44.0
-49.0
-38.0
-18.0
-2.0
-2.0
24.0
22.0
25.0
19.0
49.0
43.0
19.0
-6.0
35.0
77.0
48.0
50.0
48.0
29.0
35.0
-11.0
-23.0
0.0
2.0
-20.0
-25.0
-30.0
-45.0
-66.0
-85.0
-64.0
-53.0
-35.0
-41.0
-11.0
-24.0
-23.0
-14.0
-4.0
-6.0
-12.0
22.0
6.0
1.0
35.0
-9.0
-7.0
-2.0
14.0
19.0
52.0
66.0
46.0
29.0
50.0
27.0
18.0
-1.0
7.0
2.0
-32.0
-2.0
15.0
18.0
-6.0
-35.0
-53.0
-59.0
-92.0
-134.0
-162.0
-152.0
-108.0
-118.0
-126.0
-68.0
-69.0
12.0
19.0
34.0
68.0
84.0
50.0
86.0
75.0
79.0
76.0
66.0
60.0
55.0
55.0
66.0
30.0
35.0
44.0
54.0
68.0
16.0
1.0
-11.0
-20.0
-28.0
-30.0
-70.0
-55.0
-83.0
-93.0
-40.0
-11.0
5.0
6.0
25.0
-15.0
22.0
-25.0
-4.0
-12.0
-19.0
-8.0
-9.0
-13.0
-68.0
-99.0
-117.0
-125.0
-88.0
-91.0
-53.0
-9.0
-3.0
37.0
51.0
61.0
46.0
-14.0
22.0
19.0
34.0
31.0
58.0
106.0
68.0
56.0
59.0
58.0
51.0
51.0
8.0
37.0
5.0
31.0
31.0
-11.0
41.0
-20.0
-25.0
-22.0
-17.0
-20.0
-48.0
-38.0
-14.0
-21.0
-57.0
-13.0
-22.0
-28.0
-21.0
-31.0
-23.0
-28.0
-33.0
-20.0
-1.0
-24.0
-20.0
-19.0
-6.0
-32.0
-20.0
-13.0
9.0
32.0
39.0
33.0
20.0
17.0
10.0
3.0
-2.0
13.0
0.0
-8.0
-17.0
-16.0
-46.0
-44.0
-38.0
-25.0
-4.0
-2.0
-11.0
-17.0
-8.0
-12.0
-20.0
-22.0
-24.0
-8.0
-3.0
-16.0
-9.0
-36.0
-5.0
0.0
4.0
7.0
15.0
44.0
46.0
10.0
10.0
18.0
9.0
6.0
-11.0
-14.0
6.0
0.0
-3.0
16.0
17.0
37.0
14.0
17.0
7.0
5.0
-26.0
-39.0
-24.0
0.0
14.0
47.0
22.0
7.0
6.0
7.0
-8.0
-31.0
-7.0
-5.0
-17.0
-2.0
-11.0
-14.0
8.0
13.0
-7.0
2.0
-1.0
3.0
-16.0
-3.0
-14.0
1.0
15.0
20.0
24.0
-4.0
-43.0
17.0
16.0
-7.0
-8.0
-3.0
-17.0
-22.0
-12.0
-7.0
-15.0
-4.0
-35.0
-28.0
-24.0
2.0
22.0
24.0
27.0
28.0
17.0
2.0
-5.0
-31.0
-29.0
9.0
6.0
9.0
-30.0
-3.0
-2.0
4.0
4.0
-53.0
-77.0
-131.0
-122.0
-119.0
-142.0
-170.0
-159.0
-140.0
-104.0
-68.0
-50.0
-13.0
36.0
43.0
73.0
91.0
85.0
97.0
99.0
91.0
83.0
107.0
115.0
114.0
101.0
73.0
85.0
70.0
79.0
76.0
32.0
0.0
-22.0
-41.0
-11.0
7.0
-16.0
25.0
-9.0
7.0
-7.0
-8.0
-10.0
-7.0
5.0
8.0
8.0
-14.0
-40.0
-31.0
-14.0
-20.0
-44.0
-45.0
-73.0
-113.0
-145.0
-182.0
-169.0
-166.0
-109.0
-89.0
-83.0
-86.0
-52.0
10.0
18.0
37.0
60.0
68.0
84.0
87.0
92.0
89.0
85.0
84.0
82.0
44.0
8.0
-35.0
-15.0
-3.0
-14.0
-19.0
6.0
-12.0
-2.0
17.0
30.0
31.0
28.0
36.0
32.0
37.0
40.0
60.0
38.0
14.0
-5.0
16.0
-1.0
-13.0
-34.0
-31.0
-47.0
-73.0
-90.0
-64.0
0.0
-2.0
-10.0
-60.0
-83.0
-79.0
-123.0
-111.0
-167.0
-146.0
-121.0
-78.0
-50.0
-21.0
20.0
18.0
42.0
51.0
84.0
122.0
109.0
81.0
82.0
81.0
81.0
80.0
63.0
34.0
15.0
30.0
28.0
27.0
20.0
9.0
-7.0
-8.0
-17.0
40.0
6.0
22.0
-20.0
-34.0
24.0
-61.0
-39.0
-38.0
27.0
50.0
70.0
31.0
38.0
33.0
86.0
83.0
72.0
59.0
36.0
30.0
16.0
3.0
5.0
12.0
-28.0
-33.0
-41.0
-41.0
-40.0
-76.0
-68.0
-66.0
-52.0
-30.0
-39.0
-52.0
-43.0
-41.0
-25.0
-16.0
-43.0
-37.0
-36.0
-33.0
-10.0
-2.0
-37.0
-31.0
-4.0
-5.0
10.0
13.0
-11.0
-41.0
-79.0
-104.0
-165.0
-172.0
-215.0
-230.0
-224.0
-213.0
-180.0
-157.0
-69.0
-29.0
-4.0
4.0
19.0
67.0
70.0
99.0
115.0
125.0
125.0
132.0
139.0
142.0
117.0
127.0
113.0
110.0
73.0
71.0
64.0
77.0
49.0
49.0
30.0
31.0
-2.0
-59.0
-89.0
-151.0
-181.0
-180.0
-152.0
-160.0
-103.0
-39.0
-9.0
19.0
42.0
61.0
105.0
95.0
99.0
92.0
81.0
79.0
83.0
74.0
77.0
77.0
68.0
54.0
21.0
8.0
-6.0
-41.0
-58.0
-95.0
-94.0
-101.0
-96.0
-82.0
-92.0
-89.0
-74.0
-41.0
-11.0
-26.0
-15.0
-7.0
15.0
35.0
77.0
80.0
48.0
61.0
47.0
60.0
43.0
38.0
42.0
4.0
12.0
12.0
-6.0
1.0
-22.0
-34.0
-31.0
-61.0
-63.0
-93.0
-138.0
-139.0
-138.0
-142.0
-134.0
-134.0
-98.0
-46.0
-41.0
26.0
37.0
35.0
54.0
69.0
95.0
119.0
112.0
118.0
125.0
104.0
81.0
68.0
76.0
78.0
35.0
80.0
48.0
30.0
2.0
1.0
-22.0
-18.0
-5.0
-21.0
-41.0
-65.0
-58.0
-27.0
-64.0
-62.0
-82.0
-88.0
-125.0
-158.0
-234.0
-262.0
-248.0
-177.0
-124.0
-41.0
11.0
12.0
42.0
77.0
103.0
121.0
159.0
186.0
226.0
215.0
166.0
162.0
162.0
138.0
108.0
123.0
107.0
60.0
68.0
8.0
-26.0
-29.0
-16.0
-63.0
-58.0
-46.0
-44.0
-72.0
-73.0
-101.0
-131.0
-125.0
-173.0
-222.0
-208.0
-210.0
-175.0
-123.0
-60.0
-23.0
20.0
-2.0
80.0
96.0
106.0
131.0
114.0
141.0
124.0
140.0
98.0
88.0
63.0
27.0
12.0
-13.0
-14.0
-15.0
-2.0
-12.0
-8.0
-9.0
-6.0
-8.0
-8.0
-29.0
-50.0
-94.0
-112.0
-138.0
-182.0
-170.0
-180.0
-176.0
-148.0
-95.0
-36.0
-7.0
35.0
67.0
107.0
106.0
124.0
121.0
133.0
128.0
92.0
118.0
86.0
99.0
50.0
51.0
61.0
44.0
32.0
-7.0
-38.0
-56.0
-106.0
-87.0
-78.0
-83.0
-86.0
-61.0
-41.0
-44.0
-32.0
1.0
-1.0
24.0
0.0
7.0
5.0
37.0
39.0
56.0
36.0
69.0
50.0
39.0
35.0
32.0
18.0
32.0
22.0
0.0
-61.0
-111.0
-158.0
-184.0
-184.0
-176.0
-160.0
-125.0
-62.0
9.0
65.0
67.0
131.0
155.0
169.0
184.0
199.0
180.0
172.0
126.0
128.0
91.0
47.0
44.0
33.0
37.0
-4.0
-25.0
-75.0
-96.0
-116.0
-121.0
-121.0
-110.0
-62.0
-70.0
-38.0
-19.0
-4.0
9.0
9.0
7.0
5.0
10.0
15.0
14.0
-7.0
-23.0
-10.0
-45.0
-63.0
-72.0
-52.0
-17.0
-26.0
-31.0
-33.0
-32.0
-56.0
-41.0
-50.0
-73.0
-63.0
-34.0
-61.0
-62.0
-98.0
-165.0
-179.0
-177.0
-157.0
-107.0
-79.0
12.0
64.0
63.0
136.0
153.0
181.0
180.0
202.0
230.0
230.0
199.0
190.0
180.0
137.0
129.0
80.0
18.0
-16.0
-20.0
-20.0
-38.0
-40.0
-40.0
-75.0
-56.0
-36.0
-50.0
-76.0
-70.0
-87.0
-83.0
-98.0
-93.0
-96.0
-94.0
-86.0
-70.0
-65.0
-53.0
-61.0
-48.0
-63.0
-65.0
-59.0
-27.0
-56.0
-58.0
-47.0
-26.0
-12.0
-9.0
-30.0
-30.0
8.0
-7.0
10.0
12.0
16.0
15.0
-18.0
-98.0
-147.0
-147.0
-181.0
-168.0
-204.0
-149.0
-89.0
-9.0
55.0
83.0
105.0
99.0
122.0
183.0
211.0
215.0
217.0
232.0
221.0
207.0
190.0
191.0
167.0
150.0
120.0
107.0
64.0
47.0
9.0
-10.0
-42.0
-39.0
-43.0
-51.0
-83.0
-81.0
-60.0
-91.0
-128.0
-165.0
-218.0
-218.0
-258.0
-257.0
-207.0
-168.0
-86.0
-39.0
14.0
55.0
112.0
117.0
140.0
179.0
182.0
167.0
188.0
160.0
139.0
111.0
104.0
105.0
88.0
66.0
45.0
9.0
-22.0
13.0
-32.0
-45.0
-79.0
-88.0
-79.0
-104.0
-125.0
-150.0
-179.0
-216.0
-217.0
-171.0
-118.0
-126.0
-45.0
-1.0
28.0
50.0
81.0
137.0
157.0
149.0
156.0
152.0
116.0
119.0
132.0
105.0
57.0
-29.0
9.0
-1.0
48.0
7.0
-26.0
-21.0
-29.0
-76.0
-107.0
-248.0
-290.0
-81.0
97.0
2.0
-116.0
-86.0
-92.0
-60.0
-11.0
-36.0
-26.0
-40.0
-62.0
-116.0
55.0
-23.0
28.0
76.0
-20.0
18.0
37.0
7.0
-31.0
22.0
-17.0
-36.0
-21.0
-5.0
-5.0
5.0
-42.0
-12.0
-6.0
-14.0
-21.0
-41.0
-38.0
-10.0
3.0
4.0
88.0
38.0
111.0
3.0
142.0
211.0
245.0
313.0
313.0
313.0
313.0
313.0
310.0
313.0
313.0
234.0
59.0
13.0
-9.0
-105.0
-129.0
-139.0
-136.0
-126.0
-184.0
-137.0
-137.0
-160.0
-188.0
-222.0
-280.0
-313.0
-313.0
-313.0
-313.0
-313.0
-313.0
-313.0
-279.0
-168.0
-150.0
-33.0
-38.0
-2.0
71.0
132.0
118.0
208.0
148.0
196.0
105.0
79.0
77.0
111.0
119.0
119.0
262.0
269.0
288.0
214.0
152.0
89.0
18.0
43.0
-25.0
-15.0
-61.0
-97.0
-114.0
-60.0
-117.0
-37.0
-28.0
-97.0
-55.0
30.0
0.0
-71.0
-134.0
-202.0
-124.0
-206.0
-140.0
-142.0
-243.0
-148.0
-248.0
-130.0
-119.0
-110.0
-126.0
-50.0
-6.0
-134.0
-82.0
-34.0
16.0
-64.0
-47.0
-20.0
-7.0
30.0
-19.0
15.0
52.0
2.0
34.0
19.0
44.0
18.0
30.0
70.0
68.0
65.0
48.0
33.0
47.0
28.0
41.0
84.0
72.0
56.0
62.0
64.0
6.0
18.0
13.0
54.0
32.0
109.0
81.0
98.0
144.0
133.0
15.0
122.0
193.0
31.0
24.0
14.0
-47.0
-188.0
-89.0
-43.0
-121.0
-50.0
79.0
56.0
32.0
6.0
71.0
142.0
-24.0
-72.0
-13.0
313.0
313.0
313.0
313.0
313.0
313.0
313.0
313.0
313.0
313.0
313.0
313.0
313.0
313.0
313.0
313.0
313.0
-183.0
-213.0
-313.0
-313.0
-313.0
-313.0
-313.0
-313.0
-313.0
-313.0
-313.0
-313.0
-313.0
-313.0
-313.0
-313.0
-313.0
-313.0
-313.0
-313.0
-313.0
-313.0
-313.0
-313.0
-313.0
-313.0
-313.0
-298.0
30.0
66.0
-61.0
-58.0
-120.0
-156.0
-133.0
-158.0
-170.0
-125.0
-139.0
-109.0
-79.0
-70.0
-30.0
-37.0
-60.0
-11.0
-47.0
-70.0
-67.0
-77.0
-10.0
-7.0
-24.0
-36.0
-56.0
-47.0
34.0
-58.0
149.0
42.0
226.0
96.0
60.0
98.0
31.0
17.0
16.0
-17.0
-9.0
-19.0
5.0
-92.0
-47.0
-9.0
61.0
22.0
-13.0
-133.0
37.0
-74.0
-84.0
-84.0
21.0
31.0
-103.0
74.0
92.0
83.0
11.0
42.0
123.0
114.0
13.0
12.0
-15.0
20.0
-5.0
-77.0
-75.0
-63.0
-52.0
-50.0
-53.0
-54.0
-41.0
-55.0
-109.0
-80.0
-41.0
-9.0
-6.0
-26.0
-57.0
-2.0
-24.0
-6.0
-23.0
-73.0
-14.0
-70.0
-34.0
-24.0
-22.0
-38.0
-4.0
-18.0
-40.0
-63.0
-34.0
-37.0
-119.0
-117.0
-203.0
-272.0
-313.0
-313.0
-313.0
-313.0
-313.0
-313.0
-298.0
-290.0
-244.0
-193.0
-135.0
-102.0
-59.0
-32.0
49.0
89.0
123.0
127.0
140.0
147.0
178.0
196.0
211.0
199.0
214.0
169.0
179.0
179.0
154.0
152.0
127.0
131.0
71.0
69.0
72.0
81.0
69.0
56.0
61.0
63.0
34.0
51.0
31.0
22.0
4.0
9.0
2.0
6.0
18.0
37.0
6.0
24.0
37.0
55.0
6.0
6.0
35.0
39.0
30.0
57.0
26.0
-37.0
-102.0
-158.0
-190.0
-200.0
-195.0
-199.0
-205.0
-195.0
-176.0
-160.0
-161.0
-65.0
-68.0
2.0
-24.0
38.0
31.0
32.0
103.0
157.0
151.0
182.0
175.0
199.0
245.0
230.0
233.0
217.0
180.0
172.0
155.0
119.0
80.0
48.0
58.0
56.0
28.0
16.0
20.0
7.0
-8.0
-2.0
-33.0
-35.0
-37.0
-46.0
-84.0
-98.0
-141.0
-153.0
-165.0
-172.0
-151.0
-139.0
-122.0
-117.0
-114.0
-79.0
-40.0
-14.0
-4.0
-5.0
31.0
52.0
59.0
53.0
84.0
74.0
78.0
96.0
85.0
51.0
41.0
25.0
61.0
68.0
-2.0
39.0
123.0
50.0
65.0
19.0
10.0
-24.0
-33.0
-26.0
-64.0
-121.0
-181.0
-211.0
-228.0
-212.0
-203.0
-178.0
-184.0
-182.0
-106.0
-84.0
-70.0
-59.0
2.0
5.0
58.0
81.0
88.0
109.0
116.0
146.0
112.0
160.0
148.0
123.0
100.0
112.0
104.0
120.0
116.0
93.0
101.0
75.0
68.0
24.0
31.0
42.0
5.0
9.0
-2.0
27.0
19.0
9.0
12.0
13.0
4.0
-12.0
-3.0
1.0
12.0
18.0
8.0
-2.0
-4.0
-11.0
8.0
-13.0
-31.0
-13.0
-26.0
-5.0
-22.0
-6.0
-15.0
-11.0
-3.0
19.0
11.0
8.0
13.0
0.0
-13.0
-27.0
-48.0
-44.0
-34.0
-43.0
7.0
5.0
26.0
6.0
-4.0
5.0
8.0
12.0
33.0
0.0
-16.0
-27.0
-28.0
-23.0
-8.0
4.0
-7.0
11.0
0.0
13.0
-11.0
-21.0
4.0
12.0
-7.0
-28.0
-26.0
9.0
18.0
-16.0
1.0
-8.0
-6.0
1.0
13.0
-6.0
-9.0
-23.0
-3.0
-11.0
-40.0
-41.0
-21.0
-40.0
-16.0
-26.0
-39.0
-27.0
-37.0
-28.0
-4.0
-9.0
11.0
16.0
6.0
6.0
-18.0
-19.0
21.0
0.0
4.0
-4.0
-25.0
22.0
24.0
9.0
-13.0
-42.0
6.0
5.0
2.0
11.0
24.0
43.0
57.0
33.0
37.0
28.0
24.0
17.0
36.0
31.0
10.0
31.0
10.0
-2.0
-3.0
24.0
47.0
-42.0
48.0
39.0
2.0
25.0
15.0
-8.0
-14.0
-15.0
-29.0
-22.0
-25.0
-32.0
-31.0
-39.0
-44.0
-47.0
-57.0
-27.0
-46.0
-3.0
-37.0
-15.0
-41.0
-30.0
4.0
-11.0
13.0
-27.0
-27.0
-35.0
18.0
20.0
-19.0
-30.0
-45.0
-36.0
-51.0
-48.0
-40.0
-81.0
-117.0
-118.0
-154.0
-204.0
-229.0
-236.0
-217.0
-216.0
-190.0
-155.0
-134.0
-130.0
-102.0
-62.0
-31.0
-12.0
34.0
26.0
54.0
87.0
109.0
100.0
125.0
157.0
119.0
126.0
119.0
110.0
109.0
107.0
90.0
79.0
81.0
63.0
32.0
62.0
40.0
26.0
20.0
7.0
-3.0
-7.0
-11.0
-25.0
-26.0
-31.0
-36.0
-19.0
-33.0
-24.0
-44.0
-34.0
-33.0
1.0
-32.0
-14.0
5.0
21.0
-9.0
7.0
-25.0
-32.0
-19.0
-71.0
-135.0
-190.0
-222.0
-252.0
-228.0
-239.0
-235.0
-235.0
-199.0
-156.0
-135.0
-96.0
-58.0
-19.0
17.0
26.0
52.0
50.0
82.0
119.0
57.0
45.0
1.0
-33.0
-83.0
-92.0
-97.0
-87.0
-94.0
-59.0
-48.0
-23.0
5.0
25.0
50.0
17.0
68.0
61.0
80.0
88.0
105.0
150.0
157.0
170.0
156.0
145.0
148.0
140.0
109.0
59.0
16.0
-44.0
-77.0
-113.0
-94.0
-82.0
-98.0
-97.0
-72.0
-46.0
-13.0
37.0
46.0
39.0
50.0
27.0
73.0
81.0
63.0
83.0
69.0
47.0
33.0
1.0
-48.0
-78.0
-75.0
-69.0
-70.0
-53.0
-57.0
-22.0
-26.0
-15.0
-11.0
27.0
8.0
15.0
12.0
42.0
62.0
53.0
44.0
63.0
46.0
86.0
57.0
65.0
74.0
75.0
38.0
39.0
24.0
10.0
8.0
31.0
-11.0
-12.0
-20.0
-24.0
-64.0
-81.0
-98.0
-83.0
-54.0
-49.0
-39.0
-47.0
-23.0
5.0
-12.0
22.0
43.0
20.0
7.0
-6.0
-10.0
-9.0
40.0
4.0
22.0
-8.0
5.0
-24.0
-52.0
-64.0
-60.0
-63.0
-89.0
-123.0
-113.0
-88.0
-51.0
-18.0
-30.0
-13.0
7.0
12.0
38.0
40.0
77.0
82.0
21.0
45.0
22.0
20.0
-31.0
-33.0
-18.0
-12.0
22.0
22.0
14.0
-11.0
35.0
36.0
49.0
56.0
32.0
39.0
33.0
26.0
64.0
39.0
26.0
27.0
49.0
57.0
23.0
-5.0
-27.0
-32.0
3.0
-31.0
-26.0
-7.0
-5.0
-2.0
9.0
5.0
25.0
-7.0
19.0
-29.0
15.0
29.0
7.0
10.0
-25.0
-31.0
3.0
-1.0
-3.0
-37.0
-13.0
0.0
-5.0
-4.0
-19.0
-42.0
-13.0
-29.0
-14.0
8.0
-14.0
-40.0
-44.0
-43.0
-24.0
28.0
40.0
-26.0
-42.0
30.0
9.0
-3.0
-21.0
-20.0
-11.0
27.0
13.0
10.0
34.0
9.0
-15.0
-35.0
-31.0
-29.0
-39.0
-4.0
20.0
-31.0
-3.0
-26.0
-40.0
-22.0
-25.0
-12.0
22.0
-1.0
-20.0
-4.0
13.0
12.0
6.0
-3.0
-9.0
-9.0
7.0
-33.0
-15.0
-10.0
-41.0
-55.0
-138.0
-188.0
-217.0
-215.0
-221.0
-165.0
-135.0
-124.0
-74.0
-58.0
-28.0
-55.0
-11.0
-10.0
53.0
68.0
67.0
71.0
85.0
122.0
128.0
127.0
109.0
110.0
81.0
96.0
85.0
54.0
83.0
69.0
53.0
58.0
55.0
55.0
41.0
20.0
20.0
26.0
43.0
11.0
-14.0
-9.0
-5.0
-1.0
-7.0
2.0
-13.0
-15.0
-15.0
-16.0
-3.0
-3.0
-15.0
-12.0
0.0
15.0
-27.0
12.0
-29.0
15.0
-75.0
-62.0
-134.0
-134.0
-161.0
-194.0
-172.0
-178.0
-152.0
-125.0
-74.0
-43.0
-5.0
-11.0
-28.0
-15.0
-12.0
29.0
38.0
55.0
62.0
81.0
84.0
80.0
105.0
75.0
75.0
66.0
71.0
81.0
51.0
32.0
40.0
38.0
24.0
34.0
41.0
30.0
26.0
30.0
7.0
-9.0
-24.0
-25.0
-20.0
-14.0
-7.0
22.0
0.0
-12.0
20.0
5.0
-14.0
-8.0
-15.0
-69.0
-59.0
-86.0
-72.0
-90.0
-66.0
-68.0
-33.0
-34.0
-8.0
1.0
-15.0
17.0
-33.0
40.0
29.0
54.0
30.0
29.0
47.0
27.0
44.0
19.0
38.0
22.0
21.0
39.0
15.0
8.0
24.0
30.0
12.0
-12.0
-12.0
0.0
-7.0
-33.0
-17.0
-24.0
-28.0
22.0
6.0
0.0
-18.0
-26.0
-17.0
7.0
6.0
4.0
-5.0
7.0
18.0
17.0
-21.0
-21.0
7.0
30.0
10.0
11.0
3.0
-21.0
-29.0
-48.0
-49.0
-57.0
-35.0
-46.0
-38.0
-36.0
-28.0
-12.0
-25.0
-15.0
-21.0
-18.0
-11.0
7.0
26.0
29.0
10.0
18.0
11.0
38.0
46.0
9.0
12.0
21.0
23.0
23.0
13.0
16.0
-3.0
-8.0
35.0
7.0
22.0
35.0
20.0
21.0
-16.0
-44.0
-24.0
-31.0
-63.0
-64.0
-39.0
-15.0
-10.0
3.0
23.0
42.0
51.0
32.0
13.0
13.0
12.0
0.0
-9.0
-11.0
-23.0
-13.0
20.0
9.0
0.0
-3.0
-2.0
1.0
-15.0
-18.0
-24.0
-17.0
10.0
-1.0
11.0
10.0
1.0
-6.0
-4.0
-11.0
-35.0
-42.0
-91.0
-113.0
-111.0
-110.0
-107.0
-104.0
-109.0
-105.0
-98.0
-65.0
-24.0
-9.0
-6.0
17.0
9.0
31.0
35.0
34.0
56.0
70.0
90.0
61.0
65.0
59.0
42.0
34.0
44.0
48.0
31.0
23.0
27.0
36.0
22.0
39.0
28.0
1.0
-11.0
-12.0
-9.0
4.0
-9.0
-5.0
-1.0
27.0
4.0
-29.0
-36.0
-39.0
-17.0
-10.0
-49.0
-84.0
-78.0
-88.0
-46.0
-48.0
-21.0
-22.0
-36.0
-30.0
-26.0
-14.0
30.0
44.0
51.0
56.0
32.0
35.0
46.0
12.0
19.0
15.0
18.0
37.0
27.0
14.0
3.0
7.0
5.0
-20.0
-9.0
-30.0
5.0
-11.0
-16.0
-7.0
-6.0
-15.0
-2.0
-2.0
4.0
0.0
16.0
25.0
12.0
-20.0
-8.0
-6.0
-10.0
-18.0
2.0
-1.0
1.0
-13.0
-3.0
-40.0
-49.0
-56.0
-84.0
-112.0
-107.0
-119.0
-107.0
-108.0
-100.0
-86.0
-65.0
-62.0
-35.0
8.0
16.0
6.0
41.0
44.0
58.0
44.0
58.0
59.0
45.0
68.0
51.0
50.0
60.0
44.0
61.0
33.0
59.0
67.0
37.0
52.0
42.0
22.0
9.0
0.0
10.0
21.0
2.0
2.0
-3.0
-7.0
16.0
-7.0
13.0
20.0
-3.0
-9.0
10.0
2.0
-21.0
15.0
12.0
-4.0
-6.0
-22.0
-22.0
-7.0
-16.0
-22.0
-14.0
-4.0
-10.0
-11.0
-28.0
-28.0
-51.0
-93.0
-101.0
-103.0
-92.0
-97.0
-82.0
-63.0
-68.0
-37.0
-41.0
-14.0
-2.0
-9.0
42.0
-16.0
67.0
24.0
46.0
41.0
31.0
22.0
42.0
43.0
24.0
9.0
-22.0
3.0
13.0
7.0
27.0
17.0
40.0
39.0
5.0
13.0
16.0
18.0
64.0
24.0
-3.0
-33.0
-11.0
-9.0
0.0
-2.0
-15.0
-12.0
12.0
-15.0
-4.0
1.0
-10.0
-4.0
-12.0
-4.0
-4.0
-6.0
9.0
-4.0
0.0
-19.0
-29.0
-30.0
-24.0
3.0
6.0
-28.0
-21.0
-18.0
-24.0
-62.0
-85.0
-84.0
-121.0
-122.0
-120.0
-106.0
-85.0
-73.0
-58.0
-58.0
-62.0
-60.0
-8.0
6.0
-21.0
59.0
67.0
76.0
54.0
66.0
79.0
76.0
70.0
88.0
66.0
54.0
43.0
35.0
25.0
17.0
6.0
8.0
-23.0
-25.0
-63.0
-76.0
-81.0
-49.0
-86.0
-80.0
-77.0
-89.0
-13.0
-22.0
0.0
52.0
56.0
47.0
29.0
69.0
52.0
54.0
46.0
4.0
17.0
45.0
73.0
20.0
29.0
11.0
10.0
8.0
11.0
2.0
-25.0
-37.0
-49.0
-33.0
-44.0
-32.0
-43.0
-42.0
-27.0
-28.0
25.0
-7.0
16.0
20.0
32.0
0.0
-5.0
-11.0
-5.0
18.0
26.0
-2.0
4.0
-4.0
1.0
-1.0
-9.0
-5.0
1.0
30.0
-11.0
-39.0
-48.0
-35.0
-4.0
-4.0
-13.0
-5.0
-35.0
21.0
-18.0
26.0
24.0
38.0
-1.0
24.0
-6.0
-4.0
9.0
9.0
28.0
27.0
1.0
-2.0
-16.0
-17.0
-36.0
-32.0
-19.0
26.0
49.0
-35.0
-24.0
-9.0
-6.0
-23.0
23.0
23.0
17.0
-20.0
-45.0
-57.0
-77.0
-63.0
-75.0
-63.0
-51.0
-51.0
-66.0
-53.0
-9.0
-31.0
0.0
28.0
30.0
40.0
10.0
7.0
1.0
-10.0
5.0
48.0
30.0
5.0
4.0
32.0
34.0
28.0
-18.0
30.0
-4.0
16.0
-70.0
10.0
-2.0
70.0
-11.0
-9.0
3.0
21.0
31.0
15.0
-28.0
-18.0
0.0
19.0
-12.0
-14.0
-21.0
9.0
-2.0
-25.0
-40.0
-50.0
-62.0
-26.0
-27.0
-29.0
-40.0
-34.0
-15.0
35.0
19.0
5.0
27.0
40.0
9.0
12.0
0.0
-24.0
-7.0
54.0
54.0
52.0
6.0
28.0
20.0
18.0
47.0
5.0
22.0
14.0
8.0
-37.0
-46.0
-17.0
-2.0
-6.0
-31.0
-24.0
-22.0
2.0
13.0
-19.0
-12.0
-22.0
-32.0
-29.0
-59.0
-89.0
-87.0
-31.0
2.0
5.0
11.0
27.0
-9.0
-7.0
8.0
10.0
13.0
-4.0
25.0
22.0
12.0
-9.0
28.0
29.0
33.0
21.0
5.0
-3.0
-4.0
0.0
21.0
2.0
-29.0
-25.0
-17.0
-8.0
16.0
4.0
-3.0
-8.0
47.0
-9.0
-6.0
-6.0
-2.0
12.0
0.0
-6.0
-40.0
-21.0
-13.0
24.0
-21.0
-25.0
15.0
21.0
-3.0
13.0
-5.0
-41.0
-9.0
0.0
12.0
13.0
-14.0
-10.0
-38.0
-11.0
-8.0
6.0
-23.0
-29.0
-80.0
-86.0
-88.0
-100.0
-92.0
-84.0
-92.0
-135.0
-50.0
-44.0
2.0
6.0
-5.0
23.0
54.0
55.0
57.0
49.0
76.0
29.0
31.0
28.0
40.0
40.0
51.0
30.0
23.0
16.0
14.0
22.0
0.0
5.0
10.0
-9.0
-5.0
6.0
-32.0
5.0
-5.0
18.0
5.0
9.0
11.0
11.0
10.0
24.0
8.0
-13.0
18.0
-10.0
-12.0
-14.0
-43.0
-83.0
-92.0
-95.0
-129.0
-72.0
-69.0
-58.0
-53.0
-55.0
-18.0
-19.0
-35.0
-11.0
-27.0
53.0
33.0
38.0
64.0
65.0
58.0
67.0
57.0
71.0
47.0
51.0
56.0
51.0
45.0
44.0
31.0
-4.0
-28.0
-36.0
-32.0
-59.0
-69.0
-23.0
-61.0
-60.0
-49.0
-53.0
-37.0
15.0
1.0
4.0
17.0
26.0
27.0
22.0
34.0
28.0
4.0
-17.0
10.0
28.0
10.0
22.0
12.0
17.0
24.0
-29.0
20.0
-12.0
-14.0
6.0
-29.0
-11.0
-20.0
-24.0
-10.0
-22.0
-2.0
-6.0
6.0
-1.0
17.0
-16.0
-4.0
-6.0
-67.0
-68.0
-120.0
-119.0
-125.0
-129.0
-115.0
-75.0
-51.0
-52.0
-17.0
-23.0
8.0
-30.0
19.0
23.0
23.0
-7.0
-1.0
2.0
25.0
32.0
32.0
50.0
42.0
51.0
53.0
64.0
55.0
51.0
58.0
80.0
61.0
12.0
28.0
33.0
14.0
13.0
-16.0
-17.0
22.0
19.0
10.0
-22.0
-19.0
-23.0
12.0
2.0
38.0
43.0
-23.0
-20.0
-5.0
-40.0
-61.0
-60.0
-69.0
-80.0
-67.0
-70.0
-39.0
-39.0
-17.0
-27.0
-12.0
-19.0
0.0
17.0
17.0
13.0
27.0
7.0
40.0
20.0
44.0
7.0
2.0
42.0
17.0
21.0
24.0
12.0
20.0
13.0
11.0
24.0
19.0
2.0
-10.0
-8.0
-8.0
-27.0
2.0
6.0
9.0
8.0
-18.0
-19.0
-4.0
-9.0
-28.0
-10.0
-26.0
-26.0
-26.0
10.0
6.0
10.0
8.0
11.0
-14.0
0.0
4.0
-8.0
-14.0
-3.0
-40.0
-13.0
-9.0
-14.0
-32.0
-82.0
-85.0
-86.0
-110.0
-122.0
-74.0
-84.0
-73.0
-74.0
-44.0
-13.0
-7.0
11.0
33.0
22.0
37.0
37.0
24.0
32.0
31.0
50.0
39.0
70.0
43.0
28.0
69.0
75.0
49.0
58.0
43.0
35.0
20.0
-5.0
17.0
29.0
-1.0
-10.0
18.0
22.0
1.0
-24.0
-1.0
-9.0
-15.0
-20.0
-26.0
-40.0
-55.0
-61.0
-25.0
-31.0
-26.0
4.0
-5.0
-9.0
16.0
33.0
23.0
24.0
-9.0
-11.0
-11.0
-2.0
-4.0
13.0
15.0
-1.0
-15.0
-16.0
-1.0
-10.0
4.0
16.0
-7.0
-8.0
-20.0
-8.0
-19.0
-16.0
-20.0
-13.0
-25.0
-5.0
-19.0
-50.0
-54.0
-46.0
-32.0
-33.0
-35.0
-48.0
-51.0
-59.0
-55.0
-19.0
-13.0
-6.0
0.0
-2.0
2.0
20.0
31.0
33.0
41.0
31.0
24.0
23.0
31.0
34.0
12.0
28.0
24.0
21.0
-9.0
-10.0
-18.0
-22.0
-11.0
-7.0
3.0
37.0
11.0
21.0
9.0
-14.0
21.0
-1.0
19.0
15.0
4.0
4.0
-41.0
-15.0
-31.0
-6.0
0.0
-1.0
-10.0
-20.0
26.0
-18.0
-22.0
-2.0
-40.0
-29.0
-49.0
-43.0
-54.0
-57.0
-69.0
-84.0
-77.0
-57.0
-59.0
-47.0
-47.0
-28.0
-25.0
-17.0
4.0
17.0
29.0
6.0
58.0
82.0
68.0
71.0
29.0
23.0
42.0
-24.0
3.0
-19.0
-17.0
-14.0
-42.0
-24.0
-27.0
-23.0
-44.0
-35.0
-7.0
22.0
29.0
16.0
7.0
57.0
5.0
5.0
9.0
-5.0
40.0
17.0
19.0
-8.0
26.0
3.0
13.0
18.0
6.0
5.0
-5.0
-4.0
17.0
11.0
-14.0
-15.0
4.0
3.0
12.0
-9.0
-28.0
-47.0
-20.0
-58.0
-88.0
-110.0
-107.0
-103.0
-105.0
-116.0
-85.0
-69.0
-61.0
-18.0
-2.0
12.0
7.0
5.0
12.0
35.0
47.0
63.0
34.0
68.0
44.0
73.0
45.0
39.0
60.0
34.0
30.0
30.0
20.0
18.0
-3.0
-10.0
-3.0
-4.0
-7.0
-48.0
-72.0
-73.0
-80.0
-110.0
-81.0
-80.0
-74.0
-72.0
-51.0
-35.0
-16.0
0.0
45.0
25.0
1.0
5.0
28.0
27.0
51.0
101.0
85.0
85.0
63.0
66.0
36.0
18.0
20.0
25.0
48.0
35.0
35.0
41.0
8.0
9.0
15.0
10.0
-12.0
-10.0
-9.0
-9.0
-33.0
-5.0
-1.0
18.0
-12.0
27.0
-30.0
-30.0
-17.0
-16.0
-19.0
-17.0
-16.0
-35.0
-33.0
-43.0
-19.0
-16.0
-5.0
-19.0
-11.0
-38.0
-44.0
-21.0
-26.0
-23.0
-68.0
-69.0
-63.0
-56.0
-49.0
-13.0
-19.0
-11.0
-4.0
-10.0
19.0
21.0
-3.0
14.0
45.0
53.0
51.0
24.0
-3.0
14.0
-7.0
-4.0
-9.0
9.0
12.0
4.0
-8.0
6.0
-10.0
8.0
10.0
15.0
13.0
-22.0
-21.0
3.0
-63.0
-34.0
-53.0
-55.0
-75.0
-79.0
-80.0
-89.0
-47.0
-67.0
-59.0
-65.0
-51.0
-42.0
14.0
19.0
8.0
22.0
20.0
46.0
3.0
33.0
31.0
32.0
87.0
87.0
58.0
42.0
18.0
30.0
12.0
8.0
12.0
-10.0
-8.0
-1.0
24.0
1.0
9.0
-33.0
41.0
27.0
74.0
42.0
4.0
10.0
37.0
-11.0
2.0
-44.0
-82.0
-107.0
-85.0
-93.0
-63.0
-66.0
-72.0
-1.0
16.0
10.0
8.0
-3.0
41.0
8.0
46.0
50.0
49.0
30.0
23.0
37.0
19.0
20.0
1.0
-19.0
-24.0
-27.0
-43.0
-16.0
-27.0
-21.0
-42.0
-23.0
-13.0
-27.0
-1.0
-2.0
-48.0
-14.0
-17.0
-44.0
14.0
51.0
57.0
6.0
5.0
0.0
-2.0
5.0
13.0
30.0
40.0
22.0
16.0
14.0
-10.0
-11.0
-16.0
1.0
24.0
12.0
15.0
20.0
15.0
-24.0
-41.0
-40.0
-56.0
-90.0
-61.0
-9.0
-38.0
-24.0
-34.0
-29.0
-45.0
-48.0
-57.0
-49.0
-28.0
-34.0
43.0
8.0
49.0
11.0
35.0
35.0
18.0
44.0
45.0
20.0
32.0
40.0
31.0
20.0
-2.0
-1.0
-6.0
1.0
-5.0
-2.0
-10.0
16.0
24.0
9.0
10.0
6.0
-14.0
-23.0
-33.0
-65.0
-94.0
-139.0
-149.0
-146.0
-67.0
-73.0
-63.0
-58.0
12.0
45.0
73.0
45.0
26.0
26.0
67.0
61.0
45.0
79.0
41.0
9.0
13.0
39.0
15.0
28.0
-5.0
-3.0
-46.0
-43.0
-46.0
-3.0
24.0
-1.0
1.0
9.0
39.0
43.0
57.0
17.0
-17.0
-3.0
0.0
-23.0
12.0
-7.0
7.0
1.0
9.0
8.0
12.0
-36.0
-39.0
-72.0
-98.0
-136.0
-108.0
-102.0
-102.0
-95.0
-83.0
-72.0
-27.0
9.0
-2.0
6.0
40.0
42.0
53.0
72.0
76.0
66.0
93.0
85.0
64.0
54.0
42.0
46.0
59.0
28.0
-3.0
9.0
-9.0
0.0
-5.0
-34.0
-10.0
-11.0
-7.0
-3.0
-12.0
20.0
4.0
31.0
7.0
-8.0
-26.0
-25.0
-47.0
-51.0
-54.0
-48.0
-33.0
-51.0
-12.0
-15.0
-13.0
-12.0
-16.0
31.0
8.0
-3.0
-14.0
-31.0
-25.0
-16.0
-11.0
-12.0
-27.0
-34.0
-46.0
14.0
35.0
4.0
26.0
46.0
34.0
30.0
27.0
21.0
38.0
-4.0
-15.0
-2.0
-21.0
-10.0
9.0
12.0
30.0
15.0
46.0
3.0
-4.0
13.0
-27.0
-8.0
-22.0
-23.0
-49.0
-25.0
-28.0
-4.0
9.0
26.0
-17.0
-18.0
-45.0
-44.0
-40.0
-12.0
-33.0
-24.0
-18.0
11.0
9.0
-5.0
-1.0
0.0
17.0
-9.0
13.0
16.0
-10.0
-19.0
-52.0
-40.0
-55.0
-55.0
-37.0
-36.0
-4.0
-7.0
7.0
22.0
20.0
37.0
45.0
45.0
30.0
14.0
4.0
1.0
16.0
-15.0
9.0
-7.0
-21.0
-22.0
-36.0
-39.0
-39.0
-5.0
-8.0
15.0
-20.0
17.0
15.0
13.0
33.0
15.0
9.0
11.0
-39.0
5.0
42.0
42.0
25.0
13.0
18.0
26.0
27.0
20.0
14.0
-37.0
-42.0
-38.0
-13.0
-12.0
-28.0
-50.0
-51.0
-24.0
-25.0
-29.0
6.0
-2.0
4.0
-1.0
-2.0
5.0
26.0
30.0
20.0
-23.0
4.0
38.0
56.0
58.0
36.0
21.0
28.0
0.0
-9.0
-11.0
-40.0
-25.0
-42.0
-42.0
-13.0
-40.0
-50.0
-39.0
-32.0
-26.0
-11.0
-1.0
-13.0
-15.0
5.0
47.0
42.0
13.0
39.0
17.0
5.0
34.0
35.0
44.0
50.0
26.0
37.0
-5.0
-26.0
1.0
22.0
13.0
-19.0
-27.0
-13.0
-18.0
-29.0
-26.0
-24.0
-6.0
-35.0
-30.0
-32.0
-28.0
-4.0
2.0
1.0
2.0
-25.0
-14.0
-6.0
-22.0
-9.0
-7.0
-10.0
4.0
-10.0
2.0
-27.0
-82.0
-93.0
-129.0
-116.0
-115.0
-90.0
-93.0
-43.0
-24.0
-35.0
-17.0
34.0
49.0
34.0
34.0
48.0
48.0
70.0
53.0
66.0
45.0
66.0
68.0
50.0
60.0
50.0
43.0
33.0
29.0
34.0
17.0
7.0
1.0
3.0
-6.0
-8.0
-15.0
-55.0
-33.0
-40.0
-84.0
-75.0
-86.0
-67.0
-69.0
-20.0
-46.0
-34.0
-32.0
-23.0
48.0
16.0
32.0
4.0
5.0
6.0
3.0
-32.0
-68.0
-71.0
-58.0
-74.0
-69.0
-38.0
-41.0
-42.0
-24.0
-11.0
-12.0
4.0
31.0
53.0
58.0
75.0
75.0
72.0
89.0
48.0
64.0
115.0
65.0
46.0
44.0
50.0
50.0
13.0
-12.0
-7.0
-6.0
-3.0
8.0
-2.0
-33.0
-37.0
-37.0
-20.0
-1.0
-1.0
-4.0
-20.0
-49.0
-91.0
-119.0
-134.0
-138.0
-123.0
-110.0
-114.0
-81.0
-51.0
-53.0
7.0
-2.0
-2.0
-2.0
23.0
43.0
79.0
86.0
86.0
83.0
63.0
72.0
62.0
70.0
86.0
87.0
23.0
53.0
48.0
31.0
10.0
2.0
-71.0
-71.0
-93.0
-132.0
-151.0
-154.0
-163.0
-108.0
-105.0
-48.0
-45.0
-44.0
-20.0
-24.0
1.0
50.0
77.0
90.0
85.0
146.0
111.0
112.0
89.0
76.0
70.0
48.0
41.0
57.0
32.0
33.0
-6.0
-5.0
-32.0
-51.0
18.0
-15.0
-41.0
-49.0
-70.0
-86.0
-81.0
-70.0
-101.0
-75.0
-83.0
-67.0
-45.0
-20.0
-1.0
7.0
11.0
11.0
32.0
38.0
9.0
-2.0
3.0
19.0
56.0
46.0
6.0
0.0
17.0
32.0
62.0
66.0
41.0
10.0
48.0
54.0
59.0
48.0
13.0
-1.0
-27.0
-23.0
-34.0
-14.0
-34.0
-31.0
-4.0
-6.0
-53.0
-38.0
24.0
0.0
12.0
-3.0
-10.0
-26.0
-10.0
-9.0
9.0
-18.0
7.0
-21.0
-5.0
-59.0
-44.0
8.0
3.0
10.0
12.0
4.0
-51.0
-44.0
-62.0
-34.0
-18.0
-38.0
-19.0
-16.0
-27.0
-58.0
-49.0
18.0
36.0
22.0
17.0
11.0
-16.0
-17.0
1.0
24.0
7.0
33.0
39.0
37.0
11.0
-16.0
2.0
-7.0
-19.0
-20.0
-29.0
0.0
21.0
-24.0
-14.0
-28.0
-29.0
-35.0
-34.0
-17.0
-28.0
-47.0
-52.0
-70.0
-44.0
-64.0
-43.0
-52.0
-27.0
-29.0
-2.0
13.0
-1.0
3.0
1.0
24.0
20.0
18.0
26.0
42.0
39.0
51.0
52.0
47.0
66.0
83.0
57.0
53.0
51.0
22.0
24.0
23.0
8.0
-11.0
9.0
-31.0
-21.0
-20.0
-3.0
-13.0
4.0
11.0
15.0
2.0
-12.0
-28.0
-25.0
-25.0
-28.0
-12.0
-13.0
-6.0
-17.0
6.0
-16.0
-37.0
-20.0
-17.0
9.0
-18.0
-72.0
-108.0
-160.0
-171.0
-164.0
-135.0
-138.0
-136.0
-116.0
-98.0
-15.0
-13.0
26.0
65.0
70.0
68.0
63.0
59.0
53.0
111.0
134.0
141.0
115.0
107.0
113.0
85.0
75.0
73.0
65.0
77.0
50.0
32.0
30.0
-1.0
-28.0
-29.0
-31.0
-37.0
-43.0
-59.0
-37.0
-80.0
-77.0
-74.0
-115.0
-110.0
-55.0
-52.0
-43.0
-17.0
-11.0
-9.0
2.0
21.0
24.0
3.0
19.0
24.0
38.0
-17.0
-7.0
-5.0
-6.0
-2.0
-44.0
-60.0
-57.0
-62.0
-57.0
-19.0
1.0
-6.0
16.0
39.0
43.0
21.0
40.0
42.0
33.0
9.0
-7.0
3.0
-28.0
-35.0
-42.0
-64.0
-48.0
-51.0
-21.0
-24.0
-17.0
-7.0
-2.0
22.0
36.0
-3.0
24.0
22.0
23.0
54.0
33.0
11.0
-10.0
-30.0
-30.0
-32.0
-15.0
-12.0
7.0
-2.0
8.0
5.0
-21.0
-5.0
9.0
-31.0
-15.0
-12.0
-47.0
-13.0
-41.0
-21.0
-25.0
-11.0
20.0
34.0
50.0
54.0
53.0
51.0
48.0
23.0
17.0
-13.0
-40.0
-57.0
-56.0
-60.0
-79.0
-131.0
-80.0
-61.0
-12.0
-20.0
6.0
5.0
50.0
44.0
66.0
101.0
113.0
64.0
70.0
74.0
47.0
65.0
77.0
85.0
62.0
26.0
-3.0
33.0
19.0
9.0
-9.0
11.0
-21.0
-23.0
-5.0
-29.0
-34.0
-35.0
-42.0
-27.0
-50.0
-25.0
-49.0
-39.0
-35.0
-31.0
-30.0
6.0
3.0
-4.0
-49.0
-37.0
-95.0
-97.0
-117.0
-136.0
-165.0
-137.0
-96.0
-91.0
-54.0
-37.0
-7.0
-7.0
11.0
34.0
24.0
48.0
62.0
85.0
97.0
70.0
90.0
93.0
95.0
77.0
87.0
35.0
-1.0
24.0
22.0
3.0
13.0
12.0
24.0
10.0
-31.0
-23.0
3.0
-11.0
-17.0
-29.0
-39.0
-37.0
-52.0
-102.0
-140.0
-161.0
-152.0
-130.0
-93.0
-62.0
-71.0
-67.0
-20.0
9.0
11.0
38.0
48.0
106.0
99.0
67.0
106.0
114.0
82.0
82.0
49.0
47.0
80.0
40.0
16.0
-26.0
-31.0
-28.0
21.0
-4.0
11.0
24.0
19.0
11.0
24.0
-45.0
-58.0
-60.0
-109.0
-146.0
-165.0
-168.0
-136.0
-123.0
-98.0
-73.0
-44.0
-36.0
27.0
25.0
54.0
111.0
90.0
113.0
134.0
114.0
107.0
101.0
106.0
89.0
15.0
37.0
22.0
25.0
8.0
3.0
-5.0
-6.0
-26.0
-57.0
-51.0
-58.0
-68.0
-97.0
-83.0
-68.0
-48.0
-54.0
-41.0
-31.0
-22.0
-4.0
17.0
16.0
6.0
-18.0
-39.0
-38.0
-5.0
2.0
44.0
47.0
28.0
22.0
26.0
-36.0
-16.0
-23.0
-29.0
-15.0
-2.0
-13.0
26.0
31.0
1.0
-22.0
11.0
20.0
-25.0
47.0
61.0
34.0
11.0
-16.0
-33.0
-56.0
-70.0
-71.0
-35.0
-24.0
-15.0
-19.0
-26.0
6.0
6.0
26.0
9.0
17.0
37.0
53.0
43.0
69.0
44.0
-16.0
-51.0
-50.0
-40.0
-32.0
-24.0
-24.0
-6.0
-25.0
7.0
-41.0
-41.0
1.0
-10.0
-3.0
-18.0
9.0
26.0
24.0
23.0
34.0
45.0
9.0
3.0
-7.0
20.0
24.0
20.0
9.0
-5.0
-19.0
-27.0
-39.0
-28.0
-30.0
-13.0
-11.0
26.0
36.0
9.0
-22.0
1.0
-25.0
-39.0
-27.0
-62.0
-80.0
-103.0
-105.0
-99.0
-78.0
-57.0
-55.0
-16.0
-12.0
-11.0
4.0
37.0
58.0
102.0
98.0
81.0
79.0
57.0
63.0
49.0
48.0
69.0
37.0
11.0
-15.0
23.0
22.0
1.0
4.0
-15.0
-41.0
-19.0
-47.0
-29.0
-14.0
0.0
19.0
-62.0
-52.0
-13.0
0.0
10.0
-3.0
10.0
-2.0
-46.0
-83.0
-105.0
-107.0
-183.0
-217.0
-215.0
-161.0
-112.0
-53.0
-70.0
-45.0
22.0
37.0
40.0
60.0
79.0
79.0
109.0
132.0
111.0
95.0
105.0
104.0
107.0
123.0
87.0
47.0
23.0
39.0
15.0
10.0
21.0
15.0
-12.0
-13.0
6.0
15.0
8.0
-36.0
-33.0
-12.0
-6.0
-7.0
-26.0
-6.0
-75.0
-17.0
0.0
-23.0
9.0
-39.0
-15.0
-1.0
-26.0
-70.0
-44.0
-16.0
-29.0
2.0
-3.0
14.0
-11.0
-13.0
-6.0
-18.0
10.0
-14.0
-45.0
-112.0
-146.0
-163.0
-171.0
-162.0
-160.0
-125.0
-93.0
-46.0
-28.0
-2.0
17.0
35.0
39.0
35.0
52.0
80.0
103.0
81.0
97.0
102.0
82.0
69.0
75.0
73.0
75.0
81.0
81.0
59.0
84.0
55.0
29.0
5.0
-7.0
-4.0
-46.0
-35.0
-40.0
-28.0
-45.0
-45.0
-62.0
-55.0
-38.0
-42.0
-17.0
-82.0
-66.0
-35.0
-32.0
9.0
-17.0
-43.0
-7.0
-6.0
2.0
55.0
10.0
73.0
75.0
23.0
26.0
16.0
19.0
15.0
19.0
18.0
22.0
28.0
12.0
6.0
-5.0
-36.0
-77.0
-80.0
-90.0
-77.0
-68.0
-80.0
-58.0
-63.0
-56.0
-47.0
-44.0
-39.0
-15.0
-31.0
-13.0
-10.0
3.0
-22.0
3.0
54.0
87.0
91.0
105.0
112.0
78.0
80.0
97.0
54.0
42.0
54.0
47.0
46.0
23.0
11.0
14.0
0.0
-11.0
-28.0
-61.0
-53.0
-6.0
1.0
-16.0
-13.0
-5.0
-21.0
-2.0
-14.0
13.0
-8.0
-9.0
-8.0
-27.0
-59.0
12.0
-64.0
-58.0
-60.0
-66.0
-146.0
-174.0
-160.0
-163.0
-147.0
-127.0
-107.0
-55.0
-23.0
17.0
41.0
79.0
77.0
77.0
98.0
99.0
143.0
127.0
144.0
121.0
89.0
80.0
76.0
53.0
33.0
23.0
6.0
39.0
27.0
13.0
12.0
-10.0
-17.0
-37.0
-23.0
-47.0
-43.0
-67.0
-77.0
-40.0
-56.0
-28.0
-25.0
-19.0
-24.0
-45.0
-48.0
-42.0
7.0
6.0
47.0
-4.0
-6.0
23.0
7.0
-11.0
-25.0
-26.0
-12.0
-39.0
-46.0
-38.0
-34.0
-24.0
-11.0
-27.0
-43.0
-34.0
11.0
-71.0
-96.0
-117.0
-121.0
-87.0
-71.0
-59.0
-35.0
-9.0
16.0
13.0
33.0
73.0
74.0
62.0
61.0
30.0
-5.0
14.0
-17.0
41.0
38.0
28.0
16.0
48.0
46.0
31.0
85.0
81.0
60.0
71.0
81.0
68.0
61.0
37.0
9.0
-11.0
-26.0
-8.0
-18.0
-30.0
-48.0
-52.0
-52.0
-47.0
-56.0
-33.0
-53.0
-48.0
-16.0
-15.0
-25.0
1.0
6.0
-12.0
-13.0
3.0
-18.0
-34.0
-39.0
-25.0
12.0
2.0
-9.0
-4.0
8.0
3.0
29.0
-12.0
-15.0
-22.0
-28.0
-10.0
-15.0
15.0
6.0
-19.0
-36.0
-40.0
-67.0
-85.0
-145.0
-176.0
-179.0
-149.0
-138.0
-118.0
-61.0
-24.0
2.0
44.0
73.0
98.0
101.0
95.0
100.0
111.0
127.0
152.0
138.0
137.0
85.0
80.0
77.0
54.0
62.0
74.0
39.0
0.0
-17.0
-12.0
8.0
-15.0
-11.0
-9.0
-4.0
-21.0
-13.0
-35.0
-26.0
-61.0
-38.0
-37.0
-29.0
-25.0
-24.0
-6.0
-2.0
-61.0
-113.0
-129.0
-149.0
-145.0
-138.0
-138.0
-159.0
-126.0
-125.0
-77.0
-90.0
-61.0
-14.0
73.0
74.0
43.0
89.0
122.0
144.0
134.0
124.0
90.0
81.0
31.0
24.0
-18.0
55.0
35.0
25.0
15.0
-5.0
4.0
-10.0
-11.0
-13.0
6.0
-34.0
15.0
25.0
78.0
42.0
25.0
35.0
16.0
11.0
31.0
17.0
-7.0
-3.0
-37.0
-72.0
-84.0
-94.0
-76.0
-74.0
-48.0
-80.0
-69.0
-48.0
-46.0
-18.0
-46.0
-44.0
-18.0
-19.0
-2.0
5.0
-1.0
12.0
20.0
43.0
19.0
29.0
33.0
38.0
12.0
1.0
5.0
3.0
7.0
-34.0
-95.0
-111.0
-134.0
-125.0
-106.0
-94.0
-44.0
-29.0
-14.0
12.0
10.0
52.0
76.0
75.0
72.0
109.0
93.0
71.0
65.0
84.0
90.0
51.0
45.0
44.0
31.0
24.0
17.0
31.0
5.0
0.0
-7.0
-1.0
-6.0
-9.0
-29.0
-30.0
-33.0
-44.0
-31.0
-7.0
20.0
-16.0
17.0
10.0
-30.0
-58.0
-55.0
-17.0
-31.0
-11.0
-20.0
-16.0
-28.0
-26.0
10.0
-34.0
-12.0
7.0
-33.0
-64.0
-117.0
-152.0
-168.0
-166.0
-127.0
-126.0
-76.0
-85.0
-44.0
20.0
73.0
73.0
73.0
73.0
64.0
75.0
125.0
124.0
151.0
128.0
93.0
56.0
27.0
31.0
-9.0
15.0
7.0
17.0
24.0
11.0
5.0
-3.0
18.0
12.0
31.0
41.0
19.0
21.0
41.0
42.0
9.0
18.0
-15.0
-21.0
-12.0
-45.0
-98.0
-133.0
-194.0
-198.0
-174.0
-154.0
-139.0
-143.0
-52.0
10.0
29.0
42.0
55.0
53.0
55.0
35.0
54.0
50.0
41.0
40.0
63.0
44.0
55.0
82.0
67.0
76.0
39.0
39.0
52.0
65.0
50.0
39.0
1.0
2.0
29.0
0.0
-48.0
-46.0
-32.0
-31.0
-28.0
-40.0
-48.0
-47.0
-50.0
-61.0
-41.0
-45.0
-20.0
-4.0
-18.0
-26.0
-22.0
15.0
7.0
-9.0
-44.0
-41.0
-99.0
-148.0
-166.0
-139.0
-113.0
-136.0
-110.0
-28.0
-32.0
-24.0
31.0
63.0
42.0
78.0
87.0
99.0
124.0
102.0
120.0
113.0
92.0
77.0
23.0
-62.0
-126.0
-77.0
-68.0
-22.0
-54.0
-53.0
-38.0
4.0
0.0
1.0
87.0
84.0
62.0
33.0
-5.0
-1.0
-22.0
21.0
-23.0
-18.0
-24.0
0.0
7.0
11.0
29.0
20.0
45.0
10.0
-20.0
-32.0
-21.0
-38.0
-28.0
-26.0
-30.0
-38.0
-17.0
-4.0
-7.0
2.0
27.0
6.0
0.0
-31.0
-13.0
-18.0
-35.0
-27.0
2.0
-23.0
-3.0
-4.0
31.0
37.0
18.0
21.0
12.0
31.0
5.0
-24.0
-26.0
-30.0
-36.0
-49.0
-76.0
-70.0
-77.0
-68.0
-52.0
3.0
15.0
33.0
18.0
40.0
16.0
25.0
17.0
-32.0
-17.0
13.0
-10.0
-27.0
-30.0
-32.0
-7.0
-5.0
-42.0
-15.0
-23.0
-13.0
23.0
31.0
27.0
31.0
63.0
66.0
39.0
50.0
74.0
-11.0
-11.0
7.0
44.0
28.0
36.0
35.0
-20.0
-101.0
-87.0
-131.0
-130.0
-113.0
-87.0
-60.0
-70.0
-68.0
-18.0
7.0
38.0
51.0
30.0
53.0
106.0
121.0
95.0
99.0
98.0
65.0
31.0
49.0
71.0
52.0
35.0
33.0
3.0
7.0
-5.0
-41.0
-3.0
9.0
-12.0
-11.0
-25.0
-45.0
-64.0
-66.0
-65.0
-85.0
-114.0
-25.0
-50.0
-31.0
7.0
9.0
-7.0
-12.0
-29.0
-20.0
-49.0
-48.0
-74.0
-50.0
-7.0
-21.0
-11.0
-2.0
21.0
32.0
35.0
57.0
73.0
75.0
91.0
47.0
47.0
39.0
33.0
19.0
33.0
-9.0
-1.0
-20.0
-36.0
-12.0
-11.0
-8.0
-14.0
-35.0
-41.0
19.0
13.0
-17.0
-19.0
-28.0
-29.0
-28.0
-64.0
-40.0
-44.0
-14.0
4.0
-31.0
-20.0
-79.0
-92.0
-101.0
-103.0
-81.0
-67.0
-62.0
-46.0
-81.0
-61.0
-13.0
-36.0
-28.0
15.0
30.0
75.0
84.0
63.0
112.0
75.0
96.0
64.0
63.0
71.0
90.0
55.0
22.0
-9.0
2.0
23.0
13.0
-3.0
-3.0
1.0
-32.0
-54.0
-87.0
-97.0
-126.0
-97.0
-99.0
-36.0
-42.0
-60.0
-89.0
-8.0
12.0
36.0
53.0
66.0
41.0
43.0
35.0
96.0
81.0
74.0
41.0
22.0
63.0
33.0
42.0
42.0
38.0
18.0
7.0
-27.0
-36.0
-93.0
-72.0
-53.0
-1.0
-7.0
-10.0
-5.0
-19.0
4.0
22.0
9.0
5.0
-15.0
-30.0
-46.0
-45.0
-12.0
-83.0
-78.0
-68.0
-89.0
-77.0
-67.0
-16.0
-16.0
-16.0
-39.0
15.0
25.0
19.0
39.0
48.0
-3.0
46.0
53.0
53.0
89.0
27.0
31.0
39.0
42.0
16.0
25.0
-6.0
-55.0
-58.0
-65.0
-98.0
-95.0
-80.0
-94.0
-70.0
-14.0
-31.0
8.0
12.0
49.0
31.0
18.0
41.0
18.0
37.0
33.0
55.0
29.0
28.0
70.0
73.0
69.0
53.0
29.0
25.0
-13.0
-11.0
-103.0
-103.0
-110.0
-130.0
-140.0
-89.0
-75.0
-57.0
-44.0
-11.0
7.0
17.0
69.0
69.0
90.0
87.0
94.0
80.0
55.0
56.0
45.0
41.0
64.0
23.0
-21.0
-5.0
-19.0
-27.0
-32.0
-53.0
-24.0
-21.0
-8.0
-26.0
-17.0
-30.0
-79.0
-119.0
-187.0
-192.0
-180.0
-181.0
-197.0
-147.0
-65.0
-15.0
43.0
55.0
75.0
72.0
67.0
67.0
105.0
124.0
96.0
108.0
91.0
80.0
63.0
41.0
-4.0
1.0
-22.0
-25.0
-16.0
-27.0
-45.0
-24.0
-8.0
-8.0
-5.0
-3.0
15.0
-5.0
25.0
39.0
43.0
57.0
47.0
17.0
21.0
20.0
31.0
-14.0
-39.0
-84.0
-99.0
-76.0
-118.0
-110.0
-94.0
-87.0
-60.0
-55.0
-64.0
-25.0
-12.0
-35.0
25.0
42.0
60.0
60.0
57.0
22.0
30.0
35.0
20.0
42.0
46.0
5.0
59.0
61.0
65.0
14.0
25.0
-23.0
-19.0
-20.0
-38.0
-11.0
-61.0
-61.0
-90.0
-107.0
-113.0
-74.0
-74.0
-63.0
-29.0
5.0
24.0
21.0
51.0
64.0
93.0
63.0
20.0
-4.0
0.0
3.0
26.0
29.0
32.0
34.0
46.0
38.0
24.0
19.0
21.0
39.0
31.0
30.0
-23.0
-20.0
18.0
18.0
52.0
32.0
31.0
-13.0
12.0
7.0
-21.0
-20.0
-21.0
-21.0
-18.0
-39.0
-37.0
-36.0
-33.0
-28.0
-49.0
-35.0
-5.0
-5.0
-2.0
-26.0
-13.0
-9.0
23.0
24.0
-8.0
10.0
-10.0
14.0
16.0
1.0
-23.0
-55.0
-88.0
-94.0
-62.0
-33.0
-97.0
-189.0
-193.0
-191.0
-129.0
-103.0
-60.0
-53.0
-41.0
-5.0
54.0
85.0
84.0
106.0
141.0
165.0
160.0
168.0
180.0
174.0
141.0
112.0
68.0
41.0
38.0
25.0
7.0
17.0
17.0
10.0
-18.0
4.0
-15.0
3.0
-1.0
-21.0
-57.0
-67.0
-30.0
-17.0
-41.0
-26.0
-26.0
-36.0
-32.0
-26.0
-44.0
-44.0
-27.0
-43.0
-123.0
-116.0
-103.0
-111.0
-112.0
-114.0
-77.0
-80.0
-53.0
-13.0
-3.0
23.0
44.0
42.0
52.0
71.0
9.0
13.0
10.0
-23.0
-56.0
-67.0
-39.0
-38.0
-3.0
1.0
36.0
40.0
59.0
51.0
62.0
70.0
65.0
126.0
93.0
121.0
109.0
112.0
77.0
44.0
13.0
17.0
3.0
6.0
-1.0
-21.0
-22.0
-18.0
-29.0
-17.0
-25.0
-29.0
-53.0
-67.0
-63.0
-88.0
-73.0
-72.0
-39.0
-15.0
-11.0
-41.0
15.0
6.0
10.0
-18.0
-14.0
-14.0
-11.0
1.0
-15.0
12.0
-4.0
18.0
-9.0
0.0
-33.0
-31.0
-62.0
-79.0
-120.0
-112.0
-125.0
-91.0
-68.0
-33.0
-25.0
-35.0
-13.0
34.0
47.0
68.0
92.0
92.0
55.0
1.0
-8.0
-6.0
-17.0
33.0
1.0
9.0
52.0
38.0
72.0
76.0
58.0
60.0
64.0
84.0
68.0
31.0
53.0
54.0
-16.0
-78.0
-94.0
-82.0
-19.0
-3.0
-14.0
-60.0
-137.0
-129.0
-90.0
-41.0
-24.0
-20.0
-9.0
-37.0
20.0
-70.0
-21.0
-45.0
-51.0
-44.0
-101.0
-89.0
-96.0
-44.0
-15.0
-11.0
16.0
73.0
42.0
39.0
36.0
34.0
117.0
100.0
114.0
136.0
91.0
77.0
85.0
100.0
62.0
57.0
27.0
46.0
27.0
18.0
-15.0
-38.0
-53.0
-38.0
-40.0
-39.0
-53.0
-39.0
-52.0
-70.0
-88.0
-46.0
-14.0
-5.0
-32.0
-33.0
-58.0
-46.0
-39.0
-48.0
-21.0
11.0
7.0
-18.0
-14.0
-15.0
-15.0
-26.0
-39.0
-43.0
-43.0
-16.0
-51.0
-44.0
-48.0
-49.0
-28.0
-31.0
-100.0
-113.0
-120.0
-93.0
-88.0
-39.0
-10.0
-8.0
22.0
-6.0
81.0
121.0
127.0
87.0
58.0
93.0
128.0
130.0
90.0
93.0
79.0
31.0
0.0
23.0
50.0
42.0
-40.0
-38.0
-73.0
-95.0
-108.0
-78.0
-133.0
-143.0
-60.0
34.0
39.0
43.0
79.0
101.0
86.0
63.0
83.0
57.0
34.0
43.0
66.0
70.0
36.0
18.0
-19.0
-62.0
-79.0
-83.0
-90.0
-60.0
-66.0
-63.0
-53.0
-1.0
6.0
18.0
42.0
73.0
84.0
79.0
84.0
72.0
82.0
64.0
15.0
25.0
35.0
-16.0
-39.0
-56.0
-62.0
-64.0
-63.0
-77.0
-98.0
-73.0
-28.0
-28.0
-61.0
-36.0
-18.0
-16.0
-2.0
-42.0
-59.0
-24.0
-72.0
-104.0
-72.0
-39.0
-27.0
-31.0
24.0
34.0
57.0
77.0
56.0
95.0
59.0
35.0
57.0
59.0
81.0
65.0
47.0
26.0
13.0
-5.0
10.0
-30.0
-72.0
-78.0
-90.0
-93.0
-107.0
-75.0
-34.0
-48.0
-20.0
-10.0
-20.0
-18.0
-5.0
-2.0
-25.0
-19.0
-27.0
17.0
10.0
-1.0
20.0
19.0
38.0
67.0
75.0
62.0
37.0
14.0
47.0
57.0
6.0
-1.0
11.0
16.0
-5.0
-21.0
-18.0
-22.0
-11.0
17.0
-1.0
-1.0
-10.0
-15.0
3.0
-36.0
-7.0
9.0
-36.0
-59.0
-85.0
-88.0
-92.0
-33.0
10.0
-21.0
-10.0
13.0
-8.0
14.0
19.0
20.0
-39.0
-36.0
-58.0
-58.0
-33.0
-11.0
-2.0
-20.0
0.0
1.0
-10.0
47.0
52.0
38.0
55.0
12.0
18.0
69.0
39.0
32.0
-9.0
-3.0
10.0
9.0
24.0
-2.0
15.0
-1.0
21.0
16.0
-12.0
7.0
-39.0
-99.0
-148.0
-161.0
-152.0
-113.0
-102.0
-102.0
-32.0
-104.0
-87.0
18.0
87.0
141.0
153.0
126.0
144.0
141.0
83.0
90.0
89.0
57.0
19.0
33.0
26.0
-1.0
-16.0
-14.0
-23.0
-24.0
-13.0
-44.0
-10.0
-42.0
-39.0
0.0
-23.0
-26.0
-18.0
-10.0
-27.0
-49.0
-15.0
7.0
-19.0
-110.0
-100.0
-103.0
-55.0
-59.0
-74.0
-74.0
-17.0
-4.0
3.0
44.0
38.0
37.0
17.0
23.0
-10.0
25.0
11.0
5.0
23.0
24.0
51.0
43.0
18.0
33.0
42.0
38.0
58.0
15.0
35.0
19.0
15.0
14.0
-17.0
30.0
14.0
-5.0
-54.0
-29.0
-8.0
3.0
-1.0
-3.0
-12.0
-33.0
-11.0
-37.0
-32.0
7.0
-39.0
-63.0
-68.0
-70.0
-45.0
-21.0
-16.0
-44.0
-82.0
-100.0
-193.0
-156.0
-96.0
-89.0
-30.0
26.0
-33.0
-23.0
34.0
28.0
84.0
139.0
159.0
160.0
171.0
124.0
68.0
54.0
5.0
-16.0
-25.0
-48.0
-70.0
-67.0
-45.0
-17.0
1.0
24.0
-7.0
13.0
64.0
52.0
69.0
70.0
66.0
63.0
68.0
57.0
44.0
12.0
-1.0
-34.0
-52.0
-50.0
-42.0
-50.0
-65.0
-44.0
-72.0
-51.0
-22.0
-15.0
-12.0
-15.0
3.0
-38.0
-103.0
-23.0
-2.0
54.0
40.0
24.0
-22.0
-25.0
-64.0
-40.0
-49.0
-43.0
-48.0
-65.0
-20.0
9.0
-12.0
-15.0
-24.0
-39.0
-20.0
-32.0
5.0
64.0
62.0
48.0
46.0
52.0
15.0
-15.0
-16.0
-37.0
-56.0
-83.0
-67.0
-81.0
-42.0
-43.0
-29.0
-22.0
15.0
52.0
24.0
17.0
20.0
35.0
21.0
15.0
10.0
-21.0
-10.0
-8.0
28.0
40.0
29.0
27.0
59.0
55.0
35.0
53.0
67.0
1.0
24.0
20.0
-15.0
22.0
52.0
49.0
25.0
43.0
34.0
-2.0
24.0
-5.0
-16.0
-16.0
-8.0
-10.0
-41.0
-38.0
-38.0
-41.0
-39.0
-42.0
-70.0
-128.0
-123.0
-123.0
-151.0
-154.0
-111.0
-81.0
-25.0
9.0
36.0
45.0
31.0
32.0
54.0
83.0
95.0
109.0
105.0
110.0
98.0
66.0
34.0
31.0
27.0
46.0
-2.0
5.0
-22.0
-15.0
-57.0
-104.0
-100.0
-98.0
-130.0
-148.0
-139.0
-91.0
-56.0
-39.0
4.0
-9.0
-2.0
-3.0
-6.0
52.0
79.0
103.0
74.0
65.0
89.0
64.0
66.0
62.0
57.0
19.0
-20.0
-44.0
-56.0
-76.0
-67.0
-60.0
-59.0
-56.0
-33.0
-13.0
-10.0
20.0
15.0
-4.0
-22.0
11.0
14.0
10.0
10.0
10.0
3.0
-39.0
-46.0
-41.0
-45.0
-63.0
1.0
4.0
1.0
-29.0
22.0
17.0
-1.0
-9.0
76.0
38.0
-15.0
-22.0
-87.0
-144.0
-22.0
7.0
-44.0
-54.0
-55.0
-2.0
10.0
16.0
85.0
74.0
55.0
42.0
108.0
69.0
72.0
75.0
53.0
47.0
63.0
54.0
35.0
9.0
-11.0
-34.0
-33.0
-59.0
-74.0
-77.0
-124.0
-156.0
-193.0
-164.0
-153.0
-79.0
-17.0
14.0
61.0
59.0
72.0
76.0
83.0
122.0
122.0
112.0
97.0
127.0
65.0
63.0
36.0
17.0
-3.0
-7.0
-39.0
-16.0
-7.0
-23.0
-48.0
-46.0
-71.0
-53.0
-14.0
-9.0
5.0
-13.0
15.0
-8.0
-16.0
-12.0
-48.0
-76.0
-94.0
-129.0
-155.0
-161.0
-123.0
-170.0
-140.0
-137.0
-86.0
-2.0
16.0
29.0
36.0
98.0
114.0
140.0
152.0
144.0
122.0
84.0
54.0
73.0
52.0
10.0
49.0
59.0
55.0
51.0
13.0
13.0
27.0
-7.0
0.0
-13.0
-5.0
5.0
3.0
8.0
16.0
-18.0
-39.0
-20.0
-39.0
-53.0
-26.0
-56.0
-51.0
-53.0
-102.0
-118.0
-132.0
-152.0
-144.0
-105.0
-75.0
-53.0
7.0
12.0
17.0
63.0
67.0
89.0
71.0
97.0
82.0
104.0
85.0
92.0
70.0
47.0
54.0
55.0
44.0
41.0
17.0
-22.0
-58.0
-59.0
-79.0
-64.0
-31.0
-36.0
-24.0
-22.0
-19.0
-1.0
3.0
6.0
-14.0
2.0
-41.0
-75.0
-121.0
-101.0
-42.0
-19.0
10.0
13.0
18.0
22.0
21.0
10.0
57.0
42.0
75.0
21.0
8.0
13.0
-39.0
-24.0
-63.0
-33.0
-27.0
-31.0
22.0
57.0
37.0
37.0
83.0
32.0
15.0
-11.0
-19.0
18.0
-1.0
37.0
13.0
14.0
-5.0
-25.0
-20.0
-40.0
18.0
-13.0
5.0
8.0
34.0
32.0
-34.0
-43.0
-49.0
-68.0
-23.0
-30.0
-20.0
7.0
29.0
30.0
24.0
20.0
23.0
6.0
-36.0
7.0
7.0
20.0
42.0
38.0
22.0
20.0
25.0
33.0
21.0
31.0
8.0
9.0
-36.0
-37.0
-36.0
-47.0
-53.0
-97.0
-128.0
-154.0
-122.0
-112.0
-79.0
-73.0
-40.0
-25.0
7.0
28.0
71.0
100.0
106.0
103.0
104.0
104.0
47.0
44.0
37.0
45.0
54.0
52.0
48.0
37.0
30.0
28.0
20.0
-12.0
-5.0
-39.0
-29.0
-36.0
-96.0
-110.0
-131.0
-131.0
-136.0
-130.0
-72.0
-48.0
-34.0
2.0
6.0
56.0
48.0
40.0
98.0
107.0
85.0
57.0
51.0
19.0
18.0
-8.0
-5.0
-2.0
-13.0
-41.0
-81.0
-54.0
-68.0
-56.0
19.0
23.0
18.0
23.0
4.0
24.0
52.0
34.0
3.0
25.0
13.0
-40.0
-69.0
-71.0
22.0
75.0
43.0
40.0
-38.0
-70.0
-42.0
-15.0
-4.0
4.0
-75.0
-61.0
-62.0
-68.0
-53.0
-50.0
6.0
-22.0
6.0
5.0
4.0
22.0
49.0
37.0
50.0
30.0
-26.0
-8.0
14.0
12.0
-58.0
72.0
26.0
45.0
29.0
-15.0
-33.0
-80.0
-64.0
-72.0
-81.0
-19.0
-10.0
-9.0
31.0
8.0
-2.0
55.0
-10.0
-5.0
-7.0
28.0
9.0
17.0
8.0
-22.0
-8.0
7.0
-26.0
-27.0
-65.0
-104.0
-63.0
-32.0
-26.0
25.0
-16.0
4.0
16.0
17.0
91.0
81.0
68.0
56.0
43.0
24.0
-38.0
-44.0
-92.0
-91.0
-125.0
-124.0
-64.0
20.0
34.0
75.0
59.0
74.0
69.0
70.0
40.0
37.0
35.0
56.0
10.0
0.0
34.0
55.0
38.0
39.0
22.0
11.0
-29.0
-36.0
-57.0
-27.0
-29.0
-31.0
-34.0
-33.0
-40.0
-92.0
-141.0
-140.0
-69.0
-72.0
-29.0
-2.0
-21.0
-23.0
8.0
-6.0
19.0
43.0
55.0
42.0
72.0
52.0
69.0
68.0
50.0
17.0
9.0
0.0
17.0
30.0
60.0
35.0
0.0
0.0
-27.0
-2.0
-7.0
-6.0
-6.0
0.0
-6.0
16.0
-9.0
-11.0
-17.0
4.0
-56.0
-52.0
-31.0
-25.0
-23.0
-30.0
11.0
9.0
-4.0
17.0
-21.0
-28.0
-39.0
-92.0
-95.0
-99.0
-135.0
-134.0
-149.0
-143.0
-132.0
-126.0
-79.0
-37.0
27.0
43.0
70.0
70.0
93.0
127.0
154.0
149.0
137.0
134.0
111.0
61.0
52.0
45.0
3.0
-19.0
-35.0
-42.0
-5.0
-20.0
2.0
33.0
33.0
33.0
34.0
30.0
33.0
37.0
33.0
36.0
39.0
37.0
15.0
12.0
25.0
-8.0
-13.0
42.0
20.0
-32.0
-34.0
-69.0
-129.0
-133.0
-149.0
-179.0
-107.0
-97.0
-59.0
-111.0
-95.0
-45.0
-9.0
-10.0
24.0
22.0
31.0
62.0
50.0
31.0
52.0
62.0
51.0
54.0
44.0
38.0
52.0
-29.0
-61.0
-108.0
-120.0
-92.0
-80.0
-83.0
-100.0
-70.0
-14.0
2.0
9.0
53.0
31.0
51.0
87.0
94.0
102.0
110.0
81.0
65.0
57.0
29.0
15.0
15.0
5.0
1.0
17.0
-33.0
-41.0
21.0
34.0
1.0
-7.0
10.0
-5.0
-6.0
-71.0
0.0
-28.0
-17.0
-28.0
-35.0
-39.0
-11.0
-16.0
-17.0
-39.0
-35.0
-17.0
-22.0
-64.0
-56.0
-48.0
-44.0
-8.0
-7.0
9.0
-41.0
2.0
5.0
-11.0
15.0
12.0
-31.0
-35.0
-32.0
-77.0
-69.0
-44.0
-71.0
-130.0
-44.0
3.0
-7.0
-43.0
-40.0
9.0
19.0
28.0
-14.0
54.0
64.0
42.0
87.0
93.0
96.0
71.0
77.0
87.0
90.0
81.0
19.0
-5.0
53.0
16.0
19.0
14.0
-26.0
-32.0
-69.0
-59.0
-85.0
-63.0
-44.0
-67.0
-70.0
-42.0
-13.0
5.0
-28.0
-6.0
27.0
38.0
-10.0
-49.0
-49.0
-81.0
-123.0
-72.0
-99.0
-42.0
-4.0
50.0
42.0
20.0
20.0
53.0
94.0
103.0
88.0
103.0
77.0
124.0
129.0
79.0
80.0
65.0
72.0
56.0
16.0
-2.0
15.0
-44.0
-57.0
-39.0
-42.0
-18.0
-96.0
-116.0
-108.0
-149.0
-136.0
-91.0
-111.0
-138.0
-132.0
-61.0
-55.0
-57.0
-4.0
20.0
15.0
34.0
64.0
60.0
61.0
94.0
40.0
29.0
45.0
27.0
49.0
40.0
47.0
53.0
51.0
46.0
50.0
24.0
0.0
27.0
21.0
1.0
6.0
-17.0
-13.0
-2.0
-29.0
-22.0
-32.0
-63.0
-71.0
-88.0
-56.0
-106.0
-102.0
-55.0
-69.0
-17.0
30.0
-10.0
-2.0
-1.0
-3.0
2.0
-4.0
8.0
22.0
0.0
-8.0
-37.0
-105.0
-157.0
-140.0
-119.0
-116.0
-126.0
-107.0
-80.0
-54.0
8.0
54.0
79.0
77.0
138.0
134.0
165.0
149.0
161.0
139.0
120.0
98.0
76.0
69.0
54.0
56.0
45.0
30.0
-13.0
5.0
-58.0
-43.0
-17.0
-21.0
-54.0
-61.0
-62.0
-66.0
-81.0
-85.0
-55.0
-28.0
-51.0
-32.0
-22.0
-24.0
-42.0
-71.0
-76.0
-126.0
-120.0
-86.0
-71.0
-73.0
-83.0
-88.0
-45.0
-1.0
42.0
65.0
96.0
88.0
138.0
131.0
109.0
109.0
114.0
74.0
60.0
50.0
78.0
47.0
-29.0
-23.0
-1.0
-2.0
-55.0
-17.0
8.0
4.0
3.0
-23.0
-35.0
-44.0
-88.0
-81.0
-74.0
-54.0
-45.0
-86.0
-120.0
-130.0
-93.0
-57.0
-77.0
-70.0
-15.0
18.0
8.0
24.0
-8.0
-31.0
-21.0
35.0
63.0
63.0
66.0
63.0
40.0
58.0
27.0
47.0
30.0
26.0
30.0
30.0
13.0
7.0
19.0
-40.0
-51.0
-72.0
-71.0
-74.0
-52.0
-54.0
15.0
-16.0
-12.0
17.0
-17.0
2.0
18.0
-9.0
-22.0
-29.0
-26.0
15.0
-10.0
12.0
16.0
42.0
23.0
5.0
26.0
19.0
-4.0
12.0
23.0
8.0
-38.0
-37.0
-29.0
-51.0
18.0
14.0
60.0
75.0
52.0
18.0
-29.0
-49.0
-37.0
-30.0
-77.0
-77.0
-115.0
-106.0
-77.0
-84.0
-55.0
-6.0
10.0
70.0
72.0
74.0
74.0
51.0
58.0
32.0
44.0
18.0
93.0
118.0
97.0
87.0
26.0
9.0
20.0
20.0
20.0
27.0
-2.0
-6.0
-10.0
-9.0
-19.0
-13.0
-47.0
-59.0
-80.0
-39.0
-43.0
8.0
-8.0
-8.0
-16.0
-30.0
1.0
-46.0
-22.0
-46.0
-64.0
-59.0
-81.0
-84.0
-81.0
-76.0
-72.0
-45.0
-59.0
-53.0
-30.0
-40.0
-10.0
-6.0
5.0
2.0
-7.0
-40.0
9.0
32.0
28.0
50.0
70.0
75.0
102.0
83.0
66.0
90.0
68.0
72.0
65.0
18.0
39.0
48.0
29.0
17.0
7.0
18.0
-7.0
-6.0
-19.0
-19.0
-57.0
-59.0
-90.0
-69.0
-77.0
-48.0
-47.0
-32.0
-16.0
-11.0
-23.0
-20.0
-4.0
-17.0
32.0
-9.0
-35.0
-53.0
-72.0
-141.0
-131.0
-121.0
-115.0
-99.0
-33.0
-31.0
27.0
49.0
67.0
79.0
108.0
104.0
111.0
129.0
97.0
88.0
73.0
52.0
36.0
2.0
-1.0
-3.0
-13.0
14.0
24.0
52.0
16.0
-2.0
-25.0
-37.0
-52.0
-45.0
-95.0
-131.0
-123.0
-133.0
-86.0
-54.0
-7.0
10.0
25.0
26.0
21.0
60.0
86.0
66.0
24.0
9.0
37.0
46.0
39.0
35.0
-1.0
16.0
15.0
50.0
-17.0
6.0
-3.0
14.0
3.0
-8.0
-3.0
-26.0
-16.0
-9.0
-40.0
-10.0
-57.0
-76.0
-2.0
-1.0
-35.0
0.0
-30.0
-64.0
-136.0
-162.0
-182.0
-150.0
-120.0
-116.0
-75.0
-59.0
-20.0
34.0
24.0
73.0
117.0
98.0
68.0
72.0
56.0
129.0
164.0
139.0
139.0
97.0
48.0
-14.0
-40.0
-39.0
-37.0
-45.0
-60.0
-82.0
-74.0
-37.0
-37.0
-16.0
-14.0
-15.0
2.0
57.0
43.0
52.0
15.0
34.0
59.0
16.0
2.0
0.0
17.0
47.0
45.0
33.0
-25.0
-18.0
-24.0
-46.0
-57.0
-53.0
-65.0
-33.0
-48.0
-53.0
-17.0
-31.0
-15.0
2.0
32.0
34.0
49.0
35.0
-40.0
-80.0
-80.0
-115.0
-124.0
-119.0
-77.0
-76.0
-69.0
-11.0
25.0
34.0
34.0
59.0
45.0
50.0
59.0
62.0
60.0
73.0
81.0
79.0
46.0
55.0
47.0
15.0
4.0
5.0
-6.0
40.0
9.0
22.0
8.0
-57.0
-37.0
-67.0
-77.0
-81.0
-99.0
-110.0
-78.0
-41.0
-70.0
-49.0
-50.0
-4.0
9.0
5.0
-5.0
0.0
-4.0
13.0
56.0
56.0
38.0
34.0
9.0
7.0
55.0
53.0
22.0
-42.0
-37.0
-41.0
-25.0
-33.0
-15.0
-11.0
-1.0
-3.0
5.0
-28.0
25.0
26.0
5.0
-4.0
15.0
21.0
14.0
37.0
11.0
-31.0
-6.0
13.0
42.0
25.0
16.0
13.0
-6.0
-37.0
-44.0
6.0
-18.0
-48.0
-92.0
-77.0
-46.0
-41.0
31.0
-29.0
13.0
-21.0
3.0
-7.0
18.0
-17.0
-2.0
-7.0
-16.0
6.0
55.0
28.0
29.0
43.0
26.0
-33.0
-156.0
-168.0
-255.0
-207.0
-119.0
-61.0
-72.0
-80.0
-112.0
-93.0
-17.0
-14.0
42.0
84.0
212.0
184.0
155.0
197.0
177.0
148.0
145.0
149.0
108.0
74.0
52.0
0.0
-14.0
14.0
30.0
20.0
-27.0
-33.0
-61.0
-46.0
-23.0
-14.0
-39.0
-79.0
-98.0
-78.0
-63.0
-61.0
-29.0
-17.0
-28.0
-39.0
-2.0
-39.0
-69.0
-56.0
-49.0
-51.0
-48.0
-59.0
-7.0
1.0
-5.0
15.0
10.0
12.0
10.0
9.0
26.0
0.0
-27.0
-37.0
-61.0
-34.0
12.0
-1.0
-4.0
-1.0
-15.0
12.0
18.0
21.0
42.0
28.0
39.0
25.0
-21.0
-19.0
-45.0
-110.0
-105.0
-103.0
-83.0
-72.0
-61.0
-23.0
15.0
18.0
60.0
91.0
62.0
108.0
66.0
96.0
50.0
47.0
79.0
71.0
49.0
9.0
20.0
11.0
14.0
15.0
-21.0
-20.0
-32.0
-36.0
-41.0
-39.0
-11.0
-25.0
-35.0
-74.0
-88.0
-86.0
-59.0
-67.0
-64.0
-52.0
-76.0
-40.0
-29.0
2.0
-1.0
-12.0
59.0
62.0
75.0
78.0
87.0
128.0
116.0
76.0
18.0
-50.0
-53.0
-51.0
-57.0
-71.0
-64.0
-89.0
-57.0
-44.0
-2.0
-2.0
17.0
22.0
20.0
26.0
60.0
74.0
101.0
71.0
46.0
28.0
13.0
7.0
9.0
-15.0
-18.0
-44.0
-32.0
-30.0
-16.0
-38.0
-32.0
-32.0
-11.0
-76.0
-95.0
-128.0
-134.0
-95.0
-131.0
-124.0
-68.0
-69.0
-60.0
-4.0
34.0
65.0
82.0
74.0
99.0
122.0
83.0
88.0
72.0
67.0
67.0
67.0
87.0
51.0
20.0
6.0
-20.0
-17.0
-13.0
-22.0
-11.0
-11.0
-44.0
-35.0
-65.0
-65.0
-93.0
-94.0
-144.0
-131.0
-107.0
-108.0
-90.0
-72.0
-5.0
37.0
48.0
50.0
12.0
44.0
16.0
13.0
69.0
37.0
38.0
55.0
30.0
24.0
26.0
13.0
-11.0
-32.0
-54.0
-78.0
-39.0
-32.0
-29.0
-29.0
-3.0
-3.0
13.0
9.0
48.0
56.0
88.0
81.0
62.0
69.0
65.0
40.0
22.0
31.0
-17.0
-4.0
-28.0
-35.0
-43.0
-40.0
-32.0
-49.0
-91.0
-83.0
-84.0
-100.0
-109.0
-82.0
-42.0
-50.0
-28.0
-19.0
66.0
55.0
67.0
41.0
64.0
20.0
56.0
54.0
28.0
41.0
34.0
18.0
16.0
13.0
39.0
34.0
64.0
64.0
47.0
28.0
8.0
10.0
-12.0
-17.0
-53.0
-79.0
-121.0
-124.0
-122.0
-132.0
-90.0
-70.0
-77.0
-39.0
-31.0
-2.0
71.0
71.0
45.0
40.0
-25.0
-75.0
-48.0
-25.0
109.0
157.0
120.0
124.0
88.0
-9.0
-54.0
-37.0
-76.0
-66.0
-9.0
4.0
5.0
4.0
5.0
27.0
10.0
42.0
56.0
54.0
61.0
73.0
88.0
84.0
41.0
12.0
-18.0
-53.0
-103.0
-35.0
-27.0
1.0
28.0
31.0
-4.0
17.0
-22.0
-65.0
-53.0
-70.0
-89.0
-136.0
-82.0
-77.0
-110.0
-24.0
25.0
-8.0
-8.0
3.0
-28.0
30.0
23.0
24.0
17.0
49.0
77.0
72.0
68.0
66.0
86.0
68.0
53.0
52.0
27.0
-3.0
-33.0
-87.0
-51.0
-83.0
-105.0
-46.0
-57.0
-62.0
11.0
18.0
-9.0
13.0
10.0
30.0
26.0
5.0
-15.0
-18.0
-38.0
-50.0
-33.0
-25.0
-22.0
-54.0
2.0
24.0
33.0
33.0
11.0
51.0
-13.0
36.0
40.0
51.0
101.0
46.0
34.0
41.0
12.0
4.0
10.0
-25.0
-31.0
-20.0
-19.0
-13.0
-35.0
-35.0
-22.0
-7.0
-11.0
-9.0
-72.0
-57.0
-90.0
-92.0
-77.0
-73.0
-50.0
-24.0
-18.0
-9.0
25.0
24.0
30.0
47.0
69.0
72.0
39.0
22.0
10.0
24.0
2.0
18.0
19.0
9.0
14.0
13.0
-26.0
4.0
-3.0
-21.0
-20.0
-20.0
-64.0
-67.0
-46.0
-38.0
-15.0
-34.0
-29.0
-4.0
10.0
32.0
39.0
7.0
6.0
0.0
-11.0
-33.0
-44.0
-91.0
-42.0
-83.0
-21.0
-22.0
-18.0
-20.0
16.0
-8.0
29.0
60.0
84.0
56.0
51.0
54.0
75.0
71.0
74.0
60.0
56.0
16.0
32.0
23.0
27.0
2.0
-44.0
-47.0
-102.0
-42.0
-77.0
-68.0
-109.0
-60.0
-82.0
-132.0
-125.0
-125.0
-117.0
-90.0
-42.0
-45.0
12.0
42.0
46.0
64.0
98.0
91.0
59.0
65.0
97.0
72.0
42.0
41.0
54.0
55.0
38.0
44.0
31.0
20.0
7.0
6.0
25.0
-4.0
-33.0
-32.0
-21.0
-24.0
-47.0
-32.0
-53.0
-93.0
-102.0
-86.0
-83.0
-42.0
-23.0
-16.0
-27.0
-3.0
-15.0
5.0
4.0
10.0
54.0
75.0
61.0
63.0
30.0
11.0
-18.0
-92.0
-99.0
-86.0
-65.0
-20.0
-9.0
-12.0
-18.0
24.0
37.0
58.0
39.0
70.0
82.0
87.0
76.0
75.0
3.0
-1.0
19.0
30.0
-6.0
22.0
36.0
-2.0
-14.0
-15.0
-12.0
-11.0
-12.0
-5.0
-7.0
0.0
1.0
-30.0
-11.0
-13.0
-25.0
-41.0
-44.0
-54.0
-103.0
-75.0
-23.0
8.0
7.0
3.0
1.0
2.0
4.0
-20.0
4.0
-29.0
-17.0
-15.0
-16.0
-27.0
-32.0
2.0
12.0
13.0
51.0
25.0
8.0
-50.0
-85.0
-84.0
-52.0
-33.0
-18.0
-22.0
15.0
67.0
78.0
34.0
16.0
21.0
77.0
94.0
101.0
76.0
78.0
48.0
78.0
60.0
-5.0
-4.0
-23.0
-30.0
-34.0
-62.0
-62.0
-62.0
-81.0
-75.0
-51.0
-56.0
-83.0
-39.0
-24.0
-54.0
-73.0
-24.0
32.0
50.0
25.0
15.0
23.0
-3.0
30.0
28.0
48.0
38.0
55.0
11.0
17.0
13.0
18.0
-24.0
-78.0
-43.0
-21.0
-7.0
-47.0
-45.0
-49.0
-50.0
-17.0
15.0
-17.0
12.0
7.0
-11.0
3.0
-7.0
12.0
5.0
-35.0
-32.0
4.0
-18.0
-25.0
-31.0
-17.0
-19.0
-54.0
-52.0
-26.0
0.0
15.0
26.0
14.0
-24.0
-40.0
-35.0
-50.0
-53.0
-69.0
-114.0
-83.0
-58.0
-107.0
-56.0
-23.0
32.0
54.0
61.0
66.0
102.0
127.0
123.0
139.0
133.0
135.0
123.0
85.0
88.0
75.0
41.0
52.0
32.0
-25.0
-43.0
-29.0
-1.0
5.0
9.0
-14.0
-33.0
-50.0
-69.0
-87.0
-122.0
-95.0
-86.0
-104.0
-108.0
-59.0
-35.0
8.0
9.0
0.0
-13.0
1.0
-19.0
6.0
2.0
9.0
-18.0
-37.0
-56.0
-75.0
-47.0
-39.0
16.0
15.0
20.0
13.0
48.0
46.0
44.0
32.0
79.0
76.0
58.0
45.0
47.0
79.0
25.0
35.0
18.0
-20.0
-26.0
-18.0
-52.0
-25.0
-25.0
-35.0
-19.0
-16.0
-10.0
27.0
-4.0
-35.0
-45.0
-67.0
-59.0
-36.0
-24.0
-2.0
-41.0
-77.0
-99.0
-85.0
-68.0
-18.0
-22.0
31.0
26.0
30.0
19.0
50.0
69.0
62.0
86.0
91.0
93.0
99.0
58.0
23.0
23.0
36.0
35.0
10.0
-14.0
-40.0
-38.0
-7.0
-28.0
-31.0
-20.0
-70.0
-45.0
27.0
11.0
-14.0
-12.0
-6.0
-25.0
-80.0
-70.0
-23.0
-12.0
-69.0
-30.0
-34.0
-42.0
-81.0
-92.0
-103.0
-129.0
-108.0
-92.0
-24.0
18.0
61.0
58.0
94.0
95.0
73.0
110.0
125.0
81.0
85.0
86.0
34.0
33.0
16.0
-12.0
-19.0
-14.0
-31.0
-32.0
-23.0
-7.0
-6.0
-9.0
-27.0
15.0
23.0
-22.0
-29.0
42.0
49.0
13.0
-26.0
-25.0
-42.0
-90.0
-121.0
-138.0
-124.0
-97.0
-108.0
-5.0
9.0
8.0
48.0
45.0
55.0
28.0
12.0
70.0
69.0
92.0
105.0
103.0
87.0
49.0
35.0
12.0
43.0
16.0
-11.0
-36.0
-48.0
-54.0
-15.0
-46.0
-55.0
-58.0
-73.0
-114.0
-114.0
-155.0
-117.0
-118.0
-114.0
-59.0
-33.0
-37.0
61.0
79.0
48.0
74.0
74.0
66.0
77.0
103.0
69.0
78.0
97.0
68.0
52.0
1.0
13.0
10.0
-44.0
-67.0
-115.0
-149.0
-125.0
-92.0
-77.0
-44.0
-19.0
-20.0
63.0
67.0
53.0
0.0
-24.0
8.0
70.0
96.0
72.0
71.0
67.0
79.0
65.0
35.0
16.0
-29.0
-29.0
-22.0
-40.0
-52.0
-52.0
-42.0
-82.0
-103.0
-152.0
-179.0
-148.0
-103.0
-52.0
-50.0
-63.0
-11.0
75.0
47.0
45.0
87.0
96.0
80.0
94.0
91.0
66.0
85.0
47.0
49.0
45.0
12.0
32.0
57.0
61.0
53.0
59.0
13.0
-38.0
-77.0
-66.0
-8.0
-14.0
-78.0
-66.0
-68.0
-74.0
-58.0
-15.0
-2.0
-46.0
-70.0
-48.0
-20.0
12.0
9.0
10.0
-32.0
-88.0
-130.0
-30.0
-1.0
0.0
-7.0
-13.0
-17.0
11.0
-7.0
29.0
-2.0
-38.0
-110.0
-68.0
-91.0
2.0
4.0
35.0
4.0
21.0
0.0
42.0
39.0
8.0
15.0
-20.0
-18.0
30.0
42.0
38.0
53.0
70.0
24.0
-9.0
9.0
19.0
18.0
11.0
-15.0
-6.0
-15.0
-18.0
-17.0
-12.0
-13.0
-13.0
-5.0
-15.0
-30.0
-4.0
15.0
-24.0
-37.0
-47.0
-77.0
-26.0
-31.0
-50.0
-22.0
13.0
-24.0
-40.0
-154.0
-120.0
-88.0
-29.0
-23.0
30.0
-9.0
-4.0
2.0
23.0
81.0
85.0
93.0
123.0
124.0
117.0
94.0
72.0
-7.0
-33.0
-46.0
-26.0
29.0
39.0
36.0
62.0
18.0
17.0
-6.0
15.0
26.0
8.0
-12.0
-7.0
-9.0
-67.0
-46.0
-11.0
11.0
-3.0
-21.0
5.0
-38.0
0.0
1.0
-45.0
-27.0
-10.0
-37.0
-86.0
-100.0
-69.0
-94.0
-85.0
-90.0
-63.0
-48.0
-19.0
8.0
-4.0
59.0
75.0
71.0
32.0
40.0
38.0
28.0
9.0
16.0
-4.0
-6.0
-6.0
-5.0
19.0
19.0
30.0
51.0
13.0
36.0
74.0
82.0
84.0
70.0
56.0
57.0
35.0
59.0
13.0
5.0
-42.0
-17.0
-8.0
-10.0
-26.0
-35.0
-71.0
-23.0
-12.0
-23.0
-36.0
-36.0
-11.0
-76.0
-18.0
-25.0
30.0
40.0
24.0
-8.0
-65.0
-160.0
-214.0
-235.0
-194.0
-195.0
-125.0
-30.0
-29.0
-35.0
0.0
2.0
20.0
50.0
83.0
82.0
108.0
119.0
120.0
147.0
116.0
106.0
70.0
40.0
78.0
81.0
39.0
45.0
31.0
17.0
-4.0
-35.0
-28.0
-51.0
-25.0
-30.0
-12.0
-10.0
-30.0
-63.0
-74.0
-59.0
-57.0
-84.0
-88.0
-89.0
-74.0
-164.0
-139.0
-166.0
-158.0
-126.0
-118.0
-17.0
45.0
48.0
68.0
96.0
95.0
82.0
47.0
56.0
78.0
86.0
97.0
93.0
74.0
53.0
69.0
92.0
50.0
79.0
45.0
17.0
-19.0
-26.0
-72.0
-5.0
-46.0
-39.0
-11.0
-53.0
-313.0
-313.0
-313.0
-313.0
-206.0
-102.0
-78.0
-166.0
313.0
313.0
313.0
313.0
313.0
313.0
313.0
313.0
313.0
313.0
313.0
113.0
-311.0
-313.0
-313.0
-313.0
-313.0
-313.0
-313.0
-313.0
-313.0
-313.0
-313.0
-313.0
-313.0
-313.0
313.0
313.0
313.0
313.0
313.0
313.0
313.0
-122.0
-313.0
-313.0
-313.0
-313.0
-313.0
-313.0
-313.0
-313.0
-313.0
-313.0
-308.0
-295.0
-232.0
-209.0
-124.0
-169.0
-187.0
-198.0
-192.0
-177.0
-174.0
-166.0
-175.0
-121.0
-114.0
-47.0
-3.0
37.0
43.0
58.0
42.0
40.0
66.0
67.0
86.0
66.0
119.0
72.0
76.0
51.0
68.0
79.0
45.0
72.0
56.0
69.0
46.0
48.0
27.0
31.0
-10.0
-16.0
-34.0
-73.0
-70.0
-43.0
-10.0
24.0
53.0
62.0
67.0
75.0
68.0
31.0
61.0
96.0
96.0
88.0
70.0
66.0
59.0
63.0
42.0
33.0
39.0
26.0
20.0
12.0
27.0
21.0
22.0
22.0
44.0
-13.0
-36.0
-26.0
-43.0
-38.0
-11.0
13.0
-24.0
-22.0
-87.0
-98.0
-118.0
-121.0
-58.0
-14.0
7.0
11.0
74.0
77.0
87.0
85.0
115.0
134.0
118.0
71.0
76.0
90.0
86.0
88.0
61.0
49.0
64.0
35.0
31.0
33.0
7.0
7.0
-43.0
-41.0
-11.0
14.0
28.0
22.0
-32.0
-57.0
-106.0
-153.0
-188.0
-190.0
-186.0
-173.0
-143.0
-83.0
32.0
74.0
87.0
133.0
145.0
139.0
153.0
175.0
198.0
210.0
199.0
150.0
111.0
112.0
48.0
53.0
46.0
20.0
19.0
-2.0
-19.0
-59.0
-95.0
-89.0
-103.0
-104.0
-125.0
-118.0
-63.0
-53.0
-74.0
-117.0
-153.0
-147.0
-145.0
-154.0
-151.0
-118.0
-60.0
-45.0
-16.0
44.0
61.0
23.0
82.0
84.0
109.0
124.0
130.0
90.0
79.0
21.0
33.0
20.0
9.0
18.0
42.0
11.0
9.0
42.0
53.0
-19.0
-27.0
10.0
57.0
55.0
42.0
31.0
27.0
-25.0
-52.0
-69.0
-52.0
-85.0
-86.0
-77.0
-48.0
11.0
-7.0
-6.0
-4.0
-12.0
-8.0
-25.0
-49.0
-50.0
-80.0
-87.0
-123.0
-158.0
-119.0
-128.0
-104.0
-64.0
-25.0
-13.0
31.0
61.0
98.0
132.0
165.0
171.0
173.0
154.0
148.0
152.0
144.0
144.0
73.0
11.0
40.0
-31.0
-58.0
-115.0
-145.0
-142.0
-92.0
-110.0
-34.0
-13.0
-11.0
39.0
98.0
111.0
106.0
107.0
124.0
148.0
95.0
71.0
46.0
41.0
8.0
17.0
32.0
24.0
-10.0
-31.0
-45.0
-40.0
-75.0
-61.0
-64.0
-79.0
-77.0
-76.0
-70.0
-63.0
-79.0
-134.0
-173.0
-127.0
-142.0
-107.0
-108.0
-101.0
-85.0
-38.0
-39.0
-9.0
-30.0
-9.0
-18.0
-39.0
-17.0
-13.0
-11.0
0.0
7.0
-5.0
39.0
81.0
96.0
125.0
101.0
95.0
86.0
58.0
54.0
59.0
49.0
13.0
32.0
37.0
-3.0
1.0
-20.0
6.0
-2.0
-32.0
-20.0
-21.0
-37.0
-36.0
-51.0
-61.0
-19.0
-62.0
-61.0
-63.0
-31.0
-30.0
-67.0
-38.0
-65.0
-74.0
-117.0
-135.0
-129.0
-117.0
-107.0
-22.0
-16.0
-25.0
36.0
44.0
37.0
30.0
75.0
124.0
196.0
164.0
166.0
126.0
129.0
124.0
133.0
51.0
94.0
87.0
22.0
4.0
-43.0
-23.0
-9.0
-11.0
-5.0
-7.0
-65.0
-55.0
-39.0
-15.0
-20.0
-37.0
-46.0
-42.0
-7.0
-19.0
-21.0
-42.0
-110.0
-190.0
-243.0
-207.0
-166.0
-169.0
-117.0
-69.0
-12.0
30.0
94.0
105.0
156.0
138.0
169.0
167.0
212.0
218.0
214.0
186.0
173.0
171.0
102.0
100.0
81.0
75.0
11.0
12.0
9.0
-24.0
-37.0
-49.0
-72.0
-81.0
-81.0
-76.0
-85.0
-87.0
-120.0
-126.0
-146.0
-62.0
-43.0
-55.0
-61.0
-61.0
-51.0
-32.0
-37.0
-17.0
-32.0
-34.0
-42.0
-29.0
-35.0
-27.0
-34.0
-50.0
-41.0
-32.0
-37.0
-52.0
-123.0
-120.0
-115.0
-112.0
-93.0
-52.0
-94.0
-76.0
-38.0
4.0
58.0
64.0
91.0
93.0
149.0
142.0
123.0
101.0
123.0
86.0
9.0
-34.0
-7.0
-5.0
74.0
81.0
72.0
11.0
45.0
31.0
37.0
31.0
12.0
16.0
0.0
11.0
-8.0
-29.0
-37.0
-75.0
-52.0
-32.0
-67.0
-64.0
-68.0
-149.0
-143.0
-103.0
-131.0
-93.0
-59.0
-44.0
-8.0
-3.0
-45.0
-16.0
37.0
74.0
105.0
124.0
124.0
102.0
81.0
76.0
87.0
90.0
66.0
66.0
43.0
7.0
-9.0
8.0
7.0
-1.0
-13.0
-14.0
-36.0
-63.0
-80.0
-124.0
-176.0
-208.0
-187.0
-182.0
-151.0
-62.0
-1.0
27.0
40.0
67.0
78.0
102.0
146.0
148.0
155.0
146.0
136.0
120.0
90.0
82.0
55.0
41.0
-2.0
4.0
26.0
-5.0
-40.0
-17.0
-34.0
-12.0
-40.0
-52.0
-35.0
-38.0
-55.0
-37.0
-35.0
-43.0
-37.0
-41.0
-61.0
-53.0
-113.0
-112.0
-114.0
-159.0
-192.0
-208.0
-201.0
-142.0
-85.0
-39.0
-6.0
-7.0
32.0
55.0
94.0
129.0
132.0
168.0
158.0
115.0
114.0
110.0
81.0
47.0
18.0
-34.0
-21.0
-35.0
-19.0
-15.0
-37.0
-39.0
-11.0
-6.0
11.0
9.0
24.0
36.0
8.0
45.0
68.0
75.0
54.0
41.0
40.0
-14.0
-28.0
-13.0
-19.0
-39.0
-92.0
-98.0
-85.0
-79.0
-54.0
-70.0
-67.0
-82.0
-73.0
-69.0
-59.0
-55.0
-38.0
-11.0
14.0
15.0
-3.0
17.0
-2.0
-12.0
-24.0
-17.0
-53.0
-5.0
12.0
39.0
70.0
57.0
51.0
52.0
27.0
28.0
50.0
84.0
14.0
39.0
2.0
-62.0
-120.0
-147.0
-162.0
-165.0
-119.0
-133.0
-100.0
-35.0
68.0
127.0
150.0
135.0
133.0
138.0
127.0
121.0
161.0
172.0
133.0
76.0
22.0
24.0
-1.0
4.0
20.0
-15.0
-7.0
-12.0
-40.0
-55.0
-68.0
-54.0
-88.0
-87.0
-123.0
-132.0
-158.0
-179.0
-173.0
-148.0
-113.0
-72.0
-50.0
-56.0
-21.0
12.0
-6.0
11.0
139.0
130.0
129.0
107.0
123.0
126.0
121.0
86.0
-11.0
-46.0
-35.0
11.0
24.0
9.0
-12.0
-15.0
-17.0
-14.0
-28.0
-39.0
-62.0
-37.0
-44.0
-45.0
-15.0
-18.0
-7.0
-18.0
-20.0
-5.0
-27.0
-10.0
-37.0
-27.0
-14.0
-8.0
-15.0
-44.0
-25.0
-22.0
-6.0
21.0
-12.0
-7.0
0.0
-1.0
5.0
1.0
-18.0
-41.0
-19.0
-8.0
-50.0
-15.0
-10.0
-22.0
9.0
-16.0
16.0
35.0
44.0
65.0
16.0
13.0
17.0
-3.0
-3.0
22.0
21.0
0.0
2.0
21.0
27.0
26.0
-3.0
-4.0
1.0
6.0
2.0
1.0
18.0
-9.0
-17.0
-10.0
-1.0
4.0
-7.0
-6.0
-8.0
-8.0
-15.0
-14.0
-22.0
-26.0
-3.0
0.0
-6.0
7.0
1.0
4.0
-27.0
-14.0
-39.0
-47.0
-58.0
-56.0
-29.0
-42.0
-22.0
0.0
4.0
29.0
42.0
51.0
22.0
27.0
46.0
38.0
18.0
-7.0
1.0
-16.0
11.0
7.0
8.0
5.0
5.0
-12.0
-6.0
20.0
26.0
13.0
14.0
-14.0
-46.0
-59.0
-88.0
-93.0
-147.0
-138.0
-164.0
-133.0
-104.0
-47.0
-30.0
-34.0
-27.0
46.0
105.0
143.0
133.0
171.0
160.0
159.0
106.0
113.0
92.0
88.0
54.0
-5.0
-35.0
-38.0
-32.0
-24.0
0.0
-5.0
-6.0
16.0
2.0
60.0
30.0
23.0
42.0
14.0
-21.0
-26.0
-22.0
-22.0
-11.0
-19.0
-44.0
-40.0
-29.0
13.0
26.0
37.0
-11.0
-12.0
29.0
52.0
19.0
19.0
-9.0
-20.0
32.0
27.0
1.0
-22.0
-13.0
-60.0
-80.0
-117.0
-155.0
-145.0
-141.0
-137.0
-115.0
-118.0
-59.0
-23.0
18.0
46.0
38.0
61.0
66.0
64.0
53.0
52.0
41.0
16.0
30.0
33.0
49.0
48.0
18.0
23.0
-43.0
-70.0
-94.0
-90.0
-86.0
-92.0
-72.0
-67.0
-49.0
-53.0
-41.0
53.0
63.0
58.0
48.0
17.0
27.0
25.0
7.0
7.0
21.0
12.0
0.0
-20.0
-66.0
-87.0
-76.0
-78.0
-87.0
-90.0
-57.0
-52.0
-22.0
-36.0
-10.0
21.0
-3.0
-24.0
15.0
26.0
33.0
34.0
35.0
67.0
97.0
71.0
47.0
43.0
21.0
17.0
37.0
11.0
39.0
39.0
21.0
5.0
-34.0
-52.0
-64.0
-66.0
-72.0
-37.0
2.0
-7.0
-4.0
13.0
9.0
1.0
11.0
1.0
-16.0
-56.0
-63.0
-41.0
-37.0
-52.0
-3.0
43.0
17.0
15.0
13.0
5.0
39.0
32.0
36.0
43.0
51.0
29.0
-15.0
-23.0
16.0
40.0
27.0
-9.0
6.0
30.0
42.0
25.0
17.0
9.0
-26.0
14.0
-4.0
-12.0
-45.0
-41.0
-46.0
-46.0
-30.0
-23.0
-44.0
-17.0
-26.0
-8.0
-16.0
-29.0
-35.0
-11.0
-32.0
-28.0
-24.0
-4.0
1.0
-15.0
-23.0
-76.0
-125.0
-155.0
-149.0
-150.0
-116.0
-73.0
-52.0
-7.0
1.0
76.0
98.0
115.0
118.0
120.0
127.0
115.0
122.0
105.0
104.0
90.0
80.0
62.0
8.0
2.0
42.0
22.0
48.0
35.0
-18.0
-25.0
-28.0
-68.0
-48.0
-45.0
-22.0
-24.0
9.0
-29.0
-40.0
-38.0
-44.0
-11.0
-51.0
-47.0
-100.0
-103.0
-94.0
-69.0
-46.0
5.0
-7.0
-27.0
-26.0
-27.0
-16.0
11.0
3.0
-6.0
-1.0
-14.0
33.0
-1.0
29.0
29.0
29.0
17.0
-21.0
-68.0
-129.0
-190.0
-168.0
-146.0
-113.0
-108.0
-60.0
9.0
65.0
76.0
86.0
77.0
116.0
140.0
167.0
162.0
151.0
126.0
132.0
116.0
119.0
73.0
46.0
25.0
26.0
16.0
-6.0
-59.0
-103.0
-122.0
-124.0
-124.0
-78.0
-70.0
-33.0
-42.0
-30.0
-36.0
-54.0
12.0
30.0
53.0
43.0
21.0
37.0
39.0
74.0
54.0
85.0
64.0
47.0
-28.0
-46.0
-102.0
-40.0
-43.0
-59.0
-60.0
-35.0
-59.0
12.0
-31.0
-29.0
-13.0
-18.0
-17.0
-2.0
-9.0
-42.0
-41.0
-18.0
-24.0
-35.0
-18.0
-45.0
-43.0
-7.0
7.0
-11.0
-20.0
-2.0
-25.0
-11.0
-20.0
-18.0
-15.0
9.0
7.0
-27.0
-23.0
-25.0
-23.0
-28.0
3.0
8.0
8.0
-10.0
11.0
-2.0
-46.0
-90.0
-122.0
-146.0
-124.0
-94.0
-98.0
-29.0
-5.0
29.0
52.0
54.0
69.0
92.0
63.0
102.0
105.0
99.0
94.0
67.0
41.0
35.0
52.0
48.0
27.0
35.0
26.0
26.0
15.0
-3.0
20.0
-46.0
-33.0
5.0
-1.0
-3.0
-2.0
-26.0
-33.0
-5.0
-26.0
-9.0
24.0
49.0
48.0
10.0
17.0
13.0
-12.0
-6.0
9.0
-5.0
-21.0
-24.0
-35.0
-11.0
-12.0
-13.0
-30.0
-57.0
-105.0
-111.0
-126.0
-113.0
-112.0
-96.0
-100.0
-29.0
33.0
65.0
87.0
96.0
92.0
95.0
85.0
43.0
44.0
67.0
74.0
113.0
41.0
11.0
-8.0
-34.0
-11.0
6.0
7.0
-2.0
10.0
19.0
-2.0
-7.0
-41.0
-42.0
-11.0
-5.0
-2.0
-44.0
-103.0
-102.0
-124.0
-101.0
-85.0
-62.0
8.0
36.0
30.0
20.0
45.0
44.0
31.0
45.0
49.0
66.0
24.0
61.0
59.0
64.0
30.0
27.0
-35.0
-31.0
-78.0
-93.0
-88.0
-100.0
-92.0
-80.0
-38.0
-30.0
13.0
16.0
11.0
35.0
33.0
49.0
45.0
46.0
3.0
12.0
15.0
10.0
3.0
16.0
40.0
16.0
12.0
6.0
1.0
-18.0
-4.0
-40.0
-40.0
-29.0
-28.0
-54.0
-64.0
-109.0
-112.0
-114.0
-52.0
-7.0
-43.0
-46.0
-63.0
-52.0
-65.0
-38.0
-29.0
-6.0
24.0
-7.0
33.0
38.0
25.0
3.0
-2.0
-6.0
7.0
21.0
-9.0
4.0
12.0
-1.0
-22.0
-58.0
-61.0
-76.0
-109.0
-102.0
-39.0
-16.0
16.0
25.0
35.0
77.0
77.0
67.0
74.0
71.0
73.0
89.0
84.0
85.0
52.0
67.0
61.0
25.0
22.0
13.0
10.0
2.0
-7.0
-31.0
-12.0
-42.0
-45.0
-51.0
-37.0
-19.0
-23.0
-39.0
-47.0
-38.0
-37.0
-9.0
-9.0
-29.0
-12.0
4.0
0.0
-7.0
-18.0
-12.0
7.0
-14.0
-16.0
10.0
-30.0
-28.0
14.0
0.0
10.0
-10.0
33.0
9.0
6.0
6.0
30.0
17.0
15.0
3.0
-1.0
27.0
-13.0
-32.0
-29.0
-68.0
-107.0
-120.0
-119.0
-135.0
-116.0
-94.0
-49.0
-30.0
-22.0
5.0
41.0
105.0
120.0
132.0
166.0
166.0
120.0
131.0
136.0
132.0
95.0
83.0
43.0
92.0
58.0
58.0
4.0
-39.0
-42.0
-27.0
6.0
0.0
-41.0
-48.0
-26.0
-82.0
-69.0
-138.0
-139.0
-138.0
-145.0
-117.0
-67.0
-55.0
-23.0
-16.0
-26.0
8.0
16.0
19.0
33.0
42.0
44.0
38.0
45.0
33.0
18.0
34.0
40.0
6.0
-4.0
-26.0
-30.0
8.0
11.0
-5.0
-17.0
-18.0
-21.0
-48.0
-85.0
-61.0
-56.0
-54.0
-96.0
-52.0
-17.0
-6.0
-10.0
9.0
41.0
66.0
63.0
101.0
84.0
46.0
37.0
6.0
8.0
17.0
-17.0
-33.0
-80.0
-101.0
-103.0
-58.0
-32.0
-22.0
-17.0
31.0
37.0
55.0
81.0
51.0
54.0
53.0
39.0
15.0
12.0
-2.0
-10.0
-8.0
-9.0
12.0
-5.0
-37.0
-42.0
-1.0
4.0
-19.0
26.0
4.0
-32.0
-27.0
-17.0
-19.0
-68.0
-77.0
-68.0
-42.0
-77.0
-101.0
-81.0
-59.0
-89.0
-81.0
-24.0
-11.0
2.0
14.0
17.0
40.0
2.0
-33.0
2.0
16.0
22.0
69.0
66.0
36.0
39.0
12.0
-8.0
28.0
10.0
6.0
18.0
-7.0
-4.0
8.0
13.0
7.0
19.0
-17.0
-14.0
-32.0
-37.0
-48.0
-48.0
-40.0
-15.0
4.0
-30.0
-81.0
-99.0
-131.0
-49.0
-53.0
-49.0
-27.0
-14.0
0.0
-5.0
29.0
31.0
65.0
96.0
102.0
108.0
109.0
88.0
105.0
87.0
80.0
87.0
84.0
5.0
-47.0
-33.0
-21.0
-54.0
-44.0
-53.0
-25.0
-12.0
-13.0
-11.0
-10.0
-4.0
9.0
16.0
-25.0
-20.0
-13.0
-76.0
-55.0
-40.0
-31.0
-34.0
11.0
32.0
12.0
-16.0
6.0
-8.0
-21.0
-49.0
-58.0
-54.0
-22.0
-9.0
-31.0
-21.0
-88.0
-109.0
-87.0
-104.0
-73.0
-66.0
-24.0
-44.0
-16.0
5.0
13.0
26.0
51.0
86.0
92.0
87.0
99.0
104.0
98.0
85.0
47.0
67.0
35.0
35.0
11.0
7.0
1.0
-9.0
20.0
5.0
-17.0
-26.0
-44.0
-59.0
-20.0
-13.0
-24.0
-26.0
-21.0
-34.0
-44.0
-23.0
-45.0
-29.0
-52.0
-43.0
-54.0
-75.0
-31.0
-35.0
-53.0
-7.0
-30.0
-25.0
-1.0
-7.0
1.0
-28.0
-17.0
-77.0
-74.0
-79.0
-61.0
-18.0
-15.0
-22.0
-14.0
23.0
72.0
47.0
76.0
70.0
65.0
46.0
39.0
36.0
54.0
49.0
53.0
46.0
57.0
41.0
37.0
40.0
4.0
10.0
-14.0
-10.0
-30.0
-69.0
-55.0
-55.0
-73.0
-86.0
-34.0
-39.0
-2.0
23.0
18.0
31.0
51.0
9.0
-11.0
26.0
-14.0
-12.0
0.0
8.0
30.0
10.0
10.0
72.0
22.0
13.0
6.0
1.0
1.0
-19.0
-38.0
-77.0
-29.0
-11.0
-20.0
-26.0
11.0
20.0
7.0
-7.0
-45.0
-56.0
-50.0
-65.0
-54.0
-29.0
-9.0
-11.0
-14.0
-19.0
0.0
-20.0
-19.0
-12.0
-2.0
-15.0
-4.0
4.0
-11.0
-42.0
-70.0
-78.0
-95.0
-102.0
-90.0
-68.0
-26.0
-25.0
-40.0
4.0
46.0
59.0
154.0
139.0
151.0
158.0
139.0
135.0
96.0
88.0
62.0
39.0
52.0
-7.0
24.0
-7.0
-53.0
-57.0
-87.0
-113.0
-155.0
-119.0
-111.0
-82.0
-42.0
-4.0
4.0
2.0
21.0
53.0
5.0
2.0
30.0
-10.0
-31.0
-20.0
-30.0
-30.0
-62.0
-36.0
-17.0
-7.0
5.0
14.0
50.0
22.0
22.0
25.0
9.0
31.0
16.0
31.0
-2.0
4.0
-11.0
-4.0
-5.0
2.0
-18.0
-36.0
-39.0
6.0
-21.0
-15.0
-14.0
-46.0
-45.0
-49.0
-91.0
-70.0
-42.0
-9.0
-19.0
-15.0
3.0
12.0
22.0
13.0
14.0
26.0
31.0
13.0
17.0
16.0
10.0
-4.0
-13.0
-14.0
-2.0
-3.0
-28.0
-34.0
-2.0
-39.0
-36.0
-17.0
-1.0
-1.0
-4.0
-46.0
-53.0
-66.0
-110.0
-125.0
-118.0
-59.0
-81.0
-80.0
-22.0
29.0
53.0
84.0
73.0
65.0
141.0
178.0
161.0
156.0
161.0
133.0
91.0
59.0
68.0
78.0
60.0
28.0
7.0
-1.0
-5.0
-1.0
-37.0
-51.0
-78.0
-86.0
-105.0
-81.0
-74.0
-70.0
-64.0
-63.0
-26.0
-3.0
-16.0
3.0
-3.0
11.0
15.0
19.0
21.0
0.0
-36.0
-26.0
-40.0
-57.0
-117.0
-88.0
-67.0
-62.0
-72.0
-37.0
-31.0
-2.0
-23.0
5.0
12.0
22.0
50.0
40.0
36.0
-9.0
-34.0
-76.0
-119.0
-85.0
-82.0
-62.0
12.0
17.0
50.0
71.0
106.0
102.0
96.0
98.0
88.0
95.0
44.0
41.0
-4.0
11.0
13.0
15.0
3.0
7.0
-7.0
5.0
-32.0
-32.0
-22.0
-31.0
-26.0
-48.0
-53.0
-38.0
-52.0
-38.0
-42.0
-38.0
-63.0
-51.0
-42.0
-47.0
-24.0
-26.0
-44.0
-46.0
-57.0
-59.0
-35.0
-50.0
-12.0
-7.0
-15.0
-19.0
-3.0
30.0
59.0
62.0
72.0
45.0
-8.0
15.0
32.0
15.0
41.0
16.0
8.0
9.0
6.0
14.0
23.0
7.0
-18.0
-60.0
-94.0
-128.0
-144.0
-144.0
-115.0
-60.0
2.0
-20.0
52.0
105.0
132.0
180.0
203.0
194.0
206.0
189.0
178.0
160.0
149.0
127.0
78.0
48.0
29.0
34.0
-15.0
-7.0
-52.0
-103.0
-46.0
-68.0
-55.0
-99.0
-99.0
-91.0
-101.0
-116.0
-115.0
-121.0
-123.0
-153.0
-133.0
-104.0
-80.0
-77.0
-54.0
-38.0
2.0
49.0
28.0
34.0
56.0
84.0
56.0
54.0
35.0
16.0
39.0
16.0
-9.0
-17.0
-38.0
-36.0
-28.0
-29.0
-54.0
-28.0
-12.0
-40.0
-51.0
-31.0
-26.0
-52.0
-48.0
-50.0
-20.0
-4.0
-8.0
0.0
3.0
-4.0
-3.0
-46.0
-114.0
-114.0
-77.0
-84.0
-75.0
-59.0
-14.0
-7.0
-1.0
84.0
75.0
76.0
84.0
79.0
76.0
53.0
15.0
74.0
103.0
47.0
21.0
27.0
38.0
31.0
4.0
-10.0
-17.0
9.0
5.0
19.0
-1.0
-7.0
-37.0
-33.0
0.0
-42.0
-18.0
7.0
-27.0
-47.0
-64.0
-74.0
-52.0
-54.0
-22.0
-32.0
-56.0
-21.0
-47.0
56.0
50.0
57.0
52.0
49.0
-5.0
-5.0
-26.0
12.0
67.0
45.0
28.0
25.0
57.0
48.0
15.0
-12.0
15.0
-9.0
-4.0
11.0
-24.0
-24.0
2.0
-18.0
-1.0
4.0
-9.0
11.0
-21.0
-40.0
-75.0
-74.0
-48.0
-44.0
-38.0
-15.0
3.0
-2.0
-18.0
25.0
15.0
13.0
6.0
-17.0
-40.0
-34.0
-8.0
-25.0
-1.0
2.0
-24.0
-28.0
-1.0
-44.0
-74.0
-106.0
-159.0
-156.0
-162.0
-146.0
-67.0
-74.0
2.0
56.0
78.0
113.0
172.0
171.0
189.0
180.0
187.0
191.0
151.0
136.0
132.0
106.0
83.0
83.0
57.0
36.0
10.0
10.0
-9.0
1.0
-41.0
-52.0
-40.0
-81.0
-104.0
-86.0
-79.0
-75.0
-66.0
-51.0
-57.0
-78.0
-44.0
-46.0
-32.0
-38.0
-21.0
-25.0
-40.0
-72.0
-42.0
-66.0
-35.0
-32.0
-33.0
-4.0
-7.0
-11.0
-8.0
-14.0
7.0
10.0
-44.0
-97.0
-80.0
-87.0
17.0
19.0
30.0
42.0
22.0
23.0
17.0
-3.0
4.0
-5.0
-2.0
-6.0
5.0
-2.0
-37.0
-14.0
0.0
-14.0
-7.0
0.0
3.0
-5.0
-15.0
-50.0
-37.0
-22.0
-28.0
-4.0
-2.0
0.0
-11.0
-19.0
-4.0
-11.0
12.0
34.0
21.0
4.0
11.0
35.0
54.0
60.0
20.0
41.0
37.0
6.0
-22.0
-37.0
-39.0
-38.0
-55.0
-53.0
-17.0
-9.0
9.0
15.0
0.0
-3.0
-10.0
-39.0
-1.0
-9.0
9.0
-14.0
19.0
-3.0
-35.0
-34.0
13.0
29.0
0.0
8.0
23.0
45.0
32.0
37.0
31.0
27.0
9.0
-14.0
-14.0
-8.0
3.0
-15.0
-11.0
-12.0
11.0
-10.0
2.0
-3.0
-25.0
-23.0
-37.0
-79.0
-81.0
-61.0
-44.0
-37.0
-67.0
-23.0
-67.0
-70.0
-89.0
-54.0
-63.0
-16.0
4.0
4.0
9.0
23.0
23.0
26.0
80.0
93.0
84.0
85.0
48.0
68.0
33.0
47.0
-25.0
-33.0
9.0
18.0
53.0
54.0
54.0
62.0
47.0
31.0
-18.0
-16.0
-59.0
-71.0
-74.0
-110.0
-88.0
-85.0
-87.0
-43.0
-34.0
-34.0
37.0
22.0
37.0
58.0
53.0
60.0
49.0
38.0
52.0
44.0
28.0
22.0
8.0
1.0
-8.0
18.0
5.0
33.0
0.0
2.0
2.0
-2.0
-63.0
-96.0
-67.0
-102.0
-81.0
-73.0
-74.0
-80.0
-57.0
17.0
-26.0
-14.0
4.0
-1.0
21.0
48.0
33.0
40.0
52.0
28.0
20.0
45.0
53.0
44.0
59.0
64.0
54.0
42.0
-6.0
-36.0
-81.0
-88.0
-123.0
-209.0
-133.0
2.0
14.0
19.0
74.0
17.0
-23.0
-57.0
-19.0
93.0
68.0
48.0
-9.0
-5.0
12.0
13.0
-26.0
0.0
-50.0
-48.0
-56.0
-57.0
-68.0
-59.0
-11.0
32.0
66.0
65.0
68.0
44.0
12.0
17.0
-5.0
-8.0
22.0
0.0
-3.0
1.0
55.0
30.0
28.0
-2.0
-5.0
-8.0
-20.0
-39.0
-59.0
-89.0
-98.0
-139.0
-94.0
-68.0
-48.0
-35.0
-7.0
-6.0
39.0
9.0
-11.0
9.0
33.0
79.0
93.0
97.0
88.0
81.0
76.0
95.0
30.0
45.0
38.0
40.0
2.0
1.0
-50.0
-73.0
-112.0
-90.0
-87.0
-87.0
-58.0
-77.0
-68.0
-73.0
-54.0
-29.0
-17.0
-11.0
20.0
10.0
2.0
13.0
-5.0
-12.0
-9.0
-2.0
-38.0
-81.0
-75.0
-69.0
-34.0
-20.0
-40.0
-39.0
-25.0
-19.0
-12.0
35.0
33.0
31.0
29.0
30.0
55.0
66.0
65.0
65.0
58.0
24.0
-21.0
-51.0
-54.0
-104.0
-120.0
-110.0
-121.0
-80.0
-54.0
0.0
49.0
105.0
123.0
147.0
158.0
153.0
176.0
137.0
114.0
91.0
84.0
59.0
31.0
-51.0
-85.0
-84.0
-101.0
-80.0
-68.0
-87.0
-59.0
-6.0
-11.0
15.0
45.0
54.0
8.0
10.0
20.0
41.0
62.0
50.0
25.0
-6.0
-9.0
-15.0
-92.0
-135.0
-145.0
-106.0
-48.0
-52.0
-38.0
16.0
-2.0
-5.0
-8.0
-18.0
-16.0
-53.0
-51.0
-67.0
0.0
-73.0
-3.0
-1.0
56.0
63.0
67.0
17.0
-3.0
34.0
17.0
21.0
8.0
6.0
-6.0
-9.0
-40.0
-61.0
-57.0
-60.0
-30.0
-34.0
-8.0
-9.0
-18.0
-24.0
0.0
27.0
32.0
12.0
24.0
51.0
5.0
-1.0
-16.0
0.0
22.0
25.0
37.0
17.0
31.0
48.0
9.0
4.0
22.0
14.0
-1.0
2.0
-36.0
-33.0
-49.0
-23.0
-29.0
-23.0
-9.0
18.0
68.0
47.0
65.0
59.0
57.0
18.0
25.0
34.0
-40.0
-67.0
-83.0
-73.0
2.0
27.0
58.0
8.0
-18.0
-18.0
13.0
-4.0
-8.0
-1.0
-75.0
-131.0
-71.0
-73.0
-54.0
-57.0
-29.0
-20.0
-20.0
-65.0
-43.0
-27.0
3.0
-9.0
68.0
71.0
29.0
23.0
51.0
36.0
14.0
40.0
-13.0
-11.0
25.0
19.0
-45.0
-28.0
-22.0
-12.0
6.0
-5.0
-10.0
-25.0
-51.0
-53.0
-55.0
-99.0
-93.0
-12.0
-27.0
-4.0
3.0
28.0
45.0
45.0
76.0
86.0
88.0
70.0
16.0
68.0
72.0
61.0
54.0
55.0
41.0
-13.0
-52.0
-20.0
0.0
13.0
-9.0
-37.0
34.0
44.0
9.0
-15.0
-35.0
-61.0
-52.0
-37.0
-29.0
-24.0
-41.0
-35.0
-38.0
-45.0
-30.0
-81.0
-63.0
-79.0
-58.0
-79.0
-119.0
-121.0
-145.0
-159.0
-151.0
-69.0
-30.0
8.0
68.0
141.0
196.0
194.0
200.0
217.0
195.0
199.0
187.0
156.0
96.0
91.0
49.0
49.0
37.0
2.0
29.0
26.0
25.0
34.0
48.0
6.0
-24.0
-13.0
-12.0
-20.0
-40.0
-49.0
-38.0
-63.0
-92.0
-109.0
-127.0
-126.0
-135.0
-162.0
-134.0
-119.0
-110.0
-100.0
-103.0
-105.0
-107.0
-103.0
-94.0
-77.0
-63.0
-43.0
-8.0
8.0
6.0
17.0
17.0
12.0
19.0
42.0
-10.0
26.0
42.0
26.0
30.0
41.0
7.0
1.0
35.0
25.0
2.0
6.0
-9.0
-1.0
-8.0
21.0
41.0
26.0
24.0
14.0
15.0
-2.0
-70.0
-58.0
-35.0
-21.0
26.0
26.0
35.0
24.0
3.0
5.0
26.0
18.0
-2.0
2.0
33.0
39.0
69.0
52.0
53.0
74.0
16.0
35.0
5.0
-33.0
-46.0
-47.0
20.0
10.0
23.0
66.0
39.0
32.0
29.0
29.0
20.0
9.0
-20.0
-25.0
-36.0
-40.0
-30.0
-42.0
-79.0
-109.0
-106.0
-105.0
-95.0
-62.0
-64.0
-32.0
-38.0
-48.0
6.0
31.0
2.0
8.0
-5.0
15.0
-14.0
-8.0
37.0
42.0
86.0
45.0
-18.0
-16.0
-10.0
20.0
24.0
26.0
35.0
45.0
48.0
42.0
2.0
2.0
-11.0
-17.0
-37.0
-61.0
-60.0
-76.0
-68.0
-35.0
23.0
29.0
75.0
112.0
130.0
112.0
107.0
128.0
87.0
114.0
79.0
71.0
45.0
28.0
37.0
8.0
-47.0
-97.0
-88.0
-103.0
-101.0
-103.0
-94.0
-68.0
-64.0
-67.0
-69.0
-74.0
-59.0
-66.0
-103.0
-103.0
-80.0
-31.0
-43.0
-26.0
-46.0
-53.0
-31.0
10.0
0.0
-2.0
15.0
8.0
32.0
8.0
44.0
34.0
2.0
7.0
-4.0
-7.0
-22.0
-9.0
12.0
-10.0
-16.0
-26.0
-41.0
-31.0
-49.0
-54.0
-86.0
-120.0
-114.0
-54.0
-28.0
7.0
11.0
18.0
54.0
45.0
29.0
65.0
100.0
52.0
54.0
45.0
7.0
19.0
19.0
26.0
15.0
28.0
31.0
-5.0
67.0
36.0
57.0
98.0
123.0
122.0
100.0
61.0
23.0
-10.0
-27.0
-39.0
-18.0
-44.0
-64.0
-74.0
-57.0
-47.0
-75.0
-67.0
-29.0
-22.0
-19.0
-34.0
-57.0
-59.0
-51.0
-3.0
-9.0
-28.0
-21.0
-48.0
-26.0
19.0
13.0
16.0
-3.0
-22.0
-52.0
-21.0
-3.0
-22.0
-13.0
7.0
-52.0
-59.0
-110.0
-110.0
-106.0
-82.0
-84.0
-53.0
6.0
18.0
78.0
76.0
82.0
65.0
100.0
143.0
116.0
96.0
94.0
106.0
113.0
106.0
121.0
94.0
61.0
40.0
37.0
17.0
5.0
-32.0
-43.0
-43.0
-81.0
-118.0
-138.0
-124.0
-73.0
-57.0
-32.0
-56.0
20.0
19.0
-18.0
6.0
-53.0
-49.0
-50.0
-40.0
-44.0
-37.0
24.0
28.0
-11.0
-6.0
-12.0
-10.0
9.0
23.0
12.0
-6.0
-53.0
-56.0
-103.0
-140.0
-135.0
-133.0
-115.0
-55.0
6.0
54.0
80.0
77.0
126.0
126.0
130.0
131.0
94.0
128.0
165.0
142.0
109.0
100.0
127.0
127.0
117.0
78.0
26.0
27.0
-44.0
-58.0
-65.0
-62.0
-70.0
-105.0
-62.0
-52.0
-61.0
-55.0
-35.0
-55.0
-15.0
-14.0
7.0
17.0
-24.0
-4.0
-11.0
18.0
-2.0
-33.0
-23.0
-30.0
-35.0
-80.0
-89.0
-65.0
-73.0
-39.0
-68.0
-19.0
-53.0
-53.0
-42.0
-65.0
-26.0
22.0
30.0
25.0
46.0
85.0
57.0
55.0
31.0
-14.0
-20.0
-12.0
-19.0
-27.0
-50.0
-61.0
-20.0
-14.0
-3.0
13.0
-18.0
11.0
4.0
-9.0
-22.0
-18.0
7.0
8.0
21.0
-23.0
-72.0
-104.0
-103.0
-88.0
-61.0
-26.0
3.0
-1.0
47.0
87.0
132.0
124.0
126.0
116.0
116.0
99.0
57.0
59.0
30.0
-1.0
-2.0
12.0
-8.0
-2.0
-12.0
-57.0
-75.0
-75.0
-32.0
-7.0
-7.0
-11.0
-30.0
-17.0
-36.0
-48.0
-79.0
-76.0
-65.0
-85.0
-84.0
-87.0
-80.0
-140.0
-102.0
-93.0
-92.0
-88.0
-54.0
-35.0
-33.0
-18.0
-23.0
-20.0
-16.0
-12.0
9.0
6.0
38.0
10.0
-1.0
-14.0
-13.0
-4.0
-3.0
-21.0
-50.0
-44.0
17.0
29.0
75.0
79.0
81.0
57.0
20.0
-3.0
24.0
26.0
6.0
-66.0
-63.0
-49.0
-26.0
7.0
-4.0
63.0
88.0
82.0
74.0
67.0
63.0
87.0
78.0
63.0
56.0
84.0
-18.0
-11.0
-17.0
-6.0
-33.0
-42.0
-6.0
-16.0
-36.0
-36.0
-41.0
-38.0
5.0
-13.0
-12.0
-1.0
-35.0
-23.0
-55.0
-56.0
-63.0
-62.0
-33.0
-13.0
17.0
-2.0
-16.0
6.0
31.0
-33.0
-80.0
-78.0
-76.0
-122.0
-107.0
-88.0
-80.0
-10.0
26.0
42.0
87.0
89.0
97.0
144.0
152.0
149.0
170.0
149.0
135.0
95.0
76.0
71.0
1.0
6.0
-23.0
6.0
-37.0
-35.0
2.0
20.0
19.0
20.0
15.0
-22.0
-24.0
0.0
-26.0
-32.0
-34.0
-27.0
-35.0
-29.0
-51.0
-40.0
-45.0
-44.0
-62.0
-58.0
-40.0
-77.0
-85.0
-87.0
-91.0
-108.0
-137.0
-144.0
-55.0
-30.0
-9.0
-30.0
-18.0
-23.0
-6.0
23.0
-26.0
45.0
64.0
117.0
81.0
55.0
39.0
41.0
-5.0
-13.0
23.0
19.0
-1.0
40.0
91.0
79.0
55.0
56.0
43.0
50.0
55.0
42.0
60.0
31.0
-5.0
-17.0
-7.0
-4.0
-40.0
-68.0
-46.0
-104.0
-102.0
-108.0
-70.0
-97.0
-94.0
-89.0
-60.0
-56.0
-105.0
-110.0
-126.0
-184.0
-155.0
-185.0
-192.0
-188.0
-101.0
5.0
108.0
134.0
164.0
213.0
231.0
246.0
234.0
235.0
203.0
171.0
143.0
132.0
92.0
31.0
10.0
-13.0
-57.0
-57.0
-70.0
-93.0
-112.0
-119.0
-77.0
-71.0
-47.0
-62.0
-92.0
-90.0
-67.0
-39.0
0.0
22.0
-25.0
-42.0
-45.0
-50.0
-66.0
-74.0
-67.0
-37.0
1.0
6.0
7.0
23.0
12.0
24.0
13.0
17.0
7.0
-6.0
-40.0
-88.0
-9.0
-57.0
39.0
35.0
33.0
33.0
42.0
39.0
29.0
38.0
17.0
51.0
37.0
-50.0
-46.0
-47.0
-70.0
-84.0
-60.0
-50.0
-13.0
2.0
32.0
15.0
49.0
49.0
72.0
81.0
13.0
-23.0
-62.0
-38.0
-5.0
34.0
54.0
54.0
50.0
12.0
9.0
47.0
69.0
53.0
53.0
2.0
6.0
11.0
2.0
-41.0
-81.0
-129.0
-119.0
-73.0
-57.0
-68.0
-82.0
-79.0
-97.0
-82.0
-84.0
-101.0
-19.0
-29.0
-7.0
-1.0
-6.0
-4.0
-8.0
-33.0
-28.0
-53.0
13.0
-11.0
52.0
45.0
53.0
54.0
18.0
15.0
14.0
5.0
22.0
46.0
47.0
11.0
-9.0
-8.0
-36.0
7.0
22.0
6.0
56.0
32.0
34.0
-3.0
-29.0
-29.0
5.0
0.0
17.0
34.0
23.0
5.0
-17.0
-43.0
-69.0
-71.0
-77.0
-58.0
-57.0
-100.0
-88.0
-78.0
-28.0
48.0
76.0
73.0
84.0
114.0
141.0
149.0
139.0
163.0
160.0
108.0
75.0
76.0
78.0
35.0
-8.0
-8.0
-81.0
-125.0
-140.0
-82.0
10.0
15.0
35.0
26.0
32.0
45.0
58.0
48.0
52.0
-3.0
-16.0
-11.0
-18.0
-11.0
-36.0
-36.0
-41.0
-79.0
-81.0
-114.0
-133.0
-130.0
-119.0
-132.0
-98.0
-98.0
-23.0
19.0
0.0
6.0
-7.0
-6.0
70.0
82.0
61.0
18.0
59.0
34.0
15.0
7.0
7.0
8.0
4.0
18.0
21.0
-22.0
-41.0
-35.0
-19.0
-13.0
-46.0
-35.0
-35.0
-44.0
-68.0
-48.0
-57.0
-27.0
-46.0
-29.0
-2.0
-7.0
-35.0
-7.0
-40.0
-39.0
-40.0
-35.0
-65.0
5.0
16.0
31.0
-43.0
-125.0
-93.0
-61.0
-54.0
-38.0
-40.0
13.0
33.0
37.0
28.0
37.0
58.0
66.0
63.0
54.0
31.0
-17.0
18.0
19.0
47.0
15.0
14.0
8.0
-8.0
-22.0
27.0
6.0
51.0
56.0
61.0
37.0
34.0
50.0
78.0
5.0
39.0
26.0
45.0
52.0
93.0
63.0
66.0
27.0
72.0
77.0
46.0
10.0
-15.0
-14.0
-63.0
-60.0
-41.0
-25.0
-55.0
-51.0
-57.0
-34.0
-53.0
-59.0
-50.0
1.0
24.0
16.0
12.0
-12.0
-41.0
-15.0
-49.0
-50.0
-36.0
-64.0
-68.0
-85.0
-43.0
-83.0
-34.0
-74.0
-107.0
-107.0
-74.0
-58.0
-42.0
-59.0
-72.0
-35.0
-34.0
-41.0
21.0
25.0
69.0
101.0
34.0
26.0
52.0
13.0
65.0
66.0
17.0
8.0
-7.0
-6.0
-49.0
-136.0
-107.0
-72.0
-30.0
22.0
2.0
8.0
106.0
91.0
113.0
144.0
144.0
145.0
145.0
134.0
74.0
75.0
29.0
2.0
43.0
58.0
61.0
-6.0
-9.0
-38.0
-39.0
-40.0
-35.0
-63.0
-65.0
-27.0
-93.0
-76.0
-82.0
-101.0
-84.0
-85.0
-119.0
-81.0
-128.0
-92.0
-47.0
-55.0
-66.0
-56.0
-51.0
-53.0
-85.0
-42.0
-76.0
-57.0
-34.0
36.0
31.0
-10.0
-39.0
-33.0
-25.0
33.0
67.0
88.0
92.0
98.0
46.0
16.0
-4.0
-4.0
24.0
25.0
7.0
-4.0
-5.0
55.0
74.0
31.0
-3.0
2.0
1.0
29.0
15.0
7.0
-22.0
-27.0
-29.0
-12.0
-28.0
-36.0
-44.0
-39.0
-37.0
-77.0
-84.0
-136.0
-161.0
-110.0
-130.0
-139.0
-39.0
31.0
83.0
66.0
103.0
132.0
154.0
147.0
147.0
153.0
143.0
144.0
125.0
100.0
69.0
36.0
40.0
18.0
-9.0
-7.0
-75.0
-70.0
-96.0
-97.0
-59.0
-53.0
-32.0
-79.0
-107.0
-115.0
-96.0
-125.0
-164.0
-181.0
-188.0
-155.0
-95.0
-49.0
4.0
6.0
9.0
48.0
105.0
84.0
91.0
107.0
112.0
75.0
107.0
105.0
98.0
37.0
7.0
43.0
27.0
22.0
-39.0
-60.0
-78.0
-80.0
-116.0
-114.0
-109.0
-65.0
-21.0
9.0
23.0
54.0
86.0
84.0
28.0
48.0
57.0
50.0
17.0
7.0
-26.0
-38.0
-48.0
-48.0
-34.0
-51.0
-61.0
-44.0
-45.0
-13.0
-22.0
-17.0
-11.0
-17.0
-1.0
18.0
-15.0
-14.0
-21.0
-56.0
-50.0
-34.0
-27.0
-23.0
-17.0
9.0
0.0
17.0
35.0
25.0
29.0
45.0
50.0
49.0
20.0
24.0
31.0
24.0
20.0
-15.0
14.0
-23.0
10.0
14.0
-28.0
-38.0
-35.0
-32.0
-20.0
-2.0
1.0
31.0
17.0
19.0
-6.0
3.0
-2.0
-2.0
-35.0
-15.0
-31.0
-49.0
-68.0
-62.0
-56.0
-64.0
-19.0
-18.0
10.0
31.0
35.0
106.0
108.0
100.0
1.0
-8.0
23.0
5.0
-43.0
-4.0
6.0
-30.0
-55.0
-62.0
-45.0
-42.0
-69.0
-49.0
-51.0
4.0
-17.0
1.0
35.0
33.0
35.0
15.0
22.0
13.0
14.0
-30.0
-31.0
-43.0
-45.0
-51.0
-42.0
-58.0
-30.0
10.0
55.0
63.0
99.0
118.0
112.0
105.0
105.0
99.0
85.0
55.0
65.0
92.0
113.0
46.0
39.0
34.0
9.0
-55.0
-71.0
-32.0
-25.0
-48.0
-85.0
-116.0
-102.0
-104.0
-83.0
-110.0
-124.0
-131.0
-94.0
-27.0
-15.0
10.0
34.0
36.0
20.0
33.0
35.0
28.0
27.0
60.0
34.0
39.0
64.0
66.0
36.0
33.0
37.0
-6.0
-40.0
-93.0
-72.0
-86.0
-36.0
-32.0
-31.0
-6.0
-37.0
6.0
-13.0
23.0
24.0
0.0
31.0
29.0
32.0
-15.0
20.0
-21.0
-36.0
-71.0
-39.0
-12.0
13.0
15.0
-1.0
7.0
8.0
-30.0
-22.0
-42.0
-41.0
-66.0
-36.0
-40.0
-33.0
-48.0
-47.0
-29.0
0.0
3.0
-26.0
-22.0
-36.0
-30.0
1.0
-11.0
-30.0
-4.0
15.0
15.0
37.0
34.0
31.0
35.0
31.0
57.0
50.0
33.0
45.0
32.0
-9.0
19.0
32.0
36.0
-18.0
-56.0
-128.0
-173.0
-50.0
-44.0
-94.0
51.0
64.0
58.0
14.0
25.0
45.0
39.0
4.0
45.0
15.0
7.0
39.0
32.0
30.0
38.0
26.0
13.0
-32.0
-29.0
-8.0
-5.0
15.0
16.0
-8.0
-22.0
2.0
8.0
20.0
-20.0
-22.0
-41.0
-29.0
-39.0
-17.0
-16.0
24.0
8.0
-16.0
-14.0
-22.0
-37.0
-4.0
-9.0
13.0
-25.0
1.0
12.0
22.0
-8.0
-22.0
-28.0
-23.0
-27.0
-15.0
1.0
-27.0
-42.0
-66.0
-82.0
-93.0
-73.0
-50.0
-44.0
-56.0
4.0
10.0
58.0
81.0
111.0
113.0
84.0
75.0
80.0
97.0
80.0
91.0
57.0
33.0
-12.0
9.0
9.0
-13.0
-18.0
-24.0
-2.0
-63.0
-72.0
-40.0
-50.0
-44.0
-40.0
-13.0
-13.0
-7.0
15.0
-9.0
9.0
9.0
13.0
-47.0
-5.0
-47.0
-45.0
-122.0
-59.0
-21.0
10.0
-23.0
-47.0
-66.0
-86.0
-64.0
-57.0
-39.0
-54.0
-20.0
32.0
27.0
104.0
83.0
37.0
97.0
99.0
174.0
175.0
165.0
146.0
88.0
60.0
30.0
38.0
1.0
5.0
0.0
4.0
-59.0
-94.0
-102.0
-95.0
-124.0
-116.0
-135.0
-133.0
-62.0
-94.0
-54.0
-42.0
-19.0
-9.0
1.0
26.0
-14.0
-3.0
28.0
-99.0
-30.0
-10.0
-16.0
-5.0
-33.0
-24.0
-28.0
-33.0
4.0
-1.0
-45.0
-39.0
-59.0
-61.0
-49.0
-101.0
-93.0
-98.0
-49.0
-14.0
-18.0
-10.0
-36.0
-16.0
14.0
45.0
-2.0
4.0
23.0
0.0
6.0
-2.0
-8.0
11.0
7.0
48.0
22.0
13.0
20.0
24.0
34.0
63.0
39.0
46.0
66.0
12.0
33.0
37.0
37.0
-20.0
-23.0
-16.0
-33.0
-25.0
-53.0
-27.0
-52.0
-52.0
-66.0
-101.0
-84.0
-55.0
-61.0
-15.0
41.0
47.0
78.0
87.0
105.0
132.0
91.0
70.0
48.0
78.0
109.0
42.0
74.0
67.0
47.0
70.0
23.0
13.0
18.0
16.0
24.0
-1.0
-40.0
-37.0
-42.0
-31.0
-35.0
-47.0
-65.0
-60.0
-71.0
-117.0
-94.0
-94.0
-95.0
-95.0
-82.0
-37.0
-31.0
-83.0
-66.0
-26.0
63.0
55.0
18.0
47.0
46.0
34.0
72.0
32.0
74.0
68.0
48.0
49.0
-16.0
-52.0
-5.0
15.0
-13.0
-21.0
-61.0
-90.0
-107.0
-104.0
-129.0
-109.0
-156.0
-94.0
6.0
7.0
-4.0
52.0
115.0
111.0
99.0
155.0
145.0
167.0
108.0
92.0
73.0
62.0
43.0
51.0
-39.0
-11.0
13.0
-6.0
-5.0
2.0
-4.0
-23.0
-41.0
-45.0
-54.0
-73.0
-101.0
-103.0
-84.0
-64.0
-60.0
-80.0
-62.0
-58.0
-30.0
-15.0
-34.0
-25.0
-5.0
-6.0
17.0
-45.0
-102.0
-104.0
-39.0
-16.0
20.0
-18.0
-96.0
-97.0
-107.0
-52.0
-54.0
-55.0
-44.0
31.0
79.0
75.0
72.0
89.0
109.0
82.0
110.0
108.0
48.0
44.0
43.0
53.0
81.0
59.0
73.0
80.0
58.0
63.0
65.0
70.0
58.0
24.0
28.0
0.0
13.0
-11.0
17.0
17.0
-44.0
-47.0
-70.0
-80.0
-72.0
-74.0
-137.0
-85.0
-86.0
-86.0
-28.0
-39.0
-18.0
12.0
2.0
-14.0
-31.0
52.0
-15.0
-11.0
-17.0
2.0
-11.0
-11.0
-32.0
-26.0
-6.0
-42.0
-90.0
-85.0
-95.0
-42.0
-30.0
-46.0
2.0
41.0
47.0
48.0
37.0
47.0
94.0
121.0
76.0
32.0
10.0
33.0
42.0
14.0
-5.0
-5.0
-48.0
8.0
13.0
13.0
15.0
-22.0
-45.0
-52.0
-38.0
-38.0
-11.0
-52.0
-88.0
-60.0
-55.0
-88.0
-76.0
-63.0
-56.0
-48.0
-40.0
-26.0
-51.0
-43.0
7.0
81.0
91.0
135.0
83.0
78.0
113.0
90.0
45.0
15.0
71.0
58.0
-14.0
-51.0
-50.0
-52.0
-42.0
-18.0
-13.0
8.0
-7.0
13.0
40.0
65.0
54.0
53.0
-33.0
-93.0
-95.0
-95.0
74.0
14.0
0.0
-109.0
-32.0
-24.0
3.0
12.0
35.0
93.0
62.0
33.0
45.0
76.0
98.0
98.0
38.0
-16.0
16.0
-32.0
-36.0
-43.0
75.0
24.0
19.0
21.0
-19.0
11.0
6.0
13.0
-36.0
-30.0
-40.0
-37.0
-81.0
-78.0
-57.0
-63.0
-89.0
-36.0
-48.0
-19.0
0.0
5.0
-20.0
-15.0
-21.0
-41.0
-47.0
-16.0
11.0
16.0
33.0
37.0
24.0
22.0
-8.0
13.0
9.0
-25.0
-34.0
-44.0
-9.0
-9.0
21.0
26.0
-26.0
-35.0
-55.0
-45.0
-76.0
-72.0
-34.0
-22.0
-21.0
-20.0
-21.0
18.0
50.0
37.0
17.0
-23.0
-50.0
11.0
37.0
42.0
40.0
57.0
40.0
38.0
-58.0
-45.0
-54.0
-22.0
-37.0
-42.0
-34.0
-61.0
-67.0
-103.0
-76.0
-68.0
6.0
24.0
68.0
65.0
42.0
32.0
57.0
92.0
127.0
127.0
108.0
125.0
82.0
81.0
61.0
70.0
38.0
58.0
35.0
-4.0
22.0
-40.0
-76.0
-75.0
-124.0
-114.0
-59.0
-22.0
-24.0
-51.0
-55.0
-53.0
-63.0
-67.0
-111.0
-73.0
-28.0
-27.0
-46.0
-28.0
2.0
-9.0
38.0
31.0
8.0
-60.0
-38.0
-67.0
-36.0
-63.0
-30.0
-27.0
-11.0
-16.0
43.0
67.0
41.0
15.0
56.0
38.0
19.0
-40.0
-1.0
12.0
8.0
-14.0
42.0
50.0
11.0
35.0
66.0
63.0
35.0
28.0
9.0
-7.0
18.0
10.0
3.0
-3.0
-37.0
-17.0
-38.0
-40.0
-56.0
-26.0
-2.0
-5.0
-33.0
-40.0
-89.0
-117.0
-83.0
-72.0
-36.0
-29.0
-45.0
-26.0
53.0
43.0
57.0
40.0
57.0
58.0
45.0
69.0
41.0
45.0
76.0
-7.0
12.0
-58.0
6.0
10.0
41.0
17.0
-56.0
-80.0
-64.0
-42.0
-72.0
-51.0
-47.0
-43.0
-72.0
-46.0
-46.0
-34.0
-41.0
-95.0
-83.0
-23.0
-112.0
-115.0
-53.0
16.0
39.0
31.0
54.0
113.0
50.0
65.0
101.0
88.0
70.0
48.0
111.0
91.0
31.0
30.0
26.0
-17.0
-62.0
-62.0
-67.0
-46.0
0.0
25.0
33.0
105.0
170.0
142.0
141.0
139.0
140.0
102.0
130.0
79.0
48.0
0.0
17.0
7.0
-33.0
-32.0
-70.0
-91.0
-73.0
-84.0
-70.0
-84.0
-81.0
-92.0
-95.0
-100.0
-141.0
-138.0
-134.0
-144.0
-166.0
-151.0
-124.0
-111.0
-120.0
-116.0
-69.0
-41.0
0.0
4.0
22.0
87.0
174.0
105.0
93.0
87.0
96.0
104.0
76.0
82.0
74.0
140.0
102.0
42.0
-5.0
3.0
27.0
56.0
-5.0
-49.0
-66.0
-79.0
-75.0
-56.0
-56.0
-60.0
-47.0
-61.0
-39.0
-90.0
-82.0
-88.0
-72.0
-29.0
-8.0
-8.0
-9.0
8.0
39.0
44.0
36.0
33.0
18.0
-10.0
-24.0
-22.0
24.0
6.0
1.0
-55.0
-45.0
-57.0
-33.0
-25.0
23.0
28.0
-24.0
-33.0
-46.0
-74.0
-90.0
-81.0
-68.0
-17.0
-28.0
-29.0
-22.0
50.0
87.0
102.0
95.0
83.0
74.0
87.0
73.0
72.0
66.0
58.0
45.0
-33.0
14.0
0.0
-39.0
-41.0
-90.0
-84.0
-113.0
-103.0
-113.0
-105.0
-61.0
-11.0
12.0
10.0
13.0
15.0
64.0
92.0
83.0
93.0
86.0
58.0
28.0
23.0
21.0
22.0
-16.0
-32.0
-48.0
-53.0
-3.0
-2.0
-13.0
-26.0
7.0
12.0
35.0
7.0
-14.0
14.0
-5.0
-38.0
-61.0
-37.0
-7.0
-3.0
19.0
-30.0
-32.0
-81.0
-73.0
-58.0
-118.0
-130.0
-146.0
-147.0
-68.0
-16.0
33.0
78.0
87.0
137.0
112.0
135.0
126.0
128.0
170.0
187.0
135.0
90.0
99.0
88.0
48.0
-2.0
8.0
17.0
-8.0
-34.0
-66.0
-98.0
-111.0
-128.0
-105.0
-131.0
-138.0
-146.0
-90.0
-19.0
-36.0
-9.0
-4.0
2.0
31.0
61.0
61.0
60.0
117.0
114.0
61.0
112.0
69.0
-19.0
-67.0
-96.0
-185.0
-188.0
-56.0
-46.0
7.0
-43.0
4.0
-26.0
-33.0
-276.0
-203.0
-204.0
-74.0
24.0
97.0
103.0
119.0
90.0
89.0
-65.0
-66.0
-60.0
50.0
-24.0
-55.0
-16.0
-18.0
-49.0
-109.0
-64.0
-79.0
-80.0
18.0
46.0
49.0
32.0
42.0
16.0
38.0
32.0
-15.0
-20.0
40.0
23.0
31.0
31.0
73.0
52.0
72.0
28.0
50.0
51.0
4.0
14.0
-2.0
27.0
-46.0
-21.0
-42.0
-95.0
-115.0
-113.0
-139.0
-124.0
-92.0
-60.0
-35.0
-30.0
-2.0
0.0
8.0
1.0
-5.0
31.0
0.0
-63.0
-35.0
6.0
-50.0
-8.0
-11.0
-8.0
-16.0
-5.0
30.0
4.0
26.0
-1.0
-28.0
-20.0
-17.0
-12.0
-44.0
-3.0
33.0
36.0
17.0
64.0
8.0
20.0
46.0
42.0
7.0
20.0
10.0
6.0
22.0
-44.0
-18.0
-28.0
6.0
1.0
-28.0
-86.0
-92.0
-164.0
-111.0
-57.0
6.0
24.0
3.0
-1.0
-32.0
39.0
13.0
22.0
18.0
15.0
9.0
5.0
-20.0
-12.0
-11.0
23.0
29.0
-24.0
-14.0
42.0
60.0
77.0
80.0
92.0
89.0
118.0
94.0
103.0
106.0
114.0
99.0
55.0
72.0
72.0
48.0
51.0
15.0
-1.0
-46.0
-67.0
-64.0
-80.0
-86.0
-91.0
-118.0
-75.0
-74.0
-100.0
-77.0
-104.0
-79.0
-99.0
-53.0
-38.0
-3.0
27.0
34.0
46.0
38.0
31.0
32.0
31.0
21.0
20.0
33.0
32.0
14.0
-2.0
28.0
40.0
23.0
-15.0
12.0
6.0
-7.0
-24.0
-16.0
30.0
3.0
4.0
-31.0
-38.0
27.0
36.0
16.0
-36.0
-26.0
-35.0
-10.0
-11.0
-20.0
-2.0
-45.0
-48.0
-70.0
-61.0
-52.0
-68.0
-68.0
-69.0
-61.0
10.0
-10.0
-12.0
9.0
-29.0
5.0
-20.0
6.0
24.0
18.0
72.0
12.0
12.0
0.0
31.0
26.0
-7.0
13.0
-11.0
-5.0
-59.0
-10.0
-17.0
20.0
10.0
-25.0
-11.0
-17.0
55.0
83.0
49.0
66.0
75.0
36.0
-16.0
13.0
57.0
1.0
-17.0
-82.0
-98.0
-52.0
-53.0
-30.0
-36.0
40.0
14.0
-5.0
53.0
112.0
93.0
88.0
84.0
99.0
88.0
60.0
117.0
39.0
2.0
20.0
-4.0
-30.0
-26.0
-19.0
-80.0
-49.0
-41.0
-102.0
-114.0
-124.0
-127.0
-107.0
-107.0
-158.0
-164.0
-105.0
-59.0
-32.0
-94.0
-71.0
-63.0
-68.0
-65.0
-49.0
-34.0
-27.0
23.0
10.0
37.0
-1.0
7.0
66.0
66.0
123.0
156.0
69.0
46.0
9.0
27.0
24.0
-10.0
-26.0
-31.0
-25.0
-101.0
-15.0
-16.0
29.0
11.0
51.0
83.0
65.0
56.0
79.0
59.0
70.0
48.0
10.0
51.0
45.0
34.0
42.0
38.0
19.0
40.0
51.0
16.0
-34.0
-12.0
4.0
17.0
-27.0
-23.0
-28.0
-49.0
-41.0
-88.0
-57.0
-105.0
-140.0
-149.0
-97.0
-103.0
-116.0
-69.0
-62.0
-14.0
56.0
38.0
19.0
-26.0
14.0
1.0
-35.0
42.0
43.0
-11.0
-40.0
11.0
-11.0
-5.0
-21.0
-8.0
-3.0
-13.0
52.0
41.0
-20.0
-64.0
-84.0
-63.0
-91.0
-88.0
-48.0
-41.0
35.0
70.0
87.0
103.0
156.0
173.0
170.0
166.0
175.0
176.0
151.0
107.0
108.0
70.0
37.0
13.0
29.0
29.0
4.0
-22.0
-63.0
-116.0
-69.0
-128.0
-97.0
-81.0
-98.0
-102.0
-119.0
-105.0
-152.0
-158.0
-141.0
-179.0
-132.0
-89.0
-63.0
-69.0
-65.0
-79.0
-31.0
23.0
18.0
24.0
20.0
23.0
12.0
12.0
-24.0
-7.0
5.0
17.0
38.0
63.0
26.0
39.0
26.0
27.0
95.0
65.0
101.0
55.0
25.0
42.0
8.0
-4.0
-7.0
-6.0
18.0
-20.0
-83.0
-62.0
-86.0
-43.0
-74.0
-62.0
-129.0
-133.0
-138.0
-123.0
-57.0
34.0
43.0
31.0
31.0
2.0
72.0
78.0
45.0
47.0
3.0
-11.0
48.0
74.0
62.0
41.0
-8.0
-7.0
19.0
4.0
16.0
11.0
15.0
31.0
9.0
41.0
59.0
57.0
77.0
48.0
-34.0
-51.0
-69.0
-19.0
-53.0
-6.0
2.0
3.0
-9.0
-42.0
-36.0
-109.0
-69.0
-37.0
6.0
11.0
-46.0
-41.0
-3.0
-23.0
-23.0
-15.0
-59.0
-95.0
-70.0
-88.0
-137.0
-145.0
-105.0
-56.0
-30.0
31.0
111.0
163.0
248.0
241.0
176.0
173.0
109.0
160.0
87.0
83.0
134.0
108.0
63.0
33.0
-30.0
-32.0
-68.0
-121.0
-58.0
-26.0
-34.0
-24.0
-70.0
-40.0
-77.0
-77.0
-91.0
-126.0
-86.0
-19.0
-6.0
-10.0
-70.0
-107.0
-93.0
-86.0
-242.0
-125.0
-62.0
-49.0
-64.0
2.0
1.0
22.0
42.0
44.0
78.0
34.0
30.0
58.0
90.0
95.0
69.0
92.0
58.0
49.0
35.0
13.0
13.0
1.0
6.0
-19.0
2.0
-25.0
-29.0
-32.0
-26.0
-55.0
-16.0
-9.0
-42.0
-67.0
-46.0
-18.0
-17.0
-21.0
-65.0
13.0
-42.0
-69.0
-35.0
-1.0
3.0
12.0
39.0
42.0
22.0
-2.0
-18.0
-37.0
-55.0
-16.0
-1.0
-34.0
41.0
45.0
-16.0
-29.0
-23.0
15.0
-46.0
-9.0
-29.0
4.0
-57.0
-53.0
-48.0
-16.0
-11.0
-59.0
-35.0
-12.0
0.0
118.0
146.0
146.0
87.0
132.0
119.0
99.0
86.0
84.0
85.0
23.0
9.0
6.0
-16.0
12.0
-44.0
-60.0
-19.0
6.0
-32.0
-85.0
-41.0
-40.0
-59.0
-86.0
-86.0
-111.0
-103.0
-97.0
-117.0
-83.0
-114.0
-106.0
-51.0
35.0
59.0
88.0
24.0
29.0
45.0
99.0
117.0
109.0
104.0
65.0
46.0
34.0
77.0
67.0
135.0
126.0
99.0
97.0
98.0
99.0
13.0
29.0
7.0
-74.0
-81.0
-46.0
-57.0
-60.0
-102.0
-141.0
-103.0
-31.0
-159.0
-67.0
-113.0
-109.0
-45.0
-51.0
-83.0
-33.0
-39.0
-40.0
-50.0
-19.0
21.0
2.0
-63.0
-62.0
-72.0
2.0
-25.0
-55.0
-30.0
52.0
7.0
39.0
46.0
48.0
65.0
29.0
8.0
-12.0
-65.0
-16.0
12.0
-15.0
-41.0
-43.0
-51.0
40.0
88.0
67.0
106.0
60.0
13.0
18.0
-2.0
4.0
-41.0
-45.0
-35.0
-15.0
21.0
36.0
33.0
3.0
13.0
9.0
32.0
44.0
65.0
67.0
54.0
33.0
44.0
81.0
78.0
74.0
63.0
-1.0
-19.0
10.0
3.0
-28.0
-2.0
-35.0
-79.0
-83.0
-88.0
-81.0
-101.0
-94.0
-69.0
-61.0
-77.0
-86.0
-38.0
-31.0
-39.0
-3.0
18.0
13.0
66.0
48.0
11.0
18.0
1.0
2.0
0.0
4.0
-50.0
-5.0
19.0
33.0
-15.0
-47.0
0.0
-7.0
-3.0
-38.0
-25.0
-15.0
-2.0
-38.0
-30.0
-13.0
-26.0
-26.0
33.0
27.0
-18.0
-28.0
-18.0
-12.0
-37.0
-21.0
-6.0
-8.0
7.0
-48.0
-15.0
36.0
16.0
7.0
-16.0
-56.0
-40.0
-34.0
1.0
4.0
-41.0
-56.0
-33.0
-22.0
-5.0
-37.0
-15.0
-15.0
-44.0
-72.0
-87.0
-91.0
-41.0
29.0
22.0
64.0
101.0
100.0
20.0
62.0
65.0
26.0
4.0
31.0
41.0
-22.0
23.0
28.0
-17.0
-99.0
-112.0
-112.0
-34.0
-59.0
-33.0
5.0
60.0
61.0
100.0
182.0
183.0
184.0
111.0
85.0
91.0
135.0
108.0
106.0
173.0
80.0
-13.0
-35.0
-17.0
-49.0
-28.0
-57.0
-43.0
-38.0
-78.0
-68.0
-47.0
13.0
-28.0
-15.0
-168.0
-167.0
-140.0
-133.0
-56.0
-47.0
-4.0
-2.0
46.0
39.0
-34.0
9.0
12.0
18.0
14.0
15.0
-40.0
-64.0
-50.0
-21.0
-52.0
-20.0
-27.0
-12.0
-29.0
-61.0
-10.0
-31.0
-61.0
-60.0
-11.0
-49.0
-58.0
-53.0
-57.0
-17.0
-7.0
-28.0
2.0
15.0
13.0
22.0
43.0
37.0
30.0
13.0
30.0
-34.0
-21.0
11.0
2.0
11.0
-2.0
0.0
-18.0
-67.0
-67.0
-14.0
-4.0
-11.0
60.0
144.0
65.0
61.0
-16.0
-63.0
-36.0
-2.0
75.0
114.0
80.0
101.0
51.0
47.0
9.0
38.0
-21.0
-19.0
10.0
-29.0
-55.0
-75.0
-22.0
-17.0
-58.0
-6.0
-21.0
24.0
-60.0
-48.0
54.0
-17.0
58.0
63.0
87.0
44.0
45.0
4.0
-13.0
16.0
-27.0
4.0
-40.0
-43.0
-40.0
-100.0
-72.0
-11.0
4.0
27.0
56.0
62.0
69.0
71.0
55.0
81.0
77.0
69.0
77.0
8.0
15.0
-20.0
-22.0
-17.0
-34.0
-30.0
24.0
-42.0
-24.0
-20.0
-16.0
-8.0
9.0
13.0
-11.0
-40.0
-30.0
-66.0
-118.0
-100.0
-96.0
-54.0
-35.0
-39.0
-16.0
-41.0
-85.0
-83.0
-29.0
-80.0
-56.0
-1.0
18.0
25.0
108.0
120.0
70.0
70.0
75.0
67.0
84.0
77.0
44.0
41.0
13.0
-51.0
-25.0
23.0
-3.0
-26.0
-43.0
-12.0
-18.0
-15.0
-96.0
-73.0
-65.0
-94.0
-57.0
-51.0
-33.0
20.0
10.0
10.0
-24.0
4.0
0.0
-8.0
-7.0
-32.0
0.0
51.0
-31.0
-28.0
-73.0
-50.0
-30.0
-60.0
-75.0
-47.0
-37.0
-21.0
-20.0
-23.0
-14.0
33.0
41.0
69.0
57.0
58.0
58.0
65.0
74.0
76.0
57.0
54.0
60.0
44.0
26.0
-2.0
-30.0
-37.0
-64.0
-68.0
-67.0
-50.0
-51.0
28.0
62.0
51.0
82.0
122.0
79.0
82.0
64.0
64.0
92.0
29.0
23.0
36.0
-22.0
-13.0
15.0
7.0
52.0
-8.0
2.0
-16.0
-101.0
-118.0
-44.0
-49.0
-23.0
-22.0
-33.0
-102.0
-37.0
-44.0
-65.0
-43.0
3.0
-12.0
-58.0
-58.0
6.0
-12.0
4.0
26.0
-15.0
-53.0
-84.0
-72.0
-73.0
-74.0
-92.0
-90.0
-15.0
-17.0
6.0
9.0
-9.0
14.0
67.0
70.0
16.0
34.0
61.0
60.0
77.0
64.0
-16.0
22.0
21.0
22.0
106.0
34.0
111.0
72.0
8.0
-39.0
-84.0
-103.0
-85.0
-91.0
-68.0
-11.0
-20.0
-88.0
-91.0
-25.0
-14.0
-9.0
-16.0
-15.0
-86.0
-35.0
-16.0
-25.0
-17.0
-19.0
-31.0
27.0
-19.0
-35.0
14.0
-36.0
5.0
22.0
42.0
39.0
43.0
67.0
-24.0
-22.0
-88.0
-26.0
-57.0
-51.0
-41.0
17.0
35.0
35.0
58.0
55.0
28.0
-21.0
-28.0
-22.0
-4.0
-13.0
-10.0
10.0
-5.0
-11.0
-35.0
-23.0
24.0
-42.0
-80.0
-52.0
-30.0
-42.0
-70.0
-69.0
-24.0
-19.0
22.0
9.0
-9.0
12.0
25.0
65.0
49.0
51.0
31.0
-2.0
-19.0
-11.0
-20.0
-23.0
-31.0
6.0
50.0
55.0
108.0
70.0
-21.0
-29.0
3.0
63.0
17.0
11.0
14.0
15.0
33.0
24.0
17.0
-3.0
-2.0
-43.0
-22.0
-9.0
-55.0
-53.0
-42.0
-3.0
-6.0
0.0
-14.0
-74.0
-107.0
-132.0
-153.0
-151.0
-179.0
-80.0
-78.0
-55.0
-39.0
-9.0
-38.0
57.0
66.0
65.0
66.0
124.0
138.0
140.0
138.0
155.0
152.0
154.0
137.0
126.0
69.0
55.0
-9.0
-4.0
-27.0
-44.0
-18.0
-35.0
-10.0
-9.0
-24.0
-65.0
-77.0
-95.0
-183.0
-190.0
-183.0
-285.0
-246.0
-240.0
-97.0
-39.0
39.0
115.0
118.0
150.0
191.0
191.0
187.0
199.0
137.0
129.0
169.0
150.0
112.0
107.0
98.0
89.0
32.0
21.0
-105.0
-9.0
23.0
-44.0
-98.0
-57.0
-52.0
-55.0
-52.0
-49.0
-45.0
-111.0
-122.0
-119.0
-127.0
-126.0
-109.0
-76.0
-54.0
-47.0
-54.0
-65.0
-9.0
2.0
4.0
19.0
22.0
17.0
21.0
25.0
26.0
20.0
60.0
29.0
-37.0
-33.0
-26.0
-16.0
-31.0
-31.0
-19.0
-54.0
-70.0
-27.0
-41.0
-72.0
-47.0
-31.0
-59.0
-68.0
-79.0
-104.0
-34.0
-38.0
-5.0
-53.0
-17.0
25.0
9.0
9.0
3.0
55.0
31.0
14.0
-1.0
-30.0
28.0
30.0
61.0
64.0
36.0
42.0
43.0
30.0
48.0
-33.0
-27.0
-20.0
-51.0
-55.0
-5.0
22.0
68.0
83.0
28.0
50.0
97.0
15.0
13.0
16.0
-1.0
24.0
-9.0
35.0
-5.0
-19.0
-11.0
2.0
22.0
23.0
-63.0
-32.0
-36.0
-43.0
-27.0
-56.0
-77.0
-79.0
-16.0
-18.0
-45.0
-78.0
-217.0
-118.0
-38.0
72.0
102.0
121.0
82.0
85.0
35.0
20.0
36.0
18.0
30.0
38.0
57.0
64.0
67.0
71.0
32.0
30.0
11.0
44.0
37.0
27.0
7.0
8.0
-24.0
-27.0
-13.0
-53.0
-17.0
-32.0
-111.0
-170.0
-176.0
-141.0
-73.0
-72.0
-48.0
8.0
75.0
56.0
40.0
35.0
129.0
154.0
181.0
186.0
143.0
150.0
135.0
95.0
143.0
140.0
71.0
23.0
17.0
15.0
-92.0
-123.0
-105.0
-131.0
-110.0
-114.0
-110.0
-144.0
-155.0
-149.0
-139.0
-200.0
-134.0
-82.0
-30.0
-37.0
2.0
35.0
53.0
59.0
101.0
58.0
33.0
106.0
95.0
12.0
-61.0
-69.0
-16.0
-20.0
29.0
12.0
-27.0
-27.0
-43.0
-29.0
-33.0
-13.0
-17.0
-16.0
-7.0
-57.0
-163.0
-140.0
-57.0
-60.0
22.0
80.0
26.0
29.0
18.0
8.0
26.0
60.0
76.0
46.0
41.0
41.0
16.0
17.0
13.0
-17.0
-16.0
-22.0
-31.0
-56.0
-125.0
-120.0
-81.0
-79.0
-43.0
44.0
-62.0
-73.0
-76.0
-61.0
-21.0
-10.0
-27.0
-31.0
-18.0
-64.0
-35.0
-12.0
10.0
39.0
52.0
-30.0
-29.0
-33.0
-103.0
-127.0
-105.0
0.0
49.0
-29.0
65.0
81.0
89.0
77.0
69.0
95.0
61.0
104.0
112.0
120.0
120.0
163.0
85.0
80.0
35.0
-29.0
-112.0
-52.0
-57.0
-120.0
-57.0
-79.0
-31.0
-29.0
-54.0
-117.0
-49.0
9.0
44.0
83.0
104.0
102.0
129.0
136.0
148.0
114.0
138.0
103.0
95.0
27.0
-20.0
-17.0
-14.0
-10.0
1.0
-4.0
4.0
-35.0
-50.0
-42.0
-48.0
-53.0
-97.0
-102.0
-126.0
-122.0
-146.0
-204.0
-152.0
-78.0
-66.0
3.0
59.0
68.0
55.0
59.0
80.0
20.0
22.0
0.0
22.0
62.0
22.0
22.0
7.0
30.0
11.0
-74.0
48.0
93.0
134.0
108.0
20.0
9.0
111.0
110.0
50.0
47.0
42.0
19.0
-29.0
-1.0
-33.0
-33.0
-45.0
-83.0
-123.0
-145.0
-178.0
-179.0
-161.0
-141.0
-122.0
-117.0
-145.0
-104.0
-89.0
8.0
26.0
15.0
66.0
12.0
19.0
23.0
53.0
34.0
-24.0
38.0
13.0
-62.0
-60.0
-43.0
-67.0
-70.0
-52.0
-25.0
-10.0
-31.0
-9.0
83.0
108.0
72.0
78.0
71.0
94.0
-66.0
-34.0
-7.0
43.0
66.0
66.0
57.0
40.0
37.0
-89.0
-80.0
-112.0
-21.0
8.0
34.0
29.0
-56.0
-4.0
2.0
-33.0
-12.0
19.0
-2.0
4.0
-9.0
-3.0
-20.0
4.0
10.0
14.0
13.0
71.0
18.0
7.0
-19.0
27.0
48.0
42.0
32.0
10.0
-18.0
-45.0
-46.0
-11.0
-38.0
-37.0
-16.0
-1.0
2.0
3.0
32.0
9.0
-5.0
42.0
16.0
28.0
26.0
89.0
90.0
49.0
57.0
34.0
-21.0
27.0
14.0
59.0
29.0
22.0
22.0
-23.0
-60.0
-110.0
-132.0
-52.0
-38.0
-57.0
-70.0
56.0
57.0
-36.0
-30.0
-39.0
-3.0
-30.0
-24.0
-6.0
0.0
11.0
10.0
31.0
7.0
32.0
24.0
-31.0
-44.0
-30.0
-39.0
-33.0
-43.0
-51.0
-19.0
-60.0
-28.0
-63.0
-76.0
-72.0
-46.0
-5.0
-7.0
49.0
38.0
28.0
14.0
59.0
52.0
61.0
68.0
60.0
61.0
37.0
29.0
50.0
35.0
-21.0
2.0
27.0
6.0
-1.0
4.0
-7.0
-50.0
-51.0
-60.0
7.0
-11.0
17.0
21.0
-44.0
-47.0
52.0
16.0
5.0
-44.0
-66.0
-42.0
-49.0
-70.0
-41.0
-34.0
-29.0
12.0
60.0
16.0
-13.0
41.0
57.0
8.0
-27.0
-35.0
-2.0
-42.0
-4.0
-30.0
-68.0
-80.0
-57.0
-29.0
14.0
17.0
-65.0
21.0
5.0
50.0
23.0
-28.0
-35.0
-29.0
-46.0
-45.0
-28.0
-102.0
-43.0
51.0
21.0
34.0
67.0
168.0
88.0
79.0
77.0
82.0
47.0
-19.0
-42.0
-13.0
27.0
1.0
-12.0
-25.0
-36.0
-106.0
-97.0
-64.0
-55.0
3.0
-30.0
-59.0
-123.0
-116.0
-25.0
1.0
-18.0
82.0
77.0
-28.0
31.0
30.0
68.0
67.0
46.0
42.0
-11.0
-20.0
-17.0
-30.0
-42.0
-33.0
12.0
13.0
-2.0
-1.0
15.0
8.0
3.0
27.0
40.0
14.0
15.0
17.0
24.0
-34.0
-23.0
-32.0
-44.0
-58.0
9.0
-1.0
-19.0
-19.0
-29.0
8.0
2.0
-58.0
-41.0
-67.0
-42.0
5.0
-38.0
-36.0
-24.0
-8.0
33.0
39.0
111.0
78.0
84.0
42.0
-22.0
-27.0
-53.0
-53.0
26.0
128.0
48.0
13.0
-28.0
-47.0
-31.0
-34.0
10.0
19.0
40.0
14.0
3.0
68.0
24.0
34.0
47.0
46.0
25.0
-41.0
-47.0
-9.0
22.0
-25.0
-89.0
-47.0
-39.0
-29.0
-53.0
-21.0
56.0
27.0
-40.0
-30.0
-62.0
-107.0
-81.0
-77.0
-38.0
-77.0
-46.0
-11.0
3.0
-36.0
-29.0
-106.0
-155.0
-154.0
-159.0
-95.0
-64.0
-14.0
43.0
42.0
70.0
88.0
119.0
121.0
164.0
155.0
177.0
100.0
36.0
74.0
85.0
115.0
110.0
101.0
24.0
-39.0
-46.0
-27.0
-13.0
-44.0
-78.0
-92.0
-27.0
-27.0
-1.0
-31.0
-45.0
-33.0
11.0
-44.0
6.0
33.0
-66.0
-67.0
-45.0
-10.0
-43.0
-34.0
-85.0
-118.0
-58.0
-98.0
-131.0
-130.0
-124.0
-48.0
-58.0
-105.0
-148.0
-144.0
-131.0
-54.0
9.0
13.0
6.0
49.0
86.0
134.0
207.0
186.0
150.0
177.0
185.0
193.0
218.0
141.0
96.0
137.0
89.0
53.0
64.0
6.0
0.0
12.0
-25.0
-65.0
-43.0
-48.0
-66.0
-72.0
-87.0
-94.0
-61.0
-57.0
-47.0
-74.0
-83.0
-74.0
-138.0
-174.0
-204.0
-157.0
-180.0
-171.0
-143.0
-84.0
-74.0
-29.0
47.0
59.0
52.0
21.0
67.0
66.0
57.0
54.0
65.0
79.0
71.0
39.0
100.0
84.0
66.0
67.0
1.0
-13.0
11.0
37.0
28.0
34.0
-16.0
-44.0
-15.0
-9.0
-56.0
-70.0
-70.0
-81.0
-66.0
-43.0
-56.0
2.0
6.0
7.0
48.0
38.0
47.0
23.0
-42.0
4.0
-25.0
-70.0
-27.0
-24.0
-9.0
3.0
-16.0
16.0
20.0
17.0
-41.0
-24.0
8.0
4.0
-54.0
69.0
-9.0
-119.0
-120.0
-33.0
33.0
69.0
98.0
105.0
117.0
124.0
79.0
37.0
-13.0
-4.0
3.0
43.0
6.0
5.0
-10.0
-22.0
6.0
-15.0
-16.0
-1.0
-19.0
11.0
17.0
22.0
-4.0
5.0
-7.0
58.0
41.0
44.0
27.0
66.0
17.0
24.0
-45.0
-36.0
-66.0
-20.0
-8.0
-6.0
38.0
7.0
-22.0
-28.0
-27.0
-12.0
30.0
20.0
30.0
-10.0
-33.0
-86.0
-86.0
-94.0
-73.0
-25.0
-35.0
-15.0
-53.0
-39.0
3.0
18.0
1.0
3.0
40.0
35.0
72.0
44.0
24.0
59.0
-2.0
-11.0
14.0
17.0
20.0
-31.0
-8.0
-64.0
-20.0
37.0
14.0
-96.0
-40.0
-42.0
-63.0
-79.0
-75.0
-136.0
-24.0
-17.0
14.0
-2.0
18.0
24.0
17.0
-11.0
-79.0
-124.0
-109.0
-135.0
-109.0
-48.0
-23.0
-29.0
-68.0
-36.0
34.0
73.0
134.0
95.0
126.0
146.0
186.0
184.0
102.0
53.0
-38.0
-11.0
40.0
-27.0
-47.0
-8.0
-50.0
-44.0
76.0
159.0
161.0
126.0
74.0
62.0
98.0
99.0
79.0
70.0
-14.0
43.0
-5.0
0.0
-79.0
-65.0
-98.0
-73.0
-90.0
-101.0
-26.0
-60.0
-110.0
-120.0
-129.0
-113.0
-126.0
-73.0
-88.0
-85.0
-19.0
-26.0
-51.0
-73.0
-102.0
-40.0
-48.0
-73.0
-67.0
-68.0
-33.0
-71.0
-85.0
-87.0
-93.0
-83.0
-24.0
33.0
37.0
43.0
38.0
72.0
104.0
85.0
171.0
151.0
103.0
3.0
31.0
29.0
48.0
5.0
-38.0
-19.0
78.0
128.0
82.0
89.0
111.0
109.0
94.0
79.0
84.0
12.0
26.0
14.0
65.0
28.0
-71.0
-70.0
-69.0
-50.0
-13.0
-20.0
-5.0
17.0
40.0
76.0
38.0
30.0
24.0
45.0
69.0
39.0
-2.0
-64.0
-29.0
-47.0
-27.0
-28.0
-39.0
-64.0
-70.0
-79.0
-36.0
-61.0
-57.0
-52.0
-82.0
-71.0
-54.0
-73.0
-24.0
-69.0
-64.0
-152.0
-170.0
-241.0
-227.0
-219.0
-187.0
-160.0
-33.0
41.0
55.0
162.0
147.0
122.0
105.0
102.0
89.0
84.0
129.0
113.0
91.0
74.0
5.0
-18.0
0.0
4.0
-39.0
-63.0
-70.0
-110.0
-85.0
-63.0
0.0
-52.0
-79.0
-74.0
-134.0
-122.0
-44.0
1.0
1.0
7.0
16.0
70.0
120.0
115.0
114.0
57.0
76.0
55.0
25.0
-20.0
-54.0
-20.0
6.0
10.0
-27.0
-21.0
-30.0
-46.0
8.0
48.0
57.0
7.0
14.0
10.0
-30.0
16.0
-45.0
-84.0
-88.0
-29.0
-13.0
-37.0
-31.0
-42.0
-55.0
-20.0
-64.0
-4.0
-66.0
-93.0
-69.0
-14.0
26.0
29.0
10.0
-24.0
44.0
31.0
51.0
17.0
43.0
23.0
71.0
66.0
80.0
51.0
5.0
15.0
34.0
37.0
29.0
-33.0
-11.0
-8.0
22.0
39.0
17.0
36.0
24.0
-38.0
-27.0
30.0
68.0
71.0
42.0
74.0
44.0
62.0
71.0
81.0
21.0
-18.0
43.0
43.0
34.0
16.0
17.0
-34.0
-47.0
-72.0
-121.0
-111.0
-77.0
-82.0
-71.0
-104.0
-78.0
47.0
59.0
31.0
2.0
9.0
1.0
-1.0
80.0
134.0
125.0
75.0
20.0
-16.0
-28.0
-17.0
-2.0
6.0
-18.0
-85.0
-107.0
-151.0
-154.0
-105.0
-88.0
-31.0
-58.0
-60.0
4.0
-5.0
60.0
61.0
109.0
57.0
44.0
55.0
73.0
77.0
42.0
37.0
10.0
-100.0
-81.0
-38.0
-13.0
-15.0
-75.0
-73.0
-65.0
-21.0
18.0
-38.0
52.0
40.0
-7.0
-3.0
1.0
0.0
52.0
12.0
2.0
-7.0
-66.0
-88.0
-53.0
-36.0
-24.0
-18.0
-34.0
-37.0
-50.0
-103.0
-41.0
-47.0
-52.0
-71.0
-1.0
1.0
-12.0
-28.0
-9.0
7.0
-16.0
16.0
8.0
-59.0
-53.0
-49.0
-57.0
-101.0
-37.0
-21.0
-34.0
-1.0
49.0
89.0
69.0
59.0
43.0
-17.0
-33.0
0.0
18.0
33.0
31.0
-13.0
-8.0
-8.0
-13.0
-49.0
-67.0
-63.0
-46.0
7.0
10.0
43.0
103.0
100.0
62.0
56.0
92.0
80.0
53.0
48.0
-2.0
8.0
-11.0
-20.0
50.0
4.0
30.0
66.0
12.0
-8.0
-28.0
6.0
-9.0
-4.0
12.0
72.0
25.0
-7.0
19.0
38.0
-56.0
-28.0
-54.0
-37.0
6.0
-50.0
-114.0
-144.0
-145.0
-144.0
-91.0
-17.0
-33.0
-35.0
19.0
70.0
141.0
85.0
113.0
139.0
113.0
101.0
124.0
131.0
97.0
25.0
-59.0
8.0
37.0
73.0
46.0
3.0
-2.0
-10.0
-22.0
20.0
8.0
26.0
-11.0
-12.0
-51.0
-21.0
0.0
-5.0
-27.0
-35.0
-37.0
-79.0
-75.0
-87.0
-85.0
-97.0
-78.0
-76.0
-74.0
-86.0
-118.0
-78.0
-7.0
-8.0
25.0
96.0
2.0
-2.0
-53.0
-68.0
-78.0
-24.0
80.0
-21.0
-74.0
-121.0
-49.0
-45.0
-5.0
74.0
75.0
84.0
82.0
42.0
-29.0
-49.0
51.0
52.0
20.0
15.0
-23.0
-45.0
-44.0
-54.0
-14.0
7.0
79.0
80.0
123.0
66.0
-98.0
-115.0
49.0
103.0
49.0
44.0
65.0
60.0
63.0
45.0
8.0
-5.0
3.0
27.0
-34.0
-113.0
-83.0
-84.0
-119.0
-107.0
-32.0
27.0
37.0
79.0
50.0
26.0
-42.0
-49.0
-4.0
-83.0
-22.0
-1.0
-16.0
-28.0
-72.0
-36.0
47.0
48.0
59.0
59.0
29.0
34.0
39.0
15.0
-14.0
9.0
-50.0
-44.0
-71.0
-117.0
-126.0
-181.0
-53.0
3.0
11.0
12.0
11.0
0.0
51.0
14.0
-2.0
21.0
3.0
96.0
42.0
-28.0
-19.0
-21.0
-39.0
-12.0
62.0
47.0
5.0
-19.0
-65.0
-27.0
-1.0
0.0
11.0
9.0
-40.0
-7.0
-38.0
-53.0
-64.0
40.0
106.0
107.0
96.0
22.0
27.0
-17.0
-57.0
-39.0
-31.0
14.0
-53.0
-52.0
-47.0
-33.0
38.0
-22.0
-33.0
-21.0
-107.0
-88.0
-100.0
-92.0
-84.0
-36.0
21.0
20.0
1.0
14.0
-22.0
-29.0
-33.0
-29.0
14.0
22.0
10.0
-10.0
0.0
-52.0
-108.0
-81.0
-47.0
-41.0
-33.0
33.0
97.0
62.0
107.0
124.0
134.0
87.0
64.0
64.0
52.0
117.0
73.0
95.0
94.0
44.0
14.0
-19.0
-10.0
-15.0
-15.0
-32.0
-36.0
-18.0
57.0
-28.0
-55.0
-75.0
-94.0
-84.0
-144.0
-168.0
-136.0
-176.0
-150.0
-94.0
-33.0
-11.0
36.0
31.0
81.0
36.0
68.0
160.0
105.0
128.0
147.0
86.0
70.0
74.0
92.0
73.0
83.0
39.0
57.0
-4.0
-24.0
-18.0
-116.0
-110.0
-136.0
-150.0
-150.0
-121.0
-84.0
-66.0
-68.0
0.0
-67.0
-70.0
-9.0
-12.0
2.0
61.0
138.0
70.0
5.0
28.0
41.0
33.0
31.0
18.0
-52.0
-54.0
-20.0
-40.0
-43.0
-26.0
17.0
16.0
19.0
5.0
-24.0
-53.0
-58.0
-72.0
-9.0
-8.0
52.0
47.0
-49.0
-80.0
-23.0
-71.0
-25.0
-45.0
-5.0
38.0
74.0
67.0
13.0
-2.0
47.0
82.0
66.0
-29.0
-17.0
-53.0
-18.0
-14.0
15.0
31.0
43.0
-6.0
-31.0
-11.0
1.0
-13.0
-7.0
-2.0
0.0
48.0
71.0
70.0
47.0
41.0
82.0
38.0
8.0
7.0
11.0
-9.0
26.0
60.0
-16.0
-20.0
21.0
59.0
6.0
4.0
-17.0
-28.0
-25.0
18.0
-38.0
-72.0
-78.0
-37.0
-3.0
12.0
-57.0
-8.0
15.0
-12.0
-58.0
-96.0
-115.0
-91.0
-119.0
-120.0
-65.0
19.0
-53.0
-158.0
-132.0
-57.0
7.0
79.0
48.0
44.0
70.0
33.0
113.0
95.0
27.0
-37.0
29.0
70.0
40.0
43.0
-25.0
15.0
21.0
33.0
25.0
12.0
26.0
63.0
27.0
24.0
20.0
5.0
-27.0
-20.0
-42.0
-31.0
-83.0
-49.0
5.0
3.0
-57.0
-47.0
-65.0
-77.0
-38.0
11.0
34.0
-22.0
-48.0
-45.0
-38.0
-42.0
-14.0
-74.0
-74.0
-40.0
-12.0
36.0
63.0
65.0
40.0
62.0
44.0
29.0
7.0
-31.0
4.0
9.0
2.0
3.0
-68.0
-37.0
28.0
52.0
14.0
42.0
93.0
62.0
53.0
51.0
43.0
-28.0
-17.0
6.0
21.0
-6.0
-15.0
-59.0
-8.0
-3.0
-7.0
-4.0
38.0
2.0
98.0
56.0
132.0
37.0
19.0
13.0
15.0
33.0
11.0
40.0
57.0
-22.0
-153.0
-268.0
-260.0
-262.0
-137.0
-26.0
-23.0
-19.0
17.0
51.0
128.0
151.0
106.0
105.0
36.0
65.0
54.0
40.0
75.0
36.0
32.0
25.0
-42.0
-32.0
-90.0
-87.0
-81.0
-82.0
-74.0
-57.0
-102.0
-43.0
-19.0
-18.0
-22.0
11.0
26.0
-10.0
40.0
72.0
61.0
25.0
37.0
43.0
49.0
43.0
14.0
-20.0
3.0
-54.0
-77.0
-133.0
-169.0
-169.0
-194.0
-238.0
-158.0
-137.0
-73.0
-35.0
42.0
85.0
97.0
108.0
104.0
85.0
112.0
93.0
112.0
117.0
108.0
45.0
68.0
71.0
21.0
23.0
7.0
-130.0
-176.0
-175.0
-166.0
-197.0
-151.0
-150.0
-57.0
57.0
47.0
77.0
139.0
137.0
153.0
141.0
140.0
140.0
155.0
153.0
135.0
65.0
36.0
13.0
-24.0
-65.0
-92.0
-98.0
-125.0
-134.0
-129.0
-141.0
-105.0
-93.0
-132.0
-184.0
-83.0
-79.0
35.0
-2.0
54.0
9.0
54.0
11.0
14.0
88.0
36.0
22.0
-29.0
-25.0
-64.0
-95.0
-119.0
-128.0
-121.0
-13.0
-30.0
-21.0
-30.0
0.0
45.0
94.0
67.0
86.0
54.0
82.0
70.0
79.0
59.0
-48.0
-112.0
-21.0
29.0
-48.0
-104.0
-142.0
-38.0
-33.0
60.0
46.0
105.0
96.0
-3.0
-53.0
-17.0
16.0
-56.0
-55.0
-54.0
-6.0
33.0
17.0
-37.0
-16.0
11.0
108.0
21.0
25.0
45.0
69.0
29.0
10.0
-42.0
-130.0
-145.0
-149.0
-157.0
-153.0
72.0
128.0
54.0
16.0
8.0
21.0
-13.0
-106.0
-44.0
-40.0
-22.0
-49.0
-41.0
18.0
45.0
109.0
160.0
109.0
66.0
58.0
-44.0
44.0
104.0
54.0
-74.0
11.0
25.0
45.0
112.0
122.0
45.0
15.0
106.0
24.0
-61.0
-91.0
-60.0
-55.0
-90.0
-90.0
-32.0
-69.0
-57.0
-48.0
17.0
51.0
79.0
77.0
-5.0
-13.0
-69.0
88.0
71.0
45.0
8.0
-40.0
-28.0
3.0
39.0
44.0
-55.0
-13.0
14.0
-75.0
7.0
-6.0
-22.0
-51.0
-47.0
-44.0
-28.0
-23.0
-89.0
-57.0
-19.0
-15.0
-2.0
-33.0
-42.0
-48.0
-122.0
-194.0
-134.0
-115.0
-126.0
-61.0
-11.0
-21.0
-5.0
-5.0
73.0
15.0
54.0
59.0
151.0
173.0
73.0
29.0
66.0
58.0
111.0
172.0
159.0
132.0
74.0
61.0
81.0
79.0
47.0
57.0
-35.0
-6.0
-91.0
-52.0
29.0
82.0
11.0
22.0
-60.0
-61.0
-76.0
-71.0
-71.0
-89.0
-35.0
-88.0
-83.0
-67.0
-46.0
-41.0
-28.0
-66.0
-27.0
13.0
-60.0
-45.0
-44.0
-19.0
-50.0
-53.0
-12.0
-85.0
-77.0
-9.0
-56.0
-53.0
-52.0
2.0
29.0
33.0
91.0
108.0
115.0
121.0
104.0
63.0
47.0
8.0
-12.0
-20.0
-14.0
24.0
-8.0
3.0
48.0
38.0
67.0
76.0
28.0
30.0
83.0
97.0
116.0
100.0
112.0
86.0
9.0
0.0
-8.0
-8.0
-51.0
-83.0
-68.0
-52.0
-15.0
15.0
8.0
4.0
-69.0
-68.0
-36.0
-50.0
-69.0
-61.0
-77.0
-89.0
-44.0
-28.0
-79.0
-84.0
-114.0
-53.0
-57.0
-50.0
-124.0
-63.0
-86.0
-86.0
-107.0
-104.0
-72.0
-124.0
-86.0
-53.0
-36.0
-6.0
4.0
-34.0
-7.0
-2.0
-10.0
16.0
9.0
-4.0
-35.0
-31.0
-27.0
2.0
-19.0
-18.0
-38.0
6.0
9.0
-4.0
96.0
94.0
89.0
110.0
40.0
43.0
-1.0
39.0
29.0
-39.0
-52.0
-60.0
-32.0
-47.0
-32.0
-29.0
44.0
95.0
71.0
64.0
107.0
144.0
36.0
-34.0
17.0
24.0
91.0
52.0
44.0
30.0
-39.0
-39.0
-50.0
-77.0
-58.0
-58.0
-35.0
9.0
-60.0
-27.0
-50.0
-63.0
-120.0
-109.0
-65.0
-67.0
-64.0
-36.0
-10.0
6.0
33.0
28.0
7.0
44.0
109.0
106.0
50.0
69.0
70.0
86.0
174.0
137.0
92.0
30.0
-43.0
-49.0
-75.0
-55.0
-23.0
1.0
-47.0
-46.0
-10.0
31.0
-5.0
-5.0
-42.0
-91.0
-53.0
-62.0
-93.0
-128.0
-140.0
-94.0
-99.0
-97.0
-114.0
-94.0
-43.0
16.0
40.0
48.0
100.0
125.0
162.0
163.0
112.0
95.0
-15.0
-41.0
46.0
168.0
111.0
24.0
-32.0
-34.0
-3.0
-94.0
-48.0
29.0
85.0
-54.0
-96.0
-64.0
60.0
66.0
27.0
45.0
77.0
88.0
93.0
95.0
66.0
80.0
104.0
102.0
34.0
-67.0
-59.0
-43.0
-27.0
-47.0
-43.0
-62.0
-120.0
-125.0
-116.0
-61.0
-54.0
-21.0
-69.0
-43.0
12.0
-33.0
-30.0
-34.0
-125.0
-180.0
-194.0
-88.0
-22.0
2.0
44.0
72.0
101.0
101.0
137.0
125.0
80.0
82.0
77.0
65.0
97.0
109.0
112.0
115.0
93.0
34.0
-5.0
-7.0
-23.0
-36.0
-25.0
-15.0
-40.0
-49.0
-27.0
-93.0
-103.0
-24.0
-112.0
-154.0
-123.0
-110.0
-60.0
-60.0
-138.0
-87.0
-41.0
-59.0
-31.0
-37.0
-49.0
-44.0
-95.0
-97.0
-132.0
-27.0
21.0
12.0
-83.0
-128.0
8.0
44.0
-33.0
-37.0
34.0
46.0
57.0
37.0
-40.0
-103.0
-87.0
36.0
130.0
130.0
186.0
147.0
101.0
34.0
-34.0
-34.0
4.0
1.0
-15.0
-15.0
-72.0
-11.0
111.0
98.0
64.0
14.0
62.0
112.0
80.0
85.0
93.0
58.0
17.0
11.0
46.0
46.0
25.0
-26.0
-92.0
-92.0
-63.0
-52.0
-58.0
-43.0
-63.0
-49.0
-60.0
-57.0
-30.0
-31.0
-33.0
9.0
59.0
57.0
-18.0
-167.0
-197.0
-231.0
-220.0
-222.0
-117.0
24.0
166.0
141.0
63.0
-3.0
-47.0
-1.0
76.0
82.0
117.0
113.0
10.0
35.0
45.0
62.0
-11.0
-26.0
20.0
23.0
28.0
47.0
26.0
-20.0
-66.0
-157.0
-99.0
-57.0
-89.0
-82.0
-20.0
75.0
86.0
18.0
68.0
111.0
126.0
132.0
91.0
90.0
58.0
55.0
12.0
-90.0
-102.0
-44.0
-8.0
-76.0
-42.0
-34.0
2.0
-31.0
43.0
-17.0
-39.0
-37.0
-2.0
17.0
37.0
33.0
33.0
15.0
4.0
17.0
-18.0
15.0
51.0
47.0
-18.0
-16.0
-112.0
-106.0
-99.0
-79.0
-80.0
-16.0
8.0
29.0
17.0
16.0
30.0
36.0
3.0
8.0
8.0
-39.0
-54.0
23.0
29.0
25.0
11.0
37.0
100.0
45.0
29.0
30.0
10.0
-5.0
9.0
8.0
-10.0
-69.0
-40.0
-74.0
7.0
-31.0
-38.0
-60.0
-98.0
-97.0
-65.0
-100.0
-84.0
3.0
12.0
9.0
-18.0
-39.0
-67.0
-66.0
-40.0
9.0
64.0
47.0
20.0
38.0
115.0
38.0
19.0
17.0
49.0
6.0
6.0
-48.0
-62.0
-51.0
-120.0
-39.0
26.0
28.0
41.0
1.0
-54.0
-90.0
-86.0
-73.0
-7.0
51.0
43.0
50.0
4.0
-11.0
16.0
-2.0
-21.0
-21.0
-129.0
-87.0
-9.0
-2.0
7.0
40.0
102.0
107.0
108.0
117.0
46.0
28.0
2.0
10.0
21.0
51.0
-29.0
2.0
0.0
-28.0
-30.0
-44.0
-12.0
-7.0
-38.0
-36.0
-88.0
-87.0
-42.0
-2.0
-39.0
-39.0
-55.0
-54.0
-76.0
-57.0
13.0
44.0
21.0
60.0
65.0
22.0
-29.0
-38.0
-23.0
-52.0
-44.0
14.0
38.0
-23.0
-21.0
-1.0
-18.0
-16.0
-28.0
-13.0
5.0
-29.0
-2.0
-17.0
-35.0
4.0
-30.0
-38.0
-47.0
-51.0
7.0
28.0
23.0
61.0
80.0
96.0
87.0
85.0
77.0
94.0
61.0
70.0
26.0
0.0
-20.0
-16.0
-22.0
-28.0
-48.0
-68.0
-58.0
-4.0
-42.0
-51.0
-126.0
-146.0
-143.0
-152.0
-194.0
-207.0
-85.0
11.0
20.0
44.0
20.0
59.0
49.0
53.0
15.0
-5.0
-40.0
-63.0
-29.0
42.0
14.0
66.0
47.0
42.0
71.0
82.0
83.0
79.0
22.0
43.0
64.0
38.0
77.0
76.0
59.0
33.0
43.0
44.0
-14.0
-48.0
-73.0
-56.0
-53.0
-50.0
-83.0
-156.0
-165.0
-159.0
-167.0
-99.0
-88.0
-43.0
51.0
58.0
89.0
100.0
142.0
158.0
145.0
111.0
108.0
140.0
114.0
111.0
128.0
87.0
79.0
36.0
46.0
9.0
-35.0
-32.0
0.0
-2.0
-54.0
-89.0
-144.0
-130.0
-81.0
-43.0
-119.0
-83.0
-16.0
-15.0
-1.0
-71.0
-72.0
-61.0
-98.0
-100.0
-139.0
-140.0
-17.0
-23.0
-90.0
-24.0
-27.0
39.0
94.0
102.0
96.0
72.0
107.0
111.0
105.0
66.0
70.0
30.0
39.0
14.0
31.0
47.0
94.0
90.0
-6.0
-25.0
46.0
67.0
52.0
18.0
7.0
-44.0
-98.0
-96.0
-70.0
-83.0
-47.0
-43.0
-93.0
-85.0
-68.0
-104.0
-116.0
-125.0
-141.0
-131.0
-147.0
-153.0
-158.0
-124.0
-47.0
-12.0
31.0
30.0
77.0
103.0
126.0
136.0
109.0
125.0
145.0
91.0
109.0
106.0
98.0
57.0
50.0
21.0
13.0
-36.0
-55.0
-71.0
-70.0
-68.0
-11.0
108.0
64.0
1.0
-60.0
-83.0
-59.0
-78.0
-107.0
-105.0
-94.0
-76.0
1.0
-7.0
-150.0
-213.0
-141.0
-60.0
-38.0
-36.0
50.0
38.0
24.0
14.0
66.0
2.0
14.0
41.0
100.0
107.0
109.0
68.0
63.0
59.0
24.0
21.0
-46.0
-9.0
6.0
11.0
-90.0
-88.0
-72.0
-99.0
-48.0
0.0
31.0
-21.0
-63.0
-60.0
-48.0
-42.0
-36.0
-61.0
-30.0
-37.0
66.0
62.0
122.0
116.0
62.0
114.0
59.0
40.0
85.0
131.0
90.0
116.0
175.0
177.0
144.0
147.0
137.0
37.0
-43.0
-94.0
-93.0
-63.0
-67.0
-71.0
-60.0
-63.0
-6.0
42.0
99.0
21.0
3.0
10.0
-50.0
-50.0
-16.0
24.0
65.0
89.0
78.0
-31.0
-43.0
-40.0
-1.0
-3.0
-22.0
-68.0
-164.0
-189.0
-211.0
-173.0
-122.0
-165.0
-72.0
-76.0
74.0
62.0
-2.0
20.0
33.0
43.0
88.0
33.0
70.0
65.0
83.0
7.0
29.0
71.0
20.0
0.0
-21.0
-27.0
-34.0
-34.0
-68.0
-140.0
-119.0
1.0
16.0
-37.0
-14.0
-1.0
-36.0
-36.0
-75.0
-53.0
-65.0
-78.0
-19.0
-46.0
-78.0
-50.0
-4.0
-11.0
4.0
-48.0
40.0
97.0
119.0
58.0
13.0
-25.0
-62.0
-62.0
2.0
55.0
2.0
-2.0
-11.0
-71.0
-20.0
-5.0
15.0
15.0
15.0
50.0
-21.0
-12.0
63.0
99.0
83.0
125.0
48.0
44.0
22.0
60.0
41.0
-18.0
-32.0
-60.0
-53.0
-78.0
-8.0
-11.0
-16.0
-85.0
-69.0
-47.0
-32.0
-18.0
-4.0
-6.0
11.0
7.0
-44.0
-64.0
-60.0
-62.0
-61.0
-70.0
-48.0
-72.0
-99.0
-97.0
-34.0
-34.0
-8.0
19.0
-6.0
-79.0
-60.0
35.0
88.0
88.0
73.0
64.0
102.0
173.0
95.0
75.0
93.0
44.0
41.0
41.0
57.0
-33.0
-65.0
-75.0
-85.0
-87.0
-86.0
-90.0
-27.0
-27.0
48.0
148.0
129.0
139.0
171.0
120.0
109.0
30.0
91.0
92.0
100.0
98.0
74.0
21.0
16.0
41.0
5.0
-53.0
-52.0
-60.0
-59.0
39.0
20.0
20.0
127.0
-31.0
-21.0
-110.0
-130.0
-130.0
-56.0
-64.0
-57.0
-40.0
-54.0
-81.0
-190.0
-204.0
-190.0
-181.0
-105.0
-52.0
-84.0
-33.0
-47.0
4.0
45.0
73.0
107.0
111.0
123.0
89.0
55.0
75.0
58.0
42.0
-6.0
-8.0
17.0
16.0
-40.0
-100.0
-82.0
-48.0
-86.0
-91.0
-68.0
-68.0
6.0
9.0
54.0
38.0
-59.0
-55.0
-18.0
-15.0
-16.0
-32.0
-87.0
-89.0
-9.0
-46.0
-101.0
-183.0
-212.0
-149.0
-98.0
-54.0
-5.0
-5.0
102.0
106.0
122.0
125.0
143.0
223.0
273.0
171.0
147.0
151.0
127.0
141.0
95.0
80.0
-14.0
-51.0
40.0
30.0
54.0
63.0
21.0
-42.0
-18.0
-28.0
-8.0
-63.0
-53.0
-89.0
-81.0
-87.0
-117.0
-186.0
-179.0
-86.0
-109.0
-167.0
-81.0
-80.0
-39.0
-44.0
-44.0
-68.0
-74.0
-23.0
-29.0
-20.0
-26.0
-29.0
-84.0
-86.0
-108.0
-55.0
-18.0
37.0
17.0
47.0
41.0
52.0
80.0
85.0
126.0
145.0
59.0
56.0
-4.0
42.0
48.0
-6.0
0.0
1.0
104.0
-8.0
-15.0
-58.0
-159.0
-103.0
-73.0
-37.0
-64.0
-62.0
11.0
9.0
-5.0
-2.0
-15.0
-1.0
56.0
2.0
-49.0
-49.0
19.0
2.0
53.0
-1.0
-50.0
-47.0
33.0
42.0
14.0
6.0
-36.0
-54.0
36.0
41.0
8.0
22.0
-9.0
-20.0
-16.0
-16.0
-26.0
-54.0
-97.0
-26.0
-33.0
-14.0
-8.0
21.0
-28.0
-31.0
-33.0
-62.0
-7.0
-22.0
1.0
-3.0
10.0
25.0
-22.0
-21.0
-22.0
15.0
-6.0
80.0
77.0
69.0
136.0
145.0
96.0
98.0
98.0
62.0
-36.0
-17.0
45.0
22.0
-6.0
-22.0
4.0
7.0
50.0
16.0
54.0
141.0
175.0
84.0
40.0
55.0
99.0
97.0
51.0
61.0
22.0
33.0
44.0
14.0
-84.0
-112.0
-142.0
-142.0
-97.0
-98.0
-146.0
-107.0
-110.0
-166.0
-249.0
-133.0
-52.0
-48.0
57.0
73.0
31.0
-66.0
-18.0
-13.0
-25.0
-45.0
-111.0
-118.0
-147.0
-61.0
-91.0
-47.0
58.0
32.0
55.0
71.0
165.0
159.0
179.0
133.0
35.0
40.0
41.0
100.0
72.0
-1.0
-34.0
-35.0
-59.0
-162.0
-126.0
-35.0
-16.0
-78.0
-124.0
-75.0
-4.0
-9.0
18.0
36.0
58.0
92.0
25.0
-49.0
-39.0
-73.0
-71.0
-73.0
-91.0
-49.0
5.0
7.0
-19.0
-12.0
-53.0
-85.0
-131.0
-131.0
-97.0
-77.0
-25.0
18.0
-4.0
-40.0
13.0
18.0
25.0
15.0
-15.0
44.0
58.0
113.0
127.0
33.0
31.0
44.0
65.0
60.0
39.0
14.0
-17.0
6.0
-2.0
9.0
-24.0
-15.0
-19.0
-23.0
-6.0
11.0
-64.0
-18.0
-33.0
-44.0
4.0
-5.0
10.0
1.0
32.0
47.0
58.0
49.0
56.0
70.0
59.0
62.0
17.0
9.0
-16.0
-32.0
-32.0
-33.0
9.0
-31.0
7.0
39.0
64.0
71.0
79.0
98.0
58.0
17.0
-44.0
35.0
38.0
21.0
11.0
13.0
-46.0
-11.0
-3.0
-47.0
-48.0
-61.0
-61.0
-45.0
-99.0
-100.0
-165.0
-58.0
-40.0
-84.0
-95.0
-47.0
-23.0
9.0
51.0
51.0
78.0
-20.0
-24.0
7.0
-16.0
22.0
-15.0
45.0
103.0
109.0
74.0
85.0
118.0
8.0
-77.0
-46.0
-69.0
2.0
48.0
49.0
17.0
42.0
4.0
-32.0
15.0
21.0
-68.0
-63.0
-71.0
-70.0
-40.0
-28.0
-36.0
-28.0
-76.0
-56.0
-50.0
-37.0
-85.0
-80.0
0.0
-22.0
-57.0
-31.0
45.0
51.0
86.0
79.0
82.0
79.0
-1.0
27.0
-18.0
25.0
52.0
5.0
20.0
-3.0
9.0
8.0
-28.0
9.0
-34.0
-74.0
-101.0
-41.0
-17.0
-37.0
-15.0
-15.0
-36.0
-1.0
33.0
-19.0
14.0
17.0
-203.0
-155.0
-37.0
-24.0
76.0
47.0
45.0
-38.0
-96.0
-18.0
20.0
45.0
73.0
72.0
124.0
48.0
31.0
-9.0
1.0
-49.0
45.0
49.0
54.0
48.0
87.0
117.0
108.0
94.0
-94.0
-108.0
-98.0
-48.0
0.0
0.0
35.0
136.0
102.0
41.0
-24.0
-25.0
-8.0
-50.0
-57.0
-58.0
12.0
13.0
-97.0
-107.0
-85.0
-25.0
-20.0
-4.0
-12.0
-9.0
12.0
19.0
9.0
1.0
17.0
50.0
68.0
54.0
-4.0
-9.0
-46.0
-12.0
2.0
16.0
-1.0
-9.0
-38.0
-24.0
-44.0
-46.0
-9.0
-40.0
-110.0
-87.0
-127.0
-92.0
-64.0
-20.0
-22.0
-19.0
12.0
44.0
40.0
25.0
15.0
50.0
18.0
59.0
75.0
79.0
84.0
48.0
61.0
6.0
-39.0
-110.0
-120.0
-89.0
-46.0
-50.0
-64.0
-123.0
-92.0
-80.0
-55.0
33.0
84.0
145.0
133.0
134.0
188.0
113.0
82.0
75.0
32.0
46.0
101.0
20.0
8.0
-1.0
3.0
31.0
-13.0
-67.0
-167.0
-226.0
-182.0
-112.0
-89.0
-86.0
-59.0
-18.0
-28.0
-46.0
30.0
92.0
119.0
127.0
97.0
99.0
55.0
47.0
60.0
88.0
72.0
11.0
-50.0
-29.0
-65.0
-68.0
-31.0
-9.0
-58.0
2.0
3.0
-100.0
-69.0
-41.0
-120.0
-124.0
-90.0
-118.0
-140.0
-178.0
-153.0
-105.0
-86.0
-33.0
29.0
29.0
54.0
93.0
25.0
62.0
125.0
118.0
74.0
148.0
134.0
123.0
89.0
163.0
-8.0
2.0
19.0
-5.0
-37.0
-28.0
-49.0
-57.0
-90.0
-80.0
-141.0
-223.0
-70.0
-46.0
-62.0
17.0
20.0
19.0
88.0
63.0
46.0
49.0
28.0
50.0
65.0
92.0
47.0
40.0
52.0
-22.0
-70.0
11.0
76.0
-20.0
-30.0
-67.0
-48.0
-46.0
-92.0
-146.0
-34.0
23.0
75.0
36.0
81.0
65.0
30.0
27.0
61.0
55.0
89.0
49.0
59.0
50.0
60.0
15.0
7.0
11.0
20.0
-33.0
-83.0
-95.0
-49.0
-51.0
-34.0
-94.0
-92.0
-95.0
-137.0
-273.0
-294.0
-176.0
-82.0
-79.0
-74.0
-34.0
49.0
58.0
112.0
90.0
55.0
4.0
25.0
84.0
133.0
119.0
39.0
47.0
32.0
-48.0
4.0
98.0
119.0
70.0
22.0
9.0
12.0
17.0
53.0
-22.0
-74.0
-99.0
-93.0
-55.0
-31.0
-67.0
-18.0
-18.0
-50.0
54.0
40.0
25.0
1.0
1.0
43.0
21.0
-53.0
-53.0
-40.0
-17.0
-90.0
-31.0
-5.0
39.0
35.0
-55.0
-29.0
-33.0
-131.0
-1.0
19.0
-22.0
-56.0
-10.0
-15.0
-15.0
-32.0
-37.0
-55.0
-31.0
3.0
24.0
-40.0
-15.0
-25.0
-15.0
-20.0
-18.0
53.0
35.0
83.0
78.0
10.0
-15.0
22.0
36.0
45.0
44.0
48.0
28.0
2.0
-48.0
43.0
7.0
-8.0
-12.0
-88.0
-83.0
-30.0
51.0
-26.0
-62.0
-50.0
-12.0
-41.0
-265.0
-198.0
-202.0
-101.0
-57.0
-7.0
62.0
151.0
129.0
190.0
165.0
24.0
21.0
32.0
-46.0
-104.0
-173.0
-158.0
-95.0
-4.0
34.0
117.0
120.0
132.0
134.0
122.0
169.0
60.0
31.0
98.0
94.0
44.0
48.0
64.0
68.0
4.0
-19.0
-45.0
-69.0
-72.0
-74.0
-57.0
-53.0
-5.0
-6.0
8.0
-15.0
-8.0
-29.0
18.0
-25.0
-27.0
-22.0
-40.0
-58.0
-23.0
-21.0
-30.0
-23.0
-27.0
-24.0
44.0
49.0
-26.0
-18.0
-48.0
-59.0
8.0
-9.0
-10.0
-85.0
-41.0
-47.0
-47.0
-14.0
-20.0
5.0
-47.0
-43.0
35.0
37.0
27.0
31.0
2.0
-12.0
-13.0
-35.0
-39.0
-53.0
-78.0
-23.0
-25.0
-23.0
33.0
30.0
-5.0
-38.0
19.0
37.0
25.0
-28.0
19.0
19.0
36.0
-3.0
1.0
-63.0
-67.0
-14.0
10.0
31.0
-62.0
-62.0
-140.0
-37.0
80.0
116.0
55.0
-11.0
-69.0
-28.0
-36.0
-32.0
-28.0
-53.0
-25.0
23.0
53.0
68.0
40.0
-29.0
-56.0
-52.0
0.0
26.0
61.0
-1.0
-31.0
-2.0
123.0
94.0
5.0
-4.0
1.0
-28.0
-52.0
-112.0
-77.0
-24.0
-24.0
10.0
-65.0
-57.0
-114.0
-120.0
13.0
46.0
14.0
34.0
76.0
59.0
96.0
99.0
94.0
21.0
-17.0
-7.0
19.0
47.0
-26.0
-21.0
-2.0
-7.0
-107.0
-101.0
-82.0
-70.0
-44.0
57.0
99.0
126.0
181.0
188.0
168.0
87.0
82.0
54.0
-7.0
-84.0
-28.0
75.0
93.0
93.0
3.0
-92.0
-132.0
-64.0
-47.0
-38.0
-47.0
-14.0
-42.0
-47.0
-80.0
-141.0
-68.0
-22.0
-67.0
-60.0
-64.0
-51.0
-45.0
-45.0
-5.0
-38.0
6.0
-24.0
-66.0
-17.0
-18.0
-53.0
-8.0
-7.0
-12.0
2.0
22.0
92.0
112.0
69.0
76.0
32.0
53.0
55.0
62.0
68.0
57.0
60.0
40.0
17.0
2.0
37.0
29.0
24.0
19.0
35.0
-15.0
-71.0
-57.0
-16.0
11.0
10.0
33.0
30.0
-10.0
-22.0
-108.0
-143.0
-134.0
-53.0
-99.0
21.0
-10.0
-14.0
-29.0
-6.0
58.0
11.0
8.0
2.0
8.0
20.0
35.0
30.0
45.0
-5.0
-53.0
-60.0
-7.0
-41.0
14.0
1.0
2.0
1.0
6.0
18.0
-24.0
-59.0
-71.0
-78.0
-1.0
-30.0
0.0
-6.0
-62.0
-51.0
-8.0
30.0
61.0
34.0
86.0
63.0
73.0
76.0
84.0
86.0
79.0
68.0
65.0
26.0
-63.0
-44.0
-88.0
-91.0
-93.0
-126.0
-131.0
-45.0
-61.0
-71.0
-18.0
-15.0
40.0
43.0
-37.0
41.0
100.0
86.0
98.0
80.0
-14.0
81.0
67.0
61.0
55.0
61.0
-9.0
-22.0
-46.0
-88.0
-68.0
-3.0
-46.0
-53.0
-33.0
-35.0
-31.0
4.0
-21.0
-16.0
-44.0
-22.0
-34.0
-32.0
-14.0
-13.0
25.0
-13.0
-84.0
-155.0
-129.0
-113.0
-129.0
-125.0
-145.0
-141.0
-47.0
26.0
31.0
25.0
87.0
159.0
161.0
158.0
111.0
131.0
153.0
158.0
103.0
71.0
71.0
72.0
-55.0
-54.0
-83.0
-76.0
-111.0
-112.0
-82.0
-4.0
48.0
-68.0
-12.0
-11.0
52.0
81.0
36.0
15.0
18.0
13.0
28.0
27.0
13.0
15.0
10.0
3.0
31.0
79.0
-2.0
-195.0
-145.0
-70.0
-42.0
-37.0
-46.0
-69.0
-76.0
-90.0
-115.0
-195.0
-179.0
-175.0
-36.0
-32.0
20.0
29.0
23.0
-94.0
3.0
67.0
23.0
2.0
12.0
11.0
-75.0
-82.0
50.0
120.0
33.0
-51.0
-6.0
-32.0
10.0
13.0
107.0
111.0
75.0
39.0
63.0
53.0
88.0
73.0
40.0
30.0
24.0
-70.0
-109.0
-168.0
-179.0
-41.0
62.0
132.0
114.0
107.0
115.0
78.0
32.0
85.0
61.0
46.0
-89.0
-57.0
41.0
44.0
29.0
-71.0
-89.0
-149.0
-155.0
-141.0
-7.0
51.0
118.0
128.0
103.0
169.0
182.0
97.0
66.0
42.0
88.0
84.0
47.0
42.0
67.0
-34.0
14.0
41.0
-10.0
12.0
-5.0
37.0
83.0
78.0
-180.0
-280.0
-156.0
-94.0
3.0
-27.0
-25.0
-19.0
15.0
23.0
113.0
140.0
60.0
-94.0
-167.0
-133.0
-89.0
-10.0
-24.0
-17.0
19.0
30.0
53.0
82.0
106.0
35.0
-54.0
-93.0
-70.0
-61.0
-84.0
3.0
147.0
96.0
147.0
25.0
-84.0
-45.0
-35.0
-35.0
25.0
-38.0
-29.0
-3.0
-33.0
-4.0
-66.0
-134.0
-121.0
-126.0
-131.0
-58.0
-90.0
-79.0
-44.0
38.0
12.0
7.0
46.0
48.0
23.0
-39.0
-38.0
-60.0
-15.0
23.0
75.0
109.0
73.0
66.0
61.0
31.0
-5.0
31.0
21.0
88.0
44.0
50.0
-26.0
-33.0
-67.0
-57.0
-22.0
76.0
26.0
-30.0
-39.0
-50.0
-60.0
-63.0
-62.0
-68.0
-64.0
-32.0
13.0
27.0
20.0
-27.0
-71.0
-75.0
-37.0
18.0
19.0
10.0
32.0
-10.0
41.0
70.0
57.0
49.0
9.0
-37.0
-34.0
-50.0
-37.0
-33.0
-47.0
-133.0
-111.0
-120.0
-150.0
-164.0
-81.0
-37.0
-49.0
41.0
150.0
182.0
173.0
170.0
169.0
209.0
147.0
162.0
199.0
139.0
140.0
89.0
10.0
18.0
44.0
25.0
-62.0
-90.0
-86.0
-116.0
-200.0
-178.0
-137.0
-128.0
36.0
129.0
81.0
6.0
-29.0
-19.0
-58.0
15.0
55.0
57.0
61.0
61.0
18.0
-53.0
-88.0
-76.0
-34.0
-41.0
-13.0
-7.0
-38.0
-137.0
-119.0
-74.0
-87.0
-77.0
-28.0
-2.0
8.0
7.0
-45.0
-6.0
-43.0
-73.0
-59.0
-8.0
-11.0
-16.0
-4.0
2.0
-29.0
2.0
14.0
49.0
90.0
31.0
-8.0
-70.0
-94.0
-94.0
-30.0
-14.0
30.0
-21.0
-67.0
-116.0
-168.0
-137.0
-57.0
-56.0
10.0
64.0
44.0
137.0
150.0
227.0
170.0
224.0
-73.0
-75.0
-52.0
78.0
130.0
122.0
77.0
98.0
173.0
151.0
101.0
99.0
-52.0
-202.0
-222.0
-149.0
-84.0
-38.0
-51.0
-46.0
-52.0
-41.0
-6.0
37.0
62.0
74.0
17.0
46.0
-16.0
-60.0
-6.0
-6.0
-19.0
-85.0
-92.0
-70.0
-120.0
-143.0
-151.0
-113.0
-60.0
-61.0
-62.0
-45.0
-10.0
68.0
56.0
62.0
-27.0
-81.0
-35.0
-33.0
-60.0
2.0
21.0
2.0
31.0
110.0
133.0
68.0
59.0
62.0
46.0
81.0
69.0
81.0
60.0
56.0
76.0
52.0
8.0
7.0
-28.0
-77.0
-104.0
-72.0
-63.0
-75.0
-73.0
-10.0
-47.0
-46.0
-76.0
-95.0
-105.0
-73.0
-59.0
-71.0
-32.0
35.0
85.0
85.0
84.0
90.0
8.0
26.0
40.0
33.0
61.0
59.0
24.0
25.0
-6.0
-34.0
-44.0
-75.0
-30.0
-42.0
-28.0
-6.0
21.0
18.0
21.0
1.0
112.0
7.0
-20.0
28.0
41.0
53.0
43.0
51.0
-2.0
19.0
-66.0
-176.0
-132.0
-20.0
-31.0
-64.0
-133.0
-134.0
-48.0
-21.0
15.0
110.0
120.0
101.0
78.0
117.0
83.0
81.0
72.0
37.0
-11.0
36.0
25.0
25.0
86.0
20.0
-9.0
-11.0
-34.0
-60.0
-25.0
40.0
15.0
-48.0
-128.0
-144.0
-120.0
-129.0
-85.0
27.0
-2.0
-31.0
-66.0
-113.0
-114.0
-65.0
-36.0
-40.0
15.0
66.0
57.0
-21.0
-8.0
-6.0
1.0
70.0
79.0
69.0
-38.0
-15.0
3.0
51.0
39.0
11.0
18.0
2.0
-37.0
-42.0
-37.0
-52.0
71.0
107.0
58.0
46.0
-18.0
38.0
117.0
120.0
90.0
36.0
-17.0
-68.0
-105.0
-70.0
17.0
56.0
27.0
25.0
-13.0
-23.0
-42.0
-3.0
-81.0
-75.0
-65.0
-79.0
-115.0
-109.0
-116.0
-81.0
-12.0
-41.0
27.0
31.0
40.0
-3.0
21.0
19.0
83.0
2.0
-7.0
34.0
-4.0
-7.0
-32.0
-47.0
-62.0
-62.0
-52.0
-35.0
-38.0
-123.0
-10.0
79.0
150.0
115.0
128.0
124.0
140.0
148.0
116.0
96.0
58.0
89.0
119.0
95.0
104.0
106.0
24.0
38.0
-7.0
-119.0
-114.0
-132.0
-131.0
-153.0
-182.0
-187.0
-206.0
-159.0
-142.0
-148.0
-139.0
-73.0
-28.0
5.0
53.0
54.0
15.0
1.0
5.0
22.0
31.0
79.0
50.0
49.0
52.0
46.0
-24.0
20.0
-13.0
0.0
-13.0
-15.0
-81.0
-65.0
-75.0
-69.0
-65.0
-65.0
-82.0
-28.0
-9.0
79.0
33.0
-21.0
-55.0
-55.0
-81.0
-100.0
-111.0
-76.0
-32.0
-24.0
-51.0
-86.0
-70.0
-70.0
3.0
-43.0
-9.0
50.0
125.0
46.0
22.0
37.0
49.0
47.0
42.0
47.0
10.0
-29.0
-93.0
-54.0
-43.0
53.0
36.0
34.0
64.0
139.0
160.0
197.0
203.0
191.0
154.0
150.0
143.0
147.0
61.0
54.0
129.0
124.0
87.0
94.0
-2.0
32.0
-8.0
-9.0
-17.0
-43.0
-44.0
-81.0
-229.0
-234.0
-148.0
-90.0
-114.0
-114.0
-42.0
-34.0
-63.0
-113.0
-87.0
-77.0
4.0
-50.0
-68.0
-73.0
-44.0
-64.0
-91.0
-6.0
-11.0
-5.0
-54.0
-21.0
41.0
46.0
63.0
16.0
22.0
10.0
47.0
45.0
21.0
51.0
75.0
77.0
66.0
-13.0
21.0
4.0
-75.0
-29.0
17.0
30.0
57.0
50.0
43.0
-12.0
32.0
53.0
64.0
23.0
22.0
45.0
4.0
8.0
-6.0
-35.0
-78.0
-97.0
-125.0
-56.0
-78.0
-46.0
-42.0
-35.0
18.0
-17.0
-11.0
29.0
42.0
48.0
-29.0
4.0
-34.0
-27.0
8.0
39.0
16.0
-39.0
-48.0
-5.0
38.0
-22.0
-46.0
-53.0
-44.0
-17.0
-29.0
-213.0
-178.0
-94.0
20.0
73.0
85.0
87.0
102.0
118.0
75.0
94.0
117.0
140.0
90.0
65.0
151.0
155.0
117.0
56.0
43.0
26.0
-29.0
-11.0
-30.0
-30.0
5.0
10.0
-17.0
0.0
38.0
-5.0
-79.0
-60.0
-42.0
-47.0
-54.0
-59.0
-48.0
-94.0
-129.0
-114.0
-78.0
-77.0
-61.0
-45.0
-4.0
-3.0
18.0
-56.0
-165.0
-153.0
-82.0
-98.0
0.0
59.0
112.0
114.0
134.0
109.0
93.0
147.0
164.0
88.0
64.0
40.0
24.0
32.0
56.0
27.0
48.0
-8.0
-39.0
-47.0
-21.0
-25.0
48.0
46.0
63.0
-32.0
-35.0
-27.0
-40.0
-61.0
-33.0
-82.0
-47.0
-46.0
-20.0
-107.0
-72.0
-33.0
-46.0
-73.0
-70.0
-35.0
-33.0
-26.0
-67.0
-58.0
-95.0
-49.0
-138.0
-68.0
-64.0
-140.0
-92.0
-88.0
-98.0
-125.0
-84.0
-83.0
-24.0
8.0
112.0
205.0
104.0
109.0
100.0
145.0
139.0
197.0
184.0
170.0
106.0
101.0
157.0
165.0
70.0
61.0
72.0
59.0
7.0
-30.0
-71.0
-48.0
-133.0
-143.0
-112.0
-94.0
-131.0
-32.0
-33.0
-14.0
-18.0
6.0
50.0
51.0
163.0
150.0
58.0
30.0
48.0
64.0
-22.0
-50.0
-32.0
-42.0
-40.0
-127.0
-152.0
-63.0
22.0
-47.0
-45.0
32.0
103.0
109.0
32.0
20.0
77.0
117.0
85.0
64.0
72.0
51.0
37.0
33.0
-2.0
-2.0
-72.0
-96.0
-105.0
-90.0
-62.0
-72.0
-160.0
-158.0
-155.0
-131.0
-83.0
-85.0
-85.0
-25.0
24.0
28.0
18.0
11.0
-129.0
-166.0
-93.0
-112.0
-101.0
-115.0
-118.0
-92.0
36.0
43.0
74.0
61.0
127.0
166.0
163.0
208.0
176.0
140.0
108.0
103.0
98.0
138.0
116.0
122.0
63.0
38.0
13.0
-107.0
-77.0
-85.0
-98.0
-40.0
-68.0
-51.0
-90.0
-132.0
-65.0
-41.0
-64.0
-66.0
-9.0
-53.0
-100.0
-168.0
-178.0
-91.0
-28.0
35.0
-5.0
-1.0
-12.0
-49.0
-24.0
42.0
111.0
79.0
49.0
65.0
111.0
102.0
78.0
106.0
52.0
42.0
45.0
-2.0
-5.0
6.0
10.0
17.0
-45.0
-76.0
-92.0
-188.0
-136.0
-125.0
-52.0
-12.0
35.0
41.0
53.0
60.0
86.0
78.0
-7.0
24.0
66.0
52.0
-45.0
-56.0
-84.0
-62.0
8.0
24.0
-5.0
-68.0
-27.0
-22.0
-37.0
-30.0
-31.0
6.0
62.0
28.0
-34.0
-92.0
-30.0
30.0
86.0
85.0
27.0
-19.0
-34.0
-46.0
-43.0
-37.0
-11.0
-9.0
-92.0
-86.0
-30.0
-8.0
-86.0
-38.0
4.0
-28.0
-32.0
17.0
-9.0
-11.0
21.0
-5.0
-18.0
-109.0
-38.0
-10.0
23.0
9.0
6.0
2.0
-31.0
-20.0
-5.0
40.0
49.0
105.0
37.0
96.0
72.0
77.0
105.0
141.0
171.0
95.0
97.0
-44.0
22.0
-57.0
-74.0
-83.0
-71.0
-38.0
-65.0
-52.0
-37.0
10.0
26.0
78.0
42.0
49.0
107.0
162.0
83.0
8.0
6.0
26.0
-75.0
-65.0
-4.0
-6.0
70.0
100.0
20.0
-18.0
27.0
48.0
37.0
18.0
-23.0
-14.0
-34.0
-26.0
-28.0
-40.0
-68.0
-39.0
-77.0
-77.0
-137.0
-141.0
-202.0
-184.0
-108.0
-83.0
-77.0
-32.0
-44.0
-29.0
-23.0
-23.0
-5.0
63.0
64.0
-11.0
-62.0
-58.0
-68.0
24.0
51.0
53.0
19.0
-24.0
27.0
-15.0
-24.0
33.0
38.0
39.0
65.0
63.0
2.0
-83.0
-35.0
6.0
13.0
-6.0
-1.0
4.0
-13.0
-13.0
-42.0
-37.0
-14.0
-16.0
78.0
120.0
76.0
29.0
55.0
55.0
35.0
99.0
63.0
11.0
-18.0
-22.0
15.0
-28.0
-5.0
-3.0
-1.0
-44.0
-89.0
-62.0
-39.0
-39.0
-47.0
-48.0
-41.0
-48.0
-25.0
-30.0
-26.0
-33.0
-28.0
-15.0
13.0
31.0
-19.0
-23.0
46.0
74.0
52.0
24.0
-18.0
-29.0
18.0
23.0
20.0
24.0
1.0
-90.0
-52.0
22.0
-11.0
49.0
33.0
19.0
51.0
54.0
109.0
84.0
61.0
-11.0
-13.0
24.0
-28.0
51.0
44.0
42.0
-19.0
-35.0
-24.0
-6.0
-15.0
-18.0
30.0
27.0
38.0
38.0
-62.0
-78.0
-45.0
-7.0
-20.0
-57.0
17.0
-84.0
-87.0
-91.0
-67.0
-155.0
-246.0
-208.0
-83.0
16.0
61.0
123.0
72.0
68.0
63.0
56.0
91.0
139.0
153.0
175.0
128.0
88.0
-15.0
-14.0
37.0
86.0
51.0
-52.0
-60.0
8.0
15.0
-59.0
16.0
20.0
-3.0
23.0
64.0
20.0
-70.0
-167.0
-99.0
-107.0
-111.0
-115.0
-99.0
-129.0
-77.0
0.0
-2.0
10.0
14.0
27.0
21.0
32.0
36.0
29.0
55.0
39.0
-17.0
6.0
42.0
33.0
29.0
26.0
-9.0
-50.0
-1.0
17.0
-22.0
-74.0
-53.0
-90.0
-110.0
-107.0
-80.0
-28.0
10.0
-90.0
-89.0
-58.0
-85.0
-78.0
-36.0
-34.0
-15.0
-108.0
-67.0
-25.0
-2.0
20.0
9.0
22.0
17.0
18.0
30.0
6.0
16.0
4.0
-1.0
-64.0
-58.0
24.0
50.0
51.0
22.0
13.0
10.0
36.0
10.0
-38.0
-83.0
-69.0
-11.0
-7.0
-2.0
-87.0
-123.0
-138.0
-89.0
-107.0
-22.0
50.0
83.0
86.0
98.0
128.0
201.0
154.0
172.0
160.0
222.0
229.0
228.0
221.0
199.0
142.0
62.0
75.0
23.0
63.0
-19.0
-70.0
-46.0
-45.0
-21.0
-52.0
-60.0
-53.0
-25.0
-31.0
-17.0
-2.0
-6.0
-11.0
-67.0
-80.0
-30.0
-18.0
-1.0
-10.0
-10.0
-45.0
-160.0
-163.0
-124.0
-137.0
-108.0
-104.0
-8.0
-5.0
14.0
90.0
91.0
92.0
72.0
52.0
-10.0
4.0
36.0
81.0
68.0
-5.0
26.0
27.0
16.0
10.0
11.0
-44.0
-44.0
-9.0
25.0
-13.0
-1.0
15.0
-25.0
-37.0
-64.0
-101.0
-114.0
-110.0
-112.0
-129.0
-93.0
-98.0
-98.0
-79.0
-7.0
40.0
-22.0
-30.0
-2.0
-57.0
-42.0
-37.0
-35.0
-26.0
-12.0
20.0
20.0
44.0
-5.0
33.0
26.0
30.0
-42.0
-13.0
-2.0
37.0
17.0
11.0
1.0
-37.0
13.0
11.0
6.0
-35.0
45.0
22.0
-44.0
-6.0
15.0
42.0
77.0
72.0
37.0
36.0
35.0
79.0
12.0
11.0
10.0
-79.0
-64.0
-60.0
-18.0
-39.0
-23.0
-18.0
-75.0
-69.0
-17.0
23.0
39.0
44.0
80.0
90.0
107.0
85.0
18.0
9.0
89.0
69.0
10.0
17.0
-33.0
9.0
-70.0
-63.0
-55.0
-84.0
-36.0
-46.0
-87.0
-87.0
-79.0
-33.0
-72.0
-39.0
-8.0
-10.0
18.0
23.0
25.0
15.0
72.0
-17.0
-37.0
2.0
-17.0
9.0
15.0
52.0
44.0
40.0
38.0
39.0
56.0
24.0
18.0
57.0
31.0
-19.0
-40.0
-35.0
-86.0
-50.0
-31.0
-49.0
-27.0
45.0
57.0
32.0
0.0
7.0
-42.0
-77.0
-54.0
-2.0
14.0
-43.0
-17.0
18.0
19.0
17.0
73.0
28.0
-68.0
-94.0
-2.0
-59.0
40.0
2.0
-3.0
-10.0
-43.0
10.0
92.0
30.0
-46.0
-73.0
-4.0
7.0
-57.0
-61.0
-65.0
-122.0
-77.0
-53.0
36.0
14.0
14.0
-2.0
49.0
43.0
87.0
87.0
69.0
45.0
-34.0
-25.0
37.0
3.0
-77.0
-75.0
-53.0
28.0
31.0
33.0
43.0
159.0
114.0
83.0
76.0
74.0
29.0
-2.0
92.0
100.0
80.0
60.0
-18.0
36.0
-17.0
-19.0
-22.0
-66.0
-95.0
-149.0
-189.0
-237.0
-203.0
-134.0
-92.0
-88.0
-79.0
-81.0
-95.0
54.0
99.0
160.0
185.0
156.0
116.0
116.0
99.0
71.0
64.0
57.0
47.0
23.0
6.0
32.0
-60.0
-60.0
-139.0
-190.0
-196.0
-154.0
-115.0
-129.0
-103.0
-53.0
7.0
15.0
145.0
94.0
99.0
51.0
38.0
102.0
49.0
-5.0
-55.0
-49.0
4.0
42.0
49.0
8.0
44.0
53.0
-4.0
-62.0
-51.0
-46.0
-79.0
-93.0
-152.0
-138.0
-103.0
-156.0
-130.0
-89.0
-47.0
-47.0
-11.0
-12.0
-22.0
18.0
70.0
21.0
14.0
4.0
10.0
13.0
7.0
-23.0
21.0
16.0
-61.0
-62.0
-11.0
-29.0
-4.0
0.0
-2.0
-15.0
-20.0
20.0
34.0
-19.0
-23.0
-3.0
67.0
66.0
98.0
74.0
65.0
176.0
51.0
59.0
52.0
49.0
-28.0
-29.0
-30.0
-33.0
-53.0
-93.0
21.0
-24.0
-8.0
-15.0
-18.0
-15.0
-26.0
-51.0
-70.0
-103.0
-91.0
-35.0
-33.0
-74.0
-59.0
-62.0
-17.0
-32.0
22.0
57.0
102.0
47.0
39.0
-5.0
21.0
21.0
-12.0
10.0
-42.0
-87.0
-115.0
-44.0
1.0
59.0
109.0
114.0
125.0
53.0
-21.0
-27.0
29.0
-33.0
25.0
14.0
-2.0
-8.0
79.0
30.0
-53.0
-66.0
-99.0
-35.0
-36.0
49.0
14.0
11.0
78.0
23.0
-51.0
-144.0
-75.0
-82.0
-77.0
-67.0
-70.0
-65.0
-63.0
6.0
94.0
102.0
76.0
24.0
139.0
58.0
-3.0
2.0
123.0
53.0
51.0
107.0
89.0
57.0
114.0
107.0
46.0
37.0
-21.0
-18.0
31.0
34.0
14.0
2.0
29.0
-88.0
-100.0
-100.0
-96.0
-61.0
-94.0
-133.0
-79.0
-44.0
-8.0
-59.0
-74.0
-72.0
-30.0
-3.0
106.0
58.0
15.0
54.0
32.0
37.0
101.0
99.0
70.0
-13.0
-2.0
-33.0
-37.0
-64.0
-59.0
-59.0
-41.0
-46.0
-105.0
-116.0
-72.0
-19.0
-7.0
-15.0
-28.0
25.0
53.0
43.0
65.0
28.0
62.0
31.0
-9.0
0.0
-41.0
-58.0
-85.0
-81.0
-41.0
-10.0
16.0
38.0
47.0
26.0
52.0
1.0
60.0
59.0
53.0
25.0
15.0
28.0
41.0
-26.0
-25.0
-23.0
-92.0
-92.0
-116.0
-74.0
-25.0
-72.0
-115.0
-42.0
67.0
28.0
-12.0
-14.0
-70.0
-53.0
-20.0
47.0
20.0
19.0
-66.0
-66.0
-46.0
-38.0
-145.0
-64.0
16.0
-67.0
-89.0
-21.0
45.0
-18.0
-9.0
-16.0
20.0
73.0
69.0
61.0
45.0
43.0
29.0
47.0
-7.0
-7.0
-12.0
-21.0
-67.0
-84.0
-111.0
-88.0
-60.0
-66.0
-17.0
-22.0
-31.0
-32.0
13.0
36.0
43.0
84.0
112.0
84.0
104.0
110.0
75.0
90.0
33.0
-45.0
-35.0
-29.0
68.0
89.0
-72.0
-85.0
-54.0
-78.0
35.0
36.0
20.0
-2.0
-41.0
5.0
5.0
5.0
-19.0
-54.0
5.0
-21.0
-46.0
-36.0
-48.0
33.0
-18.0
-10.0
-37.0
39.0
0.0
15.0
-22.0
-46.0
-40.0
-9.0
-14.0
-12.0
6.0
114.0
137.0
93.0
17.0
-8.0
15.0
-28.0
28.0
37.0
63.0
58.0
41.0
-46.0
-33.0
-22.0
6.0
23.0
53.0
43.0
80.0
58.0
-15.0
-5.0
-49.0
-92.0
-95.0
-60.0
-50.0
-49.0
-69.0
-61.0
-7.0
22.0
62.0
-5.0
-53.0
-89.0
-85.0
-80.0
-74.0
-58.0
-52.0
-42.0
-49.0
-60.0
-21.0
-42.0
2.0
-1.0
-9.0
-19.0
76.0
124.0
121.0
71.0
24.0
44.0
9.0
13.0
53.0
75.0
46.0
20.0
-74.0
-75.0
-86.0
-130.0
-93.0
-86.0
-24.0
30.0
9.0
97.0
71.0
76.0
54.0
96.0
157.0
161.0
171.0
149.0
146.0
44.0
-33.0
-2.0
-47.0
-55.0
-16.0
-16.0
-65.0
-3.0
-69.0
-144.0
-117.0
-84.0
-73.0
-102.0
-74.0
-79.0
-73.0
5.0
-31.0
-33.0
-63.0
-46.0
-36.0
-26.0
-5.0
-3.0
11.0
-53.0
-73.0
-24.0
-172.0
-113.0
-44.0
2.0
37.0
37.0
63.0
-11.0
-132.0
-19.0
61.0
67.0
101.0
50.0
28.0
18.0
38.0
7.0
-17.0
-48.0
-38.0
-39.0
-48.0
-30.0
11.0
11.0
-21.0
-6.0
0.0
-56.0
-67.0
-94.0
63.0
65.0
84.0
87.0
178.0
98.0
64.0
104.0
8.0
-12.0
-33.0
-35.0
-20.0
-24.0
43.0
28.0
-8.0
-14.0
76.0
41.0
31.0
75.0
36.0
33.0
24.0
9.0
-17.0
-9.0
-54.0
10.0
43.0
53.0
25.0
22.0
-28.0
-30.0
0.0
-1.0
76.0
-71.0
-104.0
-90.0
-55.0
-63.0
-51.0
-103.0
-115.0
-134.0
-96.0
-86.0
-24.0
1.0
-40.0
-32.0
-23.0
44.0
53.0
71.0
31.0
28.0
35.0
82.0
123.0
126.0
153.0
43.0
-26.0
-5.0
52.0
47.0
90.0
101.0
101.0
97.0
29.0
4.0
5.0
34.0
-55.0
-96.0
-66.0
-116.0
-136.0
-133.0
-50.0
-46.0
-13.0
-25.0
-69.0
-25.0
-67.0
-67.0
-43.0
-44.0
-102.0
-43.0
-43.0
-67.0
-63.0
-63.0
-75.0
-81.0
-48.0
-50.0
-58.0
-58.0
-51.0
-68.0
-66.0
29.0
-8.0
-55.0
-75.0
-75.0
-51.0
12.0
85.0
89.0
153.0
43.0
96.0
150.0
195.0
206.0
157.0
120.0
35.0
24.0
69.0
10.0
-57.0
-80.0
-76.0
-82.0
-121.0
-163.0
-118.0
-76.0
-130.0
-55.0
-26.0
0.0
50.0
53.0
84.0
99.0
88.0
0.0
-42.0
15.0
97.0
90.0
147.0
149.0
159.0
75.0
19.0
44.0
9.0
-61.0
-40.0
-18.0
36.0
33.0
25.0
42.0
-28.0
-134.0
-134.0
-77.0
-124.0
-105.0
-128.0
-135.0
-127.0
-33.0
15.0
77.0
75.0
-1.0
-47.0
-66.0
-86.0
-83.0
-35.0
-88.0
-82.0
-54.0
0.0
-23.0
20.0
127.0
190.0
194.0
147.0
114.0
188.0
220.0
239.0
217.0
198.0
121.0
95.0
81.0
92.0
76.0
51.0
-67.0
-128.0
-195.0
-164.0
-163.0
-149.0
-148.0
-91.0
-52.0
-6.0
29.0
42.0
50.0
60.0
42.0
-17.0
-17.0
-38.0
-14.0
-85.0
-95.0
-63.0
-48.0
-8.0
-12.0
-95.0
-99.0
-62.0
-47.0
-48.0
-89.0
-131.0
-138.0
-114.0
-58.0
-31.0
-36.0
-29.0
5.0
4.0
-25.0
-96.0
-28.0
-29.0
-20.0
-57.0
-56.0
-98.0
-90.0
-30.0
-24.0
-32.0
-2.0
23.0
9.0
-56.0
-55.0
-106.0
-126.0
-116.0
-66.0
-36.0
-46.0
53.0
-32.0
-9.0
-12.0
121.0
98.0
91.0
90.0
79.0
16.0
65.0
66.0
120.0
123.0
52.0
58.0
38.0
-49.0
-72.0
-126.0
-37.0
-2.0
41.0
44.0
-17.0
-31.0
-37.0
10.0
-23.0
-31.0
-48.0
-42.0
-2.0
-6.0
15.0
8.0
-4.0
9.0
101.0
93.0
68.0
23.0
34.0
34.0
102.0
57.0
50.0
36.0
22.0
28.0
43.0
11.0
31.0
34.0
-27.0
-16.0
14.0
87.0
63.0
11.0
-25.0
21.0
-46.0
-47.0
-36.0
34.0
5.0
-31.0
-8.0
-30.0
-61.0
-60.0
-115.0
-120.0
-82.0
5.0
56.0
-36.0
-84.0
-73.0
-119.0
-68.0
-83.0
-98.0
-180.0
-134.0
-162.0
-118.0
-20.0
-39.0
-10.0
60.0
-2.0
0.0
82.0
46.0
-2.0
30.0
34.0
52.0
44.0
64.0
95.0
98.0
122.0
125.0
166.0
140.0
105.0
105.0
137.0
79.0
28.0
27.0
0.0
-24.0
3.0
-48.0
-44.0
-22.0
-21.0
-7.0
-65.0
-62.0
-68.0
22.0
14.0
24.0
52.0
26.0
-6.0
-58.0
-79.0
-74.0
-88.0
-73.0
-38.0
-107.0
-75.0
20.0
-60.0
2.0
-21.0
-17.0
-55.0
-51.0
-16.0
4.0
17.0
34.0
38.0
-77.0
-100.0
-101.0
-41.0
31.0
87.0
68.0
7.0
-57.0
-98.0
-124.0
-192.0
-190.0
-124.0
-65.0
-37.0
70.0
9.0
18.0
25.0
70.0
96.0
96.0
67.0
92.0
75.0
90.0
72.0
60.0
56.0
19.0
-9.0
-14.0
25.0
34.0
53.0
59.0
49.0
65.0
3.0
-1.0
11.0
16.0
10.0
14.0
-33.0
-53.0
-120.0
-92.0
-50.0
18.0
-6.0
-7.0
-79.0
-53.0
-55.0
-3.0
-27.0
-39.0
-49.0
-129.0
-113.0
-109.0
-66.0
-52.0
-11.0
-31.0
66.0
-33.0
-9.0
61.0
79.0
75.0
72.0
80.0
87.0
70.0
67.0
18.0
-19.0
-12.0
-8.0
-11.0
3.0
18.0
1.0
31.0
70.0
115.0
90.0
28.0
-8.0
-5.0
18.0
-4.0
-47.0
-63.0
-88.0
-61.0
-3.0
18.0
9.0
12.0
47.0
-6.0
-12.0
-77.0
-44.0
-46.0
-26.0
0.0
-5.0
-6.0
11.0
-29.0
10.0
32.0
-64.0
-55.0
-5.0
-29.0
-98.0
-100.0
-170.0
-169.0
-156.0
-127.0
-65.0
3.0
2.0
-30.0
-44.0
-45.0
-5.0
-23.0
15.0
34.0
65.0
60.0
92.0
61.0
9.0
12.0
-63.0
-50.0
17.0
2.0
-6.0
-18.0
-33.0
-1.0
-27.0
-23.0
1.0
6.0
-75.0
-81.0
-42.0
-38.0
-24.0
-48.0
10.0
13.0
-23.0
-9.0
29.0
23.0
48.0
69.0
95.0
96.0
82.0
80.0
53.0
-14.0
-9.0
30.0
19.0
0.0
41.0
-21.0
-71.0
-66.0
2.0
39.0
11.0
67.0
29.0
-11.0
-45.0
-56.0
51.0
56.0
13.0
-88.0
-120.0
-127.0
-90.0
-51.0
23.0
17.0
2.0
1.0
19.0
39.0
56.0
48.0
60.0
72.0
120.0
94.0
47.0
47.0
32.0
11.0
15.0
-55.0
-96.0
-66.0
11.0
83.0
39.0
36.0
42.0
32.0
45.0
92.0
40.0
-10.0
-55.0
-53.0
-80.0
-76.0
-55.0
-17.0
-6.0
-72.0
-177.0
-125.0
-37.0
-6.0
72.0
72.0
39.0
-29.0
-42.0
-49.0
23.0
5.0
36.0
64.0
20.0
23.0
-2.0
56.0
13.0
-43.0
-5.0
-25.0
-10.0
10.0
-31.0
-30.0
-21.0
-66.0
-64.0
-91.0
-67.0
-124.0
-78.0
-41.0
-23.0
-20.0
-8.0
-17.0
-44.0
80.0
106.0
107.0
68.0
19.0
13.0
18.0
9.0
57.0
94.0
22.0
41.0
14.0
33.0
-7.0
-107.0
-101.0
-3.0
20.0
22.0
3.0
-22.0
14.0
-50.0
-13.0
-62.0
-65.0
3.0
25.0
-41.0
-15.0
-15.0
-27.0
67.0
79.0
86.0
91.0
68.0
-6.0
-33.0
-23.0
-46.0
-91.0
-69.0
-116.0
-28.0
-33.0
-11.0
-7.0
35.0
58.0
37.0
-7.0
-39.0
-40.0
-25.0
-27.0
33.0
41.0
46.0
24.0
-5.0
-94.0
-105.0
-81.0
-72.0
-70.0
6.0
74.0
-11.0
-22.0
48.0
92.0
128.0
136.0
130.0
127.0
95.0
-27.0
-36.0
57.0
120.0
101.0
49.0
-22.0
-110.0
-112.0
-69.0
-1.0
-85.0
-94.0
-37.0
-28.0
-94.0
-67.0
-73.0
-77.0
-126.0
-149.0
-133.0
-149.0
-122.0
-109.0
-85.0
-4.0
55.0
51.0
51.0
120.0
107.0
176.0
85.0
48.0
30.0
105.0
19.0
20.0
17.0
62.0
-31.0
42.0
9.0
-13.0
-32.0
-92.0
-84.0
-83.0
-99.0
-36.0
-22.0
-8.0
53.0
42.0
9.0
31.0
55.0
44.0
-9.0
19.0
28.0
-2.0
-67.0
-50.0
-41.0
-4.0
-82.0
-85.0
-76.0
-130.0
-86.0
-32.0
-30.0
-54.0
27.0
116.0
44.0
42.0
-38.0
-20.0
40.0
72.0
71.0
7.0
13.0
-31.0
-10.0
-13.0
11.0
1.0
30.0
-10.0
-37.0
-46.0
-50.0
-116.0
-91.0
-88.0
-60.0
-94.0
-76.0
-104.0
-70.0
-11.0
16.0
40.0
18.0
17.0
55.0
53.0
9.0
-26.0
-2.0
16.0
51.0
37.0
53.0
54.0
84.0
23.0
-26.0
-34.0
46.0
67.0
109.0
32.0
67.0
67.0
51.0
47.0
17.0
23.0
-26.0
-41.0
-2.0
-39.0
-33.0
-31.0
-89.0
-91.0
-98.0
-111.0
-107.0
-58.0
-110.0
-133.0
-112.0
-112.0
1.0
57.0
63.0
73.0
73.0
110.0
104.0
77.0
52.0
53.0
69.0
47.0
113.0
64.0
26.0
88.0
125.0
92.0
1.0
2.0
14.0
18.0
-83.0
-98.0
-136.0
-123.0
-138.0
-71.0
-60.0
-72.0
-121.0
-93.0
14.0
-59.0
-7.0
47.0
33.0
49.0
106.0
109.0
34.0
25.0
-79.0
-68.0
-86.0
-9.0
19.0
-24.0
-41.0
-43.0
-30.0
16.0
-45.0
-71.0
-104.0
-108.0
-63.0
-13.0
69.0
72.0
83.0
41.0
-18.0
13.0
20.0
12.0
54.0
25.0
-3.0
-11.0
-70.0
-5.0
38.0
19.0
-24.0
-85.0
-80.0
-146.0
-30.0
-26.0
-47.0
-110.0
-88.0
-94.0
-42.0
2.0
11.0
20.0
-8.0
-9.0
44.0
91.0
90.0
103.0
147.0
134.0
172.0
170.0
85.0
83.0
95.0
64.0
27.0
0.0
-31.0
-4.0
51.0
74.0
81.0
79.0
58.0
47.0
2.0
23.0
-49.0
-62.0
-27.0
-41.0
1.0
1.0
-16.0
-155.0
-190.0
-211.0
-172.0
-114.0
-31.0
25.0
-15.0
-20.0
5.0
31.0
66.0
96.0
46.0
83.0
81.0
59.0
66.0
65.0
43.0
24.0
22.0
25.0
42.0
13.0
52.0
-24.0
-61.0
-53.0
-52.0
-52.0
-77.0
-76.0
-110.0
-143.0
-130.0
-123.0
-128.0
-120.0
-77.0
-25.0
5.0
23.0
88.0
112.0
119.0
119.0
102.0
102.0
55.0
7.0
-4.0
5.0
3.0
50.0
75.0
30.0
-30.0
-20.0
-63.0
-58.0
-42.0
-55.0
-51.0
-103.0
-121.0
-123.0
-66.0
-67.0
-53.0
15.0
50.0
9.0
-32.0
-95.0
-98.0
-37.0
32.0
34.0
-77.0
-1.0
-7.0
29.0
22.0
-2.0
-128.0
-144.0
-83.0
-79.0
-82.0
-42.0
23.0
21.0
-89.0
-11.0
10.0
17.0
41.0
48.0
164.0
97.0
76.0
-46.0
-30.0
-16.0
137.0
198.0
119.0
117.0
48.0
26.0
13.0
20.0
91.0
46.0
51.0
68.0
43.0
54.0
54.0
36.0
2.0
-28.0
-40.0
-80.0
-75.0
-99.0
-48.0
-42.0
10.0
35.0
31.0
-58.0
-46.0
-29.0
-26.0
-26.0
18.0
20.0
102.0
79.0
36.0
9.0
-59.0
-53.0
-49.0
-20.0
-37.0
-34.0
-59.0
-71.0
-127.0
-119.0
-48.0
-66.0
-17.0
-28.0
-4.0
-6.0
33.0
76.0
66.0
112.0
85.0
-130.0
-115.0
-78.0
-55.0
-46.0
107.0
118.0
64.0
36.0
-28.0
-177.0
-70.0
-144.0
-135.0
-132.0
-21.0
87.0
120.0
-56.0
-17.0
52.0
49.0
9.0
-12.0
-9.0
-22.0
-66.0
-83.0
-46.0
-6.0
4.0
-2.0
89.0
196.0
195.0
166.0
167.0
171.0
134.0
92.0
53.0
34.0
19.0
9.0
10.0
-13.0
-3.0
-24.0
-58.0
-65.0
-110.0
-76.0
-69.0
-7.0
-5.0
28.0
30.0
68.0
60.0
41.0
11.0
-36.0
58.0
78.0
74.0
20.0
-32.0
-67.0
-88.0
-3.0
13.0
22.0
-10.0
0.0
-1.0
-37.0
-9.0
-55.0
-26.0
5.0
-123.0
-100.0
-83.0
-117.0
-123.0
-95.0
-42.0
-68.0
-66.0
-35.0
-48.0
-7.0
-26.0
-208.0
-224.0
-215.0
-121.0
-68.0
42.0
-13.0
4.0
18.0
-78.0
-11.0
-17.0
44.0
75.0
131.0
153.0
128.0
106.0
81.0
54.0
58.0
60.0
132.0
64.0
59.0
19.0
33.0
50.0
9.0
-4.0
40.0
48.0
45.0
-75.0
-149.0
-118.0
-32.0
-59.0
-42.0
2.0
-44.0
-49.0
-37.0
-62.0
-58.0
-6.0
55.0
-3.0
-53.0
-16.0
6.0
16.0
41.0
33.0
31.0
-19.0
-20.0
9.0
-8.0
-7.0
16.0
22.0
-1.0
-52.0
-46.0
-27.0
-64.0
-37.0
-20.0
-22.0
-32.0
-36.0
-62.0
8.0
45.0
41.0
40.0
60.0
111.0
119.0
35.0
37.0
56.0
70.0
17.0
7.0
25.0
13.0
-20.0
-22.0
-90.0
-92.0
-25.0
47.0
5.0
-64.0
-12.0
14.0
0.0
-69.0
-65.0
-69.0
-102.0
-104.0
-69.0
-11.0
41.0
-9.0
-12.0
-48.0
11.0
10.0
0.0
-13.0
-117.0
-39.0
58.0
69.0
-16.0
9.0
102.0
99.0
83.0
41.0
73.0
92.0
3.0
-91.0
-147.0
-47.0
-60.0
-59.0
-68.0
-31.0
41.0
75.0
21.0
55.0
164.0
55.0
24.0
21.0
57.0
43.0
87.0
106.0
115.0
-11.0
-70.0
-36.0
-53.0
-56.0
-68.0
-109.0
-72.0
-117.0
-135.0
-123.0
-41.0
24.0
21.0
25.0
82.0
202.0
254.0
224.0
241.0
100.0
-27.0
-9.0
21.0
23.0
38.0
-16.0
41.0
51.0
-26.0
-23.0
-104.0
-124.0
-130.0
-135.0
-142.0
-14.0
-29.0
-13.0
-70.0
-123.0
-140.0
-119.0
-142.0
-144.0
-85.0
5.0
-152.0
-259.0
-56.0
-64.0
-97.0
-17.0
-47.0
-60.0
-125.0
-27.0
56.0
31.0
43.0
98.0
148.0
158.0
47.0
60.0
110.0
125.0
70.0
-35.0
-63.0
-54.0
-4.0
39.0
63.0
62.0
47.0
42.0
28.0
50.0
76.0
25.0
1.0
-16.0
-11.0
-10.0
-17.0
36.0
-49.0
-39.0
-101.0
-26.0
59.0
-10.0
-29.0
-33.0
-24.0
36.0
65.0
1.0
-7.0
39.0
2.0
-23.0
-35.0
-33.0
-8.0
-22.0
-63.0
-83.0
28.0
36.0
0.0
-46.0
-17.0
-17.0
52.0
91.0
73.0
60.0
29.0
2.0
-30.0
-20.0
-19.0
-24.0
3.0
22.0
-3.0
4.0
-69.0
-121.0
-125.0
-109.0
-34.0
-41.0
-112.0
-50.0
-33.0
-98.0
21.0
57.0
56.0
14.0
-9.0
-10.0
-23.0
67.0
-1.0
-46.0
-84.0
-69.0
-41.0
2.0
-35.0
-32.0
-61.0
-61.0
-33.0
2.0
85.0
71.0
47.0
-5.0
-24.0
-28.0
-43.0
-12.0
24.0
-5.0
61.0
29.0
44.0
3.0
17.0
18.0
64.0
99.0
53.0
30.0
6.0
-66.0
-65.0
-11.0
-83.0
-84.0
-125.0
-57.0
-64.0
-39.0
-42.0
50.0
-56.0
71.0
111.0
113.0
78.0
79.0
124.0
147.0
117.0
98.0
76.0
4.0
-45.0
-53.0
-59.0
-135.0
-86.0
-26.0
20.0
-7.0
0.0
33.0
-128.0
-123.0
-94.0
-33.0
14.0
76.0
76.0
12.0
-17.0
-92.0
-94.0
-90.0
-37.0
18.0
30.0
48.0
105.0
38.0
25.0
-32.0
6.0
2.0
17.0
-75.0
-140.0
-99.0
-114.0
-84.0
-18.0
-2.0
21.0
20.0
13.0
58.0
70.0
51.0
38.0
63.0
129.0
75.0
1.0
1.0
59.0
63.0
114.0
120.0
26.0
-23.0
-87.0
-85.0
-53.0
-44.0
-20.0
-13.0
-28.0
-85.0
-70.0
-92.0
-56.0
-78.0
-43.0
-41.0
12.0
0.0
-48.0
-51.0
-24.0
5.0
3.0
-43.0
-76.0
-78.0
-137.0
-107.0
-105.0
-136.0
-112.0
-107.0
-30.0
67.0
82.0
91.0
112.0
72.0
59.0
91.0
133.0
143.0
106.0
170.0
73.0
82.0
74.0
87.0
55.0
-30.0
-26.0
-44.0
-115.0
-5.0
23.0
13.0
0.0
-5.0
-73.0
-81.0
-36.0
-101.0
-54.0
-16.0
-19.0
-29.0
24.0
-16.0
-36.0
-112.0
-184.0
-191.0
-118.0
-108.0
-70.0
-79.0
-33.0
0.0
-34.0
-17.0
-18.0
-5.0
-30.0
28.0
83.0
86.0
45.0
-4.0
33.0
-60.0
28.0
9.0
77.0
110.0
-15.0
-17.0
-50.0
36.0
63.0
86.0
85.0
3.0
46.0
23.0
23.0
15.0
40.0
96.0
59.0
28.0
-51.0
-87.0
-78.0
-125.0
-89.0
-88.0
-35.0
2.0
-10.0
-3.0
160.0
85.0
69.0
85.0
33.0
30.0
25.0
53.0
-25.0
-32.0
6.0
60.0
7.0
-44.0
-65.0
-69.0
-43.0
-71.0
-81.0
-51.0
-36.0
-85.0
-83.0
-40.0
-46.0
-50.0
-68.0
2.0
3.0
-34.0
6.0
35.0
-64.0
-19.0
12.0
19.0
42.0
139.0
138.0
51.0
20.0
-9.0
4.0
79.0
127.0
128.0
107.0
-128.0
-148.0
-152.0
-49.0
-11.0
-37.0
3.0
-48.0
-45.0
-36.0
-1.0
60.0
39.0
58.0
103.0
117.0
117.0
152.0
147.0
15.0
15.0
-14.0
-38.0
-51.0
-65.0
-24.0
-5.0
-57.0
-64.0
13.0
-30.0
4.0
29.0
34.0
83.0
74.0
23.0
73.0
68.0
40.0
-21.0
26.0
-45.0
-100.0
-110.0
-71.0
-58.0
-77.0
-78.0
-82.0
-1.0
38.0
0.0
31.0
-36.0
-1.0
-13.0
-39.0
-48.0
-60.0
-21.0
-37.0
51.0
22.0
33.0
30.0
-15.0
-19.0
-13.0
23.0
-65.0
-49.0
-48.0
-161.0
-166.0
-133.0
-78.0
-56.0
-46.0
44.0
46.0
33.0
28.0
38.0
112.0
170.0
140.0
66.0
57.0
60.0
100.0
85.0
116.0
-15.0
-44.0
-53.0
-85.0
-28.0
-37.0
-50.0
-86.0
-87.0
-13.0
12.0
-2.0
-1.0
-86.0
-96.0
-102.0
-60.0
-113.0
-95.0
-88.0
-65.0
-100.0
-121.0
-100.0
-23.0
-15.0
-5.0
35.0
13.0
-1.0
33.0
19.0
86.0
112.0
13.0
16.0
-74.0
-48.0
-78.0
-40.0
-29.0
1.0
107.0
70.0
166.0
165.0
80.0
10.0
-30.0
-49.0
-46.0
19.0
42.0
43.0
-46.0
-55.0
59.0
-12.0
-78.0
-30.0
54.0
36.0
29.0
65.0
11.0
13.0
23.0
14.0
15.0
0.0
-63.0
-72.0
-103.0
-14.0
58.0
54.0
-45.0
-36.0
-7.0
-15.0
43.0
9.0
6.0
1.0
-41.0
-41.0
4.0
-9.0
-25.0
-71.0
2.0
15.0
40.0
30.0
82.0
82.0
55.0
64.0
-11.0
-14.0
-1.0
31.0
103.0
100.0
-29.0
-31.0
-72.0
-62.0
-77.0
-77.0
-68.0
-20.0
7.0
-44.0
37.0
40.0
9.0
12.0
8.0
-20.0
-27.0
31.0
22.0
46.0
69.0
74.0
61.0
-11.0
-98.0
-80.0
-22.0
-11.0
14.0
-20.0
-60.0
-63.0
-59.0
-3.0
90.0
68.0
35.0
91.0
112.0
77.0
90.0
79.0
48.0
-3.0
-8.0
7.0
9.0
15.0
-44.0
-92.0
-120.0
-122.0
-103.0
-53.0
-30.0
-24.0
27.0
-15.0
-28.0
-5.0
42.0
43.0
114.0
29.0
-11.0
-23.0
-5.0
-57.0
39.0
-6.0
16.0
19.0
-25.0
-34.0
-57.0
-145.0
-120.0
-73.0
-18.0
-71.0
-32.0
-20.0
15.0
66.0
32.0
-23.0
-73.0
-5.0
88.0
77.0
48.0
54.0
26.0
18.0
49.0
56.0
123.0
126.0
-4.0
15.0
-28.0
-25.0
-5.0
12.0
-87.0
-115.0
-47.0
-68.0
-55.0
-33.0
-99.0
-102.0
-74.0
-114.0
-88.0
42.0
-4.0
-59.0
-43.0
-27.0
19.0
7.0
87.0
-112.0
-110.0
-85.0
-33.0
2.0
35.0
78.0
88.0
80.0
-44.0
-77.0
-28.0
-36.0
30.0
89.0
111.0
91.0
36.0
36.0
-38.0
-40.0
-132.0
-99.0
-106.0
-78.0
-14.0
5.0
71.0
66.0
-7.0
14.0
80.0
66.0
85.0
132.0
85.0
120.0
20.0
12.0
2.0
42.0
101.0
71.0
16.0
-19.0
19.0
-37.0
-8.0
-13.0
-37.0
25.0
42.0
51.0
24.0
29.0
13.0
-116.0
-189.0
-181.0
-125.0
-86.0
-46.0
-31.0
-55.0
-43.0
29.0
46.0
31.0
28.0
33.0
-26.0
-2.0
2.0
21.0
8.0
-21.0
-13.0
25.0
25.0
75.0
94.0
32.0
17.0
46.0
15.0
-4.0
-47.0
38.0
35.0
24.0
-20.0
-30.0
-11.0
9.0
-22.0
-30.0
-90.0
-54.0
-50.0
-18.0
-15.0
-27.0
-82.0
-95.0
-112.0
-26.0
-7.0
-30.0
-31.0
2.0
28.0
-6.0
-34.0
-89.0
-178.0
-217.0
-196.0
-85.0
-78.0
-77.0
-64.0
28.0
103.0
184.0
259.0
267.0
311.0
304.0
305.0
277.0
251.0
222.0
182.0
117.0
41.0
-13.0
-28.0
-85.0
-89.0
-67.0
-43.0
-26.0
17.0
13.0
-84.0
-141.0
-103.0
-103.0
-102.0
-87.0
-60.0
-23.0
-78.0
-92.0
-114.0
-87.0
-76.0
-118.0
-112.0
-42.0
46.0
22.0
-52.0
-99.0
-63.0
-21.0
3.0
-6.0
-13.0
-33.0
-76.0
-99.0
-98.0
-101.0
-104.0
-95.0
-37.0
15.0
17.0
30.0
34.0
10.0
-8.0
4.0
-1.0
69.0
2.0
-38.0
-30.0
-50.0
-29.0
46.0
45.0
-64.0
-61.0
-9.0
-17.0
-8.0
-6.0
25.0
-83.0
-82.0
-83.0
76.0
32.0
17.0
-52.0
24.0
25.0
108.0
60.0
-75.0
42.0
-10.0
25.0
-9.0
-66.0
-87.0
-85.0
18.0
91.0
81.0
20.0
-13.0
81.0
90.0
43.0
97.0
97.0
56.0
63.0
6.0
11.0
-46.0
-14.0
48.0
66.0
-8.0
-7.0
11.0
16.0
-4.0
-38.0
-18.0
-98.0
-37.0
-48.0
43.0
47.0
36.0
60.0
99.0
25.0
63.0
34.0
-35.0
30.0
53.0
55.0
41.0
53.0
-10.0
-91.0
-101.0
-55.0
-4.0
37.0
1.0
5.0
13.0
32.0
4.0
-11.0
-56.0
-59.0
-54.0
-16.0
-16.0
-11.0
-71.0
-46.0
-37.0
16.0
22.0
67.0
-37.0
-25.0
-50.0
-42.0
-107.0
-60.0
3.0
13.0
40.0
-48.0
2.0
30.0
95.0
96.0
25.0
9.0
-91.0
-50.0
27.0
41.0
45.0
33.0
-1.0
-11.0
-29.0
-62.0
20.0
62.0
-8.0
-82.0
-41.0
-14.0
-113.0
-107.0
-46.0
0.0
86.0
6.0
-16.0
33.0
71.0
38.0
96.0
92.0
26.0
-57.0
20.0
43.0
53.0
52.0
45.0
-35.0
-63.0
-65.0
-72.0
-39.0
-91.0
-21.0
75.0
73.0
113.0
16.0
-58.0
-66.0
27.0
25.0
-21.0
93.0
76.0
33.0
1.0
15.0
-32.0
-40.0
-25.0
-14.0
-90.0
72.0
71.0
-40.0
-84.0
-111.0
-63.0
-64.0
-47.0
-109.0
-89.0
-66.0
-167.0
-191.0
-144.0
-107.0
-140.0
-133.0
-83.0
-64.0
-33.0
-38.0
-5.0
68.0
65.0
106.0
154.0
151.0
122.0
118.0
133.0
110.0
136.0
72.0
9.0
-27.0
-28.0
-29.0
3.0
60.0
65.0
-7.0
3.0
1.0
-55.0
-13.0
-29.0
-20.0
6.0
61.0
9.0
-26.0
-105.0
-135.0
-85.0
-21.0
1.0
3.0
1.0
-7.0
-26.0
6.0
-99.0
-57.0
-68.0
-73.0
-34.0
-36.0
-98.0
-60.0
-1.0
-52.0
1.0
34.0
12.0
11.0
84.0
79.0
70.0
-63.0
-100.0
-61.0
-68.0
-51.0
-39.0
-17.0
39.0
43.0
91.0
42.0
16.0
-4.0
-12.0
50.0
43.0
57.0
82.0
76.0
63.0
39.0
88.0
78.0
30.0
1.0
-39.0
-18.0
-22.0
-18.0
88.0
28.0
-13.0
-86.0
-80.0
-105.0
-90.0
-61.0
-70.0
-73.0
-66.0
-11.0
-8.0
67.0
64.0
113.0
138.0
219.0
192.0
187.0
142.0
78.0
65.0
30.0
46.0
54.0
75.0
121.0
93.0
89.0
12.0
-49.0
-69.0
-139.0
-134.0
-136.0
-141.0
-82.0
-86.0
-85.0
-90.0
-22.0
-3.0
-42.0
-26.0
-49.0
-148.0
-150.0
-24.0
-26.0
-27.0
-41.0
-90.0
-119.0
-84.0
16.0
12.0
-34.0
33.0
50.0
105.0
148.0
37.0
-10.0
-32.0
-91.0
-93.0
12.0
18.0
16.0
46.0
27.0
49.0
21.0
-60.0
29.0
-48.0
-6.0
59.0
59.0
60.0
90.0
40.0
-10.0
-2.0
31.0
10.0
-23.0
-22.0
-18.0
42.0
54.0
28.0
-23.0
21.0
-30.0
4.0
10.0
6.0
5.0
-20.0
-50.0
5.0
-51.0
-105.0
17.0
9.0
-38.0
-51.0
-48.0
-19.0
-16.0
-59.0
-75.0
-24.0
42.0
28.0
-16.0
-11.0
-11.0
-40.0
-58.0
-51.0
-48.0
-31.0
7.0
23.0
-57.0
-79.0
-76.0
-66.0
-29.0
-31.0
8.0
-21.0
40.0
67.0
101.0
47.0
46.0
31.0
1.0
30.0
-15.0
-17.0
-13.0
27.0
-11.0
-8.0
-2.0
51.0
58.0
94.0
109.0
14.0
34.0
55.0
57.0
109.0
104.0
77.0
0.0
-22.0
-59.0
-87.0
-48.0
-101.0
-102.0
-2.0
-2.0
9.0
-8.0
3.0
-31.0
-67.0
-74.0
96.0
74.0
79.0
88.0
26.0
0.0
-61.0
-50.0
-11.0
-40.0
-52.0
-44.0
-34.0
-35.0
1.0
-41.0
-34.0
-19.0
-43.0
-21.0
-48.0
-14.0
-124.0
-123.0
-103.0
-42.0
-88.0
-80.0
-56.0
15.0
52.0
34.0
-11.0
-16.0
-47.0
-146.0
-149.0
-123.0
-82.0
-17.0
-53.0
39.0
50.0
51.0
14.0
49.0
96.0
126.0
240.0
215.0
121.0
155.0
136.0
137.0
20.0
-26.0
-17.0
-87.0
-62.0
-7.0
-33.0
55.0
91.0
92.0
33.0
-11.0
40.0
45.0
4.0
-9.0
-2.0
6.0
-8.0
-10.0
-15.0
26.0
40.0
27.0
9.0
-43.0
-89.0
-25.0
28.0
28.0
32.0
-2.0
-24.0
6.0
-121.0
-113.0
-39.0
-28.0
2.0
-4.0
-9.0
-29.0
-109.0
-86.0
-131.0
-132.0
-69.0
-30.0
10.0
4.0
-19.0
31.0
61.0
40.0
48.0
-15.0
-31.0
18.0
28.0
28.0
92.0
116.0
19.0
-41.0
-24.0
-122.0
0.0
60.0
88.0
86.0
50.0
50.0
-33.0
-81.0
-129.0
-148.0
-45.0
-10.0
-67.0
-66.0
-44.0
-55.0
-70.0
-27.0
102.0
120.0
38.0
92.0
77.0
83.0
112.0
115.0
85.0
35.0
37.0
-75.0
-53.0
-7.0
-75.0
-69.0
-57.0
-24.0
9.0
-59.0
-114.0
-32.0
-53.0
-25.0
-13.0
-15.0
2.0
-46.0
-57.0
-60.0
52.0
109.0
36.0
67.0
93.0
97.0
36.0
45.0
141.0
17.0
65.0
71.0
27.0
41.0
52.0
44.0
-20.0
2.0
64.0
-30.0
-97.0
-73.0
-127.0
-93.0
-41.0
-41.0
-2.0
14.0
-64.0
-25.0
82.0
95.0
81.0
80.0
72.0
73.0
98.0
92.0
34.0
6.0
-2.0
13.0
10.0
-1.0
-24.0
-36.0
-43.0
-66.0
-9.0
42.0
-6.0
-30.0
-70.0
-81.0
-32.0
-39.0
-53.0
-51.0
-41.0
-44.0
-96.0
-71.0
-41.0
-63.0
-63.0
-73.0
-55.0
-28.0
-55.0
-62.0
-133.0
-169.0
-168.0
-116.0
-102.0
-94.0
-12.0
-19.0
22.0
-16.0
40.0
-2.0
58.0
49.0
12.0
-1.0
5.0
-18.0
57.0
118.0
90.0
62.0
-117.0
-129.0
-5.0
-8.0
0.0
13.0
16.0
-5.0
-29.0
-61.0
-66.0
-31.0
-41.0
-36.0
-14.0
-24.0
-94.0
-1.0
-33.0
-17.0
-22.0
19.0
43.0
32.0
76.0
104.0
102.0
113.0
109.0
104.0
148.0
71.0
73.0
76.0
39.0
-46.0
16.0
-34.0
-15.0
-11.0
-40.0
4.0
76.0
78.0
68.0
5.0
-35.0
-90.0
-79.0
-60.0
13.0
48.0
99.0
93.0
42.0
-66.0
-76.0
-89.0
-78.0
-30.0
-10.0
73.0
92.0
91.0
16.0
-104.0
-88.0
10.0
50.0
52.0
-11.0
37.0
6.0
4.0
-15.0
-2.0
-25.0
-33.0
-15.0
-40.0
-86.0
27.0
29.0
27.0
15.0
19.0
-11.0
25.0
35.0
56.0
44.0
47.0
78.0
74.0
21.0
45.0
-35.0
6.0
26.0
-4.0
-14.0
-24.0
-32.0
-37.0
-78.0
-39.0
-13.0
7.0
-19.0
-29.0
-89.0
-84.0
-70.0
-74.0
-144.0
-164.0
-164.0
-183.0
22.0
35.0
11.0
100.0
164.0
162.0
122.0
180.0
217.0
189.0
177.0
89.0
89.0
119.0
119.0
122.0
102.0
136.0
136.0
91.0
31.0
-9.0
-48.0
-70.0
-81.0
-83.0
-106.0
-149.0
-197.0
-170.0
-160.0
-67.0
-30.0
-57.0
-92.0
-87.0
-79.0
-50.0
-115.0
-139.0
-109.0
-75.0
-76.0
-55.0
11.0
17.0
-6.0
1.0
-40.0
-23.0
-6.0
0.0
59.0
45.0
1.0
-3.0
-51.0
16.0
11.0
4.0
22.0
13.0
-20.0
24.0
13.0
15.0
1.0
-37.0
-63.0
-56.0
-19.0
-42.0
-74.0
-18.0
-9.0
-4.0
80.0
77.0
52.0
47.0
51.0
94.0
50.0
90.0
56.0
48.0
56.0
24.0
85.0
86.0
-23.0
-48.0
-17.0
62.0
-1.0
1.0
-36.0
-121.0
-37.0
-16.0
-78.0
-70.0
-80.0
10.0
98.0
96.0
51.0
4.0
-94.0
-63.0
-18.0
55.0
-14.0
-72.0
-55.0
-52.0
0.0
9.0
3.0
-86.0
-169.0
-120.0
-19.0
32.0
-2.0
4.0
-5.0
-131.0
-133.0
-40.0
97.0
122.0
87.0
7.0
14.0
6.0
47.0
108.0
146.0
27.0
26.0
-38.0
-18.0
7.0
35.0
34.0
27.0
18.0
5.0
-29.0
56.0
28.0
-4.0
-14.0
13.0
16.0
-14.0
6.0
24.0
-29.0
11.0
34.0
-32.0
-97.0
-138.0
-137.0
-154.0
-146.0
-100.0
-6.0
71.0
70.0
49.0
26.0
61.0
62.0
32.0
-29.0
3.0
22.0
79.0
72.0
98.0
76.0
35.0
31.0
-2.0
11.0
53.0
-5.0
8.0
11.0
19.0
-29.0
-26.0
-38.0
19.0
-21.0
-22.0
-36.0
-77.0
-65.0
-63.0
-47.0
-42.0
-40.0
-112.0
-114.0
-75.0
-101.0
-101.0
-132.0
-71.0
-101.0
-150.0
-142.0
-17.0
58.0
56.0
95.0
93.0
117.0
76.0
12.0
72.0
73.0
24.0
-1.0
61.0
94.0
87.0
31.0
-24.0
-90.0
-62.0
-67.0
-27.0
9.0
9.0
-69.0
-70.0
-160.0
-57.0
31.0
49.0
46.0
98.0
27.0
-7.0
-66.0
-115.0
-130.0
-186.0
-78.0
21.0
25.0
-19.0
-11.0
-7.0
-3.0
70.0
20.0
101.0
125.0
124.0
122.0
107.0
114.0
95.0
0.0
56.0
-39.0
-77.0
17.0
38.0
38.0
5.0
-34.0
-50.0
-89.0
-72.0
-66.0
-14.0
-87.0
36.0
43.0
65.0
-46.0
-64.0
-82.0
31.0
15.0
-4.0
9.0
10.0
6.0
-85.0
-142.0
-60.0
75.0
37.0
-13.0
-34.0
-106.0
-14.0
-16.0
8.0
74.0
76.0
39.0
7.0
-46.0
-10.0
76.0
100.0
104.0
37.0
-21.0
-36.0
4.0
-82.0
-27.0
-9.0
45.0
39.0
42.0
93.0
89.0
67.0
32.0
56.0
58.0
69.0
38.0
27.0
21.0
45.0
27.0
11.0
-39.0
-46.0
-20.0
-26.0
-12.0
-11.0
-9.0
-34.0
-75.0
-75.0
-71.0
-61.0
-22.0
-39.0
-138.0
-76.0
-82.0
-6.0
17.0
-25.0
-63.0
-105.0
-91.0
-71.0
-52.0
26.0
21.0
-5.0
-23.0
-43.0
-26.0
26.0
34.0
46.0
40.0
37.0
31.0
8.0
-14.0
-60.0
-67.0
-22.0
71.0
14.0
51.0
37.0
42.0
4.0
19.0
-19.0
36.0
62.0
9.0
7.0
14.0
-36.0
-27.0
-113.0
-18.0
30.0
22.0
-58.0
-44.0
-28.0
41.0
21.0
16.0
2.0
-26.0
35.0
63.0
44.0
23.0
80.0
89.0
76.0
76.0
29.0
-20.0
-13.0
-3.0
17.0
20.0
-2.0
-49.0
-35.0
-32.0
-51.0
-86.0
-99.0
-43.0
-27.0
-20.0
-37.0
2.0
-93.0
-102.0
-49.0
14.0
-9.0
-9.0
5.0
-61.0
20.0
57.0
61.0
58.0
57.0
44.0
-5.0
-3.0
-26.0
-70.0
-37.0
7.0
87.0
83.0
103.0
71.0
40.0
-17.0
5.0
39.0
-6.0
-33.0
-11.0
-8.0
-75.0
-173.0
-80.0
25.0
50.0
3.0
26.0
-65.0
-129.0
-131.0
-78.0
-60.0
-3.0
-33.0
37.0
17.0
15.0
-71.0
-44.0
-41.0
-44.0
-18.0
-20.0
-21.0
81.0
96.0
0.0
-32.0
-17.0
-22.0
-128.0
-92.0
-77.0
39.0
51.0
12.0
-6.0
-2.0
29.0
30.0
42.0
23.0
-69.0
-110.0
-73.0
-16.0
10.0
67.0
149.0
141.0
155.0
136.0
126.0
78.0
16.0
21.0
6.0
9.0
22.0
21.0
-24.0
-47.0
-25.0
-21.0
12.0
-43.0
-135.0
-124.0
-75.0
-73.0
-50.0
85.0
72.0
55.0
51.0
-25.0
-138.0
-60.0
-44.0
-46.0
-17.0
-114.0
-82.0
-1.0
-55.0
-24.0
14.0
27.0
8.0
15.0
37.0
52.0
-15.0
50.0
33.0
68.0
28.0
46.0
-18.0
-19.0
-50.0
-81.0
-77.0
-28.0
27.0
99.0
-28.0
-77.0
-18.0
-10.0
3.0
13.0
34.0
9.0
-10.0
-27.0
2.0
9.0
34.0
32.0
64.0
97.0
32.0
-38.0
-68.0
-18.0
46.0
64.0
15.0
4.0
-109.0
-99.0
-20.0
3.0
14.0
39.0
4.0
-42.0
33.0
24.0
22.0
-32.0
-23.0
-11.0
30.0
42.0
-2.0
-112.0
-84.0
-77.0
-80.0
32.0
12.0
-46.0
-107.0
-125.0
-72.0
-34.0
-64.0
-59.0
-52.0
-31.0
-22.0
-9.0
3.0
33.0
42.0
73.0
96.0
99.0
63.0
144.0
158.0
82.0
28.0
-15.0
-24.0
61.0
18.0
18.0
-4.0
25.0
1.0
-14.0
-61.0
-70.0
-115.0
-135.0
-74.0
-64.0
-49.0
-67.0
-108.0
-96.0
-20.0
-55.0
-22.0
-37.0
-126.0
-127.0
-178.0
-118.0
-79.0
35.0
85.0
38.0
73.0
41.0
38.0
42.0
154.0
177.0
185.0
141.0
109.0
-7.0
12.0
-31.0
-10.0
-21.0
-64.0
-91.0
-36.0
36.0
-38.0
-91.0
21.0
68.0
31.0
25.0
31.0
46.0
73.0
158.0
122.0
91.0
41.0
36.0
-26.0
-26.0
-2.0
39.0
76.0
36.0
23.0
-18.0
-27.0
-44.0
-29.0
-29.0
-50.0
-69.0
-52.0
-53.0
-32.0
-44.0
-70.0
-93.0
-70.0
-70.0
-4.0
-35.0
-75.0
-59.0
31.0
9.0
13.0
-26.0
-168.0
-168.0
-141.0
-100.0
-42.0
-10.0
14.0
-10.0
12.0
-36.0
-46.0
-44.0
17.0
-1.0
17.0
-50.0
-30.0
10.0
-55.0
9.0
23.0
26.0
75.0
44.0
-36.0
-28.0
50.0
30.0
-18.0
46.0
38.0
30.0
-3.0
-99.0
-174.0
-126.0
9.0
-28.0
-144.0
-200.0
-192.0
-193.0
-48.0
63.0
133.0
85.0
138.0
76.0
49.0
88.0
54.0
51.0
59.0
127.0
228.0
227.0
250.0
190.0
138.0
73.0
111.0
114.0
127.0
15.0
-8.0
-103.0
-152.0
-198.0
-186.0
-126.0
-104.0
-99.0
-54.0
-33.0
-7.0
-23.0
-30.0
-180.0
-182.0
-223.0
-121.0
-132.0
-154.0
-96.0
-93.0
-135.0
-45.0
13.0
90.0
150.0
209.0
210.0
229.0
154.0
150.0
116.0
164.0
162.0
112.0
48.0
30.0
26.0
-33.0
-14.0
-95.0
-15.0
22.0
-22.0
-108.0
-92.0
-93.0
-97.0
-57.0
53.0
2.0
6.0
-79.0
-222.0
-281.0
-200.0
-205.0
-213.0
-166.0
-87.0
-68.0
-43.0
7.0
144.0
219.0
193.0
153.0
149.0
108.0
113.0
139.0
138.0
191.0
93.0
53.0
65.0
31.0
28.0
-35.0
-67.0
-128.0
-103.0
9.0
-22.0
-33.0
-43.0
-30.0
-30.0
-35.0
-121.0
-116.0
-79.0
-56.0
-91.0
-74.0
-104.0
-148.0
-151.0
-111.0
-81.0
1.0
43.0
33.0
58.0
18.0
-18.0
-23.0
-30.0
41.0
54.0
-1.0
3.0
-9.0
24.0
-27.0
-63.0
-12.0
-9.0
-39.0
40.0
0.0
-68.0
13.0
16.0
1.0
-7.0
-42.0
-46.0
-1.0
-11.0
19.0
-17.0
-10.0
-7.0
-11.0
43.0
161.0
160.0
151.0
16.0
-77.0
-30.0
-70.0
-37.0
26.0
9.0
35.0
33.0
24.0
-2.0
-19.0
-5.0
23.0
33.0
5.0
-17.0
-28.0
-26.0
62.0
33.0
56.0
9.0
23.0
27.0
13.0
21.0
-5.0
-10.0
18.0
-40.0
-60.0
-39.0
-22.0
-34.0
28.0
102.0
40.0
36.0
8.0
42.0
12.0
51.0
29.0
52.0
-49.0
-99.0
-51.0
-53.0
1.0
-121.0
-61.0
1.0
20.0
29.0
46.0
53.0
7.0
7.0
-31.0
-69.0
-103.0
-158.0
-30.0
23.0
62.0
-24.0
-28.0
-30.0
1.0
-73.0
-150.0
-96.0
-59.0
-86.0
-78.0
-70.0
-80.0
-75.0
-131.0
-108.0
-30.0
-26.0
16.0
40.0
135.0
218.0
226.0
224.0
195.0
141.0
142.0
120.0
138.0
115.0
123.0
47.0
-27.0
-32.0
-111.0
-65.0
-16.0
45.0
102.0
136.0
17.0
-54.0
-61.0
-75.0
-97.0
-98.0
-68.0
-100.0
-65.0
18.0
-43.0
-130.0
-112.0
-106.0
-123.0
-76.0
18.0
-34.0
-25.0
-1.0
-2.0
31.0
1.0
8.0
15.0
-5.0
-53.0
-96.0
-38.0
134.0
112.0
35.0
19.0
21.0
19.0
14.0
-49.0
-43.0
-35.0
-74.0
18.0
19.0
-4.0
-14.0
-32.0
-5.0
76.0
81.0
13.0
-26.0
-73.0
0.0
0.0
-1.0
-21.0
-29.0
6.0
56.0
27.0
3.0
-18.0
-34.0
-66.0
-61.0
-25.0
10.0
-13.0
27.0
-25.0
3.0
-46.0
-35.0
37.0
34.0
1.0
-56.0
-60.0
-55.0
18.0
-52.0
-66.0
-119.0
-93.0
-100.0
-141.0
-50.0
17.0
24.0
23.0
-20.0
57.0
77.0
48.0
49.0
53.0
48.0
38.0
38.0
21.0
-25.0
11.0
104.0
103.0
98.0
88.0
-24.0
-50.0
-8.0
2.0
40.0
5.0
-39.0
-12.0
-4.0
-4.0
11.0
-5.0
43.0
-41.0
-177.0
-137.0
-135.0
-119.0
-126.0
-117.0
-47.0
102.0
121.0
46.0
72.0
105.0
149.0
133.0
144.0
177.0
256.0
158.0
120.0
72.0
95.0
107.0
25.0
-18.0
-19.0
-54.0
-78.0
-103.0
-74.0
-46.0
-90.0
-32.0
-86.0
-38.0
-43.0
-31.0
-62.0
-59.0
-139.0
-94.0
-87.0
-82.0
-101.0
-132.0
-135.0
-52.0
-137.0
-101.0
-38.0
-73.0
-43.0
2.0
65.0
57.0
69.0
110.0
123.0
69.0
16.0
-57.0
14.0
41.0
8.0
-9.0
-17.0
-61.0
-66.0
-47.0
-62.0
-34.0
-41.0
-3.0
80.0
18.0
21.0
34.0
98.0
16.0
37.0
128.0
51.0
29.0
88.0
39.0
40.0
-37.0
-40.0
-20.0
49.0
-13.0
-72.0
-116.0
-153.0
-142.0
-141.0
-108.0
-39.0
-55.0
-6.0
50.0
110.0
60.0
217.0
165.0
163.0
138.0
44.0
58.0
34.0
47.0
106.0
66.0
48.0
91.0
83.0
-36.0
15.0
44.0
-12.0
-85.0
-93.0
-128.0
-146.0
-125.0
-121.0
-116.0
-89.0
-108.0
-71.0
-35.0
-46.0
-31.0
-30.0
-48.0
-44.0
-24.0
-35.0
-12.0
-24.0
-14.0
-37.0
31.0
82.0
30.0
29.0
-95.0
-54.0
-61.0
20.0
12.0
-88.0
-100.0
-55.0
-9.0
-1.0
-5.0
-7.0
3.0
-86.0
-95.0
-115.0
-119.0
-106.0
-99.0
-96.0
-21.0
17.0
81.0
111.0
150.0
162.0
118.0
123.0
112.0
112.0
88.0
143.0
138.0
100.0
50.0
27.0
-18.0
-24.0
-17.0
-13.0
-11.0
-18.0
-18.0
-3.0
23.0
27.0
40.0
30.0
-40.0
-39.0
-39.0
-73.0
-154.0
-129.0
-83.0
-81.0
-82.0
-112.0
-99.0
-97.0
-25.0
41.0
34.0
27.0
42.0
19.0
-29.0
-65.0
-15.0
-13.0
-28.0
-19.0
22.0
15.0
-11.0
15.0
-20.0
-50.0
-85.0
-79.0
-32.0
-40.0
-82.0
-79.0
-4.0
27.0
43.0
-4.0
-29.0
-24.0
-22.0
6.0
11.0
49.0
7.0
-38.0
25.0
7.0
40.0
39.0
24.0
24.0
20.0
39.0
-84.0
-60.0
5.0
-50.0
-78.0
-63.0
31.0
94.0
83.0
112.0
49.0
-15.0
-8.0
-26.0
-13.0
-7.0
-1.0
-29.0
-24.0
46.0
-9.0
-79.0
-13.0
-14.0
58.0
61.0
90.0
45.0
-33.0
-81.0
-115.0
-82.0
-14.0
19.0
-38.0
-32.0
-19.0
10.0
-11.0
35.0
46.0
36.0
43.0
46.0
86.0
94.0
51.0
28.0
-53.0
-51.0
0.0
-34.0
-45.0
-44.0
-65.0
-74.0
-74.0
-37.0
24.0
44.0
18.0
4.0
-21.0
-61.0
-50.0
-53.0
-20.0
-5.0
25.0
37.0
49.0
34.0
7.0
-74.0
-101.0
-100.0
-57.0
83.0
111.0
41.0
62.0
28.0
-108.0
14.0
53.0
59.0
51.0
102.0
66.0
93.0
24.0
40.0
48.0
39.0
-11.0
-18.0
-50.0
-64.0
-133.0
-109.0
-87.0
-152.0
-110.0
-83.0
-80.0
-80.0
-18.0
-59.0
-1.0
60.0
41.0
67.0
68.0
30.0
57.0
56.0
18.0
-22.0
-18.0
-44.0
-40.0
-10.0
-17.0
-46.0
-81.0
-87.0
-65.0
-47.0
37.0
56.0
7.0
70.0
157.0
101.0
157.0
150.0
132.0
42.0
58.0
105.0
50.0
74.0
19.0
47.0
26.0
29.0
-59.0
-58.0
-3.0
-45.0
-97.0
-93.0
-32.0
-78.0
-137.0
-146.0
-183.0
-136.0
-158.0
-137.0
-78.0
-50.0
-34.0
-44.0
-33.0
-38.0
-37.0
17.0
-13.0
-27.0
-2.0
-40.0
-55.0
-3.0
-24.0
-28.0
-50.0
-1.0
-7.0
65.0
18.0
-70.0
-93.0
-60.0
-5.0
3.0
80.0
87.0
15.0
-18.0
3.0
39.0
111.0
100.0
-17.0
-24.0
-91.0
-71.0
-117.0
-85.0
-80.0
-72.0
-48.0
-46.0
20.0
22.0
11.0
-3.0
50.0
43.0
128.0
122.0
62.0
37.0
48.0
50.0
107.0
114.0
67.0
-3.0
2.0
-22.0
-11.0
-63.0
-60.0
-62.0
8.0
10.0
16.0
5.0
-24.0
-60.0
-46.0
-46.0
-61.0
-64.0
-84.0
-70.0
-38.0
-35.0
-87.0
-20.0
15.0
54.0
81.0
69.0
100.0
86.0
117.0
64.0
2.0
3.0
50.0
5.0
20.0
19.0
33.0
5.0
11.0
16.0
42.0
7.0
13.0
-5.0
-96.0
-104.0
-64.0
-54.0
-57.0
-48.0
-15.0
-54.0
-72.0
-67.0
-59.0
-59.0
-14.0
82.0
48.0
-10.0
6.0
-4.0
20.0
82.0
90.0
87.0
83.0
39.0
-28.0
-87.0
10.0
-30.0
-43.0
-1.0
-42.0
-42.0
-43.0
-29.0
5.0
19.0
-64.0
-57.0
4.0
7.0
14.0
10.0
8.0
5.0
-5.0
39.0
-21.0
-78.0
-116.0
-85.0
-59.0
-64.0
-55.0
-74.0
-84.0
-30.0
100.0
93.0
52.0
-3.0
31.0
38.0
130.0
125.0
70.0
51.0
36.0
-50.0
31.0
81.0
29.0
30.0
61.0
59.0
-2.0
23.0
-26.0
23.0
10.0
23.0
46.0
49.0
-20.0
-60.0
-25.0
18.0
-9.0
-33.0
-99.0
-141.0
-128.0
-129.0
-65.0
-34.0
-124.0
-131.0
-45.0
-35.0
-24.0
-26.0
-38.0
-36.0
-31.0
50.0
83.0
83.0
33.0
-11.0
6.0
2.0
55.0
65.0
2.0
-14.0
17.0
-40.0
-31.0
-36.0
-93.0
-41.0
13.0
13.0
-51.0
-111.0
-144.0
-121.0
-77.0
29.0
46.0
8.0
19.0
15.0
-23.0
73.0
111.0
138.0
209.0
135.0
68.0
49.0
6.0
6.0
94.0
64.0
43.0
-21.0
48.0
72.0
109.0
91.0
-8.0
-15.0
-106.0
-118.0
-100.0
-84.0
-106.0
-58.0
-98.0
-132.0
-110.0
-116.0
-120.0
-45.0
31.0
65.0
28.0
-10.0
-12.0
42.0
67.0
63.0
40.0
26.0
-40.0
25.0
83.0
122.0
131.0
111.0
22.0
21.0
29.0
18.0
-45.0
-48.0
-18.0
-59.0
-64.0
-31.0
3.0
2.0
19.0
22.0
10.0
76.0
18.0
66.0
-5.0
-135.0
-105.0
-110.0
-24.0
69.0
-28.0
-37.0
-33.0
31.0
41.0
-14.0
-56.0
-56.0
-100.0
-41.0
-57.0
-25.0
-76.0
-76.0
-60.0
-42.0
-87.0
-92.0
-72.0
-22.0
4.0
-12.0
-4.0
21.0
52.0
-19.0
-56.0
-59.0
-98.0
-42.0
17.0
97.0
47.0
33.0
6.0
-11.0
80.0
79.0
120.0
170.0
160.0
132.0
45.0
7.0
20.0
-47.0
-13.0
-12.0
-30.0
-13.0
0.0
26.0
26.0
66.0
25.0
21.0
-25.0
-22.0
-16.0
-37.0
-9.0
10.0
29.0
-18.0
-33.0
-66.0
-39.0
-48.0
-51.0
-53.0
-138.0
-147.0
-107.0
-83.0
-22.0
-34.0
-98.0
-101.0
-85.0
-122.0
-119.0
-112.0
-83.0
-106.0
-124.0
-9.0
106.0
111.0
196.0
169.0
165.0
173.0
97.0
48.0
77.0
118.0
106.0
110.0
82.0
-6.0
-49.0
-54.0
-94.0
-80.0
-16.0
-16.0
-88.0
-82.0
-51.0
-42.0
-42.0
-23.0
-82.0
-109.0
-81.0
-24.0
25.0
24.0
76.0
83.0
89.0
74.0
6.0
14.0
48.0
28.0
41.0
39.0
-5.0
23.0
8.0
41.0
86.0
67.0
2.0
11.0
-31.0
-31.0
-37.0
-45.0
-49.0
-96.0
-65.0
-70.0
-144.0
-126.0
-190.0
-194.0
-138.0
-72.0
12.0
38.0
71.0
71.0
65.0
33.0
-5.0
2.0
54.0
104.0
157.0
104.0
79.0
64.0
30.0
-3.0
46.0
46.0
14.0
8.0
57.0
38.0
-45.0
-39.0
-97.0
-79.0
-24.0
-28.0
16.0
20.0
29.0
-33.0
-96.0
-77.0
-155.0
-161.0
-209.0
-207.0
-145.0
-83.0
-27.0
-22.0
84.0
75.0
33.0
104.0
85.0
82.0
50.0
98.0
110.0
92.0
142.0
84.0
88.0
9.0
-121.0
-124.0
-157.0
-81.0
-96.0
-92.0
43.0
55.0
-38.0
-77.0
-64.0
-57.0
-78.0
-112.0
-26.0
40.0
0.0
4.0
-41.0
47.0
7.0
3.0
-36.0
-40.0
-8.0
-49.0
-24.0
7.0
30.0
12.0
96.0
107.0
134.0
79.0
17.0
-106.0
-65.0
-37.0
-15.0
36.0
37.0
39.0
71.0
-13.0
-1.0
-26.0
-52.0
-30.0
-58.0
1.0
7.0
6.0
23.0
0.0
6.0
-16.0
-65.0
26.0
-12.0
-23.0
1.0
2.0
43.0
50.0
74.0
51.0
71.0
52.0
103.0
36.0
-2.0
-7.0
-58.0
-84.0
30.0
-21.0
-80.0
-115.0
-159.0
-52.0
-35.0
-34.0
-61.0
68.0
43.0
-60.0
-82.0
-44.0
43.0
-33.0
-27.0
-31.0
-50.0
63.0
83.0
105.0
73.0
5.0
-17.0
7.0
-15.0
-13.0
8.0
60.0
51.0
23.0
-2.0
-6.0
-1.0
-34.0
-67.0
-70.0
15.0
17.0
-40.0
-47.0
-13.0
3.0
-11.0
61.0
29.0
27.0
-8.0
39.0
64.0
17.0
-30.0
-20.0
-37.0
-21.0
15.0
10.0
-12.0
-70.0
-139.0
-155.0
-22.0
54.0
75.0
107.0
102.0
107.0
160.0
78.0
41.0
94.0
100.0
114.0
68.0
52.0
62.0
60.0
-25.0
-93.0
-176.0
-191.0
-73.0
-28.0
0.0
-15.0
-32.0
-32.0
-25.0
-16.0
-45.0
-66.0
6.0
-23.0
-67.0
-144.0
-129.0
-131.0
-53.0
-14.0
-46.0
-31.0
63.0
6.0
3.0
30.0
31.0
33.0
41.0
140.0
117.0
114.0
67.0
62.0
9.0
-1.0
117.0
112.0
20.0
-59.0
-101.0
-72.0
-85.0
-134.0
-110.0
-98.0
-117.0
-123.0
-106.0
-29.0
-10.0
13.0
1.0
-47.0
-84.0
-51.0
24.0
21.0
25.0
34.0
-22.0
-117.0
-87.0
-77.0
-97.0
-94.0
-52.0
-48.0
-28.0
-41.0
-6.0
25.0
65.0
47.0
37.0
74.0
26.0
26.0
10.0
112.0
77.0
108.0
28.0
-17.0
-24.0
13.0
-75.0
-75.0
-8.0
32.0
-64.0
-5.0
78.0
60.0
65.0
22.0
-15.0
-17.0
-38.0
-10.0
59.0
9.0
-28.0
-83.0
-129.0
-121.0
-88.0
-92.0
-74.0
-6.0
-27.0
32.0
72.0
56.0
-17.0
-37.0
-54.0
-50.0
-9.0
74.0
-24.0
-86.0
-36.0
17.0
55.0
46.0
-8.0
-13.0
-33.0
-89.0
-111.0
-117.0
-147.0
-7.0
131.0
130.0
37.0
30.0
26.0
72.0
92.0
83.0
141.0
179.0
202.0
197.0
46.0
31.0
14.0
-13.0
20.0
-7.0
63.0
-28.0
-21.0
-28.0
-20.0
-24.0
-41.0
-8.0
-22.0
-18.0
-76.0
-123.0
-157.0
-31.0
9.0
11.0
48.0
9.0
-57.0
-33.0
-54.0
-39.0
-9.0
41.0
63.0
63.0
31.0
-3.0
-29.0
-14.0
-37.0
-29.0
-65.0
-52.0
-45.0
-46.0
-84.0
-8.0
-58.0
-112.0
-87.0
-33.0
-38.0
-44.0
-34.0
-36.0
-25.0
3.0
-24.0
-51.0
-18.0
-2.0
22.0
33.0
3.0
7.0
-2.0
-15.0
26.0
35.0
4.0
-7.0
15.0
36.0
-16.0
-15.0
-20.0
38.0
19.0
-45.0
-75.0
-35.0
-2.0
8.0
-43.0
-43.0
-114.0
-50.0
-41.0
-49.0
14.0
61.0
61.0
74.0
15.0
15.0
-21.0
-59.0
-37.0
-47.0
19.0
-18.0
-11.0
-9.0
-58.0
-62.0
4.0
22.0
74.0
34.0
-44.0
-86.0
-95.0
-44.0
-48.0
-49.0
1.0
48.0
175.0
142.0
172.0
149.0
103.0
59.0
51.0
53.0
-35.0
21.0
36.0
77.0
69.0
35.0
-27.0
3.0
-1.0
2.0
-41.0
20.0
-37.0
-26.0
37.0
-67.0
-88.0
-51.0
-47.0
-44.0
-19.0
-38.0
-35.0
-75.0
-59.0
-50.0
-59.0
-74.0
-79.0
-72.0
-81.0
-168.0
-112.0
-39.0
-8.0
33.0
46.0
65.0
54.0
53.0
35.0
34.0
49.0
67.0
90.0
60.0
36.0
21.0
33.0
36.0
51.0
69.0
53.0
39.0
-49.0
3.0
14.0
38.0
65.0
60.0
92.0
41.0
-42.0
-94.0
-10.0
-17.0
-21.0
-40.0
-25.0
-23.0
-42.0
-50.0
-46.0
-40.0
-80.0
-39.0
-88.0
-67.0
-67.0
-64.0
-32.0
-61.0
-85.0
-97.0
-74.0
-15.0
-24.0
-10.0
-1.0
-1.0
-21.0
37.0
28.0
30.0
88.0
124.0
46.0
32.0
25.0
26.0
-5.0
-72.0
-58.0
-35.0
-108.0
-64.0
62.0
55.0
57.0
58.0
-24.0
-71.0
-57.0
-7.0
-101.0
-69.0
-74.0
-26.0
56.0
52.0
-34.0
-64.0
-10.0
-15.0
6.0
12.0
-21.0
16.0
43.0
42.0
32.0
51.0
52.0
2.0
-88.0
-48.0
14.0
109.0
77.0
81.0
-24.0
-2.0
72.0
97.0
41.0
45.0
2.0
30.0
41.0
40.0
59.0
96.0
29.0
42.0
0.0
-7.0
-93.0
-130.0
-14.0
-7.0
-12.0
-18.0
-33.0
-45.0
-22.0
0.0
-27.0
-10.0
-4.0
-8.0
-3.0
17.0
-34.0
-9.0
30.0
44.0
85.0
-47.0
-18.0
-25.0
2.0
-32.0
-19.0
-42.0
-53.0
-46.0
-32.0
16.0
14.0
13.0
7.0
11.0
-27.0
-21.0
9.0
25.0
35.0
26.0
-16.0
-15.0
-91.0
-94.0
-7.0
51.0
32.0
55.0
-14.0
12.0
0.0
4.0
9.0
58.0
68.0
77.0
51.0
-28.0
-29.0
31.0
59.0
66.0
1.0
-64.0
-5.0
15.0
4.0
-41.0
-96.0
-99.0
-54.0
-55.0
-72.0
-44.0
-12.0
17.0
6.0
99.0
2.0
-136.0
-131.0
-134.0
-103.0
-52.0
-29.0
-4.0
29.0
33.0
-54.0
-43.0
61.0
56.0
0.0
-9.0
20.0
129.0
59.0
21.0
-1.0
-59.0
-31.0
-29.0
-61.0
-75.0
-43.0
7.0
-22.0
-31.0
0.0
-47.0
-39.0
-42.0
-43.0
-9.0
59.0
25.0
42.0
54.0
30.0
7.0
2.0
-8.0
88.0
84.0
43.0
49.0
11.0
-26.0
-42.0
-37.0
-97.0
-89.0
-105.0
-67.0
-57.0
-69.0
-92.0
-20.0
0.0
24.0
72.0
63.0
33.0
53.0
13.0
-66.0
-3.0
166.0
122.0
21.0
100.0
108.0
91.0
82.0
55.0
28.0
-79.0
-117.0
-4.0
-8.0
14.0
11.0
55.0
25.0
41.0
-10.0
-98.0
-56.0
15.0
-7.0
-41.0
-44.0
-126.0
-137.0
-92.0
-36.0
-41.0
-27.0
-51.0
-26.0
0.0
5.0
-18.0
6.0
9.0
42.0
24.0
0.0
-7.0
77.0
45.0
43.0
6.0
-22.0
-15.0
-38.0
-78.0
-21.0
-53.0
45.0
107.0
112.0
67.0
38.0
18.0
-6.0
-19.0
30.0
-17.0
-95.0
-43.0
-44.0
23.0
37.0
92.0
-2.0
-86.0
-40.0
-103.0
-122.0
-192.0
-198.0
-220.0
-147.0
-22.0
67.0
95.0
71.0
41.0
28.0
52.0
55.0
92.0
99.0
44.0
106.0
116.0
70.0
-4.0
-41.0
-30.0
-25.0
-42.0
49.0
114.0
104.0
22.0
-15.0
-39.0
-39.0
-137.0
-139.0
-127.0
-98.0
-64.0
-3.0
-41.0
-79.0
-73.0
-65.0
-69.0
-74.0
-15.0
-39.0
105.0
55.0
42.0
4.0
13.0
57.0
-48.0
-61.0
-28.0
-15.0
56.0
43.0
61.0
61.0
30.0
-38.0
42.0
50.0
7.0
-5.0
1.0
-63.0
32.0
31.0
-24.0
-32.0
-9.0
-2.0
-40.0
-13.0
-2.0
4.0
-10.0
37.0
-7.0
-46.0
-40.0
-38.0
13.0
18.0
4.0
10.0
36.0
58.0
11.0
-17.0
-48.0
-51.0
-85.0
-46.0
-123.0
-110.0
-69.0
-73.0
-35.0
-23.0
78.0
74.0
106.0
41.0
37.0
26.0
10.0
-22.0
9.0
17.0
26.0
30.0
9.0
-48.0
-54.0
-47.0
-119.0
-96.0
-84.0
-81.0
-46.0
-40.0
-87.0
-73.0
-8.0
25.0
63.0
133.0
95.0
108.0
162.0
163.0
94.0
154.0
126.0
85.0
27.0
-3.0
61.0
52.0
7.0
8.0
30.0
8.0
23.0
37.0
-21.0
-22.0
9.0
-74.0
-65.0
-61.0
-39.0
-46.0
-52.0
-25.0
5.0
-30.0
-40.0
-77.0
-82.0
-82.0
-28.0
-27.0
3.0
-22.0
-66.0
-32.0
7.0
20.0
-22.0
-21.0
-40.0
-65.0
-55.0
-46.0
-73.0
-79.0
-33.0
45.0
17.0
18.0
-17.0
3.0
-17.0
-113.0
-140.0
-31.0
8.0
42.0
23.0
26.0
9.0
35.0
72.0
43.0
-59.0
-5.0
-36.0
-60.0
-3.0
-2.0
-9.0
-20.0
-15.0
28.0
24.0
1.0
18.0
52.0
47.0
48.0
13.0
-42.0
-110.0
-29.0
19.0
24.0
23.0
-35.0
-35.0
-40.0
-60.0
7.0
40.0
91.0
142.0
129.0
33.0
37.0
108.0
107.0
88.0
11.0
-26.0
57.0
59.0
59.0
31.0
-26.0
1.0
4.0
74.0
82.0
39.0
3.0
-70.0
-81.0
-90.0
-50.0
-43.0
-41.0
-6.0
-112.0
-122.0
-115.0
-84.0
-29.0
-101.0
-64.0
-90.0
-90.0
-58.0
-30.0
14.0
-35.0
54.0
86.0
44.0
-33.0
-74.0
-71.0
-74.0
42.0
15.0
9.0
17.0
-22.0
6.0
11.0
6.0
4.0
21.0
51.0
72.0
82.0
64.0
85.0
57.0
61.0
40.0
36.0
69.0
93.0
47.0
44.0
4.0
-23.0
-39.0
-41.0
-73.0
-77.0
-104.0
-112.0
-83.0
-6.0
30.0
-38.0
-77.0
-113.0
-153.0
-153.0
-99.0
-79.0
-74.0
-45.0
-64.0
-7.0
20.0
0.0
-46.0
-50.0
-5.0
20.0
9.0
2.0
-4.0
17.0
-10.0
-18.0
-20.0
-26.0
32.0
30.0
3.0
-50.0
-87.0
-79.0
-50.0
-32.0
-30.0
-20.0
-35.0
-11.0
32.0
16.0
27.0
85.0
11.0
-11.0
50.0
49.0
88.0
73.0
-10.0
-42.0
-29.0
12.0
7.0
-8.0
-62.0
-70.0
-110.0
-58.0
-13.0
-8.0
37.0
31.0
7.0
-1.0
55.0
61.0
96.0
41.0
31.0
47.0
33.0
105.0
100.0
-20.0
9.0
5.0
34.0
70.0
98.0
93.0
30.0
-35.0
-71.0
-91.0
-90.0
-88.0
-90.0
-115.0
-71.0
-90.0
-73.0
-77.0
-47.0
-57.0
75.0
72.0
-1.0
13.0
4.0
-8.0
-11.0
25.0
102.0
123.0
52.0
53.0
-46.0
17.0
7.0
22.0
-6.0
-30.0
-68.0
-51.0
-31.0
-37.0
-67.0
-163.0
-147.0
-48.0
-14.0
33.0
71.0
83.0
25.0
34.0
85.0
72.0
20.0
4.0
11.0
-94.0
-110.0
-58.0
-41.0
-29.0
29.0
30.0
-28.0
-15.0
71.0
63.0
7.0
-29.0
-74.0
-79.0
-97.0
-73.0
-90.0
-55.0
-47.0
-27.0
33.0
-38.0
-29.0
-46.0
-95.0
11.0
47.0
102.0
140.0
79.0
119.0
59.0
6.0
5.0
57.0
24.0
-56.0
-18.0
-101.0
-48.0
-16.0
0.0
-50.0
-63.0
-40.0
76.0
65.0
4.0
-89.0
-157.0
-143.0
-93.0
-18.0
-13.0
-51.0
-51.0
21.0
97.0
105.0
111.0
139.0
104.0
31.0
25.0
13.0
114.0
101.0
84.0
1.0
5.0
-16.0
-13.0
-53.0
-46.0
-5.0
-25.0
-18.0
8.0
-55.0
-99.0
-93.0
-92.0
-66.0
-70.0
-88.0
-61.0
-65.0
3.0
41.0
87.0
76.0
32.0
-71.0
-66.0
-43.0
-44.0
-63.0
28.0
20.0
5.0
27.0
-8.0
-9.0
-19.0
-7.0
-45.0
-27.0
-26.0
17.0
2.0
-23.0
30.0
-5.0
-4.0
8.0
27.0
12.0
36.0
45.0
70.0
18.0
51.0
40.0
44.0
-59.0
-17.0
19.0
-38.0
-52.0
8.0
17.0
-39.0
-2.0
-4.0
9.0
71.0
33.0
-10.0
-83.0
-86.0
-52.0
16.0
2.0
0.0
-34.0
-20.0
28.0
-6.0
-73.0
-55.0
-62.0
-70.0
-173.0
-178.0
-169.0
-206.0
-124.0
37.0
27.0
51.0
93.0
128.0
36.0
27.0
-29.0
35.0
97.0
149.0
139.0
120.0
142.0
129.0
124.0
122.0
114.0
14.0
-22.0
-45.0
-68.0
-70.0
16.0
-19.0
-33.0
-30.0
-58.0
-98.0
-110.0
-42.0
-24.0
-53.0
-63.0
-91.0
-29.0
-32.0
-3.0
-20.0
-26.0
-46.0
-56.0
-26.0
-67.0
-95.0
-138.0
-140.0
-84.0
-83.0
-22.0
-29.0
50.0
77.0
70.0
49.0
64.0
61.0
73.0
84.0
59.0
92.0
118.0
12.0
43.0
0.0
-23.0
-23.0
13.0
11.0
6.0
4.0
-6.0
15.0
-32.0
-5.0
-49.0
-49.0
-60.0
-62.0
-68.0
-83.0
-79.0
-120.0
-190.0
-214.0
-184.0
-181.0
-73.0
42.0
16.0
91.0
112.0
93.0
92.0
96.0
103.0
107.0
162.0
168.0
169.0
180.0
110.0
83.0
35.0
15.0
18.0
24.0
26.0
-31.0
-89.0
-142.0
-108.0
-74.0
-54.0
-91.0
-100.0
-98.0
-64.0
-41.0
-32.0
-21.0
9.0
-8.0
-15.0
-44.0
-28.0
-31.0
-56.0
-60.0
-95.0
-161.0
-104.0
-49.0
4.0
46.0
87.0
93.0
63.0
115.0
103.0
27.0
45.0
65.0
48.0
66.0
79.0
72.0
39.0
-21.0
-63.0
-32.0
-33.0
-77.0
0.0
6.0
23.0
17.0
8.0
100.0
17.0
24.0
11.0
14.0
12.0
13.0
-13.0
-9.0
10.0
-5.0
15.0
-53.0
-60.0
-73.0
-55.0
-75.0
-119.0
-120.0
-105.0
-53.0
-4.0
31.0
21.0
14.0
-14.0
-48.0
-47.0
-51.0
-5.0
0.0
-48.0
-49.0
13.0
18.0
36.0
34.0
27.0
28.0
-35.0
-87.0
-29.0
-20.0
-26.0
0.0
40.0
78.0
6.0
4.0
-2.0
-15.0
-55.0
-1.0
14.0
76.0
-2.0
-40.0
-67.0
-74.0
-138.0
-12.0
35.0
-41.0
-174.0
-166.0
-153.0
-91.0
-59.0
-57.0
32.0
92.0
135.0
172.0
123.0
101.0
66.0
70.0
25.0
24.0
112.0
61.0
22.0
51.0
37.0
94.0
44.0
33.0
29.0
28.0
42.0
-63.0
-60.0
-27.0
-48.0
-104.0
-82.0
-53.0
-79.0
-83.0
-40.0
41.0
8.0
32.0
44.0
32.0
79.0
43.0
40.0
39.0
59.0
49.0
-18.0
-9.0
-48.0
-44.0
-57.0
-60.0
-55.0
-61.0
0.0
25.0
-16.0
-6.0
-28.0
4.0
2.0
66.0
75.0
84.0
7.0
33.0
41.0
6.0
24.0
9.0
35.0
47.0
-44.0
-47.0
-29.0
-35.0
-27.0
-123.0
-123.0
-97.0
-96.0
-106.0
-223.0
-228.0
-292.0
-218.0
-90.0
25.0
114.0
89.0
-13.0
-187.0
-121.0
-113.0
85.0
129.0
33.0
19.0
76.0
125.0
186.0
177.0
113.0
118.0
74.0
-80.0
-75.0
-31.0
-85.0
-27.0
116.0
156.0
88.0
84.0
33.0
-45.0
-38.0
-6.0
7.0
-20.0
48.0
50.0
127.0
123.0
43.0
15.0
26.0
83.0
11.0
21.0
4.0
-74.0
-125.0
-126.0
-131.0
-153.0
-144.0
-177.0
-100.0
-74.0
-84.0
-72.0
-24.0
-18.0
66.0
60.0
102.0
132.0
114.0
62.0
59.0
142.0
110.0
106.0
51.0
95.0
56.0
-1.0
-43.0
-107.0
-61.0
-62.0
-72.0
-71.0
-77.0
18.0
-5.0
-42.0
-72.0
-23.0
28.0
54.0
23.0
28.0
-71.0
-40.0
25.0
67.0
122.0
73.0
32.0
-3.0
1.0
4.0
-29.0
-8.0
22.0
-28.0
-35.0
-63.0
-72.0
-110.0
-147.0
-145.0
-135.0
-178.0
-152.0
-90.0
-5.0
7.0
-22.0
25.0
12.0
11.0
40.0
104.0
33.0
-21.0
-102.0
2.0
69.0
157.0
116.0
111.0
46.0
39.0
9.0
-41.0
-98.0
-103.0
-87.0
-43.0
17.0
13.0
24.0
6.0
17.0
67.0
75.0
46.0
46.0
-53.0
-32.0
-26.0
43.0
35.0
29.0
87.0
-14.0
-61.0
-18.0
-66.0
-87.0
-87.0
-43.0
50.0
36.0
2.0
-39.0
-66.0
-12.0
16.0
8.0
6.0
31.0
48.0
43.0
37.0
-6.0
-58.0
-27.0
11.0
-5.0
-13.0
-31.0
-29.0
-25.0
-161.0
-146.0
-112.0
-60.0
-4.0
0.0
8.0
10.0
68.0
117.0
39.0
43.0
20.0
-4.0
-42.0
-84.0
-83.0
-82.0
-92.0
-93.0
-74.0
-53.0
38.0
61.0
53.0
44.0
43.0
53.0
71.0
95.0
114.0
74.0
86.0
95.0
120.0
105.0
100.0
36.0
-17.0
6.0
-33.0
52.0
-42.0
-48.0
-15.0
15.0
10.0
18.0
32.0
-34.0
-87.0
-124.0
-93.0
-92.0
-109.0
-115.0
-115.0
-66.0
0.0
43.0
35.0
5.0
-22.0
-33.0
-64.0
-48.0
-42.0
-61.0
-49.0
-20.0
-29.0
32.0
-7.0
11.0
33.0
50.0
55.0
-3.0
94.0
41.0
8.0
22.0
69.0
46.0
6.0
55.0
56.0
-12.0
52.0
55.0
23.0
40.0
-10.0
-55.0
-36.0
-16.0
-22.0
16.0
47.0
-2.0
15.0
-20.0
14.0
-43.0
-119.0
-58.0
-57.0
-38.0
-116.0
-127.0
-137.0
-178.0
-124.0
-30.0
-107.0
-90.0
-94.0
-85.0
-68.0
37.0
81.0
-8.0
63.0
102.0
111.0
129.0
134.0
127.0
155.0
92.0
118.0
170.0
125.0
70.0
-59.0
-65.0
-70.0
2.0
59.0
-1.0
47.0
-19.0
-90.0
-178.0
-172.0
-173.0
-171.0
-104.0
4.0
50.0
21.0
-72.0
-120.0
-18.0
101.0
121.0
128.0
195.0
139.0
45.0
-27.0
39.0
30.0
5.0
-65.0
-120.0
-120.0
-153.0
-218.0
-142.0
-105.0
-36.0
50.0
98.0
121.0
116.0
115.0
55.0
104.0
110.0
103.0
79.0
105.0
61.0
94.0
72.0
71.0
28.0
11.0
-50.0
-66.0
-15.0
21.0
-69.0
-102.0
-167.0
-161.0
-90.0
-80.0
-106.0
-55.0
-106.0
-88.0
-83.0
-62.0
-81.0
-77.0
-99.0
-103.0
-69.0
-41.0
-156.0
-122.0
-93.0
-34.0
-5.0
-4.0
-24.0
-49.0
16.0
70.0
50.0
103.0
65.0
61.0
16.0
17.0
4.0
-8.0
-5.0
-19.0
4.0
41.0
90.0
71.0
46.0
45.0
57.0
46.0
22.0
-10.0
53.0
66.0
58.0
62.0
-17.0
-20.0
1.0
9.0
-12.0
14.0
-43.0
-7.0
-36.0
-45.0
-70.0
-75.0
-44.0
-55.0
-74.0
-87.0
-54.0
-31.0
-10.0
20.0
-8.0
-9.0
0.0
-16.0
15.0
65.0
-7.0
-43.0
-16.0
15.0
62.0
55.0
23.0
99.0
72.0
37.0
63.0
24.0
80.0
17.0
24.0
18.0
-67.0
-60.0
-63.0
-49.0
-13.0
-63.0
-5.0
-25.0
-70.0
-66.0
-33.0
-45.0
-38.0
64.0
40.0
26.0
-13.0
-57.0
-9.0
-4.0
-17.0
14.0
12.0
-24.0
-44.0
42.0
46.0
52.0
-13.0
-26.0
-128.0
-12.0
55.0
-5.0
-29.0
-15.0
4.0
57.0
80.0
78.0
-9.0
39.0
-17.0
-129.0
-130.0
-88.0
-110.0
-83.0
-8.0
-7.0
-5.0
-67.0
-81.0
-65.0
83.0
134.0
145.0
169.0
142.0
138.0
126.0
78.0
-27.0
-40.0
20.0
83.0
74.0
31.0
-28.0
-37.0
-35.0
18.0
-11.0
-3.0
-36.0
-29.0
-53.0
-24.0
2.0
3.0
24.0
16.0
16.0
-83.0
36.0
34.0
-7.0
-17.0
-47.0
-46.0
-70.0
-39.0
-6.0
-9.0
-15.0
18.0
-49.0
-31.0
-61.0
-61.0
-77.0
-49.0
-5.0
29.0
48.0
10.0
12.0
-99.0
-97.0
-97.0
-102.0
-90.0
-72.0
-99.0
-66.0
0.0
101.0
74.0
61.0
59.0
67.0
52.0
96.0
182.0
90.0
20.0
32.0
66.0
65.0
62.0
90.0
54.0
-4.0
0.0
-31.0
-106.0
-148.0
-135.0
-102.0
-104.0
-69.0
-49.0
-44.0
22.0
65.0
89.0
108.0
50.0
-37.0
-39.0
-7.0
17.0
26.0
33.0
-28.0
-16.0
-6.0
-25.0
-51.0
-55.0
-63.0
-64.0
-68.0
-58.0
13.0
-33.0
-70.0
-25.0
24.0
27.0
-12.0
-84.0
-41.0
-29.0
-17.0
79.0
58.0
17.0
1.0
-4.0
-47.0
-75.0
-96.0
-177.0
-149.0
-74.0
-125.0
-88.0
-32.0
-29.0
60.0
40.0
49.0
104.0
77.0
117.0
138.0
90.0
164.0
163.0
256.0
181.0
203.0
115.0
-3.0
-28.0
-61.0
-226.0
-156.0
-145.0
-89.0
-10.0
-30.0
43.0
29.0
-11.0
-33.0
-26.0
37.0
35.0
21.0
-44.0
0.0
-21.0
-11.0
17.0
3.0
6.0
-15.0
-23.0
4.0
8.0
-1.0
82.0
59.0
108.0
-28.0
-16.0
-120.0
-118.0
-63.0
31.0
15.0
63.0
18.0
-24.0
-70.0
-70.0
-6.0
-5.0
45.0
30.0
-29.0
-60.0
-68.0
-52.0
-71.0
-58.0
-52.0
-57.0
-109.0
-67.0
-11.0
9.0
2.0
-4.0
10.0
-6.0
19.0
19.0
-29.0
7.0
41.0
61.0
83.0
49.0
-48.0
-18.0
16.0
18.0
12.0
37.0
65.0
29.0
6.0
-44.0
-86.0
-140.0
-114.0
-110.0
-59.0
-8.0
-36.0
-18.0
-47.0
-5.0
-4.0
-2.0
-27.0
-34.0
49.0
38.0
16.0
37.0
2.0
19.0
-62.0
-78.0
-80.0
-82.0
-10.0
-7.0
47.0
1.0
47.0
44.0
23.0
39.0
43.0
43.0
26.0
-14.0
-2.0
46.0
42.0
-2.0
-55.0
-42.0
-30.0
-28.0
-89.0
-99.0
-49.0
-50.0
-2.0
23.0
48.0
6.0
86.0
92.0
110.0
93.0
72.0
43.0
27.0
-4.0
72.0
107.0
55.0
50.0
51.0
47.0
-8.0
-18.0
-43.0
-13.0
28.0
-51.0
-145.0
-144.0
-174.0
-186.0
-103.0
-27.0
-64.0
-78.0
-56.0
-85.0
-123.0
-120.0
-73.0
36.0
94.0
98.0
83.0
86.0
89.0
92.0
47.0
48.0
85.0
64.0
27.0
50.0
63.0
44.0
-28.0
-37.0
-23.0
-20.0
-37.0
-89.0
-68.0
-33.0
-1.0
-94.0
-62.0
-18.0
-30.0
-35.0
3.0
8.0
-7.0
-30.0
-16.0
19.0
33.0
11.0
-57.0
-60.0
-30.0
14.0
31.0
0.0
27.0
40.0
21.0
-5.0
-23.0
-28.0
-63.0
-51.0
-1.0
6.0
68.0
67.0
13.0
27.0
-59.0
-61.0
-74.0
-44.0
-43.0
-25.0
46.0
4.0
-41.0
-1.0
46.0
45.0
44.0
-14.0
-48.0
-64.0
-90.0
-50.0
-105.0
-69.0
-61.0
-68.0
-4.0
29.0
-4.0
-6.0
-24.0
7.0
7.0
-45.0
-69.0
-78.0
-49.0
40.0
-16.0
93.0
129.0
69.0
135.0
50.0
45.0
46.0
36.0
40.0
26.0
109.0
-23.0
-96.0
-102.0
-61.0
-105.0
-103.0
-50.0
-2.0
65.0
63.0
61.0
119.0
55.0
29.0
-39.0
-44.0
-150.0
-162.0
-136.0
-88.0
23.0
-13.0
-24.0
-32.0
82.0
81.0
72.0
43.0
74.0
126.0
112.0
80.0
95.0
84.0
117.0
115.0
125.0
57.0
13.0
-23.0
-9.0
29.0
26.0
29.0
-30.0
-31.0
-88.0
-59.0
-12.0
-96.0
-25.0
-22.0
-38.0
-65.0
-70.0
-66.0
-124.0
-187.0
-85.0
-16.0
17.0
12.0
-45.0
-79.0
-113.0
-117.0
-143.0
-63.0
-56.0
-58.0
83.0
136.0
44.0
46.0
24.0
27.0
29.0
2.0
26.0
-84.0
-42.0
-21.0
-72.0
-86.0
-109.0
-111.0
-64.0
-23.0
-26.0
29.0
46.0
65.0
113.0
57.0
60.0
56.0
57.0
-18.0
38.0
32.0
65.0
81.0
44.0
-14.0
-17.0
-24.0
-8.0
-21.0
-4.0
-86.0
-95.0
-64.0
-115.0
-118.0
-120.0
-120.0
-73.0
-18.0
37.0
57.0
51.0
3.0
40.0
4.0
36.0
41.0
88.0
60.0
12.0
-59.0
22.0
40.0
-38.0
-12.0
-5.0
-4.0
-50.0
-59.0
-22.0
-28.0
-11.0
9.0
-17.0
-26.0
-2.0
0.0
-28.0
31.0
7.0
23.0
29.0
58.0
14.0
13.0
-40.0
-32.0
-68.0
-20.0
-86.0
-40.0
31.0
-29.0
-26.0
-12.0
1.0
5.0
49.0
101.0
83.0
121.0
94.0
42.0
57.0
66.0
39.0
38.0
60.0
47.0
46.0
75.0
46.0
38.0
21.0
22.0
-3.0
-9.0
-46.0
-104.0
-97.0
-144.0
-140.0
-138.0
-57.0
-22.0
-28.0
-39.0
15.0
83.0
-7.0
-73.0
-1.0
57.0
20.0
25.0
21.0
23.0
44.0
111.0
82.0
-62.0
-58.0
-47.0
-14.0
-15.0
-8.0
-8.0
-18.0
-70.0
-81.0
19.0
1.0
-64.0
-37.0
-17.0
-75.0
-79.0
-61.0
-7.0
56.0
-3.0
7.0
-21.0
14.0
49.0
47.0
43.0
-41.0
-45.0
-43.0
-116.0
-103.0
-74.0
-104.0
-42.0
-3.0
-3.0
10.0
77.0
152.0
125.0
65.0
25.0
-11.0
-30.0
-61.0
-67.0
4.0
14.0
91.0
115.0
41.0
-29.0
10.0
-29.0
-23.0
-25.0
9.0
-1.0
-8.0
34.0
17.0
1.0
-68.0
-60.0
-222.0
-212.0
-112.0
-38.0
107.0
42.0
-72.0
-4.0
5.0
-35.0
-101.0
-103.0
-182.0
-85.0
-24.0
-24.0
51.0
-2.0
-15.0
21.0
76.0
71.0
91.0
140.0
166.0
100.0
11.0
6.0
-58.0
-72.0
-5.0
-2.0
-89.0
-153.0
-94.0
-13.0
10.0
4.0
13.0
-9.0
36.0
37.0
83.0
33.0
30.0
17.0
19.0
31.0
33.0
7.0
43.0
45.0
51.0
-16.0
11.0
41.0
52.0
27.0
22.0
-52.0
-44.0
-43.0
-74.0
-67.0
-11.0
0.0
50.0
-31.0
33.0
44.0
40.0
41.0
69.0
97.0
81.0
48.0
125.0
124.0
10.0
-39.0
-42.0
-46.0
-78.0
-84.0
-86.0
-14.0
-19.0
-31.0
-90.0
-52.0
-34.0
-28.0
3.0
15.0
-30.0
-42.0
-107.0
-119.0
-66.0
8.0
10.0
8.0
-14.0
-18.0
-29.0
-21.0
-50.0
-34.0
-39.0
-27.0
-47.0
-49.0
-84.0
19.0
-75.0
-21.0
-50.0
-72.0
76.0
69.0
15.0
14.0
-122.0
-145.0
-167.0
-128.0
-17.0
61.0
-60.0
-36.0
57.0
60.0
64.0
192.0
153.0
175.0
15.0
42.0
87.0
68.0
22.0
29.0
86.0
138.0
54.0
15.0
-38.0
-42.0
-88.0
-116.0
-89.0
-86.0
-138.0
-56.0
2.0
99.0
43.0
100.0
42.0
-7.0
-31.0
-26.0
61.0
55.0
36.0
-56.0
-35.0
108.0
21.0
66.0
89.0
95.0
83.0
-31.0
-110.0
-59.0
-58.0
-50.0
-95.0
-69.0
-60.0
-52.0
-30.0
62.0
15.0
56.0
-13.0
-15.0
-64.0
-99.0
-88.0
-83.0
-47.0
-73.0
-57.0
-62.0
-188.0
-245.0
-92.0
48.0
57.0
54.0
101.0
120.0
89.0
90.0
51.0
57.0
61.0
57.0
100.0
101.0
137.0
144.0
153.0
61.0
66.0
40.0
53.0
18.0
-13.0
-11.0
-95.0
-165.0
-167.0
-78.0
-32.0
-67.0
-91.0
-103.0
-74.0
-73.0
-1.0
27.0
49.0
54.0
54.0
69.0
16.0
15.0
2.0
1.0
-38.0
-104.0
-89.0
-47.0
-16.0
20.0
-36.0
49.0
21.0
29.0
-4.0
32.0
-60.0
-43.0
-27.0
-121.0
-112.0
-102.0
-97.0
-97.0
-43.0
-11.0
95.0
78.0
60.0
122.0
146.0
111.0
61.0
66.0
26.0
-11.0
117.0
95.0
-9.0
-29.0
-52.0
-11.0
-26.0
-23.0
-24.0
-76.0
-64.0
-120.0
-48.0
-46.0
-60.0
-23.0
-38.0
-40.0
-63.0
-38.0
24.0
69.0
134.0
88.0
57.0
91.0
-11.0
-8.0
-46.0
-22.0
-15.0
-28.0
16.0
16.0
5.0
55.0
33.0
29.0
-45.0
-5.0
86.0
79.0
40.0
9.0
-21.0
-59.0
-99.0
-108.0
-134.0
-101.0
-40.0
-33.0
-42.0
-26.0
-33.0
1.0
54.0
52.0
86.0
48.0
34.0
-58.0
-24.0
-12.0
-3.0
14.0
21.0
16.0
-14.0
30.0
18.0
-14.0
-67.0
-30.0
-45.0
59.0
60.0
60.0
-15.0
-18.0
-58.0
-54.0
-57.0
-26.0
-11.0
69.0
92.0
98.0
30.0
-44.0
-88.0
-128.0
-175.0
-128.0
-113.0
-31.0
-17.0
-18.0
-8.0
23.0
-28.0
5.0
16.0
-14.0
42.0
15.0
23.0
18.0
-46.0
0.0
36.0
55.0
96.0
89.0
12.0
-12.0
60.0
64.0
92.0
64.0
55.0
22.0
-64.0
-56.0
-36.0
-2.0
-46.0
-44.0
-93.0
-99.0
-97.0
-77.0
13.0
99.0
49.0
-11.0
-88.0
-81.0
-42.0
-2.0
64.0
94.0
-39.0
-69.0
-75.0
-26.0
-38.0
-34.0
-29.0
92.0
133.0
24.0
-57.0
-136.0
-115.0
-75.0
2.0
9.0
27.0
34.0
43.0
41.0
73.0
67.0
52.0
82.0
33.0
26.0
-10.0
0.0
61.0
-34.0
-38.0
-12.0
58.0
-28.0
-88.0
-91.0
-72.0
-5.0
78.0
83.0
19.0
-24.0
-3.0
24.0
44.0
39.0
37.0
18.0
-118.0
-37.0
72.0
53.0
-90.0
-70.0
31.0
43.0
60.0
39.0
20.0
-10.0
94.0
1.0
-10.0
-32.0
-15.0
-12.0
65.0
39.0
-64.0
-139.0
-136.0
-103.0
-15.0
49.0
52.0
51.0
48.0
21.0
49.0
43.0
-39.0
-9.0
-48.0
-9.0
-4.0
2.0
76.0
57.0
18.0
26.0
-21.0
-26.0
-25.0
0.0
10.0
14.0
-13.0
-53.0
-139.0
-118.0
-110.0
-18.0
74.0
16.0
-2.0
-11.0
-25.0
32.0
26.0
-20.0
8.0
-6.0
-8.0
28.0
-2.0
-2.0
-61.0
-38.0
-9.0
61.0
59.0
55.0
24.0
-31.0
-26.0
-21.0
-27.0
-55.0
-22.0
-5.0
-14.0
-26.0
-112.0
-199.0
-151.0
-146.0
-48.0
19.0
90.0
-60.0
-8.0
20.0
56.0
116.0
92.0
88.0
22.0
77.0
62.0
20.0
-16.0
38.0
-14.0
32.0
33.0
35.0
12.0
-132.0
-19.0
101.0
-116.0
-142.0
-108.0
-16.0
-10.0
-10.0
35.0
-8.0
-18.0
-26.0
26.0
-50.0
-83.0
-35.0
63.0
67.0
143.0
133.0
135.0
123.0
84.0
68.0
84.0
21.0
-31.0
-24.0
-106.0
-270.0
-239.0
-77.0
17.0
76.0
61.0
25.0
20.0
23.0
20.0
-47.0
-23.0
18.0
75.0
142.0
47.0
13.0
103.0
98.0
98.0
40.0
-41.0
-97.0
-62.0
-2.0
10.0
-4.0
59.0
63.0
86.0
8.0
15.0
-88.0
-1.0
-24.0
-51.0
-58.0
-74.0
-69.0
2.0
-27.0
-43.0
-10.0
-94.0
-105.0
-166.0
-105.0
-40.0
-40.0
-31.0
-33.0
-21.0
-29.0
17.0
49.0
61.0
127.0
148.0
147.0
103.0
105.0
43.0
36.0
17.0
36.0
26.0
13.0
2.0
3.0
-79.0
-84.0
-30.0
22.0
20.0
15.0
-50.0
-57.0
-47.0
-45.0
-8.0
-34.0
-75.0
-105.0
-67.0
-69.0
-86.0
-26.0
-22.0
-26.0
-28.0
-94.0
-61.0
-43.0
27.0
81.0
0.0
10.0
-1.0
0.0
-22.0
9.0
15.0
42.0
37.0
5.0
15.0
41.0
-28.0
-31.0
24.0
19.0
-52.0
-29.0
-7.0
50.0
-15.0
12.0
24.0
27.0
-16.0
-52.0
-50.0
15.0
8.0
14.0
45.0
-9.0
-34.0
-31.0
-21.0
6.0
4.0
1.0
2.0
0.0
18.0
-35.0
-31.0
-34.0
-48.0
-36.0
-33.0
-18.0
-28.0
-28.0
55.0
40.0
-2.0
3.0
-9.0
-5.0
16.0
41.0
69.0
-72.0
-49.0
-9.0
19.0
23.0
-47.0
-13.0
-29.0
37.0
61.0
13.0
-7.0
-58.0
-96.0
-99.0
-113.0
-71.0
-88.0
52.0
55.0
86.0
42.0
88.0
124.0
114.0
4.0
-37.0
-205.0
-187.0
-135.0
-52.0
16.0
-52.0
53.0
51.0
81.0
210.0
164.0
113.0
41.0
40.0
124.0
95.0
-22.0
-21.0
-22.0
-79.0
-1.0
2.0
-40.0
-16.0
-116.0
-55.0
-70.0
-60.0
-78.0
-53.0
-90.0
-14.0
-8.0
-40.0
6.0
15.0
69.0
67.0
89.0
98.0
142.0
85.0
44.0
-53.0
-64.0
-41.0
-42.0
-34.0
46.0
15.0
49.0
62.0
65.0
-19.0
44.0
-36.0
-36.0
-37.0
7.0
-42.0
-29.0
12.0
-50.0
-55.0
-33.0
-44.0
-113.0
-119.0
-98.0
-154.0
-133.0
-76.0
-9.0
17.0
62.0
53.0
78.0
80.0
94.0
133.0
31.0
41.0
37.0
30.0
58.0
92.0
-13.0
-20.0
-23.0
-58.0
7.0
-133.0
-83.0
-5.0
81.0
4.0
-21.0
-22.0
22.0
-238.0
-156.0
-85.0
-146.0
-109.0
-87.0
33.0
124.0
118.0
-33.0
-38.0
-70.0
-124.0
-41.0
12.0
26.0
90.0
128.0
134.0
176.0
64.0
8.0
-108.0
-89.0
-127.0
29.0
229.0
104.0
102.0
211.0
57.0
-104.0
-92.0
-66.0
32.0
-38.0
-32.0
12.0
11.0
-9.0
72.0
6.0
-26.0
-124.0
-23.0
40.0
17.0
66.0
63.0
43.0
8.0
-48.0
-170.0
-94.0
-47.0
-6.0
-147.0
-104.0
-101.0
-23.0
-14.0
41.0
50.0
2.0
-7.0
83.0
24.0
-37.0
-37.0
72.0
74.0
94.0
60.0
29.0
-9.0
-9.0
-33.0
55.0
49.0
105.0
122.0
21.0
59.0
-67.0
-112.0
28.0
-89.0
-68.0
-70.0
-70.0
26.0
50.0
47.0
-9.0
-68.0
-85.0
-64.0
-42.0
-39.0
26.0
41.0
46.0
44.0
-7.0
-29.0
23.0
77.0
-10.0
-15.0
-144.0
-204.0
-104.0
0.0
74.0
174.0
139.0
162.0
-45.0
-57.0
-158.0
-187.0
-89.0
-5.0
-30.0
-185.0
-102.0
-120.0
-19.0
-16.0
-7.0
62.0
105.0
102.0
74.0
3.0
-34.0
-141.0
-97.0
-83.0
57.0
208.0
313.0
256.0
210.0
80.0
-41.0
-105.0
37.0
42.0
50.0
-4.0
-10.0
-74.0
-84.0
-2.0
8.0
-84.0
-98.0
-97.0
-152.0
-52.0
-13.0
56.0
40.0
15.0
-4.0
-63.0
-185.0
-192.0
-249.0
-131.0
-38.0
-10.0
32.0
-48.0
-99.0
4.0
28.0
32.0
160.0
102.0
77.0
33.0
16.0
111.0
122.0
-43.0
-126.0
-126.0
-183.0
-63.0
15.0
108.0
64.0
79.0
-3.0
-49.0
-6.0
-5.0
-33.0
89.0
156.0
13.0
-98.0
-78.0
-232.0
-101.0
-61.0
-52.0
96.0
134.0
23.0
-128.0
-75.0
9.0
31.0
56.0
-2.0
-1.0
-166.0
-88.0
-18.0
23.0
54.0
159.0
85.0
55.0
31.0
28.0
24.0
69.0
18.0
19.0
10.0
12.0
23.0
22.0
-39.0
-31.0
-25.0
-90.0
-33.0
-85.0
-28.0
50.0
-16.0
-66.0
-68.0
-68.0
-37.0
-19.0
-61.0
-116.0
17.0
-45.0
-45.0
7.0
-12.0
-27.0
-22.0
85.0
133.0
150.0
99.0
75.0
76.0
30.0
77.0
78.0
11.0
43.0
37.0
-38.0
4.0
-40.0
-152.0
-85.0
-101.0
-100.0
-108.0
-11.0
101.0
51.0
-21.0
-60.0
-4.0
28.0
-103.0
-102.0
-11.0
76.0
-27.0
-35.0
-43.0
28.0
-44.0
-22.0
18.0
15.0
-78.0
32.0
-143.0
-32.0
39.0
83.0
102.0
-17.0
13.0
13.0
15.0
-66.0
-28.0
11.0
-77.0
-63.0
-29.0
-57.0
-129.0
-123.0
-98.0
-45.0
-36.0
-29.0
11.0
56.0
20.0
48.0
62.0
69.0
76.0
38.0
-11.0
-49.0
44.0
162.0
73.0
-23.0
60.0
60.0
-7.0
-5.0
-32.0
-44.0
35.0
20.0
0.0
-64.0
-14.0
-11.0
-22.0
36.0
-18.0
-4.0
-48.0
-61.0
50.0
63.0
74.0
73.0
10.0
-53.0
-46.0
-47.0
-31.0
19.0
-102.0
-86.0
13.0
11.0
-25.0
-33.0
-83.0
-6.0
29.0
4.0
43.0
-67.0
-61.0
-64.0
8.0
-1.0
35.0
-7.0
-46.0
16.0
-2.0
57.0
51.0
50.0
9.0
30.0
-10.0
22.0
30.0
-19.0
24.0
60.0
108.0
101.0
28.0
56.0
-36.0
-145.0
16.0
34.0
31.0
-17.0
-27.0
-25.0
0.0
-55.0
-60.0
40.0
-13.0
52.0
0.0
47.0
-159.0
-142.0
-103.0
-275.0
-244.0
313.0
313.0
313.0
313.0
313.0
313.0
313.0
313.0
313.0
313.0
313.0
313.0
313.0
313.0
24.0
-313.0
-313.0
313.0
313.0
313.0
313.0
313.0
313.0
-125.0
-313.0
-313.0
-313.0
-313.0
-313.0
-313.0
-313.0
-313.0
-313.0
-313.0
-313.0
-313.0
-313.0
-313.0
-313.0
-313.0
-313.0
-313.0
-313.0
-47.0
-63.0
-92.0
-77.0
-25.0
-116.0
-67.0
-44.0
104.0
133.0
188.0
217.0
189.0
193.0
126.0
39.0
53.0
89.0
-41.0
-93.0
-44.0
13.0
8.0
5.0
-4.0
-1.0
2.0
-1.0
-45.0
0.0
11.0
-20.0
25.0
23.0
44.0
35.0
61.0
65.0
80.0
54.0
69.0
26.0
19.0
12.0
24.0
-10.0
77.0
72.0
53.0
62.0
57.0
-22.0
-33.0
-40.0
-5.0
-24.0
49.0
20.0
-34.0
-97.0
-68.0
-4.0
-26.0
-25.0
17.0
8.0
43.0
-22.0
-18.0
30.0
21.0
-13.0
-13.0
-14.0
-4.0
1.0
61.0
-16.0
32.0
43.0
40.0
23.0
31.0
28.0
2.0
-4.0
3.0
24.0
-30.0
73.0
48.0
55.0
88.0
88.0
82.0
37.0
22.0
65.0
110.0
54.0
64.0
10.0
13.0
10.0
61.0
79.0
57.0
91.0
72.0
94.0
151.0
67.0
60.0
67.0
84.0
72.0
58.0
33.0
59.0
30.0
5.0
4.0
-3.0
-1.0
-9.0
-23.0
-41.0
-7.0
-17.0
26.0
17.0
7.0
14.0
14.0
31.0
27.0
-8.0
-8.0
-7.0
-54.0
-2.0
57.0
55.0
54.0
50.0
22.0
-12.0
-12.0
21.0
46.0
-7.0
53.0
40.0
43.0
11.0
38.0
56.0
24.0
-1.0
-16.0
-33.0
-10.0
42.0
39.0
37.0
12.0
30.0
-67.0
-43.0
-37.0
-12.0
43.0
63.0
58.0
34.0
40.0
19.0
-56.0
-29.0
4.0
18.0
-64.0
-6.0
-6.0
58.0
75.0
85.0
53.0
8.0
-13.0
8.0
-33.0
-16.0
-29.0
-3.0
-33.0
-11.0
-40.0
-53.0
-42.0
-21.0
14.0
38.0
39.0
38.0
44.0
2.0
-23.0
42.0
44.0
33.0
-9.0
53.0
70.0
76.0
4.0
22.0
-24.0
6.0
-33.0
-21.0
4.0
4.0
2.0
-3.0
25.0
-15.0
-39.0
-17.0
-2.0
42.0
33.0
-30.0
-34.0
29.0
2.0
8.0
20.0
31.0
24.0
-1.0
15.0
-16.0
-19.0
-27.0
-39.0
0.0
-30.0
-31.0
-4.0
1.0
-27.0
40.0
41.0
17.0
-49.0
23.0
39.0
70.0
-37.0
-30.0
-21.0
1.0
4.0
-29.0
-45.0
7.0
43.0
37.0
12.0
2.0
39.0
28.0
25.0
-27.0
-45.0
1.0
-19.0
-49.0
-35.0
-15.0
9.0
17.0
17.0
13.0
1.0
-3.0
-19.0
-31.0
-40.0
-27.0
14.0
5.0
-9.0
-14.0
-32.0
-37.0
-31.0
37.0
22.0
-31.0
-43.0
28.0
32.0
88.0
80.0
86.0
31.0
15.0
31.0
5.0
10.0
-49.0
-55.0
-26.0
-15.0
5.0
-36.0
-42.0
-17.0
2.0
13.0
-10.0
-10.0
0.0
44.0
-10.0
-8.0
-18.0
26.0
58.0
23.0
-5.0
-5.0
-18.0
-13.0
-1.0
-67.0
24.0
-17.0
-15.0
33.0
3.0
1.0
7.0
-17.0
-34.0
-1.0
-7.0
-9.0
-50.0
-37.0
-42.0
-50.0
-18.0
-41.0
-17.0
19.0
18.0
-10.0
36.0
28.0
55.0
49.0
27.0
-10.0
6.0
-12.0
9.0
-19.0
2.0
-3.0
-5.0
-9.0
13.0
10.0
28.0
34.0
5.0
-32.0
6.0
7.0
5.0
-7.0
-31.0
-68.0
-40.0
3.0
27.0
-4.0
-22.0
-20.0
-46.0
-42.0
16.0
-25.0
-30.0
-36.0
-27.0
21.0
11.0
8.0
-30.0
-29.0
2.0
-34.0
3.0
-26.0
0.0
10.0
3.0
11.0
28.0
27.0
1.0
-37.0
-20.0
-23.0
27.0
13.0
-19.0
-25.0
-24.0
-25.0
0.0
38.0
-4.0
38.0
23.0
14.0
-2.0
1.0
0.0
4.0
-19.0
-18.0
-11.0
10.0
-11.0
0.0
-32.0
50.0
28.0
25.0
-25.0
-53.0
-52.0
0.0
39.0
-37.0
-4.0
-21.0
-15.0
-14.0
20.0
18.0
-31.0
-30.0
15.0
-66.0
17.0
2.0
45.0
36.0
21.0
55.0
21.0
-33.0
-70.0
-42.0
-20.0
-1.0
21.0
22.0
52.0
21.0
3.0
-20.0
-20.0
-15.0
-20.0
-6.0
-8.0
-12.0
4.0
20.0
-28.0
6.0
-14.0
-34.0
-29.0
-37.0
2.0
-2.0
-26.0
-38.0
-1.0
26.0
0.0
7.0
-18.0
-2.0
-36.0
-30.0
-10.0
13.0
16.0
-1.0
-32.0
-6.0
6.0
27.0
1.0
-4.0
-10.0
12.0
-1.0
-13.0
-8.0
-3.0
0.0
-7.0
-44.0
-47.0
-32.0
-35.0
-38.0
-31.0
-23.0
-22.0
-15.0
-29.0
-54.0
-52.0
-17.0
-39.0
-21.0
-24.0
-29.0
-22.0
-34.0
-31.0
-33.0
-27.0
-17.0
-1.0
46.0
70.0
36.0
13.0
9.0
-44.0
2.0
4.0
40.0
10.0
26.0
11.0
-21.0
-11.0
-14.0
-14.0
-28.0
-30.0
-45.0
-35.0
-29.0
0.0
-31.0
-20.0
-30.0
-7.0
-63.0
-60.0
-17.0
7.0
49.0
32.0
-25.0
-39.0
-25.0
-18.0
19.0
22.0
-1.0
-34.0
-46.0
-52.0
-71.0
-46.0
29.0
-50.0
-27.0
-28.0
-39.0
-11.0
25.0
-92.0
-142.0
-140.0
-97.0
15.0
146.0
152.0
125.0
92.0
96.0
62.0
33.0
-5.0
31.0
34.0
7.0
4.0
46.0
8.0
75.0
60.0
43.0
9.0
52.0
35.0
-7.0
-10.0
-69.0
-70.0
-59.0
-30.0
14.0
54.0
21.0
7.0
-2.0
-1.0
-6.0
-2.0
-17.0
12.0
8.0
4.0
44.0
-41.0
35.0
37.0
-5.0
-57.0
-41.0
-48.0
-51.0
-86.0
-21.0
25.0
80.0
88.0
26.0
53.0
20.0
4.0
31.0
6.0
-44.0
-7.0
4.0
4.0
4.0
0.0
-8.0
-1.0
-2.0
2.0
1.0
-31.0
9.0
5.0
4.0
-3.0
3.0
-46.0
-100.0
-113.0
-30.0
21.0
59.0
59.0
60.0
24.0
11.0
27.0
2.0
-4.0
2.0
-25.0
4.0
3.0
-24.0
25.0
38.0
-18.0
-63.0
-64.0
-20.0
-49.0
22.0
17.0
-1.0
2.0
-4.0
-42.0
-54.0
21.0
17.0
1.0
11.0
6.0
17.0
-13.0
41.0
-27.0
-14.0
-11.0
-15.0
-40.0
34.0
39.0
37.0
-20.0
-45.0
-40.0
2.0
56.0
-43.0
-49.0
-22.0
-19.0
-7.0
18.0
26.0
-11.0
12.0
31.0
24.0
35.0
-22.0
-27.0
-24.0
-50.0
-28.0
12.0
12.0
-30.0
23.0
-8.0
20.0
22.0
31.0
14.0
9.0
39.0
11.0
-27.0
-34.0
-32.0
4.0
2.0
-4.0
-20.0
-24.0
-7.0
-49.0
-11.0
10.0
9.0
-1.0
9.0
32.0
54.0
-23.0
-10.0
4.0
-22.0
-51.0
-46.0
29.0
36.0
4.0
-4.0
26.0
-69.0
-6.0
36.0
6.0
-30.0
-10.0
-7.0
12.0
-7.0
4.0
21.0
43.0
-1.0
-12.0
-19.0
-36.0
-38.0
-35.0
-15.0
-20.0
11.0
17.0
25.0
17.0
3.0
15.0
14.0
21.0
-20.0
-30.0
-7.0
-5.0
40.0
16.0
5.0
-15.0
-14.0
11.0
20.0
-6.0
-31.0
-8.0
16.0
-20.0
-4.0
-20.0
-24.0
10.0
-21.0
-12.0
-6.0
34.0
3.0
-21.0
-10.0
-15.0
-15.0
15.0
19.0
-9.0
-43.0
-1.0
6.0
-13.0
-19.0
4.0
9.0
2.0
5.0
-15.0
12.0
-32.0
14.0
-11.0
4.0
-20.0
-13.0
17.0
-23.0
-37.0
4.0
-35.0
13.0
-27.0
1.0
-20.0
-18.0
10.0
-17.0
24.0
16.0
-3.0
-15.0
12.0
-24.0
0.0
1.0
-4.0
20.0
46.0
24.0
-16.0
-24.0
-44.0
-11.0
-36.0
-33.0
-8.0
-8.0
34.0
-25.0
17.0
-6.0
4.0
-10.0
-35.0
-38.0
-15.0
-15.0
17.0
11.0
11.0
-30.0
19.0
-6.0
-60.0
-61.0
-41.0
-41.0
51.0
0.0
26.0
20.0
4.0
5.0
-17.0
-23.0
10.0
19.0
-18.0
-3.0
-33.0
-33.0
28.0
13.0
-9.0
-8.0
-4.0
-7.0
-31.0
-25.0
-24.0
24.0
-3.0
-2.0
-55.0
-53.0
-37.0
-5.0
36.0
26.0
11.0
-28.0
-9.0
-10.0
-17.0
-23.0
-24.0
13.0
28.0
34.0
18.0
7.0
-17.0
5.0
9.0
10.0
-15.0
-4.0
4.0
20.0
-16.0
-47.0
-21.0
-26.0
9.0
14.0
-7.0
24.0
16.0
48.0
0.0
-27.0
-55.0
-37.0
-2.0
7.0
-14.0
-19.0
-10.0
5.0
11.0
-16.0
-11.0
-7.0
-9.0
-4.0
-6.0
8.0
-3.0
-16.0
-8.0
22.0
16.0
8.0
-28.0
-21.0
-12.0
-11.0
-15.0
-12.0
-13.0
-20.0
-52.0
-52.0
-6.0
-5.0
-37.0
19.0
14.0
41.0
31.0
19.0
30.0
19.0
10.0
4.0
10.0
26.0
-23.0
-32.0
-17.0
-15.0
4.0
-8.0
0.0
-8.0
-38.0
8.0
15.0
5.0
17.0
-20.0
-44.0
7.0
-59.0
-60.0
-24.0
0.0
10.0
0.0
-32.0
9.0
-4.0
29.0
2.0
2.0
-18.0
-18.0
-7.0
7.0
-8.0
10.0
10.0
39.0
19.0
20.0
-17.0
15.0
42.0
2.0
-15.0
-28.0
-18.0
-14.0
-13.0
-12.0
3.0
-30.0
-5.0
-64.0
-65.0
-23.0
-48.0
-31.0
-44.0
-33.0
36.0
7.0
-28.0
19.0
46.0
25.0
-18.0
-29.0
24.0
25.0
-13.0
-28.0
-22.0
6.0
-28.0
-18.0
7.0
-1.0
-13.0
-7.0
-23.0
17.0
-59.0
-136.0
-59.0
22.0
71.0
39.0
42.0
39.0
33.0
-7.0
36.0
38.0
-18.0
-18.0
-33.0
-27.0
-5.0
-3.0
-13.0
-38.0
-11.0
-31.0
-1.0
13.0
13.0
29.0
10.0
6.0
-71.0
-24.0
20.0
22.0
-20.0
-40.0
-12.0
29.0
25.0
24.0
-13.0
6.0
-14.0
-18.0
4.0
-24.0
-7.0
-17.0
3.0
2.0
-43.0
-35.0
-24.0
-27.0
-55.0
-8.0
38.0
-9.0
13.0
6.0
13.0
-36.0
17.0
5.0
-35.0
23.0
44.0
-26.0
-13.0
-17.0
-11.0
18.0
-23.0
-33.0
-81.0
-85.0
33.0
-6.0
29.0
27.0
30.0
26.0
21.0
6.0
9.0
-21.0
47.0
31.0
-9.0
-8.0
-3.0
-19.0
14.0
8.0
13.0
2.0
-28.0
-42.0
-16.0
-19.0
-28.0
-23.0
-68.0
-22.0
-23.0
30.0
55.0
28.0
-12.0
-15.0
-12.0
18.0
-13.0
-62.0
-37.0
-18.0
28.0
47.0
-2.0
-5.0
-7.0
-27.0
21.0
15.0
-11.0
-9.0
14.0
-40.0
8.0
13.0
22.0
15.0
5.0
5.0
23.0
14.0
-77.0
-41.0
-34.0
-31.0
18.0
5.0
-20.0
5.0
9.0
0.0
31.0
-28.0
10.0
14.0
-1.0
-3.0
-14.0
7.0
18.0
24.0
-13.0
12.0
-53.0
-56.0
-31.0
9.0
18.0
-3.0
-7.0
-9.0
-10.0
-9.0
-2.0
-2.0
-18.0
5.0
0.0
-20.0
8.0
-1.0
-20.0
-19.0
-7.0
-7.0
12.0
8.0
8.0
-29.0
6.0
3.0
-4.0
3.0
10.0
12.0
-10.0
-13.0
11.0
-1.0
-45.0
-10.0
-11.0
8.0
-11.0
-2.0
9.0
22.0
-5.0
-4.0
7.0
-4.0
6.0
26.0
26.0
32.0
31.0
28.0
25.0
33.0
-5.0
-8.0
15.0
1.0
-26.0
-28.0
-4.0
-49.0
-26.0
-27.0
-19.0
-20.0
5.0
-42.0
-45.0
-45.0
-35.0
-42.0
-26.0
-35.0
-44.0
-20.0
-9.0
-45.0
-25.0
-20.0
-13.0
8.0
17.0
7.0
-12.0
-20.0
-18.0
3.0
-11.0
-11.0
15.0
-22.0
-4.0
-49.0
25.0
4.0
-10.0
23.0
-17.0
-15.0
-6.0
2.0
6.0
20.0
0.0
29.0
7.0
-13.0
-19.0
-18.0
19.0
22.0
-7.0
-34.0
-29.0
-10.0
6.0
24.0
18.0
18.0
1.0
-21.0
16.0
14.0
16.0
-8.0
37.0
-25.0
0.0
1.0
-7.0
30.0
-42.0
10.0
-20.0
-1.0
38.0
-7.0
-8.0
-13.0
7.0
-16.0
-24.0
4.0
2.0
2.0
13.0
-35.0
-40.0
-36.0
11.0
-5.0
9.0
-13.0
13.0
22.0
4.0
-10.0
2.0
-4.0
-10.0
0.0
-33.0
-17.0
-7.0
30.0
-19.0
-53.0
-37.0
-33.0
14.0
2.0
2.0
18.0
20.0
7.0
3.0
-4.0
11.0
14.0
19.0
-3.0
4.0
-13.0
-28.0
-24.0
-28.0
-25.0
-18.0
-18.0
-11.0
31.0
-4.0
-10.0
-3.0
-31.0
1.0
4.0
16.0
11.0
17.0
8.0
-18.0
-38.0
-83.0
6.0
63.0
35.0
7.0
5.0
-2.0
10.0
39.0
-4.0
-11.0
-36.0
-39.0
-12.0
-15.0
-7.0
-16.0
39.0
-18.0
22.0
-42.0
-12.0
23.0
33.0
-2.0
1.0
-16.0
4.0
-3.0
3.0
-26.0
-18.0
-2.0
-24.0
-2.0
4.0
-5.0
-18.0
2.0
16.0
-14.0
27.0
26.0
-78.0
-22.0
-20.0
-18.0
24.0
28.0
-15.0
-28.0
-15.0
9.0
-35.0
31.0
38.0
5.0
12.0
-32.0
-41.0
22.0
25.0
-2.0
-21.0
-26.0
-31.0
-12.0
56.0
-34.0
6.0
-7.0
-21.0
2.0
-7.0
-9.0
-12.0
-8.0
-10.0
36.0
10.0
-7.0
-47.0
-39.0
10.0
-2.0
-5.0
-1.0
-15.0
-10.0
26.0
17.0
-7.0
23.0
35.0
1.0
-2.0
-21.0
-41.0
-3.0
8.0
21.0
-59.0
8.0
0.0
-5.0
-7.0
24.0
-18.0
11.0
-21.0
20.0
-17.0
-3.0
39.0
36.0
28.0
-13.0
-22.0
-24.0
25.0
8.0
-8.0
-35.0
1.0
-23.0
-31.0
21.0
-7.0
18.0
-66.0
-44.0
1.0
-8.0
2.0
-2.0
2.0
-4.0
-12.0
-22.0
16.0
13.0
10.0
-13.0
6.0
-58.0
-57.0
-75.0
-26.0
15.0
7.0
2.0
-38.0
8.0
-12.0
11.0
7.0
24.0
30.0
1.0
-6.0
0.0
-15.0
29.0
-23.0
-3.0
-4.0
-33.0
-28.0
18.0
24.0
-16.0
-10.0
1.0
-43.0
12.0
10.0
-52.0
-8.0
-4.0
16.0
-56.0
-9.0
28.0
3.0
-4.0
-4.0
-31.0
19.0
-5.0
-12.0
-5.0
0.0
3.0
-7.0
16.0
10.0
-12.0
-13.0
-29.0
-24.0
-24.0
-18.0
0.0
21.0
23.0
22.0
-4.0
-2.0
-8.0
-19.0
-20.0
-9.0
8.0
40.0
16.0
22.0
-23.0
-11.0
-41.0
-12.0
0.0
5.0
-16.0
-26.0
26.0
28.0
20.0
1.0
-10.0
-21.0
-27.0
-32.0
-42.0
22.0
6.0
0.0
6.0
20.0
12.0
11.0
2.0
-2.0
-4.0
-1.0
9.0
9.0
19.0
-6.0
-13.0
-8.0
-4.0
27.0
17.0
22.0
4.0
6.0
13.0
-6.0
-20.0
32.0
-3.0
-30.0
-39.0
-25.0
-22.0
-20.0
-24.0
9.0
17.0
-10.0
-18.0
-28.0
-69.0
-37.0
-18.0
-15.0
-13.0
-15.0
48.0
-79.0
-41.0
-4.0
7.0
9.0
29.0
21.0
48.0
11.0
19.0
13.0
-26.0
-38.0
-33.0
-36.0
-37.0
-43.0
-30.0
-19.0
-4.0
2.0
-7.0
-21.0
-18.0
0.0
-15.0
-12.0
-24.0
9.0
-9.0
4.0
6.0
-31.0
-26.0
-17.0
-14.0
-19.0
17.0
-13.0
12.0
-6.0
2.0
4.0
-8.0
1.0
15.0
14.0
-8.0
-6.0
1.0
-20.0
-16.0
-20.0
-7.0
-29.0
-28.0
-33.0
12.0
25.0
-3.0
-36.0
-27.0
16.0
53.0
5.0
-13.0
-13.0
8.0
1.0
10.0
2.0
2.0
-25.0
-3.0
-17.0
-30.0
-32.0
-54.0
-11.0
-2.0
11.0
24.0
-23.0
-25.0
-6.0
-20.0
-18.0
3.0
-93.0
-4.0
25.0
41.0
29.0
33.0
-24.0
8.0
7.0
15.0
-5.0
-14.0
-25.0
1.0
47.0
45.0
-8.0
-8.0
-8.0
12.0
28.0
-13.0
38.0
-17.0
-26.0
24.0
-34.0
-13.0
-14.0
-33.0
-9.0
9.0
18.0
-2.0
9.0
34.0
-2.0
7.0
9.0
13.0
5.0
-1.0
-15.0
10.0
36.0
-20.0
-20.0
-36.0
-28.0
22.0
-10.0
-13.0
4.0
19.0
-31.0
-53.0
-5.0
24.0
15.0
20.0
35.0
-33.0
-30.0
-8.0
14.0
7.0
-22.0
-39.0
-42.0
-17.0
28.0
10.0
-4.0
-25.0
-11.0
-7.0
-1.0
13.0
11.0
-13.0
-4.0
0.0
-5.0
-49.0
4.0
22.0
1.0
-24.0
-18.0
4.0
2.0
-10.0
-3.0
-10.0
-10.0
-34.0
6.0
-20.0
-30.0
20.0
29.0
22.0
-25.0
-26.0
-8.0
24.0
13.0
6.0
2.0
7.0
-18.0
-51.0
-31.0
0.0
9.0
8.0
-48.0
-2.0
-3.0
-9.0
-25.0
4.0
8.0
24.0
20.0
13.0
6.0
14.0
11.0
17.0
-37.0
-46.0
-13.0
13.0
21.0
11.0
-5.0
-32.0
-30.0
2.0
6.0
4.0
-18.0
-32.0
-14.0
17.0
13.0
-7.0
-6.0
-6.0
19.0
-34.0
6.0
15.0
11.0
21.0
-4.0
-67.0
-60.0
16.0
7.0
20.0
8.0
-10.0
3.0
16.0
-15.0
-46.0
-49.0
-53.0
17.0
-2.0
-20.0
-40.0
11.0
27.0
-8.0
-27.0
-28.0
5.0
-5.0
6.0
22.0
-28.0
-6.0
-8.0
12.0
-9.0
-5.0
-16.0
-12.0
2.0
18.0
39.0
-8.0
-22.0
12.0
7.0
11.0
-7.0
-17.0
-5.0
-10.0
-41.0
3.0
2.0
8.0
-20.0
-13.0
-37.0
-23.0
-28.0
-31.0
-33.0
2.0
26.0
36.0
25.0
21.0
12.0
6.0
-4.0
-57.0
-17.0
0.0
41.0
7.0
-14.0
-20.0
8.0
24.0
10.0
-6.0
11.0
20.0
-34.0
-20.0
-23.0
-30.0
-53.0
-46.0
-12.0
10.0
-11.0
14.0
8.0
-35.0
12.0
10.0
45.0
26.0
-4.0
4.0
2.0
-6.0
-18.0
-56.0
-49.0
-47.0
-7.0
-18.0
16.0
20.0
-1.0
-37.0
-61.0
-29.0
-8.0
-6.0
-22.0
23.0
24.0
25.0
14.0
-17.0
-6.0
-25.0
-40.0
-36.0
0.0
3.0
19.0
-6.0
-10.0
-9.0
-14.0
-24.0
-20.0
-19.0
6.0
-16.0
-1.0
-26.0
3.0
-30.0
-29.0
-19.0
-29.0
-33.0
36.0
7.0
-10.0
13.0
20.0
6.0
26.0
23.0
-13.0
-10.0
16.0
-9.0
15.0
-27.0
-17.0
15.0
-4.0
-14.0
-6.0
-8.0
-20.0
8.0
-5.0
-7.0
7.0
-17.0
-22.0
-37.0
-5.0
-6.0
-8.0
-14.0
-10.0
-9.0
-26.0
5.0
4.0
8.0
4.0
13.0
-46.0
-1.0
4.0
-57.0
-56.0
-23.0
-32.0
7.0
39.0
43.0
46.0
19.0
21.0
38.0
-2.0
2.0
11.0
4.0
-2.0
-6.0
6.0
1.0
-22.0
-14.0
-11.0
29.0
5.0
7.0
14.0
15.0
-23.0
14.0
-6.0
10.0
-23.0
-36.0
-16.0
-31.0
-49.0
-40.0
15.0
29.0
22.0
-1.0
-35.0
-19.0
-31.0
25.0
4.0
10.0
-7.0
-33.0
-57.0
-76.0
-23.0
81.0
84.0
12.0
18.0
18.0
-1.0
-7.0
-21.0
-25.0
9.0
-5.0
-29.0
8.0
0.0
3.0
-5.0
3.0
9.0
21.0
9.0
-23.0
-37.0
3.0
24.0
19.0
-18.0
-4.0
-4.0
11.0
-2.0
-31.0
-54.0
-12.0
4.0
0.0
1.0
35.0
17.0
-15.0
-31.0
24.0
4.0
16.0
-11.0
-16.0
-2.0
-6.0
-5.0
-37.0
-31.0
-52.0
-33.0
19.0
-13.0
0.0
12.0
26.0
29.0
9.0
2.0
8.0
23.0
-15.0
26.0
21.0
-32.0
23.0
8.0
-5.0
5.0
-39.0
0.0
-19.0
-7.0
-2.0
21.0
-6.0
-39.0
-26.0
2.0
-7.0
21.0
-19.0
-2.0
2.0
-15.0
-21.0
20.0
7.0
-27.0
-25.0
4.0
0.0
15.0
14.0
6.0
-6.0
-5.0
-10.0
7.0
-31.0
-14.0
-31.0
-22.0
-24.0
-7.0
-7.0
-22.0
-11.0
-41.0
22.0
11.0
42.0
-6.0
-3.0
20.0
-3.0
-22.0
4.0
-7.0
6.0
20.0
7.0
6.0
2.0
13.0
14.0
-49.0
-15.0
-40.0
-31.0
-12.0
2.0
9.0
-2.0
-41.0
11.0
26.0
20.0
-24.0
-13.0
-12.0
-11.0
13.0
6.0
26.0
34.0
33.0
9.0
-27.0
-4.0
-31.0
-31.0
-3.0
-5.0
7.0
-2.0
11.0
-2.0
5.0
-31.0
13.0
-25.0
-24.0
-33.0
-4.0
-8.0
0.0
17.0
-23.0
-17.0
-7.0
-50.0
-27.0
-25.0
-2.0
20.0
57.0
16.0
10.0
12.0
-24.0
-18.0
-9.0
-6.0
-18.0
10.0
-12.0
-20.0
-22.0
-9.0
6.0
-5.0
-10.0
-11.0
-16.0
-29.0
-48.0
-22.0
-69.0
-39.0
4.0
45.0
33.0
41.0
17.0
12.0
-1.0
4.0
3.0
26.0
-15.0
-15.0
9.0
2.0
-3.0
-13.0
15.0
-1.0
0.0
5.0
4.0
-16.0
-6.0
-13.0
-10.0
-36.0
-49.0
6.0
-111.0
-120.0
-12.0
-13.0
76.0
78.0
-38.0
2.0
25.0
28.0
58.0
25.0
6.0
86.0
30.0
31.0
10.0
3.0
10.0
-15.0
-14.0
1.0
-22.0
-20.0
-21.0
-32.0
-17.0
-41.0
-71.0
9.0
17.0
27.0
31.0
20.0
-12.0
-13.0
1.0
-22.0
-15.0
9.0
-23.0
-4.0
-13.0
-9.0
-19.0
-23.0
-27.0
-8.0
-16.0
-9.0
15.0
22.0
13.0
-29.0
-10.0
-9.0
-28.0
-33.0
23.0
3.0
-6.0
56.0
-10.0
39.0
29.0
25.0
-17.0
1.0
44.0
21.0
24.0
-32.0
-18.0
-20.0
6.0
7.0
-8.0
24.0
4.0
5.0
-28.0
-124.0
-15.0
-34.0
6.0
12.0
13.0
-53.0
-27.0
7.0
-24.0
0.0
-18.0
20.0
-6.0
-9.0
8.0
-8.0
0.0
-9.0
5.0
2.0
10.0
-12.0
4.0
10.0
7.0
14.0
-17.0
1.0
10.0
1.0
-12.0
-64.0
-96.0
-97.0
-64.0
-15.0
4.0
53.0
28.0
15.0
1.0
-12.0
-4.0
-3.0
21.0
18.0
9.0
13.0
9.0
36.0
4.0
9.0
-11.0
-12.0
-23.0
-9.0
-12.0
-12.0
-11.0
-33.0
-1.0
23.0
-11.0
-11.0
-11.0
7.0
-14.0
-18.0
3.0
2.0
22.0
-31.0
0.0
4.0
12.0
19.0
11.0
15.0
8.0
2.0
-28.0
17.0
37.0
32.0
-19.0
-23.0
3.0
-16.0
-22.0
-14.0
10.0
-7.0
18.0
16.0
0.0
-4.0
16.0
7.0
-32.0
-23.0
-20.0
-13.0
1.0
7.0
-17.0
-5.0
11.0
-8.0
27.0
21.0
8.0
-38.0
-20.0
-18.0
15.0
13.0
-20.0
-18.0
-1.0
-24.0
15.0
19.0
0.0
-1.0
-7.0
3.0
-11.0
-4.0
22.0
19.0
24.0
5.0
16.0
22.0
17.0
9.0
-8.0
-8.0
-64.0
-32.0
12.0
-6.0
22.0
20.0
6.0
-7.0
11.0
-16.0
-22.0
-25.0
-40.0
-34.0
-36.0
-42.0
-18.0
-9.0
-9.0
-6.0
-10.0
-26.0
-10.0
-31.0
-24.0
-27.0
-7.0
-28.0
-1.0
11.0
-12.0
4.0
-20.0
-9.0
4.0
0.0
36.0
21.0
-2.0
-79.0
-61.0
5.0
13.0
7.0
26.0
25.0
12.0
7.0
6.0
4.0
-4.0
1.0
9.0
-14.0
-13.0
-7.0
-12.0
-14.0
11.0
12.0
-9.0
-23.0
34.0
-2.0
-25.0
-29.0
-29.0
-28.0
-17.0
17.0
-1.0
2.0
-27.0
23.0
-11.0
-12.0
-7.0
-38.0
-19.0
-1.0
-9.0
-27.0
-41.0
17.0
35.0
33.0
12.0
0.0
-7.0
-9.0
11.0
6.0
10.0
-26.0
-51.0
-44.0
-46.0
15.0
9.0
16.0
0.0
-12.0
-9.0
21.0
10.0
11.0
-26.0
-35.0
-59.0
-1.0
-11.0
14.0
-11.0
4.0
11.0
5.0
6.0
11.0
30.0
-4.0
2.0
-9.0
-1.0
-4.0
14.0
17.0
-14.0
-19.0
-4.0
-2.0
-4.0
-10.0
-33.0
6.0
9.0
6.0
-53.0
-47.0
-2.0
-8.0
1.0
7.0
24.0
-1.0
7.0
5.0
7.0
13.0
-14.0
13.0
-2.0
26.0
10.0
-7.0
-23.0
-24.0
3.0
-37.0
-19.0
-10.0
-9.0
-10.0
5.0
-28.0
-30.0
-33.0
-31.0
11.0
2.0
4.0
-14.0
3.0
-6.0
-10.0
-34.0
-37.0
-4.0
-6.0
10.0
-13.0
-4.0
-5.0
-9.0
5.0
31.0
32.0
-5.0
-1.0
-10.0
-4.0
1.0
-4.0
-20.0
-15.0
-12.0
3.0
-27.0
-6.0
-27.0
-20.0
-4.0
17.0
25.0
27.0
3.0
-2.0
-15.0
11.0
-4.0
13.0
-3.0
-31.0
-16.0
-27.0
-24.0
-22.0
-6.0
-37.0
9.0
-53.0
-18.0
-8.0
11.0
1.0
-21.0
-19.0
-7.0
-8.0
14.0
15.0
21.0
3.0
-16.0
-4.0
-29.0
-24.0
-9.0
1.0
-16.0
-2.0
4.0
0.0
14.0
0.0
2.0
1.0
5.0
-7.0
12.0
-16.0
6.0
-22.0
-15.0
-31.0
-27.0
-29.0
-13.0
13.0
20.0
24.0
-2.0
19.0
-3.0
-3.0
-11.0
-11.0
-17.0
-6.0
3.0
6.0
-12.0
-16.0
-26.0
-14.0
-21.0
-22.0
-7.0
8.0
1.0
10.0
-29.0
-44.0
-27.0
29.0
3.0
0.0
-3.0
1.0
10.0
-8.0
-6.0
-26.0
-21.0
-9.0
23.0
24.0
30.0
-1.0
-24.0
-38.0
11.0
-14.0
20.0
13.0
22.0
32.0
9.0
11.0
-8.0
-32.0
-4.0
36.0
-20.0
28.0
3.0
-2.0
5.0
-22.0
22.0
-2.0
-9.0
5.0
-16.0
-14.0
-19.0
-20.0
-24.0
-50.0
-2.0
27.0
-1.0
-9.0
-1.0
-13.0
8.0
4.0
-12.0
-1.0
0.0
2.0
-4.0
-3.0
-24.0
-7.0
-15.0
-11.0
21.0
-28.0
7.0
20.0
-21.0
-18.0
-7.0
10.0
17.0
20.0
-37.0
-22.0
11.0
9.0
26.0
-10.0
-8.0
-18.0
-11.0
-12.0
-17.0
11.0
-42.0
-18.0
-5.0
6.0
21.0
16.0
-44.0
-40.0
-35.0
20.0
11.0
-10.0
-6.0
4.0
-10.0
-25.0
-12.0
-8.0
-11.0
19.0
11.0
25.0
-21.0
-9.0
7.0
-28.0
-23.0
-18.0
-31.0
-46.0
32.0
0.0
7.0
23.0
-8.0
-58.0
-3.0
0.0
13.0
7.0
0.0
-28.0
-7.0
-10.0
7.0
-3.0
-3.0
-4.0
-11.0
2.0
-2.0
-10.0
-10.0
4.0
6.0
29.0
-16.0
-20.0
-7.0
12.0
-7.0
-22.0
-22.0
11.0
-4.0
-4.0
0.0
-2.0
-13.0
13.0
-6.0
0.0
-15.0
-6.0
-9.0
-25.0
-2.0
-1.0
-5.0
3.0
-14.0
-43.0
-20.0
-5.0
-22.0
5.0
-1.0
0.0
-6.0
23.0
-34.0
11.0
-14.0
-21.0
-15.0
15.0
3.0
1.0
-25.0
-21.0
-35.0
11.0
35.0
9.0
-14.0
1.0
-35.0
-30.0
4.0
13.0
17.0
-37.0
25.0
-25.0
-24.0
-13.0
1.0
2.0
3.0
13.0
-18.0
-1.0
-23.0
-3.0
8.0
13.0
2.0
4.0
-3.0
4.0
-10.0
-32.0
-1.0
-16.0
-12.0
-9.0
-21.0
-21.0
2.0
16.0
-1.0
10.0
-16.0
20.0
-29.0
0.0
9.0
10.0
-26.0
-17.0
-61.0
-59.0
6.0
30.0
12.0
-9.0
6.0
3.0
1.0
10.0
15.0
-9.0
-15.0
-9.0
-41.0
-3.0
-18.0
-18.0
-5.0
7.0
22.0
7.0
19.0
2.0
2.0
-35.0
-26.0
-31.0
-13.0
-7.0
-17.0
-36.0
-18.0
2.0
4.0
-2.0
-5.0
-7.0
5.0
4.0
35.0
14.0
25.0
-31.0
23.0
18.0
-7.0
-5.0
1.0
-31.0
-25.0
-35.0
23.0
-4.0
-21.0
-24.0
-32.0
-29.0
39.0
3.0
-5.0
1.0
-15.0
17.0
-10.0
-9.0
6.0
9.0
0.0
-9.0
-3.0
-22.0
-52.0
-18.0
-18.0
-3.0
0.0
1.0
-29.0
-74.0
-24.0
24.0
46.0
6.0
-13.0
-11.0
6.0
3.0
-2.0
15.0
5.0
-17.0
-11.0
3.0
11.0
20.0
22.0
16.0
-6.0
28.0
29.0
8.0
9.0
-31.0
-23.0
-1.0
-1.0
5.0
-5.0
-3.0
-10.0
5.0
6.0
4.0
-10.0
-1.0
-7.0
-7.0
-35.0
-29.0
-22.0
7.0
19.0
4.0
-21.0
-26.0
13.0
19.0
22.0
6.0
-4.0
6.0
-7.0
15.0
7.0
7.0
-23.0
-27.0
5.0
-37.0
-5.0
21.0
-26.0
18.0
1.0
-7.0
-1.0
0.0
2.0
-8.0
3.0
12.0
-3.0
-24.0
8.0
6.0
5.0
4.0
-10.0
7.0
2.0
9.0
-48.0
-25.0
-44.0
-31.0
-37.0
-41.0
-1.0
-11.0
-23.0
25.0
30.0
5.0
20.0
29.0
14.0
13.0
2.0
-25.0
3.0
-19.0
-33.0
11.0
12.0
-2.0
-5.0
-3.0
-46.0
-31.0
-40.0
-6.0
8.0
-4.0
-50.0
-29.0
11.0
-1.0
17.0
4.0
-21.0
-15.0
-8.0
6.0
-15.0
-17.0
8.0
9.0
21.0
30.0
21.0
-34.0
-6.0
8.0
-3.0
12.0
-5.0
-6.0
9.0
-46.0
-50.0
-8.0
65.0
38.0
9.0
1.0
-5.0
-12.0
-7.0
18.0
-10.0
-22.0
-35.0
-8.0
4.0
-17.0
-4.0
-6.0
-25.0
7.0
15.0
-30.0
-29.0
-11.0
25.0
18.0
-15.0
-16.0
-37.0
-24.0
11.0
20.0
10.0
11.0
-25.0
-13.0
-28.0
-27.0
4.0
8.0
-12.0
-16.0
4.0
-12.0
2.0
-19.0
-28.0
-24.0
-1.0
-5.0
-6.0
-12.0
-21.0
6.0
9.0
-11.0
18.0
13.0
-3.0
1.0
-6.0
-5.0
-13.0
-26.0
-10.0
24.0
3.0
0.0
-2.0
7.0
-32.0
-37.0
-11.0
6.0
7.0
13.0
-2.0
1.0
6.0
4.0
4.0
-4.0
-11.0
-9.0
-2.0
-8.0
-32.0
-29.0
-4.0
0.0
3.0
-28.0
-38.0
-36.0
-8.0
-10.0
-13.0
-11.0
14.0
6.0
28.0
13.0
12.0
16.0
-10.0
-12.0
-5.0
-6.0
14.0
19.0
-6.0
-1.0
10.0
9.0
21.0
20.0
11.0
9.0
-18.0
0.0
5.0
-8.0
-16.0
-36.0
-10.0
-13.0
-31.0
-20.0
-29.0
-15.0
-31.0
-25.0
-15.0
-16.0
-31.0
10.0
3.0
1.0
0.0
-30.0
-26.0
-37.0
-28.0
-16.0
-1.0
-6.0
-1.0
6.0
9.0
-12.0
-5.0
-21.0
-30.0
-30.0
2.0
26.0
31.0
36.0
14.0
16.0
18.0
0.0
4.0
-6.0
-20.0
-9.0
-18.0
-16.0
25.0
-14.0
-10.0
-17.0
-31.0
-56.0
0.0
32.0
32.0
33.0
39.0
11.0
-23.0
-26.0
2.0
32.0
8.0
12.0
-4.0
4.0
-4.0
-27.0
-23.0
-97.0
-75.0
29.0
2.0
35.0
23.0
27.0
33.0
12.0
-8.0
9.0
-7.0
-7.0
-63.0
-6.0
-10.0
-11.0
-2.0
31.0
-16.0
-4.0
-12.0
-26.0
-7.0
39.0
23.0
23.0
-1.0
-19.0
-48.0
3.0
-23.0
48.0
16.0
-21.0
-8.0
-10.0
-11.0
11.0
-36.0
32.0
59.0
13.0
-7.0
-21.0
-24.0
-20.0
11.0
-11.0
0.0
-5.0
6.0
12.0
-5.0
-7.0
8.0
9.0
-21.0
-17.0
-12.0
-17.0
-23.0
3.0
0.0
7.0
0.0
2.0
29.0
2.0
10.0
3.0
21.0
-23.0
23.0
2.0
-14.0
-17.0
7.0
-1.0
-11.0
-24.0
-4.0
9.0
29.0
2.0
6.0
9.0
-25.0
-22.0
-13.0
-48.0
-41.0
-21.0
-12.0
-2.0
26.0
26.0
-26.0
7.0
-14.0
-10.0
47.0
15.0
0.0
5.0
-8.0
-12.0
-6.0
-11.0
12.0
10.0
-42.0
-32.0
36.0
32.0
-6.0
-8.0
-3.0
-22.0
-6.0
5.0
-2.0
22.0
-5.0
-17.0
-8.0
-7.0
-23.0
-9.0
-5.0
20.0
-3.0
23.0
-9.0
-9.0
-31.0
-33.0
2.0
-1.0
-24.0
1.0
9.0
-33.0
-32.0
-48.0
-17.0
-18.0
5.0
15.0
-13.0
-5.0
-4.0
-8.0
14.0
3.0
-12.0
-14.0
11.0
8.0
33.0
-13.0
-14.0
-17.0
-37.0
-3.0
-2.0
-2.0
12.0
-11.0
-2.0
-17.0
-13.0
-34.0
-19.0
0.0
-4.0
-8.0
-2.0
-12.0
-12.0
-2.0
-3.0
24.0
22.0
13.0
5.0
7.0
4.0
11.0
-32.0
-5.0
-15.0
-15.0
-5.0
1.0
13.0
12.0
-4.0
8.0
-8.0
2.0
-7.0
-5.0
-6.0
14.0
-19.0
-23.0
-54.0
-29.0
-15.0
-2.0
32.0
8.0
-7.0
2.0
7.0
17.0
10.0
-3.0
-9.0
22.0
1.0
-14.0
-58.0
-18.0
10.0
6.0
22.0
-15.0
-16.0
-10.0
4.0
-1.0
-27.0
-5.0
-1.0
-1.0
5.0
14.0
-10.0
-16.0
-18.0
16.0
-9.0
-1.0
7.0
4.0
18.0
21.0
-18.0
-15.0
-1.0
17.0
19.0
-45.0
-20.0
-17.0
-2.0
14.0
7.0
-14.0
-34.0
2.0
15.0
-13.0
-31.0
-31.0
6.0
12.0
18.0
20.0
-15.0
-28.0
-18.0
-27.0
7.0
13.0
-22.0
7.0
25.0
26.0
12.0
3.0
-23.0
-13.0
5.0
4.0
-6.0
-10.0
-34.0
8.0
-4.0
-21.0
-2.0
2.0
14.0
12.0
18.0
6.0
12.0
-50.0
21.0
-12.0
-17.0
6.0
-65.0
-68.0
-30.0
24.0
-8.0
-13.0
-2.0
17.0
33.0
12.0
-24.0
-25.0
-5.0
-27.0
-33.0
13.0
-17.0
-39.0
-21.0
-29.0
-15.0
-14.0
0.0
14.0
1.0
-5.0
15.0
-14.0
8.0
-30.0
-5.0
0.0
-9.0
-2.0
-24.0
-24.0
5.0
6.0
27.0
28.0
20.0
24.0
22.0
-2.0
15.0
-3.0
7.0
-1.0
-7.0
-19.0
-31.0
-31.0
-5.0
-53.0
-22.0
-15.0
-25.0
-25.0
-19.0
-24.0
-23.0
-25.0
-43.0
-28.0
-46.0
-48.0
9.0
-14.0
-35.0
4.0
30.0
34.0
-9.0
-10.0
-25.0
-7.0
34.0
-19.0
18.0
-4.0
-8.0
-7.0
-33.0
35.0
17.0
-18.0
22.0
0.0
34.0
-13.0
-25.0
-25.0
-46.0
-62.0
15.0
26.0
23.0
-32.0
-4.0
-11.0
8.0
13.0
12.0
26.0
10.0
-5.0
-24.0
3.0
24.0
18.0
25.0
30.0
4.0
-18.0
-5.0
3.0
51.0
-19.0
-4.0
-5.0
-10.0
-13.0
-12.0
4.0
2.0
-39.0
-4.0
-8.0
-11.0
-24.0
-15.0
-18.0
19.0
-5.0
-4.0
0.0
-15.0
-31.0
7.0
11.0
-4.0
-12.0
-21.0
19.0
32.0
11.0
-37.0
5.0
14.0
9.0
45.0
45.0
-11.0
-7.0
-14.0
7.0
-5.0
12.0
-6.0
-38.0
-49.0
-50.0
-9.0
-23.0
-4.0
-4.0
-4.0
9.0
-10.0
-5.0
-6.0
-4.0
1.0
-11.0
-8.0
2.0
-5.0
-23.0
-5.0
-7.0
-3.0
-4.0
0.0
-18.0
7.0
-7.0
-4.0
-10.0
-16.0
-7.0
20.0
20.0
-7.0
13.0
-18.0
-23.0
-11.0
-13.0
0.0
18.0
35.0
34.0
19.0
30.0
-15.0
-3.0
-17.0
4.0
12.0
-20.0
-32.0
-27.0
-8.0
-15.0
-14.0
-56.0
-44.0
-10.0
4.0
-1.0
21.0
20.0
22.0
13.0
3.0
3.0
-1.0
-32.0
-11.0
-17.0
7.0
12.0
24.0
-1.0
-1.0
-2.0
5.0
-9.0
8.0
-23.0
-16.0
-19.0
-5.0
32.0
9.0
19.0
43.0
-85.0
-101.0
-14.0
12.0
21.0
18.0
-8.0
42.0
31.0
7.0
13.0
11.0
45.0
-4.0
-1.0
11.0
3.0
-7.0
-26.0
-14.0
-23.0
3.0
30.0
-13.0
-12.0
19.0
-40.0
-9.0
-18.0
-12.0
-18.0
-18.0
-32.0
-46.0
-46.0
-7.0
-18.0
-19.0
-32.0
-20.0
-24.0
-10.0
-18.0
6.0
3.0
-1.0
-5.0
-22.0
-9.0
-23.0
-5.0
9.0
-4.0
-7.0
-5.0
-15.0
-13.0
-14.0
-13.0
-31.0
-21.0
-8.0
-2.0
15.0
5.0
-10.0
-4.0
-5.0
21.0
13.0
26.0
4.0
-3.0
-17.0
-13.0
-3.0
8.0
-29.0
-9.0
1.0
18.0
-10.0
-14.0
-5.0
-4.0
18.0
-26.0
-9.0
4.0
-19.0
-8.0
-4.0
-24.0
-20.0
-19.0
-4.0
-5.0
17.0
0.0
-2.0
20.0
25.0
34.0
-9.0
-9.0
-24.0
-20.0
-23.0
-5.0
-27.0
-4.0
-19.0
-42.0
-22.0
-24.0
-23.0
-51.0
-1.0
-1.0
8.0
-42.0
2.0
3.0
-32.0
-31.0
19.0
-22.0
16.0
30.0
18.0
11.0
-1.0
-20.0
-47.0
-50.0
-7.0
-25.0
42.0
68.0
65.0
35.0
17.0
-10.0
-29.0
-26.0
-22.0
-7.0
-51.0
-23.0
26.0
-4.0
-42.0
23.0
-21.0
-25.0
-28.0
2.0
18.0
-7.0
12.0
22.0
2.0
-7.0
16.0
11.0
14.0
-5.0
-6.0
12.0
-15.0
-3.0
11.0
-16.0
-17.0
-12.0
4.0
14.0
-21.0
-27.0
-10.0
5.0
-38.0
-17.0
32.0
33.0
6.0
5.0
17.0
25.0
16.0
8.0
-4.0
-13.0
13.0
9.0
-19.0
-24.0
-20.0
-22.0
-18.0
-18.0
-14.0
8.0
14.0
14.0
38.0
-2.0
8.0
-1.0
-15.0
-11.0
13.0
-4.0
-27.0
-28.0
-24.0
-26.0
-8.0
-25.0
7.0
32.0
13.0
11.0
-3.0
-2.0
-26.0
-20.0
-12.0
-33.0
6.0
-12.0
5.0
20.0
15.0
12.0
14.0
7.0
26.0
17.0
5.0
-17.0
-23.0
-18.0
9.0
8.0
-5.0
4.0
-26.0
-66.0
-28.0
3.0
-34.0
-13.0
17.0
23.0
-11.0
-11.0
18.0
24.0
33.0
-10.0
-24.0
-18.0
-6.0
3.0
37.0
14.0
-22.0
-6.0
-29.0
-17.0
13.0
-27.0
-6.0
-4.0
-12.0
-2.0
8.0
2.0
-18.0
-12.0
-9.0
24.0
-2.0
-3.0
-16.0
-2.0
-1.0
-22.0
-11.0
-7.0
0.0
-7.0
-4.0
0.0
-16.0
-9.0
-17.0
8.0
-18.0
-20.0
-25.0
7.0
12.0
12.0
-7.0
-3.0
-3.0
10.0
-14.0
-29.0
-10.0
-1.0
8.0
7.0
16.0
19.0
-17.0
-20.0
-18.0
1.0
14.0
16.0
-4.0
-2.0
-2.0
0.0
-7.0
14.0
-7.0
-7.0
-13.0
-15.0
3.0
5.0
1.0
-23.0
-39.0
-8.0
18.0
-11.0
20.0
-3.0
-23.0
-24.0
-8.0
7.0
-27.0
0.0
-3.0
-4.0
2.0
-15.0
-11.0
-11.0
-2.0
4.0
-2.0
0.0
-15.0
-12.0
-24.0
-29.0
-14.0
-17.0
6.0
-20.0
-15.0
-2.0
11.0
16.0
0.0
2.0
-5.0
-7.0
-15.0
-18.0
-16.0
6.0
-2.0
-12.0
4.0
6.0
13.0
11.0
4.0
-6.0
15.0
5.0
-16.0
-8.0
-3.0
-35.0
-22.0
-11.0
1.0
-6.0
-9.0
4.0
-2.0
-7.0
8.0
3.0
13.0
11.0
-3.0
-14.0
-29.0
13.0
-24.0
4.0
-20.0
-46.0
-36.0
-39.0
20.0
40.0
24.0
-19.0
-19.0
-26.0
-26.0
9.0
4.0
11.0
-13.0
-4.0
-15.0
-2.0
-20.0
6.0
-2.0
-17.0
-10.0
-15.0
-11.0
-18.0
7.0
18.0
8.0
21.0
17.0
18.0
-34.0
-29.0
-36.0
-5.0
4.0
10.0
-5.0
-26.0
-26.0
-18.0
1.0
-2.0
10.0
-16.0
-22.0
-16.0
1.0
3.0
7.0
19.0
5.0
-1.0
-7.0
-20.0
-14.0
-19.0
-3.0
-25.0
-3.0
-5.0
-25.0
-29.0
-24.0
10.0
33.0
24.0
8.0
-43.0
-24.0
-12.0
-29.0
-26.0
26.0
2.0
-15.0
0.0
-28.0
-5.0
-22.0
10.0
-5.0
-10.0
-11.0
1.0
-7.0
-32.0
-7.0
-2.0
0.0
7.0
-5.0
-9.0
-29.0
-4.0
6.0
-6.0
-10.0
17.0
6.0
-12.0
0.0
-2.0
-3.0
12.0
13.0
-6.0
-9.0
-25.0
-9.0
-33.0
6.0
6.0
-3.0
6.0
14.0
-8.0
2.0
25.0
3.0
-15.0
-4.0
3.0
0.0
6.0
4.0
-6.0
-5.0
13.0
9.0
-51.0
-35.0
-30.0
-2.0
4.0
36.0
5.0
-6.0
-6.0
-32.0
-17.0
-28.0
-26.0
-15.0
11.0
9.0
3.0
19.0
7.0
-68.0
-11.0
9.0
9.0
11.0
24.0
-6.0
-14.0
-26.0
-18.0
11.0
3.0
11.0
9.0
-23.0
0.0
-8.0
-5.0
3.0
5.0
-6.0
-1.0
-24.0
-21.0
-14.0
15.0
5.0
-18.0
-9.0
-19.0
-13.0
-2.0
-28.0
-36.0
-47.0
-8.0
9.0
38.0
-19.0
-26.0
10.0
-22.0
8.0
5.0
3.0
-2.0
21.0
22.0
19.0
31.0
18.0
2.0
-6.0
-10.0
22.0
-18.0
28.0
22.0
29.0
-39.0
-42.0
-23.0
-16.0
-17.0
-21.0
-28.0
-6.0
-6.0
-10.0
-4.0
-27.0
-7.0
9.0
3.0
-7.0
-4.0
3.0
-4.0
-10.0
0.0
-6.0
3.0
-14.0
-13.0
2.0
-5.0
12.0
25.0
-1.0
-17.0
-21.0
-9.0
14.0
11.0
-11.0
-13.0
-5.0
18.0
-2.0
1.0
-22.0
-28.0
-16.0
-11.0
9.0
-3.0
15.0
8.0
27.0
-2.0
13.0
3.0
6.0
3.0
-14.0
5.0
1.0
13.0
-18.0
-34.0
-28.0
-56.0
-8.0
-11.0
26.0
6.0
-28.0
14.0
-13.0
4.0
10.0
-26.0
20.0
22.0
6.0
-11.0
10.0
-29.0
26.0
21.0
-6.0
-2.0
-2.0
3.0
-46.0
-3.0
20.0
13.0
17.0
5.0
-1.0
-22.0
-37.0
-33.0
-22.0
-18.0
-37.0
-1.0
-13.0
-9.0
-11.0
-2.0
-10.0
-13.0
-23.0
-11.0
-18.0
19.0
11.0
10.0
-1.0
17.0
29.0
31.0
10.0
8.0
4.0
-30.0
-6.0
-2.0
-19.0
-16.0
24.0
21.0
4.0
-12.0
-7.0
-5.0
20.0
6.0
23.0
-5.0
-9.0
-13.0
-47.0
-18.0
15.0
-11.0
-32.0
-27.0
9.0
27.0
-1.0
-3.0
-15.0
-6.0
-11.0
8.0
3.0
8.0
-10.0
-14.0
14.0
11.0
13.0
-6.0
-14.0
-15.0
-20.0
3.0
10.0
29.0
-19.0
-15.0
-5.0
5.0
1.0
-16.0
-11.0
-9.0
-7.0
-9.0
16.0
17.0
0.0
-2.0
-9.0
-17.0
-19.0
-3.0
-6.0
-9.0
-9.0
-2.0
9.0
21.0
-2.0
-30.0
-22.0
-4.0
-11.0
-9.0
4.0
3.0
25.0
-17.0
-10.0
-19.0
-6.0
12.0
-9.0
-26.0
-5.0
-4.0
-14.0
-13.0
-42.0
-11.0
24.0
8.0
28.0
18.0
-1.0
-9.0
-15.0
-3.0
24.0
-8.0
-3.0
-50.0
8.0
14.0
-2.0
-2.0
12.0
-3.0
-22.0
-14.0
6.0
2.0
19.0
6.0
-26.0
-23.0
-5.0
-15.0
-7.0
-4.0
3.0
-13.0
-8.0
-8.0
-13.0
-12.0
-13.0
-32.0
-2.0
7.0
-6.0
13.0
12.0
-3.0
4.0
9.0
-27.0
-3.0
-24.0
-22.0
-33.0
-7.0
2.0
24.0
-17.0
-15.0
7.0
-3.0
-1.0
3.0
-19.0
15.0
6.0
-8.0
3.0
4.0
7.0
4.0
-13.0
2.0
-17.0
12.0
13.0
-11.0
-2.0
-7.0
-20.0
-9.0
3.0
-7.0
3.0
-19.0
-21.0
-16.0
-14.0
-20.0
20.0
0.0
4.0
6.0
4.0
-7.0
-5.0
-8.0
21.0
24.0
-1.0
-37.0
-20.0
-15.0
0.0
-9.0
11.0
0.0
-2.0
-2.0
-34.0
-29.0
-5.0
1.0
-18.0
1.0
-11.0
-13.0
1.0
3.0
4.0
-18.0
1.0
8.0
-2.0
-13.0
-20.0
-6.0
-17.0
-19.0
-13.0
3.0
21.0
-6.0
16.0
-9.0
12.0
-22.0
-26.0
-25.0
-30.0
-23.0
-13.0
32.0
1.0
21.0
1.0
-2.0
9.0
1.0
8.0
-2.0
-23.0
-4.0
8.0
-11.0
-11.0
-23.0
-16.0
-18.0
-28.0
-9.0
-13.0
-6.0
-2.0
1.0
1.0
-15.0
-12.0
-14.0
-44.0
13.0
-12.0
-2.0
-2.0
-35.0
-16.0
-8.0
29.0
24.0
1.0
17.0
-6.0
12.0
-12.0
-17.0
6.0
11.0
3.0
5.0
-9.0
-18.0
-20.0
-18.0
-7.0
36.0
-9.0
-5.0
-8.0
-6.0
7.0
-4.0
4.0
-5.0
-1.0
-4.0
-26.0
-6.0
-2.0
-2.0
24.0
-15.0
16.0
1.0
-2.0
-21.0
1.0
11.0
23.0
21.0
-1.0
-9.0
-10.0
-2.0
-30.0
-32.0
1.0
29.0
15.0
15.0
-38.0
-18.0
6.0
-23.0
-36.0
-17.0
-34.0
-1.0
3.0
-6.0
28.0
17.0
-13.0
-14.0
-23.0
-31.0
-5.0
26.0
28.0
26.0
11.0
-37.0
-32.0
1.0
-39.0
37.0
21.0
-6.0
-17.0
-14.0
-24.0
6.0
-14.0
-18.0
-12.0
38.0
16.0
29.0
-14.0
-14.0
-33.0
-45.0
-31.0
-13.0
-23.0
5.0
24.0
20.0
3.0
6.0
28.0
8.0
-29.0
4.0
10.0
3.0
-14.0
6.0
-28.0
-31.0
7.0
24.0
-20.0
-26.0
-50.0
-5.0
30.0
26.0
17.0
18.0
3.0
-5.0
-6.0
-3.0
-26.0
-49.0
-17.0
-20.0
10.0
12.0
3.0
-21.0
5.0
10.0
10.0
-22.0
0.0
-2.0
-6.0
-1.0
-15.0
-20.0
-24.0
-13.0
-7.0
-5.0
-4.0
1.0
-31.0
-36.0
-6.0
18.0
-41.0
-17.0
-8.0
25.0
0.0
14.0
11.0
8.0
-15.0
-19.0
-9.0
26.0
33.0
31.0
-7.0
-49.0
-39.0
-36.0
-32.0
-3.0
-16.0
31.0
-29.0
-15.0
-17.0
17.0
37.0
37.0
2.0
4.0
-7.0
10.0
-4.0
-31.0
-7.0
-19.0
-28.0
-27.0
-43.0
-22.0
1.0
3.0
-49.0
-21.0
4.0
14.0
16.0
21.0
9.0
-29.0
-2.0
8.0
10.0
14.0
-4.0
-33.0
-5.0
-4.0
-1.0
14.0
-11.0
-47.0
-70.0
5.0
16.0
28.0
-9.0
-6.0
2.0
-6.0
3.0
-20.0
-32.0
-13.0
-6.0
7.0
-13.0
-14.0
-12.0
-13.0
-25.0
-13.0
-5.0
9.0
6.0
15.0
2.0
4.0
24.0
20.0
27.0
7.0
5.0
-10.0
-14.0
-13.0
-14.0
-17.0
10.0
-12.0
14.0
22.0
-17.0
-5.0
-2.0
-32.0
-67.0
-69.0
-12.0
-7.0
-3.0
29.0
1.0
4.0
-13.0
-7.0
21.0
17.0
1.0
-19.0
-33.0
-15.0
14.0
1.0
11.0
6.0
-11.0
-15.0
-13.0
-18.0
5.0
-10.0
24.0
12.0
-13.0
-8.0
-59.0
-54.0
-6.0
-29.0
12.0
-12.0
3.0
-13.0
-2.0
-25.0
-13.0
-17.0
-8.0
15.0
14.0
18.0
-8.0
-10.0
-1.0
-8.0
-36.0
-37.0
17.0
16.0
0.0
-8.0
-41.0
-9.0
-22.0
0.0
-1.0
0.0
-14.0
3.0
-17.0
3.0
18.0
26.0
-36.0
-8.0
-40.0
-41.0
-48.0
-2.0
2.0
17.0
39.0
19.0
6.0
12.0
-34.0
-36.0
-18.0
-6.0
-1.0
34.0
11.0
-31.0
-8.0
5.0
18.0
12.0
15.0
-6.0
-13.0
18.0
15.0
20.0
-29.0
-32.0
-23.0
-26.0
-21.0
2.0
15.0
-16.0
-14.0
0.0
-10.0
-21.0
-45.0
-53.0
-31.0
-2.0
30.0
3.0
-5.0
-24.0
-18.0
28.0
-25.0
-26.0
-4.0
30.0
-6.0
-17.0
4.0
-4.0
-20.0
10.0
-2.0
-6.0
9.0
-23.0
-21.0
-5.0
-28.0
-41.0
-18.0
-1.0
11.0
8.0
2.0
6.0
-6.0
12.0
16.0
30.0
1.0
-15.0
-1.0
-4.0
15.0
-18.0
4.0
1.0
2.0
-18.0
-1.0
-27.0
3.0
3.0
11.0
1.0
6.0
-3.0
-9.0
-13.0
-6.0
-18.0
-21.0
-21.0
-28.0
4.0
15.0
-2.0
-36.0
-1.0
13.0
25.0
6.0
5.0
-9.0
-15.0
-14.0
-17.0
-7.0
-5.0
-5.0
2.0
-10.0
-14.0
2.0
-19.0
27.0
5.0
-13.0
-13.0
-3.0
-11.0
4.0
6.0
11.0
-9.0
-28.0
-24.0
-1.0
43.0
-2.0
-11.0
-24.0
-24.0
-23.0
-41.0
-8.0
-7.0
-1.0
-2.0
12.0
14.0
17.0
16.0
59.0
9.0
10.0
-25.0
-15.0
-1.0
-19.0
-3.0
1.0
-4.0
-34.0
-34.0
-43.0
-18.0
-2.0
-3.0
-16.0
1.0
-22.0
-24.0
-39.0
9.0
-2.0
-7.0
4.0
-25.0
-24.0
-1.0
7.0
0.0
2.0
-8.0
6.0
-5.0
-28.0
20.0
-9.0
-7.0
2.0
-5.0
-8.0
36.0
2.0
13.0
9.0
-1.0
4.0
10.0
-52.0
-49.0
-57.0
8.0
29.0
16.0
14.0
-14.0
-24.0
-29.0
-12.0
-8.0
1.0
-11.0
-48.0
-42.0
-20.0
7.0
10.0
28.0
7.0
9.0
9.0
7.0
28.0
24.0
9.0
2.0
-2.0
-7.0
-14.0
-16.0
-6.0
-22.0
3.0
3.0
9.0
-18.0
-2.0
6.0
-7.0
-6.0
32.0
-15.0
-36.0
-28.0
-22.0
-30.0
-17.0
-1.0
12.0
17.0
3.0
3.0
4.0
-13.0
-25.0
10.0
1.0
-6.0
-26.0
-21.0
-1.0
-33.0
2.0
14.0
-21.0
-7.0
-18.0
37.0
8.0
10.0
7.0
-31.0
-5.0
14.0
-15.0
-25.0
-19.0
-3.0
23.0
27.0
22.0
-12.0
-50.0
-21.0
18.0
28.0
-11.0
-23.0
-13.0
-16.0
-3.0
-13.0
4.0
22.0
-11.0
-41.0
-40.0
-7.0
4.0
5.0
-13.0
-10.0
8.0
-3.0
-41.0
-40.0
-6.0
36.0
20.0
17.0
-2.0
18.0
-10.0
-9.0
15.0
5.0
9.0
-4.0
-44.0
-41.0
-55.0
9.0
22.0
-4.0
24.0
12.0
1.0
5.0
-12.0
-11.0
-15.0
4.0
4.0
3.0
-5.0
-10.0
-15.0
-7.0
1.0
-2.0
-14.0
-5.0
-15.0
-32.0
-8.0
-13.0
-13.0
20.0
-4.0
-5.0
-11.0
-21.0
7.0
5.0
-38.0
-1.0
14.0
-7.0
6.0
8.0
-5.0
18.0
2.0
-21.0
9.0
-23.0
18.0
16.0
-16.0
-18.0
0.0
-6.0
-9.0
-9.0
-9.0
3.0
15.0
-18.0
-24.0
-29.0
-20.0
-5.0
-3.0
-13.0
2.0
17.0
-6.0
22.0
-8.0
-8.0
-15.0
-12.0
-2.0
-23.0
-20.0
12.0
5.0
-3.0
1.0
3.0
-3.0
-1.0
-13.0
-16.0
-14.0
-2.0
17.0
7.0
12.0
17.0
-3.0
5.0
25.0
29.0
-10.0
-17.0
-18.0
-5.0
-16.0
-24.0
-2.0
6.0
-17.0
-13.0
-18.0
-11.0
21.0
0.0
-16.0
-21.0
5.0
-9.0
-1.0
-11.0
-31.0
-11.0
-6.0
17.0
10.0
6.0
-14.0
-2.0
-26.0
-11.0
-15.0
6.0
0.0
16.0
35.0
33.0
7.0
-1.0
7.0
14.0
3.0
-4.0
-2.0
8.0
-16.0
-17.0
-17.0
0.0
-9.0
-10.0
0.0
-32.0
-7.0
-16.0
28.0
32.0
2.0
-14.0
-11.0
-24.0
1.0
-4.0
21.0
-4.0
-8.0
-14.0
-11.0
7.0
-11.0
-19.0
2.0
2.0
-9.0
-29.0
28.0
24.0
-2.0
9.0
5.0
-4.0
6.0
2.0
-3.0
11.0
9.0
9.0
3.0
-35.0
-20.0
-41.0
3.0
-6.0
-7.0
-25.0
12.0
15.0
-27.0
-4.0
6.0
-10.0
4.0
15.0
-7.0
-35.0
-16.0
-14.0
-28.0
2.0
18.0
14.0
-5.0
-15.0
2.0
5.0
-18.0
-17.0
-8.0
-6.0
-2.0
-41.0
10.0
9.0
10.0
-19.0
3.0
7.0
29.0
-1.0
-35.0
1.0
7.0
6.0
-7.0
-35.0
-7.0
-6.0
15.0
0.0
-4.0
-1.0
25.0
4.0
7.0
4.0
-8.0
-4.0
-5.0
-28.0
-20.0
-8.0
-8.0
6.0
-2.0
-25.0
-20.0
-15.0
4.0
11.0
0.0
-28.0
-24.0
-4.0
12.0
11.0
-6.0
-10.0
-11.0
-20.0
18.0
26.0
-5.0
-5.0
12.0
22.0
-14.0
-12.0
-18.0
-30.0
-7.0
-12.0
-28.0
-43.0
-51.0
-27.0
34.0
35.0
7.0
15.0
15.0
-15.0
-25.0
-80.0
-29.0
31.0
24.0
26.0
46.0
65.0
36.0
2.0
-11.0
-15.0
-13.0
2.0
-16.0
-16.0
-23.0
-15.0
5.0
2.0
-15.0
-39.0
-66.0
-22.0
0.0
-4.0
-10.0
-25.0
-6.0
6.0
18.0
27.0
1.0
14.0
9.0
11.0
-12.0
-15.0
-4.0
-16.0
11.0
3.0
-17.0
14.0
-10.0
-12.0
-2.0
12.0
-7.0
7.0
-1.0
4.0
-15.0
-9.0
-18.0
-19.0
-26.0
-9.0
-6.0
20.0
-11.0
-21.0
-18.0
-19.0
-9.0
-13.0
19.0
-1.0
-2.0
2.0
-1.0
7.0
11.0
4.0
13.0
9.0
-6.0
-1.0
1.0
-11.0
-10.0
-1.0
14.0
1.0
-28.0
-29.0
-29.0
-11.0
-13.0
-14.0
-4.0
-11.0
0.0
5.0
-16.0
-22.0
-18.0
-24.0
-7.0
-13.0
-3.0
12.0
23.0
17.0
-6.0
-9.0
0.0
4.0
27.0
2.0
-6.0
12.0
-32.0
4.0
6.0
5.0
2.0
5.0
-13.0
-10.0
15.0
0.0
8.0
8.0
-39.0
-37.0
-31.0
2.0
3.0
0.0
26.0
20.0
-1.0
-6.0
-13.0
-12.0
0.0
-12.0
-41.0
-27.0
-8.0
0.0
-32.0
0.0
-10.0
-9.0
-30.0
11.0
0.0
-32.0
-5.0
12.0
-1.0
-7.0
-25.0
-25.0
-2.0
-18.0
-9.0
-19.0
4.0
14.0
17.0
-4.0
9.0
9.0
-14.0
-13.0
-8.0
0.0
-35.0
-18.0
-3.0
-22.0
-31.0
-32.0
-18.0
-3.0
2.0
-5.0
-5.0
4.0
-14.0
-3.0
3.0
4.0
22.0
26.0
-22.0
-18.0
-25.0
-4.0
-11.0
11.0
-22.0
-22.0
-33.0
10.0
-11.0
-21.0
-30.0
-8.0
1.0
-28.0
9.0
6.0
-5.0
30.0
6.0
-1.0
17.0
-3.0
-23.0
-45.0
-34.0
-29.0
-13.0
-10.0
-4.0
16.0
16.0
15.0
1.0
-4.0
-22.0
-17.0
0.0
-1.0
10.0
-7.0
-11.0
-13.0
-4.0
-18.0
-3.0
-2.0
17.0
1.0
-7.0
-9.0
-14.0
-7.0
-8.0
15.0
-7.0
-5.0
4.0
-6.0
-8.0
-2.0
-39.0
-7.0
-7.0
-3.0
-19.0
-18.0
-10.0
6.0
0.0
7.0
-7.0
4.0
11.0
6.0
11.0
9.0
4.0
9.0
-9.0
-3.0
-15.0
6.0
-18.0
-37.0
-23.0
-20.0
-39.0
-23.0
15.0
15.0
16.0
2.0
0.0
-11.0
-6.0
0.0
17.0
-7.0
8.0
-11.0
-15.0
12.0
6.0
1.0
-11.0
-15.0
-17.0
-6.0
-1.0
1.0
6.0
-14.0
11.0
-11.0
-15.0
-18.0
-7.0
-15.0
-17.0
-9.0
-31.0
-41.0
4.0
-4.0
-10.0
-13.0
-27.0
-29.0
-35.0
-6.0
11.0
-39.0
-14.0
9.0
15.0
11.0
15.0
4.0
16.0
0.0
23.0
12.0
-11.0
-11.0
-19.0
-22.0
6.0
9.0
3.0
-7.0
-5.0
-5.0
15.0
19.0
14.0
12.0
-42.0
-38.0
15.0
2.0
-8.0
2.0
8.0
15.0
-3.0
-6.0
-34.0
-35.0
-43.0
-21.0
-27.0
1.0
-18.0
3.0
-21.0
-18.0
-25.0
-10.0
-8.0
14.0
4.0
-3.0
-10.0
22.0
-2.0
-10.0
-9.0
6.0
19.0
12.0
4.0
-10.0
20.0
32.0
23.0
23.0
-2.0
-6.0
-34.0
-53.0
-50.0
-25.0
-16.0
-36.0
-15.0
-15.0
-34.0
-47.0
-28.0
-16.0
1.0
13.0
1.0
-23.0
5.0
9.0
-3.0
-9.0
4.0
-21.0
-3.0
0.0
0.0
15.0
10.0
9.0
14.0
24.0
-16.0
-12.0
-10.0
19.0
-6.0
-12.0
-1.0
-2.0
14.0
20.0
16.0
-47.0
-10.0
-38.0
1.0
10.0
9.0
13.0
35.0
4.0
-11.0
4.0
-2.0
-16.0
-3.0
16.0
4.0
-4.0
23.0
18.0
-7.0
-1.0
-38.0
-9.0
-6.0
3.0
-9.0
-12.0
19.0
6.0
-23.0
-6.0
-25.0
-19.0
16.0
-12.0
-11.0
-11.0
-14.0
-16.0
-13.0
-12.0
6.0
0.0
13.0
23.0
22.0
16.0
-3.0
6.0
21.0
14.0
-50.0
-18.0
20.0
10.0
-31.0
-33.0
-12.0
-6.0
0.0
-15.0
-15.0
-34.0
-23.0
-10.0
-1.0
2.0
-27.0
-24.0
-11.0
1.0
14.0
-10.0
-13.0
-42.0
-24.0
-18.0
27.0
13.0
-15.0
11.0
10.0
6.0
5.0
2.0
-27.0
-26.0
-20.0
-15.0
-12.0
1.0
14.0
5.0
23.0
21.0
10.0
13.0
-11.0
-1.0
16.0
20.0
35.0
-5.0
-14.0
-24.0
-33.0
-33.0
-35.0
-43.0
-30.0
-5.0
-11.0
-25.0
31.0
-11.0
-13.0
-9.0
-20.0
-8.0
44.0
31.0
2.0
29.0
-17.0
-38.0
23.0
22.0
37.0
17.0
0.0
-18.0
-3.0
-18.0
-26.0
-40.0
-59.0
-54.0
-9.0
1.0
28.0
9.0
-2.0
-11.0
-22.0
3.0
17.0
16.0
-20.0
-86.0
-23.0
1.0
19.0
10.0
-11.0
-15.0
7.0
7.0
2.0
2.0
10.0
10.0
-6.0
-28.0
-20.0
3.0
-20.0
-22.0
-45.0
-5.0
13.0
15.0
4.0
23.0
22.0
11.0
2.0
7.0
2.0
-13.0
-29.0
-12.0
-15.0
-19.0
-33.0
-7.0
-13.0
-14.0
-12.0
0.0
-27.0
-17.0
-12.0
-14.0
5.0
-14.0
11.0
9.0
-8.0
-1.0
10.0
-8.0
18.0
12.0
8.0
8.0
-8.0
-4.0
-35.0
-34.0
-20.0
-2.0
26.0
8.0
14.0
11.0
-14.0
-11.0
-32.0
-24.0
-25.0
-22.0
18.0
-7.0
-23.0
-14.0
15.0
16.0
22.0
2.0
30.0
-7.0
-23.0
-11.0
21.0
-25.0
2.0
2.0
20.0
3.0
-42.0
-40.0
0.0
13.0
14.0
-7.0
-30.0
-29.0
-15.0
16.0
-9.0
-20.0
-2.0
-13.0
-11.0
-11.0
-49.0
-47.0
-29.0
-1.0
13.0
26.0
-3.0
5.0
6.0
-5.0
6.0
5.0
12.0
-44.0
-43.0
42.0
18.0
23.0
-15.0
-15.0
22.0
21.0
5.0
-21.0
-25.0
-20.0
-14.0
1.0
14.0
-2.0
-13.0
-15.0
-20.0
-3.0
-31.0
-5.0
-17.0
-15.0
-5.0
-23.0
4.0
2.0
7.0
0.0
22.0
-4.0
-20.0
18.0
19.0
-23.0
-2.0
-6.0
-28.0
-18.0
-32.0
-35.0
-59.0
-24.0
-9.0
20.0
24.0
22.0
10.0
-19.0
-7.0
-8.0
3.0
-4.0
7.0
17.0
-10.0
-9.0
-9.0
0.0
-16.0
-16.0
25.0
-2.0
-4.0
-5.0
-7.0
-7.0
-7.0
12.0
0.0
11.0
2.0
-2.0
-12.0
-28.0
-17.0
-23.0
-2.0
16.0
-5.0
2.0
13.0
33.0
12.0
-26.0
-53.0
-52.0
-7.0
12.0
20.0
-5.0
-9.0
-24.0
-17.0
-4.0
6.0
10.0
4.0
1.0
-7.0
-8.0
-11.0
-1.0
-30.0
-12.0
-10.0
-10.0
4.0
-13.0
-11.0
-19.0
-25.0
4.0
-11.0
-19.0
-5.0
-2.0
-10.0
-7.0
16.0
-5.0
-16.0
-3.0
-1.0
15.0
9.0
10.0
9.0
-15.0
3.0
1.0
4.0
24.0
-7.0
10.0
-20.0
-21.0
-4.0
-13.0
-9.0
-12.0
-13.0
-7.0
-17.0
-7.0
-13.0
-20.0
-9.0
-8.0
2.0
2.0
8.0
-24.0
-18.0
-10.0
13.0
11.0
0.0
5.0
4.0
6.0
-4.0
5.0
-2.0
16.0
-3.0
-3.0
-30.0
1.0
-35.0
8.0
-17.0
-52.0
13.0
7.0
3.0
5.0
6.0
10.0
10.0
6.0
2.0
5.0
-4.0
-24.0
-39.0
-34.0
2.0
28.0
-12.0
-33.0
-37.0
-24.0
4.0
13.0
23.0
24.0
26.0
5.0
-7.0
-19.0
-19.0
-49.0
-10.0
-4.0
1.0
-3.0
9.0
1.0
-1.0
2.0
-14.0
8.0
-1.0
5.0
-7.0
-2.0
6.0
-16.0
14.0
7.0
-4.0
-7.0
-21.0
-21.0
-8.0
-5.0
-38.0
7.0
20.0
40.0
11.0
7.0
2.0
-24.0
-7.0
-8.0
1.0
0.0
-8.0
-18.0
-26.0
-2.0
-11.0
-8.0
1.0
1.0
-34.0
-33.0
-4.0
-11.0
-2.0
8.0
17.0
11.0
10.0
8.0
14.0
22.0
-11.0
-48.0
-6.0
13.0
10.0
-10.0
-16.0
-12.0
-1.0
6.0
20.0
11.0
-11.0
-6.0
-11.0
-8.0
-42.0
-41.0
-19.0
-36.0
27.0
22.0
16.0
-7.0
-16.0
-49.0
-26.0
-25.0
-21.0
-47.0
-1.0
6.0
13.0
-37.0
22.0
5.0
2.0
0.0
-24.0
-24.0
-28.0
-7.0
9.0
15.0
-7.0
2.0
4.0
6.0
-4.0
19.0
3.0
17.0
-5.0
9.0
1.0
-5.0
-9.0
-4.0
-11.0
-2.0
-18.0
-4.0
4.0
11.0
-24.0
-24.0
-6.0
-3.0
-12.0
23.0
30.0
-8.0
-5.0
-24.0
-10.0
15.0
-19.0
-20.0
-40.0
-18.0
-5.0
-4.0
-5.0
-6.0
-4.0
-6.0
-20.0
-19.0
-12.0
10.0
10.0
9.0
20.0
20.0
-1.0
-42.0
-23.0
-26.0
-15.0
-8.0
-40.0
-3.0
0.0
-34.0
-1.0
-2.0
-18.0
-19.0
26.0
-3.0
-17.0
-7.0
-15.0
7.0
19.0
32.0
17.0
41.0
6.0
-11.0
5.0
137.0
88.0
48.0
7.0
9.0
-13.0
1.0
-49.0
-52.0
-58.0
-64.0
-83.0
-109.0
-73.0
-38.0
-35.0
-37.0
-20.0
17.0
61.0
55.0
37.0
-10.0
47.0
57.0
46.0
40.0
1.0
14.0
14.0
11.0
24.0
20.0
5.0
32.0
12.0
13.0
0.0
-8.0
9.0
9.0
-9.0
-2.0
-15.0
-12.0
-8.0
-10.0
13.0
8.0
-1.0
-31.0
-24.0
-30.0
-13.0
-15.0
-23.0
-19.0
-11.0
-8.0
-21.0
-22.0
-15.0
-2.0
-3.0
-5.0
-27.0
-33.0
-61.0
-28.0
-7.0
-5.0
-29.0
-17.0
7.0
12.0
-17.0
-18.0
-27.0
-45.0
9.0
8.0
-11.0
-31.0
-22.0
-18.0
-24.0
-20.0
-29.0
-10.0
5.0
-3.0
-9.0
14.0
15.0
26.0
-3.0
-4.0
-33.0
-25.0
-2.0
-20.0
-2.0
28.0
20.0
-3.0
-9.0
-9.0
-21.0
-9.0
15.0
-20.0
-38.0
6.0
3.0
-30.0
-27.0
-31.0
-12.0
-15.0
13.0
3.0
11.0
44.0
3.0
5.0
23.0
22.0
17.0
-8.0
-3.0
-7.0
6.0
-10.0
-34.0
-5.0
0.0
5.0
-3.0
-6.0
-3.0
1.0
14.0
1.0
-11.0
-18.0
14.0
18.0
-5.0
-4.0
4.0
-22.0
-12.0
-9.0
0.0
2.0
-14.0
-15.0
-12.0
3.0
-7.0
-18.0
27.0
-11.0
7.0
5.0
19.0
22.0
1.0
-21.0
-38.0
-5.0
22.0
11.0
-3.0
-22.0
-19.0
-23.0
-23.0
-16.0
21.0
15.0
7.0
-23.0
8.0
2.0
11.0
10.0
6.0
-18.0
-17.0
-24.0
-28.0
-21.0
-2.0
-7.0
1.0
0.0
-2.0
10.0
-5.0
-10.0
-6.0
0.0
13.0
-2.0
-12.0
-8.0
-7.0
-10.0
2.0
10.0
-3.0
-22.0
22.0
18.0
11.0
16.0
2.0
-17.0
-25.0
-18.0
-30.0
6.0
-10.0
2.0
7.0
2.0
17.0
-2.0
-30.0
-13.0
-19.0
-24.0
-13.0
-18.0
-3.0
-4.0
1.0
-13.0
-12.0
-23.0
12.0
28.0
18.0
-1.0
10.0
7.0
1.0
-7.0
-20.0
-5.0
-14.0
-15.0
13.0
7.0
25.0
23.0
8.0
-20.0
-11.0
-17.0
-6.0
-6.0
-13.0
-26.0
-21.0
-23.0
9.0
7.0
16.0
2.0
2.0
-11.0
-15.0
-29.0
-8.0
-5.0
-7.0
8.0
13.0
-1.0
20.0
8.0
-14.0
2.0
4.0
3.0
1.0
11.0
-2.0
-12.0
-19.0
-26.0
-12.0
-20.0
-29.0
-28.0
-18.0
15.0
12.0
28.0
9.0
-24.0
-26.0
6.0
15.0
11.0
-24.0
-49.0
-55.0
-11.0
-4.0
-27.0
-18.0
44.0
46.0
46.0
20.0
-12.0
-2.0
14.0
-3.0
-14.0
8.0
-13.0
3.0
2.0
-27.0
-12.0
-1.0
-6.0
-18.0
-18.0
-21.0
-11.0
-7.0
-8.0
-10.0
-9.0
-17.0
8.0
-22.0
-32.0
-20.0
-20.0
4.0
6.0
30.0
11.0
-5.0
-5.0
-18.0
-8.0
-34.0
-42.0
-55.0
-54.0
-61.0
3.0
1.0
2.0
-28.0
0.0
1.0
20.0
38.0
36.0
-6.0
-7.0
-22.0
-17.0
-14.0
0.0
17.0
11.0
7.0
7.0
-4.0
4.0
-4.0
12.0
22.0
11.0
10.0
12.0
0.0
3.0
-18.0
0.0
14.0
31.0
-22.0
10.0
-2.0
-2.0
1.0
4.0
9.0
-33.0
-28.0
18.0
8.0
21.0
-5.0
-28.0
-33.0
-36.0
-27.0
9.0
26.0
-11.0
-5.0
-15.0
-45.0
-30.0
-37.0
-39.0
-16.0
9.0
-6.0
0.0
15.0
-24.0
33.0
19.0
-16.0
-15.0
-39.0
-14.0
4.0
-6.0
-9.0
-13.0
10.0
-8.0
12.0
19.0
2.0
15.0
10.0
-9.0
6.0
2.0
3.0
21.0
-8.0
-12.0
6.0
25.0
30.0
1.0
-4.0
-19.0
-6.0
-3.0
-4.0
0.0
-9.0
-37.0
-41.0
-16.0
-25.0
-30.0
-11.0
-34.0
-24.0
-23.0
-13.0
3.0
1.0
-15.0
-28.0
-42.0
-1.0
8.0
23.0
20.0
-30.0
-45.0
-14.0
5.0
2.0
-7.0
-20.0
-28.0
-11.0
-8.0
-18.0
-9.0
-29.0
-12.0
10.0
0.0
2.0
-12.0
6.0
9.0
6.0
7.0
23.0
7.0
-14.0
-28.0
1.0
-2.0
18.0
22.0
34.0
6.0
15.0
-7.0
-12.0
-9.0
-9.0
-6.0
-9.0
-6.0
-7.0
-11.0
9.0
-9.0
17.0
0.0
-9.0
6.0
-12.0
-12.0
1.0
-9.0
-15.0
10.0
-3.0
-34.0
-22.0
2.0
-7.0
-1.0
5.0
15.0
-22.0
-21.0
-11.0
0.0
0.0
-18.0
-12.0
-11.0
-11.0
-9.0
5.0
-5.0
1.0
3.0
10.0
0.0
10.0
13.0
-7.0
-7.0
19.0
2.0
-5.0
-32.0
-16.0
14.0
-8.0
-7.0
3.0
-3.0
-7.0
-6.0
0.0
9.0
1.0
10.0
-15.0
-20.0
-17.0
-1.0
-22.0
4.0
-6.0
-3.0
-10.0
19.0
17.0
19.0
-12.0
-8.0
-5.0
8.0
8.0
27.0
36.0
13.0
-9.0
-15.0
-18.0
2.0
-1.0
-4.0
22.0
37.0
18.0
5.0
-7.0
-15.0
-19.0
-40.0
-16.0
-5.0
-31.0
-20.0
-51.0
-54.0
-40.0
-41.0
-34.0
-50.0
-27.0
-21.0
-30.0
-10.0
-14.0
-16.0
-12.0
-11.0
13.0
-30.0
-37.0
11.0
22.0
1.0
14.0
4.0
-3.0
-4.0
-29.0
-16.0
11.0
29.0
-6.0
7.0
2.0
0.0
13.0
13.0
-22.0
-10.0
-22.0
-31.0
-12.0
-19.0
-33.0
-24.0
-6.0
-7.0
-13.0
-17.0
-15.0
5.0
34.0
-5.0
-20.0
-28.0
-37.0
-43.0
22.0
38.0
51.0
13.0
-23.0
-23.0
-12.0
23.0
8.0
9.0
26.0
-19.0
23.0
-8.0
-23.0
0.0
-3.0
-1.0
-1.0
-6.0
-1.0
1.0
3.0
-4.0
-10.0
-3.0
-5.0
37.0
7.0
2.0
0.0
-29.0
-69.0
-7.0
-13.0
14.0
31.0
17.0
17.0
15.0
6.0
-21.0
-10.0
-4.0
-18.0
10.0
-7.0
9.0
-13.0
-9.0
-4.0
-3.0
2.0
-24.0
-15.0
-17.0
7.0
-14.0
-22.0
-26.0
-26.0
10.0
10.0
8.0
6.0
-7.0
-7.0
-10.0
-2.0
-4.0
7.0
-21.0
-16.0
-2.0
1.0
2.0
7.0
-9.0
-8.0
-13.0
26.0
-7.0
12.0
17.0
19.0
6.0
-9.0
-36.0
-32.0
-27.0
4.0
14.0
12.0
-4.0
13.0
-12.0
-39.0
-26.0
30.0
28.0
0.0
-25.0
-25.0
0.0
7.0
-9.0
0.0
-22.0
-10.0
-6.0
-7.0
-14.0
-11.0
-18.0
2.0
23.0
2.0
-15.0
-1.0
1.0
28.0
24.0
-12.0
-20.0
-2.0
4.0
-4.0
13.0
-8.0
-15.0
-17.0
10.0
-26.0
-28.0
-53.0
-20.0
-14.0
-4.0
-5.0
-5.0
-34.0
-26.0
-35.0
-23.0
23.0
2.0
-24.0
-11.0
-24.0
-28.0
-10.0
-12.0
-8.0
18.0
-3.0
-2.0
30.0
6.0
17.0
15.0
4.0
-2.0
-24.0
-20.0
-34.0
-35.0
-22.0
-36.0
-31.0
-28.0
-24.0
-4.0
5.0
-4.0
3.0
5.0
-12.0
1.0
-5.0
-13.0
-8.0
-22.0
-7.0
-18.0
-1.0
-23.0
0.0
11.0
-10.0
-7.0
-24.0
-1.0
-10.0
2.0
23.0
19.0
8.0
17.0
9.0
4.0
2.0
0.0
-2.0
-1.0
12.0
3.0
-12.0
-7.0
-1.0
-2.0
-30.0
-14.0
1.0
-4.0
7.0
-20.0
-27.0
-14.0
-17.0
-16.0
1.0
-30.0
46.0
39.0
42.0
27.0
8.0
6.0
-40.0
-45.0
-29.0
-1.0
2.0
2.0
-24.0
-6.0
-19.0
-19.0
-27.0
-25.0
-35.0
-25.0
-37.0
-57.0
-23.0
-27.0
-25.0
8.0
-18.0
-18.0
-17.0
-15.0
-19.0
-4.0
-23.0
-18.0
11.0
-16.0
6.0
14.0
-22.0
-23.0
5.0
-4.0
16.0
15.0
42.0
31.0
8.0
9.0
4.0
7.0
17.0
8.0
3.0
26.0
6.0
42.0
36.0
39.0
26.0
21.0
-5.0
-19.0
19.0
28.0
30.0
-13.0
2.0
-1.0
-46.0
-7.0
-29.0
-15.0
-18.0
-39.0
-29.0
-41.0
-43.0
-39.0
-2.0
-34.0
-47.0
-37.0
-23.0
-42.0
-18.0
-19.0
-33.0
-33.0
-26.0
-13.0
-2.0
-13.0
-27.0
-11.0
-17.0
-4.0
5.0
7.0
24.0
31.0
-20.0
-1.0
4.0
40.0
17.0
11.0
12.0
13.0
25.0
22.0
13.0
38.0
5.0
4.0
-14.0
15.0
-12.0
-13.0
8.0
-17.0
-19.0
1.0
-3.0
-28.0
-12.0
-26.0
10.0
13.0
8.0
6.0
-15.0
-3.0
2.0
2.0
-2.0
-4.0
-2.0
-1.0
2.0
12.0
5.0
18.0
8.0
12.0
15.0
14.0
8.0
11.0
20.0
3.0
10.0
-29.0
-10.0
-31.0
0.0
13.0
-12.0
-12.0
-15.0
-9.0
-43.0
-9.0
-4.0
0.0
-5.0
-26.0
-32.0
-37.0
-11.0
2.0
-10.0
6.0
18.0
-7.0
5.0
5.0
-18.0
-15.0
-18.0
-9.0
-3.0
9.0
-10.0
-7.0
-10.0
-3.0
7.0
8.0
0.0
-21.0
12.0
7.0
-17.0
-25.0
-39.0
-34.0
32.0
32.0
39.0
24.0
6.0
1.0
-5.0
-29.0
-40.0
-53.0
-23.0
-23.0
5.0
10.0
24.0
12.0
18.0
-5.0
2.0
11.0
14.0
9.0
-5.0
-9.0
3.0
5.0
24.0
-1.0
-15.0
-21.0
-16.0
-9.0
-24.0
-7.0
-5.0
5.0
18.0
-2.0
-10.0
4.0
-2.0
-4.0
-1.0
-9.0
-20.0
-5.0
-6.0
-4.0
5.0
3.0
-9.0
-5.0
12.0
-5.0
4.0
2.0
9.0
7.0
6.0
22.0
19.0
21.0
14.0
17.0
4.0
-5.0
-24.0
-22.0
-18.0
4.0
1.0
-2.0
-32.0
-32.0
4.0
-1.0
5.0
-13.0
-16.0
-4.0
-13.0
-12.0
22.0
5.0
36.0
38.0
-2.0
17.0
-14.0
23.0
29.0
27.0
37.0
3.0
-5.0
-23.0
-41.0
-27.0
-39.0
-47.0
-44.0
-48.0
-27.0
-13.0
-16.0
-2.0
-2.0
-11.0
-2.0
-20.0
-11.0
-13.0
-6.0
-31.0
-30.0
-19.0
2.0
-11.0
-25.0
-2.0
-3.0
-1.0
-11.0
-13.0
12.0
14.0
13.0
6.0
7.0
-31.0
-22.0
-23.0
15.0
-16.0
7.0
4.0
10.0
2.0
-34.0
-18.0
4.0
6.0
0.0
-10.0
-19.0
-15.0
19.0
20.0
-14.0
-12.0
7.0
8.0
0.0
-7.0
-22.0
-2.0
-31.0
-43.0
-27.0
23.0
17.0
17.0
16.0
28.0
-15.0
5.0
-24.0
-25.0
-18.0
-1.0
9.0
4.0
9.0
8.0
6.0
-4.0
23.0
31.0
-9.0
-1.0
-11.0
-11.0
2.0
-13.0
-7.0
-10.0
6.0
-14.0
0.0
11.0
-11.0
-15.0
0.0
-6.0
-3.0
-7.0
-10.0
-16.0
-8.0
8.0
-2.0
-1.0
-15.0
-10.0
-15.0
-8.0
-6.0
6.0
8.0
-4.0
4.0
2.0
-18.0
-10.0
4.0
19.0
-3.0
-14.0
-27.0
7.0
12.0
8.0
11.0
-22.0
-25.0
-29.0
-16.0
-3.0
-26.0
0.0
-20.0
-17.0
-1.0
-9.0
17.0
23.0
-2.0
-4.0
-22.0
-24.0
-16.0
-17.0
13.0
13.0
21.0
7.0
-4.0
-7.0
-31.0
-2.0
8.0
7.0
7.0
7.0
2.0
-2.0
-10.0
-17.0
-6.0
-5.0
15.0
16.0
-23.0
-11.0
-17.0
-34.0
-7.0
-34.0
-22.0
-15.0
-4.0
-6.0
6.0
13.0
-9.0
-9.0
0.0
-18.0
-21.0
-14.0
0.0
7.0
-8.0
0.0
-16.0
18.0
6.0
-6.0
15.0
-8.0
-8.0
-5.0
-4.0
-17.0
-12.0
-11.0
-9.0
-17.0
1.0
-5.0
5.0
5.0
22.0
-4.0
-10.0
-4.0
-37.0
-33.0
-13.0
2.0
0.0
2.0
-5.0
1.0
-34.0
-8.0
-11.0
9.0
11.0
2.0
5.0
8.0
2.0
7.0
5.0
-4.0
-9.0
-27.0
-3.0
-29.0
-18.0
-19.0
-14.0
5.0
-6.0
-19.0
-6.0
-29.0
-12.0
13.0
9.0
5.0
23.0
9.0
26.0
28.0
15.0
-23.0
-26.0
-5.0
3.0
1.0
-12.0
5.0
-11.0
16.0
-9.0
-29.0
-15.0
1.0
4.0
5.0
-6.0
8.0
-16.0
-40.0
-19.0
0.0
-5.0
7.0
11.0
10.0
9.0
9.0
16.0
2.0
20.0
-16.0
-32.0
-13.0
28.0
22.0
11.0
-34.0
-24.0
-50.0
18.0
5.0
-23.0
5.0
-13.0
-13.0
3.0
4.0
-5.0
-7.0
-18.0
-21.0
4.0
2.0
-2.0
4.0
-29.0
-27.0
23.0
20.0
22.0
21.0
-4.0
-44.0
-17.0
-18.0
-20.0
9.0
8.0
-4.0
13.0
10.0
-15.0
-7.0
-14.0
-14.0
-6.0
1.0
1.0
8.0
-24.0
-19.0
-21.0
-4.0
-17.0
-19.0
-1.0
-5.0
-4.0
-1.0
19.0
1.0
-9.0
-27.0
19.0
16.0
2.0
0.0
0.0
-14.0
-24.0
-19.0
-11.0
-10.0
9.0
9.0
10.0
11.0
-9.0
8.0
-10.0
-5.0
16.0
-2.0
9.0
7.0
15.0
-5.0
-1.0
2.0
-15.0
-23.0
-3.0
-10.0
4.0
3.0
13.0
2.0
5.0
-14.0
-14.0
-9.0
11.0
0.0
20.0
11.0
2.0
-24.0
-52.0
-44.0
-43.0
-13.0
-17.0
-15.0
-15.0
-22.0
21.0
17.0
-31.0
-37.0
-31.0
4.0
15.0
16.0
-5.0
-5.0
11.0
6.0
5.0
10.0
18.0
38.0
7.0
-26.0
-7.0
-9.0
-28.0
-9.0
32.0
6.0
-11.0
-2.0
-9.0
-31.0
-6.0
-4.0
2.0
-23.0
9.0
-25.0
-19.0
-31.0
-38.0
-15.0
16.0
15.0
17.0
12.0
8.0
7.0
13.0
5.0
-24.0
-34.0
-16.0
-17.0
17.0
0.0
-1.0
0.0
-1.0
-22.0
-13.0
-34.0
-36.0
-36.0
-25.0
9.0
30.0
7.0
-33.0
-11.0
14.0
-10.0
-4.0
0.0
6.0
-15.0
-9.0
0.0
0.0
-18.0
2.0
-23.0
3.0
4.0
8.0
-4.0
-10.0
-19.0
-23.0
-13.0
-3.0
-15.0
-2.0
3.0
2.0
8.0
-4.0
-9.0
0.0
-16.0
-9.0
0.0
-2.0
-4.0
-14.0
-11.0
31.0
17.0
14.0
2.0
12.0
35.0
24.0
26.0
-4.0
-4.0
-13.0
9.0
-5.0
-8.0
-27.0
-25.0
-46.0
-51.0
-23.0
-3.0
-48.0
-19.0
-34.0
-15.0
-28.0
-14.0
-2.0
-1.0
-3.0
7.0
-4.0
2.0
0.0
-16.0
4.0
13.0
0.0
2.0
5.0
-32.0
-14.0
1.0
16.0
6.0
-20.0
-3.0
4.0
9.0
32.0
17.0
1.0
-26.0
-44.0
-9.0
-19.0
-11.0
-9.0
-11.0
4.0
-7.0
13.0
39.0
17.0
17.0
28.0
28.0
27.0
30.0
8.0
-8.0
5.0
-17.0
-38.0
-21.0
-17.0
-18.0
-31.0
-27.0
-25.0
-8.0
-34.0
-34.0
-16.0
-13.0
-37.0
-13.0
-14.0
-24.0
-55.0
-17.0
-8.0
24.0
-2.0
60.0
68.0
71.0
34.0
29.0
70.0
2.0
-22.0
-45.0
-25.0
-53.0
-44.0
-21.0
-14.0
-19.0
-32.0
-41.0
-6.0
-11.0
-29.0
-15.0
-67.0
-16.0
-28.0
-24.0
-13.0
-32.0
-27.0
-43.0
-9.0
-17.0
-7.0
-11.0
-14.0
-17.0
6.0
9.0
-28.0
12.0
11.0
18.0
10.0
24.0
-2.0
2.0
8.0
9.0
-4.0
-8.0
-37.0
14.0
13.0
4.0
28.0
26.0
-9.0
8.0
24.0
2.0
5.0
-6.0
-37.0
4.0
7.0
6.0
-15.0
0.0
-18.0
-10.0
-7.0
9.0
12.0
-7.0
14.0
14.0
-3.0
-5.0
-25.0
4.0
4.0
15.0
-15.0
-18.0
-1.0
3.0
-26.0
-10.0
-10.0
9.0
-24.0
16.0
16.0
-2.0
-26.0
-25.0
-24.0
23.0
-14.0
14.0
-21.0
6.0
-2.0
-8.0
2.0
5.0
-11.0
-16.0
4.0
-8.0
-29.0
-37.0
-12.0
-1.0
-9.0
-8.0
1.0
20.0
4.0
1.0
9.0
11.0
11.0
-12.0
3.0
7.0
-3.0
-15.0
-26.0
-16.0
-17.0
4.0
-11.0
19.0
23.0
29.0
10.0
1.0
-5.0
7.0
2.0
-11.0
-15.0
0.0
0.0
-4.0
-8.0
-4.0
7.0
19.0
-5.0
-13.0
-4.0
-3.0
-10.0
-12.0
-20.0
-2.0
7.0
-9.0
-21.0
-21.0
-9.0
-13.0
-26.0
-25.0
-24.0
-43.0
-24.0
-2.0
0.0
-7.0
-11.0
15.0
4.0
3.0
-2.0
24.0
24.0
14.0
-6.0
3.0
-17.0
-13.0
-9.0
-5.0
18.0
1.0
-9.0
-32.0
-17.0
-11.0
-2.0
-32.0
-14.0
-15.0
-33.0
-8.0
-9.0
-5.0
-1.0
36.0
24.0
32.0
36.0
39.0
-9.0
-21.0
-31.0
-19.0
-14.0
-2.0
-5.0
-4.0
3.0
3.0
-7.0
-16.0
0.0
15.0
15.0
-7.0
-6.0
1.0
9.0
9.0
-24.0
-5.0
-10.0
12.0
13.0
4.0
32.0
-15.0
-5.0
-8.0
-31.0
-10.0
25.0
16.0
-5.0
6.0
-16.0
-26.0
6.0
7.0
13.0
-16.0
-26.0
7.0
-17.0
-28.0
-7.0
-13.0
19.0
18.0
-3.0
40.0
46.0
34.0
10.0
12.0
12.0
-4.0
0.0
1.0
-10.0
-22.0
-23.0
-50.0
-48.0
-20.0
-33.0
-45.0
-14.0
-13.0
30.0
-4.0
-12.0
6.0
-12.0
-19.0
-36.0
-36.0
-20.0
-29.0
2.0
-27.0
-29.0
-30.0
-16.0
-16.0
-12.0
-1.0
-1.0
1.0
9.0
-9.0
-6.0
-11.0
-17.0
28.0
43.0
39.0
38.0
39.0
12.0
12.0
-12.0
-28.0
-86.0
-70.0
-69.0
-56.0
-56.0
-56.0
-29.0
-29.0
-13.0
-22.0
-5.0
-22.0
-15.0
-1.0
-14.0
-16.0
11.0
24.0
43.0
37.0
30.0
23.0
-2.0
-17.0
-4.0
-3.0
-11.0
-17.0
-6.0
-12.0
-15.0
-5.0
4.0
-21.0
-57.0
-65.0
-52.0
-18.0
-15.0
-21.0
-11.0
-1.0
28.0
29.0
13.0
14.0
-3.0
-9.0
-34.0
-45.0
-3.0
20.0
38.0
53.0
14.0
14.0
8.0
0.0
-7.0
6.0
18.0
-3.0
6.0
27.0
33.0
32.0
28.0
37.0
39.0
19.0
18.0
46.0
24.0
10.0
23.0
22.0
-2.0
-4.0
-13.0
-25.0
-7.0
4.0
6.0
-9.0
-2.0
-4.0
-40.0
-46.0
-21.0
-4.0
12.0
-23.0
-7.0
-28.0
-39.0
-40.0
-37.0
-39.0
-2.0
-30.0
-44.0
-11.0
15.0
28.0
17.0
23.0
6.0
1.0
-33.0
-37.0
-6.0
17.0
12.0
11.0
-23.0
-22.0
-65.0
-57.0
0.0
46.0
-15.0
-29.0
-16.0
9.0
26.0
25.0
13.0
36.0
37.0
14.0
-5.0
-16.0
-7.0
-14.0
1.0
10.0
14.0
-10.0
5.0
3.0
9.0
23.0
19.0
33.0
36.0
33.0
30.0
19.0
48.0
1.0
-32.0
-11.0
-8.0
-15.0
12.0
11.0
-34.0
-41.0
-50.0
-39.0
-30.0
-35.0
-15.0
-24.0
-17.0
-17.0
1.0
-15.0
-7.0
5.0
13.0
-11.0
-7.0
-21.0
-11.0
-17.0
-6.0
4.0
23.0
8.0
-12.0
-18.0
-37.0
-22.0
0.0
2.0
2.0
0.0
10.0
-4.0
12.0
6.0
7.0
-1.0
12.0
3.0
-8.0
-17.0
-47.0
-35.0
-8.0
20.0
8.0
8.0
31.0
34.0
29.0
12.0
-12.0
-7.0
-20.0
-3.0
-14.0
-5.0
-3.0
-2.0
4.0
10.0
2.0
-9.0
-7.0
-66.0
-33.0
-3.0
7.0
6.0
-6.0
-6.0
-1.0
13.0
5.0
22.0
15.0
-19.0
-33.0
-34.0
-22.0
-1.0
-31.0
-6.0
27.0
-5.0
-7.0
2.0
0.0
0.0
-15.0
-3.0
-2.0
-2.0
22.0
17.0
18.0
30.0
21.0
19.0
-1.0
-57.0
-12.0
-3.0
-24.0
-2.0
-25.0
-7.0
20.0
18.0
-13.0
-19.0
-19.0
-5.0
0.0
-11.0
-14.0
0.0
-13.0
-12.0
-12.0
4.0
10.0
-4.0
-5.0
12.0
4.0
-19.0
4.0
8.0
-22.0
-52.0
-13.0
2.0
0.0
28.0
46.0
25.0
39.0
33.0
53.0
31.0
-9.0
-12.0
-22.0
-36.0
-9.0
-29.0
-8.0
-3.0
-11.0
-2.0
-13.0
-26.0
-29.0
-11.0
-25.0
0.0
-6.0
-11.0
-17.0
0.0
-5.0
-10.0
-9.0
-22.0
0.0
8.0
25.0
25.0
19.0
2.0
26.0
13.0
-5.0
-4.0
-21.0
-31.0
-41.0
-35.0
-21.0
13.0
-11.0
9.0
-10.0
-11.0
16.0
3.0
17.0
16.0
6.0
2.0
9.0
9.0
-5.0
-20.0
6.0
12.0
-10.0
-9.0
2.0
-2.0
-33.0
-30.0
-42.0
-51.0
-3.0
1.0
-22.0
-22.0
-6.0
20.0
-1.0
-2.0
18.0
-6.0
14.0
9.0
5.0
1.0
-24.0
-13.0
-22.0
-9.0
-9.0
-12.0
-14.0
-14.0
11.0
12.0
36.0
21.0
-11.0
-9.0
-11.0
13.0
-6.0
-26.0
-18.0
-22.0
-40.0
-16.0
7.0
4.0
-5.0
24.0
23.0
-2.0
-3.0
-2.0
7.0
24.0
2.0
10.0
4.0
18.0
0.0
-22.0
12.0
10.0
-22.0
-48.0
12.0
-1.0
26.0
13.0
9.0
1.0
-6.0
-7.0
-2.0
-4.0
-13.0
-18.0
3.0
-9.0
-3.0
-13.0
-31.0
-35.0
-9.0
-22.0
-29.0
-17.0
-34.0
-40.0
-23.0
-26.0
-3.0
4.0
2.0
-20.0
-11.0
2.0
36.0
35.0
7.0
-23.0
-19.0
-14.0
5.0
2.0
-6.0
-10.0
-3.0
-14.0
-7.0
-16.0
-7.0
-6.0
-17.0
-10.0
8.0
-1.0
18.0
4.0
-17.0
-20.0
-18.0
-23.0
-27.0
-5.0
2.0
-1.0
13.0
-16.0
-7.0
2.0
17.0
13.0
-2.0
-11.0
-18.0
7.0
-7.0
6.0
1.0
-21.0
-15.0
-19.0
-21.0
-30.0
-15.0
20.0
-20.0
-8.0
6.0
17.0
-2.0
-5.0
-11.0
-9.0
4.0
5.0
-26.0
-14.0
-5.0
8.0
-9.0
-9.0
-2.0
6.0
-1.0
13.0
-15.0
-6.0
3.0
-16.0
8.0
6.0
6.0
-10.0
7.0
-29.0
14.0
-9.0
-5.0
-4.0
-14.0
-11.0
-32.0
-21.0
-17.0
-21.0
4.0
-8.0
-2.0
32.0
5.0
6.0
2.0
-18.0
7.0
7.0
-3.0
0.0
6.0
-17.0
-12.0
-14.0
-31.0
-9.0
-1.0
-20.0
-27.0
-18.0
-15.0
3.0
-1.0
-3.0
-4.0
-9.0
-29.0
-3.0
-4.0
3.0
6.0
-25.0
3.0
8.0
2.0
19.0
-13.0
-33.0
-8.0
-15.0
-9.0
-19.0
3.0
6.0
15.0
-4.0
-52.0
-20.0
-26.0
-10.0
5.0
33.0
37.0
36.0
10.0
-7.0
-7.0
-13.0
-15.0
-32.0
-21.0
-17.0
-28.0
-25.0
-17.0
6.0
-6.0
5.0
-12.0
-23.0
-15.0
-16.0
-16.0
-17.0
-6.0
-6.0
-30.0
-18.0
32.0
21.0
30.0
5.0
4.0
3.0
15.0
8.0
13.0
-2.0
-2.0
-1.0
-15.0
-24.0
-31.0
-34.0
-52.0
-33.0
-9.0
-16.0
34.0
-1.0
9.0
2.0
-17.0
-18.0
-2.0
-5.0
-5.0
20.0
33.0
31.0
13.0
36.0
22.0
32.0
39.0
51.0
16.0
21.0
15.0
9.0
5.0
-16.0
-36.0
-37.0
-52.0
-53.0
-53.0
-33.0
-31.0
-35.0
-37.0
-43.0
-55.0
-56.0
-54.0
-25.0
-13.0
-1.0
4.0
12.0
32.0
46.0
17.0
24.0
20.0
29.0
7.0
1.0
4.0
-3.0
-24.0
-22.0
-10.0
-14.0
-4.0
-2.0
12.0
15.0
28.0
33.0
24.0
19.0
17.0
14.0
-5.0
-14.0
-30.0
-11.0
-3.0
-12.0
-10.0
-24.0
-13.0
-11.0
-23.0
-10.0
-25.0
-42.0
-70.0
-44.0
-27.0
9.0
-9.0
-13.0
-2.0
-28.0
-2.0
-2.0
15.0
1.0
5.0
-15.0
-24.0
-24.0
-23.0
-6.0
38.0
15.0
-2.0
-5.0
13.0
17.0
-13.0
-15.0
-12.0
4.0
-1.0
18.0
-24.0
-30.0
-20.0
7.0
0.0
3.0
40.0
22.0
38.0
42.0
44.0
47.0
41.0
54.0
45.0
44.0
6.0
6.0
0.0
-49.0
-38.0
-72.0
-47.0
-35.0
-39.0
-41.0
-58.0
-40.0
-16.0
-20.0
-27.0
-49.0
-29.0
-36.0
-36.0
-32.0
-5.0
-15.0
-31.0
-22.0
-20.0
-4.0
12.0
11.0
-11.0
-12.0
-18.0
-1.0
-2.0
-10.0
-18.0
0.0
2.0
17.0
8.0
7.0
11.0
-3.0
4.0
10.0
-9.0
-25.0
-19.0
-8.0
-3.0
0.0
-30.0
3.0
22.0
7.0
-4.0
15.0
2.0
-3.0
8.0
9.0
3.0
-1.0
-22.0
-30.0
-9.0
13.0
-5.0
15.0
-12.0
-10.0
-11.0
17.0
14.0
-21.0
7.0
23.0
-1.0
-13.0
-19.0
-19.0
1.0
2.0
14.0
-2.0
-28.0
-20.0
-11.0
-28.0
-28.0
-33.0
-11.0
2.0
20.0
1.0
-3.0
18.0
15.0
12.0
4.0
-2.0
22.0
18.0
22.0
3.0
-9.0
-5.0
-8.0
-20.0
-25.0
-21.0
-31.0
-23.0
-10.0
-13.0
3.0
-11.0
-13.0
7.0
-13.0
-13.0
6.0
-12.0
-15.0
-37.0
3.0
15.0
-5.0
22.0
8.0
6.0
28.0
33.0
22.0
29.0
36.0
38.0
33.0
29.0
20.0
17.0
-1.0
-51.0
-90.0
-24.0
-10.0
-6.0
-21.0
-36.0
-8.0
-8.0
-30.0
-6.0
-33.0
-41.0
-20.0
-6.0
-30.0
-13.0
-23.0
-19.0
-51.0
-38.0
-5.0
-16.0
5.0
9.0
14.0
-23.0
2.0
3.0
19.0
1.0
-9.0
20.0
12.0
0.0
-2.0
7.0
-6.0
-7.0
7.0
-1.0
3.0
5.0
6.0
-24.0
11.0
-16.0
-13.0
-6.0
0.0
-6.0
27.0
-11.0
-30.0
-54.0
-25.0
25.0
9.0
7.0
-12.0
2.0
9.0
9.0
-3.0
-12.0
-6.0
16.0
-8.0
-6.0
1.0
-13.0
-19.0
-6.0
-14.0
-7.0
7.0
10.0
15.0
9.0
-10.0
-16.0
-18.0
12.0
-3.0
-12.0
5.0
-25.0
6.0
6.0
6.0
-13.0
-9.0
-8.0
-13.0
26.0
13.0
13.0
1.0
4.0
7.0
-5.0
-5.0
-13.0
-6.0
13.0
1.0
-3.0
2.0
3.0
1.0
8.0
-33.0
-18.0
-24.0
-12.0
3.0
6.0
-11.0
-13.0
8.0
10.0
-4.0
-31.0
4.0
-2.0
2.0
13.0
-12.0
-13.0
-45.0
-33.0
-16.0
0.0
11.0
15.0
16.0
11.0
-6.0
-13.0
-22.0
-23.0
-2.0
8.0
-7.0
-3.0
4.0
8.0
11.0
8.0
-16.0
13.0
-9.0
-23.0
-17.0
-11.0
2.0
-5.0
-2.0
2.0
-3.0
2.0
-22.0
2.0
3.0
29.0
-3.0
22.0
21.0
16.0
22.0
3.0
-3.0
8.0
0.0
-10.0
-4.0
9.0
10.0
9.0
-1.0
-44.0
-29.0
-21.0
-21.0
-29.0
6.0
-51.0
0.0
-2.0
7.0
-3.0
-9.0
5.0
-2.0
24.0
10.0
-17.0
-36.0
-37.0
-52.0
-37.0
-12.0
14.0
30.0
22.0
6.0
8.0
-3.0
-1.0
-17.0
-17.0
-18.0
-12.0
-3.0
-23.0
-20.0
-13.0
-15.0
-13.0
7.0
13.0
8.0
7.0
-4.0
7.0
17.0
19.0
2.0
1.0
8.0
-10.0
-6.0
-21.0
0.0
7.0
-19.0
-7.0
-20.0
-20.0
-5.0
3.0
-16.0
-14.0
-4.0
14.0
-1.0
-30.0
6.0
7.0
-9.0
19.0
2.0
-12.0
-28.0
-20.0
4.0
-16.0
-2.0
-7.0
-8.0
-16.0
-25.0
-17.0
-23.0
-13.0
31.0
-7.0
-5.0
-11.0
15.0
1.0
4.0
10.0
4.0
-9.0
-6.0
-29.0
-19.0
-15.0
1.0
3.0
-9.0
-18.0
-10.0
-7.0
-2.0
21.0
33.0
31.0
22.0
-2.0
-27.0
5.0
7.0
1.0
-12.0
-25.0
2.0
3.0
-20.0
6.0
4.0
4.0
-9.0
-28.0
-33.0
3.0
3.0
-4.0
-22.0
-38.0
-25.0
-3.0
-9.0
4.0
9.0
36.0
-2.0
-6.0
-3.0
-3.0
-9.0
-4.0
-12.0
-21.0
5.0
15.0
18.0
17.0
44.0
21.0
16.0
9.0
2.0
2.0
15.0
-4.0
-4.0
0.0
-20.0
-8.0
-7.0
-68.0
-14.0
-20.0
0.0
-5.0
-17.0
-20.0
-9.0
-20.0
-24.0
-29.0
4.0
-28.0
-22.0
1.0
-2.0
1.0
-7.0
4.0
-6.0
-15.0
-16.0
-25.0
-10.0
-23.0
-10.0
-13.0
-3.0
-27.0
-22.0
-11.0
-21.0
-15.0
-19.0
9.0
-34.0
-33.0
-5.0
15.0
22.0
20.0
-2.0
19.0
11.0
6.0
-18.0
-22.0
-44.0
15.0
5.0
-8.0
-17.0
-3.0
13.0
19.0
17.0
14.0
6.0
11.0
10.0
14.0
7.0
-9.0
-24.0
3.0
25.0
27.0
6.0
-6.0
-24.0
-24.0
-21.0
-15.0
-10.0
-16.0
-22.0
-26.0
3.0
17.0
-5.0
-20.0
-11.0
-14.0
-31.0
5.0
13.0
10.0
7.0
4.0
-2.0
14.0
-4.0
-23.0
2.0
2.0
11.0
7.0
-7.0
-18.0
-16.0
-13.0
0.0
-18.0
14.0
-5.0
-15.0
-13.0
-25.0
-30.0
-30.0
-23.0
14.0
3.0
28.0
2.0
-14.0
-17.0
-23.0
7.0
-2.0
-17.0
4.0
-8.0
-7.0
22.0
15.0
19.0
11.0
0.0
-4.0
-14.0
-7.0
6.0
-24.0
-4.0
18.0
15.0
2.0
-17.0
-28.0
-16.0
2.0
-1.0
-31.0
-10.0
3.0
9.0
5.0
12.0
1.0
3.0
-6.0
-3.0
-15.0
5.0
-17.0
-16.0
-34.0
-3.0
-21.0
-2.0
-11.0
-3.0
2.0
-12.0
20.0
21.0
0.0
-37.0
-33.0
-39.0
15.0
5.0
1.0
1.0
6.0
3.0
1.0
6.0
-14.0
-35.0
-23.0
-16.0
3.0
30.0
19.0
21.0
-12.0
-9.0
-9.0
-8.0
-10.0
-18.0
-3.0
-16.0
-2.0
-2.0
6.0
11.0
-11.0
15.0
-29.0
9.0
-19.0
9.0
12.0
10.0
21.0
25.0
-15.0
-16.0
-20.0
-14.0
-8.0
-5.0
-15.0
-13.0
1.0
35.0
10.0
-6.0
-33.0
-34.0
-22.0
-7.0
16.0
16.0
6.0
-7.0
-28.0
-13.0
-12.0
-37.0
-7.0
13.0
27.0
24.0
15.0
17.0
-18.0
-3.0
4.0
18.0
35.0
30.0
19.0
22.0
23.0
29.0
34.0
15.0
-23.0
-21.0
-52.0
-13.0
-4.0
-7.0
-16.0
-19.0
-46.0
-32.0
-47.0
-21.0
-13.0
-4.0
-16.0
-15.0
-28.0
-19.0
-24.0
-35.0
-26.0
-20.0
-6.0
2.0
-26.0
-22.0
-30.0
-11.0
-8.0
10.0
-1.0
2.0
18.0
6.0
10.0
13.0
23.0
-4.0
15.0
-8.0
1.0
5.0
5.0
-10.0
-13.0
-10.0
-16.0
-24.0
7.0
-1.0
10.0
-2.0
-9.0
-33.0
1.0
1.0
0.0
-4.0
-6.0
10.0
16.0
-4.0
-20.0
-27.0
-8.0
-11.0
-5.0
-7.0
-3.0
0.0
5.0
3.0
2.0
22.0
24.0
26.0
11.0
9.0
6.0
4.0
19.0
-14.0
-4.0
4.0
-6.0
-8.0
3.0
-11.0
-3.0
-15.0
7.0
-10.0
19.0
-6.0
-1.0
1.0
-9.0
-2.0
-24.0
-22.0
-31.0
-26.0
-22.0
-19.0
-20.0
-20.0
-18.0
3.0
8.0
-1.0
-22.0
-22.0
6.0
17.0
21.0
22.0
6.0
3.0
-8.0
21.0
14.0
9.0
-12.0
-11.0
-35.0
-40.0
-16.0
-5.0
1.0
29.0
11.0
-6.0
-10.0
-12.0
9.0
14.0
-15.0
-37.0
-26.0
3.0
16.0
27.0
-2.0
12.0
5.0
2.0
4.0
20.0
3.0
-13.0
-2.0
-3.0
-3.0
-9.0
-6.0
-2.0
-18.0
-23.0
3.0
4.0
-12.0
-8.0
-13.0
-20.0
-3.0
-5.0
0.0
13.0
-7.0
-12.0
-20.0
-11.0
4.0
3.0
-15.0
-13.0
2.0
0.0
11.0
-10.0
-37.0
-8.0
-12.0
-4.0
-2.0
2.0
12.0
-14.0
-7.0
-13.0
3.0
-13.0
-22.0
5.0
4.0
1.0
-12.0
-20.0
-44.0
15.0
-14.0
4.0
3.0
1.0
19.0
17.0
14.0
-9.0
-12.0
-20.0
-20.0
-8.0
-10.0
-48.0
-8.0
-4.0
-2.0
4.0
15.0
1.0
10.0
4.0
-2.0
1.0
7.0
9.0
0.0
-24.0
3.0
-8.0
8.0
2.0
10.0
2.0
-6.0
-2.0
-19.0
6.0
-13.0
-2.0
-18.0
7.0
-6.0
-21.0
-4.0
-4.0
1.0
4.0
20.0
6.0
38.0
43.0
30.0
30.0
36.0
39.0
31.0
45.0
8.0
21.0
-4.0
-15.0
-40.0
-51.0
-55.0
-46.0
-26.0
-25.0
-17.0
-43.0
-29.0
-19.0
-25.0
-23.0
-31.0
-34.0
-39.0
-22.0
-24.0
-1.0
28.0
24.0
32.0
15.0
-7.0
-5.0
-42.0
-66.0
-31.0
-17.0
-14.0
-20.0
-2.0
0.0
10.0
7.0
-8.0
-60.0
-24.0
-15.0
14.0
15.0
-20.0
-51.0
-12.0
-12.0
-7.0
-23.0
-17.0
-4.0
11.0
-6.0
-20.0
-21.0
-29.0
-30.0
-3.0
-3.0
23.0
15.0
-18.0
-13.0
-10.0
27.0
33.0
22.0
18.0
15.0
-12.0
3.0
6.0
26.0
29.0
1.0
-13.0
-12.0
-22.0
25.0
-12.0
-1.0
-5.0
8.0
20.0
28.0
20.0
24.0
1.0
18.0
6.0
-54.0
-50.0
-24.0
-22.0
-11.0
-6.0
-3.0
-6.0
9.0
-30.0
-23.0
-3.0
-16.0
-2.0
-19.0
-26.0
-31.0
-27.0
-6.0
2.0
-1.0
12.0
1.0
0.0
2.0
-20.0
-20.0
0.0
0.0
8.0
-1.0
-2.0
-5.0
-14.0
-30.0
6.0
2.0
-2.0
4.0
-2.0
2.0
9.0
1.0
4.0
28.0
-5.0
-6.0
-16.0
-26.0
-20.0
-25.0
21.0
12.0
7.0
-6.0
-9.0
-13.0
1.0
22.0
4.0
5.0
3.0
-24.0
-14.0
-5.0
5.0
3.0
-16.0
-8.0
-4.0
11.0
16.0
-4.0
-9.0
-8.0
-6.0
-7.0
-19.0
-28.0
-7.0
-5.0
-24.0
-21.0
-4.0
5.0
-9.0
-10.0
26.0
23.0
15.0
-26.0
-13.0
10.0
18.0
13.0
-19.0
-25.0
-21.0
-12.0
-7.0
-34.0
-28.0
-16.0
2.0
-7.0
-12.0
-9.0
-34.0
18.0
-46.0
-26.0
-2.0
22.0
14.0
12.0
16.0
23.0
28.0
8.0
20.0
28.0
2.0
13.0
5.0
2.0
-2.0
-6.0
13.0
-11.0
-7.0
-21.0
11.0
-21.0
-18.0
-17.0
-15.0
-20.0
-30.0
-12.0
-8.0
-3.0
19.0
33.0
6.0
30.0
-11.0
-10.0
-23.0
-16.0
-28.0
-22.0
-32.0
-32.0
-43.0
-25.0
-19.0
-18.0
-57.0
-17.0
13.0
32.0
2.0
18.0
48.0
9.0
-2.0
-1.0
32.0
31.0
0.0
8.0
14.0
-3.0
-7.0
-12.0
-2.0
-4.0
-21.0
-2.0
-13.0
-8.0
-24.0
-7.0
-11.0
3.0
-26.0
-26.0
3.0
-11.0
-19.0
-16.0
-28.0
-44.0
-34.0
-19.0
-5.0
-12.0
-1.0
-19.0
3.0
-5.0
-15.0
-28.0
-23.0
-10.0
20.0
21.0
17.0
24.0
26.0
-7.0
-8.0
24.0
17.0
27.0
32.0
25.0
11.0
-13.0
-24.0
-14.0
-6.0
-11.0
-17.0
-11.0
-9.0
-11.0
-8.0
-6.0
-29.0
-33.0
-13.0
-21.0
8.0
5.0
-19.0
-24.0
-17.0
-14.0
-3.0
-14.0
-14.0
66.0
62.0
43.0
59.0
65.0
50.0
33.0
12.0
-3.0
-1.0
-17.0
3.0
-23.0
-40.0
-40.0
-50.0
-37.0
-51.0
-35.0
-32.0
-20.0
-37.0
-14.0
-26.0
-22.0
2.0
-14.0
-21.0
-13.0
5.0
-23.0
-9.0
-39.0
-27.0
-28.0
-13.0
6.0
-9.0
-29.0
-22.0
1.0
38.0
24.0
26.0
22.0
-1.0
5.0
9.0
-17.0
12.0
15.0
-11.0
2.0
-7.0
-8.0
2.0
7.0
16.0
15.0
-1.0
8.0
-2.0
-16.0
-31.0
-26.0
-48.0
-24.0
-14.0
-15.0
-15.0
-8.0
18.0
5.0
-6.0
-3.0
26.0
7.0
11.0
-3.0
3.0
13.0
14.0
-3.0
2.0
9.0
-12.0
1.0
4.0
7.0
9.0
-22.0
-24.0
-4.0
7.0
4.0
-1.0
-26.0
-28.0
-11.0
11.0
11.0
21.0
28.0
40.0
38.0
34.0
62.0
41.0
39.0
47.0
39.0
10.0
18.0
1.0
-1.0
1.0
-24.0
-25.0
-35.0
-61.0
-24.0
-50.0
-63.0
-26.0
-30.0
-22.0
-20.0
-5.0
-36.0
-46.0
-9.0
-10.0
-11.0
-7.0
-15.0
-17.0
7.0
4.0
-17.0
-12.0
-21.0
-24.0
-23.0
-38.0
-41.0
-41.0
-37.0
-24.0
-25.0
-13.0
0.0
-2.0
-20.0
-3.0
-5.0
3.0
14.0
-8.0
-13.0
5.0
0.0
35.0
8.0
-3.0
-4.0
-5.0
-2.0
2.0
8.0
8.0
5.0
9.0
3.0
7.0
0.0
0.0
13.0
-4.0
-11.0
-15.0
-1.0
-10.0
-10.0
7.0
7.0
-2.0
3.0
18.0
8.0
-2.0
6.0
14.0
-4.0
-9.0
-10.0
-3.0
-16.0
4.0
10.0
29.0
3.0
-7.0
-18.0
-25.0
-23.0
-10.0
-13.0
-18.0
-12.0
-10.0
7.0
10.0
-6.0
-11.0
-17.0
-14.0
6.0
0.0
-22.0
-50.0
-13.0
14.0
37.0
-4.0
0.0
-33.0
-1.0
15.0
-11.0
-16.0
0.0
-11.0
18.0
17.0
12.0
-5.0
-24.0
-12.0
28.0
11.0
-3.0
-2.0
-28.0
-26.0
-27.0
-17.0
5.0
22.0
30.0
12.0
-8.0
-24.0
0.0
3.0
-4.0
-10.0
-10.0
10.0
19.0
22.0
7.0
-12.0
-20.0
-23.0
-26.0
-24.0
-21.0
-39.0
-17.0
-15.0
4.0
-11.0
17.0
0.0
-1.0
1.0
-29.0
-16.0
18.0
24.0
8.0
4.0
-17.0
-22.0
-25.0
1.0
-5.0
2.0
0.0
-14.0
-33.0
-11.0
-3.0
-4.0
-4.0
8.0
-6.0
4.0
1.0
-1.0
-11.0
-15.0
-19.0
-18.0
-21.0
-6.0
29.0
7.0
6.0
3.0
-27.0
-37.0
-14.0
-15.0
-12.0
20.0
25.0
20.0
1.0
10.0
-25.0
-21.0
1.0
-1.0
-9.0
-5.0
-17.0
-21.0
-21.0
9.0
-13.0
3.0
12.0
17.0
17.0
6.0
-1.0
-11.0
-23.0
-18.0
1.0
9.0
10.0
-12.0
-6.0
9.0
-3.0
13.0
-2.0
-5.0
-25.0
7.0
-7.0
-18.0
-15.0
-38.0
-2.0
-14.0
-15.0
-20.0
-5.0
4.0
-17.0
-10.0
-12.0
14.0
11.0
16.0
-2.0
-21.0
-28.0
-3.0
-13.0
-8.0
-8.0
2.0
-1.0
-1.0
8.0
-11.0
-7.0
5.0
9.0
-4.0
-2.0
-10.0
-13.0
-29.0
-8.0
-18.0
-7.0
-9.0
5.0
19.0
16.0
1.0
-24.0
-44.0
-71.0
1.0
34.0
25.0
13.0
18.0
25.0
29.0
17.0
8.0
-39.0
4.0
-25.0
3.0
7.0
26.0
27.0
-21.0
-18.0
1.0
-13.0
-14.0
-5.0
11.0
-11.0
-21.0
-26.0
-20.0
2.0
14.0
20.0
30.0
15.0
45.0
41.0
57.0
52.0
33.0
48.0
47.0
19.0
-22.0
-26.0
-3.0
3.0
-12.0
-10.0
-25.0
-33.0
-28.0
-39.0
-23.0
-26.0
-45.0
-20.0
-36.0
-36.0
-23.0
-21.0
-59.0
-60.0
-80.0
-44.0
-19.0
-16.0
-1.0
-2.0
-22.0
-11.0
-14.0
42.0
26.0
10.0
11.0
17.0
5.0
6.0
21.0
7.0
15.0
-16.0
-9.0
-17.0
16.0
25.0
-7.0
-7.0
-17.0
-36.0
1.0
-13.0
-2.0
-13.0
4.0
-17.0
13.0
15.0
8.0
14.0
-5.0
-12.0
-20.0
1.0
-2.0
-4.0
-4.0
1.0
-7.0
-7.0
2.0
-16.0
-16.0
6.0
40.0
45.0
4.0
10.0
14.0
47.0
22.0
-15.0
-18.0
10.0
7.0
-16.0
-23.0
-24.0
-3.0
-37.0
-17.0
-21.0
-8.0
-24.0
-48.0
-18.0
-11.0
-11.0
-32.0
-24.0
-2.0
-9.0
-11.0
-6.0
-4.0
38.0
-1.0
-1.0
14.0
6.0
-25.0
-10.0
8.0
23.0
10.0
34.0
17.0
21.0
34.0
29.0
-8.0
-28.0
0.0
1.0
-19.0
-28.0
-18.0
-15.0
-41.0
-20.0
-40.0
-31.0
-31.0
-30.0
-42.0
-25.0
-30.0
-30.0
-31.0
-5.0
-6.0
-26.0
-18.0
-11.0
8.0
-7.0
-16.0
-20.0
-9.0
3.0
-1.0
11.0
5.0
1.0
-3.0
8.0
3.0
-2.0
38.0
21.0
-1.0
-4.0
-27.0
-10.0
-21.0
-7.0
13.0
15.0
4.0
-22.0
-5.0
-21.0
-9.0
6.0
4.0
-12.0
9.0
10.0
44.0
80.0
64.0
54.0
40.0
51.0
27.0
16.0
7.0
3.0
-9.0
-40.0
-55.0
-72.0
-38.0
-20.0
-15.0
-10.0
-28.0
-28.0
-34.0
-31.0
-22.0
-25.0
-21.0
-29.0
-10.0
-44.0
-63.0
-63.0
-72.0
-63.0
-34.0
-17.0
-5.0
7.0
3.0
10.0
-3.0
0.0
-16.0
-1.0
2.0
19.0
18.0
0.0
-17.0
6.0
14.0
15.0
-27.0
-36.0
0.0
-10.0
5.0
29.0
25.0
39.0
31.0
29.0
24.0
32.0
40.0
-1.0
-31.0
-42.0
-4.0
15.0
13.0
6.0
5.0
-1.0
-5.0
-25.0
-31.0
-42.0
-13.0
3.0
4.0
11.0
11.0
-1.0
-18.0
-15.0
-41.0
-27.0
1.0
3.0
6.0
11.0
27.0
10.0
28.0
28.0
12.0
22.0
23.0
-2.0
-9.0
-13.0
-10.0
-1.0
-14.0
-15.0
-32.0
-33.0
-16.0
-18.0
-22.0
-24.0
-26.0
-20.0
-6.0
-39.0
-10.0
-20.0
-39.0
-8.0
-7.0
-8.0
7.0
-16.0
-10.0
8.0
-4.0
6.0
3.0
-17.0
8.0
8.0
8.0
13.0
43.0
42.0
46.0
62.0
61.0
30.0
34.0
34.0
20.0
-7.0
-41.0
-19.0
-13.0
-28.0
-10.0
-27.0
-42.0
-44.0
-40.0
-45.0
-11.0
-55.0
-61.0
-29.0
-16.0
-8.0
-6.0
-3.0
-16.0
-26.0
-14.0
-18.0
10.0
5.0
10.0
5.0
19.0
11.0
22.0
27.0
27.0
26.0
32.0
25.0
20.0
-7.0
0.0
-2.0
-19.0
-17.0
-22.0
-24.0
-26.0
-38.0
-67.0
-27.0
-14.0
-16.0
9.0
-21.0
-27.0
-13.0
-7.0
19.0
14.0
-16.0
-1.0
-2.0
-20.0
-12.0
-30.0
23.0
6.0
14.0
-6.0
-14.0
39.0
33.0
30.0
34.0
9.0
2.0
-5.0
-20.0
5.0
6.0
-1.0
-3.0
8.0
-9.0
8.0
0.0
-24.0
-26.0
-8.0
-6.0
-1.0
-5.0
-20.0
-25.0
-5.0
-5.0
2.0
-1.0
-20.0
-27.0
-28.0
-26.0
0.0
2.0
-2.0
-13.0
-7.0
-22.0
26.0
37.0
20.0
24.0
36.0
38.0
12.0
17.0
-3.0
13.0
25.0
13.0
-5.0
-5.0
-18.0
-20.0
-35.0
-38.0
-17.0
-18.0
-20.0
-44.0
-2.0
0.0
0.0
-28.0
-1.0
5.0
-1.0
-21.0
-21.0
-45.0
-7.0
-9.0
35.0
1.0
-7.0
-13.0
-16.0
7.0
18.0
-21.0
-14.0
-10.0
-6.0
1.0
-1.0
11.0
15.0
-4.0
13.0
7.0
0.0
-4.0
-26.0
-41.0
-12.0
-9.0
-16.0
-23.0
7.0
11.0
5.0
5.0
-3.0
-24.0
-1.0
1.0
-10.0
-27.0
0.0
-5.0
-15.0
-9.0
-3.0
-10.0
11.0
22.0
-1.0
-18.0
-6.0
-22.0
-9.0
-9.0
-10.0
-48.0
9.0
0.0
27.0
49.0
31.0
36.0
-6.0
-6.0
-6.0
-12.0
-20.0
8.0
-19.0
-4.0
-18.0
-8.0
-14.0
-13.0
-33.0
-27.0
-4.0
-7.0
-12.0
1.0
-10.0
7.0
-6.0
-4.0
-3.0
-6.0
1.0
9.0
-4.0
-2.0
0.0
-15.0
-20.0
-20.0
-18.0
2.0
-13.0
-19.0
-15.0
21.0
14.0
24.0
-1.0
2.0
-4.0
13.0
-25.0
-22.0
20.0
14.0
-6.0
-21.0
-17.0
-22.0
-29.0
-31.0
-20.0
-2.0
-4.0
7.0
12.0
-17.0
1.0
-1.0
3.0
21.0
-18.0
10.0
-5.0
-47.0
-33.0
12.0
-68.0
-66.0
-28.0
22.0
39.0
31.0
17.0
1.0
-6.0
-13.0
3.0
-5.0
-8.0
6.0
-11.0
-15.0
-32.0
14.0
20.0
13.0
14.0
15.0
2.0
19.0
-22.0
15.0
-2.0
-16.0
-4.0
-23.0
-2.0
-3.0
-31.0
-20.0
0.0
-1.0
5.0
-24.0
-25.0
-18.0
-3.0
-3.0
7.0
-3.0
-6.0
3.0
2.0
-5.0
8.0
6.0
-24.0
-20.0
-20.0
13.0
23.0
22.0
35.0
33.0
19.0
34.0
20.0
19.0
7.0
12.0
22.0
-2.0
1.0
-10.0
-20.0
-39.0
-30.0
-34.0
-38.0
-33.0
-43.0
-33.0
-24.0
-38.0
-36.0
-22.0
-39.0
-39.0
-24.0
-13.0
-24.0
-34.0
-37.0
-25.0
-4.0
31.0
-2.0
-7.0
18.0
-14.0
12.0
-15.0
-2.0
-9.0
-2.0
6.0
-45.0
-35.0
-8.0
-23.0
-10.0
-7.0
-3.0
-12.0
10.0
5.0
-11.0
-11.0
2.0
-13.0
-27.0
-13.0
-18.0
-14.0
-5.0
-7.0
1.0
-2.0
18.0
14.0
-5.0
5.0
0.0
2.0
28.0
-3.0
-16.0
-13.0
-1.0
15.0
-6.0
12.0
8.0
9.0
17.0
-11.0
-12.0
-5.0
-18.0
9.0
-13.0
-16.0
-14.0
-15.0
-28.0
-9.0
-19.0
-15.0
-11.0
-2.0
-12.0
-17.0
-1.0
-9.0
-8.0
-2.0
6.0
7.0
-11.0
22.0
-3.0
13.0
10.0
11.0
14.0
31.0
32.0
41.0
65.0
42.0
43.0
30.0
27.0
18.0
13.0
3.0
-34.0
-29.0
-33.0
-45.0
-36.0
-29.0
-31.0
-46.0
-29.0
-20.0
12.0
10.0
5.0
1.0
-8.0
-9.0
-29.0
8.0
14.0
-3.0
-15.0
-13.0
-4.0
-26.0
-14.0
-33.0
-20.0
-16.0
-12.0
-30.0
-13.0
-10.0
-15.0
-5.0
-1.0
-18.0
19.0
7.0
-3.0
1.0
-8.0
-5.0
16.0
2.0
-17.0
-19.0
4.0
-2.0
-26.0
-1.0
-5.0
-8.0
-3.0
-10.0
3.0
-10.0
-29.0
-51.0
-43.0
-24.0
22.0
23.0
37.0
10.0
27.0
25.0
9.0
18.0
26.0
12.0
6.0
3.0
24.0
10.0
23.0
13.0
12.0
20.0
-11.0
-6.0
-17.0
-19.0
-35.0
-48.0
-21.0
-48.0
-29.0
-40.0
-20.0
-16.0
-21.0
-21.0
-29.0
-29.0
-20.0
-17.0
9.0
9.0
12.0
18.0
24.0
19.0
28.0
26.0
27.0
-1.0
-17.0
-27.0
-7.0
-9.0
-30.0
-29.0
-14.0
-21.0
-29.0
10.0
-8.0
-18.0
-22.0
-19.0
-2.0
-7.0
-7.0
-4.0
-7.0
-34.0
0.0
-8.0
-32.0
-34.0
-20.0
-12.0
-28.0
-17.0
-17.0
-13.0
7.0
7.0
-19.0
-11.0
-31.0
-31.0
-30.0
-15.0
5.0
6.0
16.0
12.0
12.0
-20.0
-7.0
-9.0
8.0
7.0
18.0
4.0
-2.0
2.0
2.0
10.0
-12.0
-11.0
-4.0
-31.0
-19.0
-6.0
5.0
-13.0
4.0
6.0
9.0
7.0
-8.0
-15.0
-12.0
-12.0
0.0
40.0
10.0
7.0
-31.0
-26.0
-14.0
10.0
16.0
25.0
8.0
-17.0
-39.0
-16.0
1.0
-7.0
13.0
7.0
15.0
-18.0
-33.0
2.0
-6.0
-4.0
-19.0
-16.0
4.0
32.0
13.0
8.0
-13.0
-34.0
-8.0
-9.0
-35.0
-34.0
-30.0
-4.0
8.0
3.0
20.0
15.0
9.0
4.0
-5.0
-5.0
-3.0
-5.0
-19.0
-3.0
-1.0
-12.0
-24.0
-12.0
8.0
11.0
24.0
-5.0
4.0
-15.0
-31.0
6.0
0.0
-12.0
1.0
3.0
-24.0
-5.0
21.0
22.0
-1.0
-13.0
-8.0
-9.0
-16.0
-25.0
-19.0
5.0
-2.0
8.0
11.0
-3.0
-13.0
0.0
-8.0
-6.0
-4.0
-1.0
20.0
-5.0
-19.0
-27.0
8.0
-18.0
17.0
16.0
-15.0
-6.0
6.0
16.0
3.0
6.0
6.0
9.0
17.0
17.0
11.0
-22.0
-28.0
-13.0
-2.0
15.0
-2.0
-2.0
-5.0
2.0
-1.0
-22.0
-17.0
-35.0
-6.0
14.0
-36.0
1.0
0.0
-5.0
8.0
-12.0
-10.0
-16.0
-16.0
12.0
29.0
-6.0
-11.0
-9.0
-16.0
-8.0
-6.0
-4.0
3.0
-7.0
-4.0
-2.0
-5.0
-9.0
-32.0
1.0
-1.0
-18.0
-14.0
-2.0
4.0
-5.0
18.0
14.0
8.0
15.0
-7.0
-14.0
-34.0
-6.0
8.0
18.0
19.0
15.0
24.0
14.0
35.0
-7.0
38.0
22.0
-7.0
8.0
13.0
15.0
-13.0
-28.0
-28.0
-18.0
-32.0
-38.0
-47.0
-27.0
-15.0
-14.0
-3.0
-17.0
-2.0
-2.0
-30.0
-39.0
-24.0
-23.0
-22.0
-19.0
0.0
-10.0
-8.0
-14.0
-7.0
-28.0
4.0
-6.0
-9.0
-7.0
-12.0
7.0
8.0
-22.0
-10.0
-6.0
-8.0
-3.0
-27.0
-28.0
-4.0
8.0
29.0
10.0
26.0
-8.0
23.0
27.0
32.0
37.0
49.0
43.0
46.0
9.0
8.0
18.0
21.0
-20.0
-33.0
-28.0
-12.0
-22.0
-54.0
-52.0
-52.0
-46.0
-29.0
-41.0
-12.0
-13.0
-18.0
-11.0
-20.0
-34.0
-5.0
-6.0
-24.0
-6.0
-2.0
-3.0
-6.0
-11.0
-49.0
-4.0
-2.0
-16.0
-18.0
-7.0
10.0
6.0
-7.0
-11.0
-16.0
-9.0
-10.0
-18.0
-40.0
-21.0
-18.0
-21.0
-32.0
-7.0
8.0
14.0
-12.0
6.0
-11.0
13.0
-26.0
-30.0
12.0
33.0
16.0
16.0
3.0
-1.0
-27.0
-8.0
-19.0
-16.0
-2.0
-6.0
-25.0
-17.0
-13.0
9.0
3.0
-9.0
-10.0
-10.0
-17.0
0.0
-16.0
-21.0
-37.0
13.0
42.0
35.0
49.0
51.0
30.0
27.0
13.0
-6.0
-6.0
-4.0
0.0
-14.0
-24.0
-20.0
-8.0
-1.0
-4.0
-7.0
6.0
1.0
-11.0
2.0
8.0
5.0
10.0
7.0
2.0
-8.0
-27.0
-19.0
-9.0
-4.0
7.0
8.0
-1.0
4.0
-11.0
-3.0
14.0
33.0
64.0
38.0
20.0
20.0
16.0
30.0
45.0
13.0
-4.0
-25.0
-20.0
-34.0
-24.0
-24.0
-17.0
-33.0
-33.0
-37.0
-31.0
-47.0
-35.0
-40.0
-30.0
-29.0
-29.0
-13.0
-20.0
-23.0
-42.0
-21.0
-6.0
-18.0
-9.0
-4.0
-4.0
-30.0
-11.0
23.0
30.0
0.0
26.0
42.0
50.0
48.0
50.0
55.0
20.0
19.0
19.0
-2.0
-44.0
-45.0
-65.0
-65.0
-68.0
-47.0
-66.0
-61.0
-29.0
-24.0
-4.0
-22.0
1.0
-2.0
-1.0
-15.0
-10.0
-45.0
-25.0
-13.0
15.0
12.0
2.0
2.0
16.0
-2.0
21.0
24.0
21.0
31.0
-9.0
-9.0
4.0
2.0
51.0
14.0
15.0
41.0
-2.0
-14.0
-4.0
-18.0
-15.0
-15.0
-20.0
-22.0
-42.0
-54.0
-22.0
6.0
-2.0
1.0
-19.0
-24.0
-26.0
0.0
9.0
-9.0
-28.0
-9.0
1.0
11.0
-1.0
-5.0
-15.0
-6.0
-4.0
-17.0
-13.0
3.0
17.0
6.0
-8.0
-4.0
-7.0
-16.0
11.0
-2.0
28.0
11.0
17.0
9.0
9.0
9.0
-3.0
-9.0
11.0
42.0
50.0
40.0
17.0
41.0
25.0
22.0
-34.0
-8.0
31.0
-17.0
-30.0
-18.0
-18.0
-30.0
-38.0
-33.0
-79.0
-22.0
-16.0
2.0
-41.0
-35.0
-60.0
-30.0
-17.0
-10.0
-6.0
5.0
-2.0
-1.0
-22.0
-26.0
7.0
-19.0
-4.0
3.0
26.0
16.0
15.0
18.0
11.0
12.0
-10.0
-21.0
1.0
6.0
-9.0
-16.0
34.0
29.0
46.0
46.0
40.0
3.0
-9.0
-12.0
16.0
31.0
19.0
18.0
6.0
-22.0
-24.0
-28.0
-33.0
-34.0
-22.0
-10.0
-45.0
-40.0
-73.0
-108.0
-120.0
-96.0
-77.0
-79.0
-33.0
-38.0
1.0
22.0
26.0
29.0
22.0
48.0
39.0
33.0
49.0
50.0
36.0
30.0
22.0
24.0
18.0
14.0
-6.0
-2.0
4.0
-13.0
0.0
8.0
30.0
17.0
3.0
-18.0
-34.0
-34.0
-25.0
-31.0
-4.0
-9.0
-9.0
-10.0
-9.0
-9.0
-32.0
-35.0
-22.0
-21.0
12.0
-24.0
-25.0
2.0
-9.0
-13.0
27.0
27.0
14.0
17.0
-12.0
-7.0
25.0
2.0
7.0
12.0
-16.0
-11.0
-17.0
-17.0
-23.0
12.0
17.0
-10.0
-15.0
-6.0
0.0
2.0
-14.0
-9.0
-23.0
-12.0
-13.0
-18.0
-13.0
-10.0
-4.0
0.0
-6.0
-26.0
-32.0
1.0
23.0
11.0
14.0
11.0
28.0
30.0
10.0
-17.0
-27.0
-27.0
-6.0
18.0
-1.0
-10.0
-5.0
-2.0
12.0
4.0
-20.0
-23.0
-22.0
-13.0
-20.0
-1.0
-26.0
-25.0
27.0
19.0
-10.0
5.0
0.0
-11.0
-13.0
-30.0
-35.0
-35.0
10.0
-4.0
2.0
-2.0
7.0
-8.0
2.0
-17.0
-26.0
-27.0
-21.0
-1.0
-28.0
11.0
-7.0
13.0
25.0
36.0
28.0
27.0
-5.0
-11.0
-18.0
-20.0
0.0
9.0
-1.0
-4.0
5.0
1.0
-26.0
-16.0
-6.0
-7.0
-6.0
2.0
5.0
12.0
1.0
-2.0
3.0
10.0
7.0
-9.0
10.0
11.0
1.0
7.0
-8.0
-7.0
-18.0
9.0
14.0
-7.0
35.0
-14.0
8.0
-15.0
23.0
24.0
11.0
-25.0
-37.0
-25.0
9.0
5.0
-5.0
-2.0
-15.0
-11.0
-12.0
-10.0
-14.0
-40.0
-24.0
-55.0
0.0
-5.0
18.0
20.0
-7.0
10.0
-17.0
7.0
13.0
0.0
14.0
4.0
21.0
21.0
-13.0
-27.0
-15.0
-20.0
-3.0
-1.0
-6.0
-5.0
6.0
5.0
7.0
-21.0
-23.0
-27.0
-11.0
-24.0
5.0
17.0
6.0
3.0
21.0
-2.0
6.0
-6.0
-10.0
-20.0
-15.0
-30.0
-14.0
-17.0
-8.0
-14.0
-7.0
-9.0
15.0
13.0
-4.0
-7.0
5.0
7.0
22.0
13.0
7.0
-8.0
-28.0
-31.0
-19.0
-16.0
-15.0
-17.0
0.0
21.0
-3.0
12.0
3.0
4.0
7.0
-11.0
-5.0
-5.0
-26.0
-4.0
-23.0
-23.0
-18.0
-8.0
8.0
4.0
-5.0
-4.0
-15.0
-7.0
36.0
23.0
-8.0
-13.0
10.0
-1.0
-7.0
-3.0
8.0
4.0
-22.0
-43.0
-22.0
-29.0
-14.0
-4.0
10.0
13.0
17.0
-5.0
-7.0
-14.0
-18.0
-28.0
-20.0
10.0
-3.0
-10.0
4.0
-5.0
0.0
-25.0
-25.0
-16.0
-5.0
0.0
6.0
7.0
17.0
3.0
-16.0
-19.0
13.0
16.0
-3.0
-40.0
-60.0
-57.0
-20.0
-14.0
-16.0
9.0
11.0
23.0
14.0
-7.0
-15.0
-10.0
-13.0
-13.0
-18.0
13.0
-6.0
-1.0
-2.0
12.0
-3.0
-2.0
14.0
13.0
7.0
6.0
-9.0
-24.0
-18.0
27.0
54.0
52.0
49.0
52.0
18.0
3.0
13.0
7.0
-6.0
-13.0
-11.0
-15.0
-24.0
-24.0
-14.0
-18.0
-24.0
-47.0
-31.0
-6.0
-7.0
-2.0
-23.0
-28.0
-16.0
-38.0
-19.0
-12.0
9.0
3.0
-4.0
-3.0
-14.0
-17.0
-9.0
-28.0
-16.0
-28.0
-9.0
0.0
-13.0
-15.0
-33.0
-37.0
-41.0
0.0
21.0
24.0
7.0
38.0
34.0
30.0
15.0
7.0
-5.0
-2.0
2.0
-5.0
-5.0
-5.0
-12.0
-9.0
-37.0
-38.0
-50.0
-7.0
-35.0
-28.0
5.0
-2.0
-16.0
-8.0
9.0
-2.0
22.0
24.0
8.0
3.0
9.0
20.0
16.0
22.0
10.0
22.0
9.0
35.0
-1.0
-11.0
0.0
-51.0
-23.0
-24.0
11.0
-4.0
13.0
-9.0
23.0
-12.0
-35.0
-15.0
-15.0
-7.0
-14.0
-13.0
-17.0
-16.0
-52.0
-25.0
-15.0
20.0
20.0
21.0
10.0
4.0
15.0
30.0
10.0
32.0
53.0
61.0
56.0
58.0
53.0
25.0
-1.0
-25.0
-39.0
-27.0
-51.0
-56.0
-63.0
-63.0
-43.0
-55.0
-66.0
-55.0
-67.0
-46.0
-53.0
-40.0
-38.0
-41.0
-6.0
-28.0
2.0
-30.0
-2.0
0.0
-13.0
0.0
8.0
7.0
26.0
17.0
31.0
15.0
31.0
14.0
-4.0
2.0
4.0
10.0
18.0
13.0
4.0
-3.0
-5.0
4.0
-9.0
0.0
-1.0
-2.0
-9.0
-30.0
-29.0
4.0
-4.0
2.0
7.0
12.0
1.0
-6.0
-34.0
-19.0
-13.0
-3.0
-5.0
-10.0
-10.0
22.0
15.0
22.0
10.0
33.0
19.0
30.0
23.0
22.0
27.0
37.0
39.0
39.0
4.0
15.0
-11.0
-17.0
-16.0
-25.0
-21.0
-26.0
-13.0
-11.0
-25.0
-12.0
-36.0
-19.0
-34.0
-11.0
-5.0
14.0
-12.0
-12.0
19.0
29.0
-14.0
-17.0
-18.0
-40.0
-29.0
-20.0
-20.0
-23.0
-31.0
14.0
-12.0
-1.0
-1.0
-25.0
-31.0
6.0
3.0
-2.0
-22.0
6.0
8.0
-7.0
-14.0
-39.0
-11.0
-21.0
-10.0
-11.0
6.0
17.0
16.0
15.0
13.0
-13.0
-16.0
-33.0
-10.0
-6.0
6.0
-5.0
18.0
10.0
18.0
6.0
-4.0
2.0
12.0
10.0
-2.0
-13.0
9.0
20.0
-22.0
-4.0
-16.0
14.0
-14.0
-13.0
2.0
-2.0
-1.0
4.0
-8.0
-17.0
-15.0
6.0
19.0
21.0
9.0
11.0
-19.0
-14.0
-11.0
23.0
10.0
16.0
-7.0
-11.0
-1.0
2.0
18.0
17.0
2.0
-18.0
0.0
-8.0
2.0
7.0
-10.0
10.0
5.0
-2.0
-6.0
-10.0
10.0
49.0
27.0
30.0
27.0
19.0
28.0
36.0
28.0
8.0
23.0
-2.0
-19.0
-20.0
-36.0
-65.0
-50.0
-48.0
-13.0
-19.0
-16.0
7.0
-21.0
-23.0
-24.0
-9.0
-17.0
-20.0
-23.0
-46.0
-66.0
-61.0
-47.0
-42.0
-59.0
-50.0
-42.0
-52.0
-21.0
12.0
9.0
-10.0
3.0
1.0
10.0
-4.0
23.0
28.0
9.0
17.0
10.0
0.0
30.0
23.0
-2.0
2.0
-3.0
-3.0
21.0
-26.0
-22.0
-6.0
-4.0
-3.0
5.0
6.0
0.0
10.0
-4.0
7.0
-4.0
-7.0
4.0
0.0
6.0
11.0
-34.0
-9.0
-32.0
-25.0
-19.0
-7.0
3.0
8.0
1.0
4.0
-4.0
0.0
-6.0
2.0
11.0
1.0
8.0
7.0
12.0
-9.0
15.0
10.0
-9.0
-26.0
0.0
5.0
20.0
18.0
9.0
7.0
-13.0
-16.0
-19.0
-36.0
-31.0
-21.0
-18.0
-22.0
-20.0
-26.0
48.0
-4.0
21.0
50.0
48.0
48.0
46.0
49.0
31.0
-8.0
6.0
-12.0
-5.0
-1.0
-13.0
-18.0
-45.0
-45.0
-43.0
-34.0
-50.0
-31.0
-21.0
-26.0
-10.0
-21.0
-11.0
-17.0
6.0
7.0
15.0
22.0
22.0
47.0
43.0
19.0
-7.0
-4.0
-7.0
-52.0
-75.0
-58.0
-80.0
-63.0
-27.0
1.0
5.0
1.0
-4.0
-10.0
-16.0
13.0
0.0
19.0
34.0
3.0
-17.0
-17.0
-6.0
11.0
19.0
25.0
5.0
-4.0
-4.0
-4.0
-31.0
-28.0
-12.0
-17.0
-18.0
-37.0
-31.0
-27.0
-4.0
1.0
-8.0
-11.0
8.0
27.0
12.0
20.0
-8.0
-14.0
-13.0
9.0
-9.0
-13.0
-20.0
-22.0
-5.0
-2.0
2.0
-19.0
1.0
-17.0
10.0
10.0
2.0
-4.0
-10.0
-32.0
-23.0
-15.0
0.0
10.0
25.0
24.0
30.0
-6.0
-15.0
4.0
-16.0
-11.0
15.0
-6.0
6.0
11.0
-9.0
-5.0
0.0
-12.0
4.0
8.0
-3.0
-8.0
-18.0
-14.0
-18.0
-14.0
26.0
28.0
-5.0
-21.0
-31.0
-57.0
-2.0
-5.0
-9.0
20.0
28.0
30.0
16.0
10.0
6.0
20.0
38.0
39.0
60.0
39.0
27.0
19.0
2.0
-5.0
-8.0
-4.0
10.0
9.0
-7.0
-30.0
-39.0
-59.0
-40.0
-44.0
-33.0
-33.0
-38.0
-44.0
-28.0
-15.0
-17.0
-21.0
-29.0
-17.0
-18.0
14.0
11.0
5.0
9.0
1.0
-5.0
-39.0
-24.0
8.0
33.0
2.0
10.0
9.0
14.0
2.0
25.0
-13.0
-21.0
21.0
4.0
-5.0
8.0
13.0
-13.0
6.0
-19.0
-36.0
-8.0
-2.0
4.0
-19.0
-15.0
-14.0
-22.0
-9.0
-36.0
-19.0
13.0
4.0
9.0
2.0
-19.0
-21.0
-2.0
21.0
46.0
49.0
56.0
28.0
45.0
39.0
13.0
17.0
24.0
13.0
-5.0
-21.0
-66.0
-89.0
-65.0
-85.0
-67.0
-62.0
-53.0
-25.0
-47.0
-79.0
-28.0
42.0
74.0
36.0
32.0
36.0
14.0
0.0
4.0
11.0
-10.0
-18.0
-26.0
-36.0
-15.0
-14.0
-4.0
-9.0
-15.0
10.0
12.0
1.0
-28.0
-31.0
-12.0
-12.0
10.0
-1.0
-14.0
-13.0
-31.0
-7.0
15.0
19.0
9.0
7.0
-7.0
15.0
-4.0
4.0
4.0
2.0
-3.0
-12.0
-9.0
-12.0
-21.0
-21.0
6.0
-7.0
-12.0
0.0
6.0
20.0
19.0
20.0
28.0
-6.0
4.0
5.0
-14.0
-6.0
1.0
5.0
10.0
5.0
-2.0
-4.0
-32.0
-11.0
-8.0
-22.0
-6.0
-34.0
-9.0
-9.0
3.0
25.0
10.0
3.0
-7.0
4.0
-28.0
6.0
-11.0
-11.0
-27.0
-13.0
-11.0
4.0
16.0
1.0
20.0
-2.0
22.0
22.0
17.0
3.0
-18.0
-36.0
-5.0
-35.0
-10.0
-21.0
10.0
12.0
0.0
3.0
10.0
-27.0
-16.0
-3.0
-15.0
-7.0
-56.0
-50.0
8.0
-6.0
6.0
26.0
2.0
22.0
45.0
72.0
67.0
66.0
79.0
55.0
37.0
-24.0
-62.0
-123.0
-156.0
-158.0
-162.0
-162.0
-143.0
-115.0
-95.0
-63.0
24.0
69.0
77.0
68.0
60.0
64.0
69.0
37.0
32.0
43.0
30.0
6.0
5.0
-1.0
14.0
12.0
13.0
40.0
32.0
7.0
-7.0
22.0
4.0
-6.0
6.0
10.0
24.0
30.0
17.0
6.0
1.0
5.0
-11.0
-26.0
-17.0
-16.0
-10.0
-23.0
-17.0
-54.0
-12.0
-20.0
-20.0
18.0
15.0
9.0
-1.0
14.0
-11.0
-17.0
-9.0
-13.0
-4.0
-13.0
-16.0
-18.0
-7.0
-23.0
-7.0
-11.0
-12.0
-2.0
16.0
4.0
-10.0
-6.0
3.0
-9.0
7.0
6.0
-14.0
-12.0
0.0
-7.0
-15.0
-13.0
7.0
-21.0
-1.0
11.0
15.0
4.0
-7.0
-9.0
-6.0
-2.0
-11.0
-4.0
2.0
-27.0
-21.0
-35.0
-4.0
2.0
-9.0
-5.0
13.0
11.0
-7.0
8.0
0.0
0.0
-10.0
5.0
19.0
23.0
15.0
-7.0
-26.0
-20.0
0.0
-8.0
-3.0
6.0
21.0
22.0
-19.0
-31.0
-17.0
-18.0
-20.0
-20.0
0.0
-1.0
-18.0
-16.0
-9.0
0.0
7.0
-10.0
-3.0
-33.0
-1.0
19.0
10.0
13.0
-17.0
-11.0
-12.0
18.0
14.0
-2.0
-3.0
9.0
2.0
1.0
16.0
-11.0
-13.0
-6.0
-2.0
18.0
17.0
25.0
42.0
38.0
24.0
-2.0
16.0
-1.0
22.0
18.0
-17.0
-10.0
-17.0
-17.0
-18.0
-39.0
-55.0
-46.0
-40.0
-18.0
-19.0
-25.0
-4.0
0.0
-4.0
-4.0
-3.0
-7.0
4.0
-6.0
-5.0
-34.0
-35.0
-41.0
-3.0
1.0
-1.0
-4.0
-32.0
-15.0
-16.0
-13.0
-4.0
-6.0
-27.0
-9.0
24.0
10.0
17.0
4.0
-47.0
-40.0
8.0
8.0
-2.0
-17.0
11.0
17.0
11.0
-12.0
13.0
-6.0
-9.0
-8.0
-3.0
14.0
-2.0
-1.0
-18.0
-24.0
7.0
3.0
5.0
2.0
-9.0
-1.0
-21.0
-8.0
0.0
-5.0
1.0
7.0
1.0
-5.0
-22.0
-32.0
-24.0
-19.0
4.0
-2.0
-2.0
8.0
4.0
10.0
-2.0
-18.0
0.0
3.0
-1.0
-16.0
-6.0
-8.0
19.0
23.0
37.0
-23.0
-15.0
7.0
5.0
-12.0
19.0
17.0
13.0
18.0
-23.0
-10.0
11.0
2.0
-19.0
-18.0
-26.0
-63.0
-51.0
-47.0
-65.0
2.0
39.0
1.0
-6.0
8.0
-15.0
-19.0
13.0
11.0
13.0
33.0
13.0
16.0
20.0
0.0
5.0
-6.0
-13.0
-11.0
-15.0
9.0
-5.0
-29.0
10.0
10.0
-26.0
-41.0
-64.0
-54.0
-33.0
6.0
-6.0
-11.0
-23.0
-11.0
-27.0
-12.0
-10.0
-11.0
49.0
35.0
6.0
-18.0
-44.0
-34.0
9.0
18.0
63.0
68.0
71.0
47.0
23.0
6.0
-1.0
5.0
-10.0
-40.0
-22.0
-28.0
-25.0
-38.0
-40.0
-26.0
-21.0
-16.0
-3.0
-22.0
-15.0
-10.0
15.0
4.0
-20.0
-14.0
11.0
4.0
-7.0
-1.0
-12.0
-14.0
-25.0
-25.0
-21.0
-31.0
6.0
-1.0
15.0
12.0
-4.0
-1.0
-15.0
-25.0
-12.0
-13.0
-10.0
-18.0
13.0
6.0
-13.0
-7.0
-14.0
5.0
28.0
32.0
23.0
19.0
31.0
14.0
6.0
3.0
9.0
-7.0
-36.0
-23.0
-5.0
-25.0
-16.0
-18.0
-50.0
-48.0
-11.0
-25.0
-43.0
-39.0
-44.0
-38.0
4.0
-24.0
-36.0
-32.0
-2.0
-20.0
17.0
-8.0
-5.0
4.0
18.0
-7.0
27.0
31.0
-11.0
-23.0
-4.0
8.0
11.0
16.0
9.0
1.0
0.0
-5.0
-5.0
-9.0
9.0
33.0
-9.0
-24.0
-31.0
-5.0
4.0
1.0
-22.0
-24.0
25.0
29.0
22.0
34.0
17.0
42.0
26.0
23.0
34.0
35.0
17.0
34.0
9.0
-24.0
-66.0
-51.0
-117.0
-116.0
-154.0
-112.0
-94.0
-75.0
-64.0
-42.0
-15.0
8.0
4.0
5.0
16.0
24.0
42.0
48.0
11.0
19.0
31.0
29.0
33.0
37.0
32.0
19.0
22.0
22.0
11.0
1.0
-8.0
9.0
5.0
5.0
-2.0
-3.0
9.0
0.0
-17.0
-10.0
12.0
6.0
2.0
1.0
8.0
1.0
-10.0
-11.0
-16.0
-13.0
-29.0
-33.0
-3.0
-6.0
12.0
-20.0
-7.0
12.0
-11.0
-2.0
-3.0
2.0
-33.0
-38.0
-68.0
-28.0
-2.0
35.0
38.0
-8.0
4.0
-3.0
18.0
20.0
-13.0
11.0
7.0
40.0
46.0
28.0
36.0
37.0
18.0
23.0
-7.0
3.0
-3.0
-20.0
-28.0
-37.0
-25.0
-43.0
-26.0
-30.0
-42.0
-49.0
-31.0
-40.0
-24.0
-10.0
-21.0
3.0
-34.0
-37.0
-28.0
-17.0
-6.0
-11.0
-18.0
19.0
-35.0
-7.0
-7.0
-7.0
23.0
53.0
9.0
7.0
46.0
21.0
12.0
2.0
23.0
22.0
3.0
-11.0
11.0
-25.0
23.0
-45.0
-4.0
-10.0
-10.0
-11.0
22.0
19.0
-11.0
-47.0
-71.0
-49.0
16.0
16.0
22.0
24.0
-7.0
-2.0
-5.0
5.0
18.0
0.0
-10.0
-4.0
5.0
-4.0
-6.0
9.0
2.0
-18.0
-3.0
19.0
-2.0
-12.0
-19.0
-23.0
-3.0
-13.0
-4.0
16.0
6.0
36.0
15.0
-8.0
15.0
14.0
1.0
-2.0
14.0
-7.0
-7.0
-21.0
-48.0
-46.0
-21.0
-26.0
4.0
11.0
-15.0
-37.0
-36.0
-2.0
-13.0
-2.0
0.0
-7.0
-17.0
-8.0
3.0
8.0
7.0
-11.0
-7.0
20.0
9.0
10.0
27.0
29.0
28.0
38.0
-5.0
-42.0
-46.0
-74.0
-36.0
-40.0
-53.0
-30.0
-68.0
-56.0
-23.0
-16.0
-3.0
4.0
14.0
9.0
-4.0
5.0
-5.0
7.0
19.0
13.0
26.0
7.0
19.0
19.0
-6.0
7.0
13.0
22.0
5.0
1.0
20.0
19.0
6.0
10.0
-53.0
-42.0
5.0
28.0
18.0
9.0
9.0
-4.0
-7.0
-1.0
-14.0
2.0
14.0
10.0
24.0
-1.0
23.0
26.0
11.0
2.0
-10.0
-18.0
-24.0
-29.0
-21.0
15.0
-17.0
-21.0
11.0
4.0
-31.0
-47.0
-32.0
-20.0
12.0
27.0
9.0
6.0
5.0
3.0
-8.0
-22.0
-17.0
-29.0
6.0
-50.0
-26.0
13.0
13.0
14.0
26.0
24.0
39.0
30.0
-9.0
11.0
-12.0
-22.0
-9.0
-13.0
-8.0
-17.0
-34.0
-13.0
-17.0
-14.0
-1.0
-5.0
3.0
2.0
10.0
-15.0
13.0
-5.0
-17.0
10.0
-4.0
-25.0
-14.0
-12.0
5.0
-5.0
5.0
-6.0
9.0
0.0
9.0
-7.0
5.0
9.0
-8.0
35.0
34.0
-3.0
13.0
-37.0
-45.0
-25.0
-39.0
-39.0
-72.0
-106.0
-125.0
-82.0
-91.0
-63.0
-25.0
-4.0
11.0
6.0
22.0
25.0
30.0
39.0
38.0
26.0
33.0
24.0
29.0
25.0
24.0
16.0
30.0
15.0
20.0
-16.0
10.0
16.0
26.0
20.0
30.0
13.0
18.0
15.0
-3.0
2.0
17.0
-13.0
-22.0
-22.0
-41.0
-31.0
-18.0
-31.0
-2.0
-2.0
7.0
-6.0
-27.0
-28.0
-16.0
-3.0
-18.0
20.0
7.0
-7.0
-15.0
-5.0
-37.0
-35.0
6.0
33.0
31.0
15.0
-9.0
11.0
31.0
19.0
0.0
0.0
4.0
2.0
-21.0
-26.0
-17.0
-23.0
-33.0
-28.0
4.0
6.0
-1.0
-4.0
-20.0
-9.0
-7.0
13.0
-16.0
17.0
-7.0
-9.0
-5.0
-37.0
-31.0
-3.0
-1.0
-22.0
-14.0
-11.0
-17.0
-12.0
-18.0
1.0
-11.0
2.0
22.0
-21.0
-5.0
-1.0
15.0
20.0
8.0
-11.0
10.0
-26.0
-15.0
3.0
-15.0
-2.0
-28.0
-27.0
4.0
4.0
-15.0
-28.0
21.0
1.0
11.0
20.0
-2.0
-4.0
13.0
4.0
6.0
22.0
-5.0
12.0
-1.0
-6.0
-17.0
-15.0
9.0
12.0
2.0
16.0
10.0
-3.0
0.0
2.0
-16.0
-17.0
-33.0
-30.0
-27.0
-76.0
-62.0
-69.0
-68.0
-38.0
-22.0
-24.0
-16.0
-10.0
-5.0
0.0
-10.0
3.0
25.0
4.0
-6.0
-6.0
18.0
8.0
17.0
30.0
43.0
23.0
-2.0
22.0
-20.0
-21.0
3.0
34.0
54.0
19.0
16.0
18.0
-5.0
-18.0
-11.0
-17.0
-25.0
-8.0
-13.0
2.0
-9.0
1.0
2.0
-5.0
-3.0
-3.0
8.0
26.0
33.0
24.0
11.0
-16.0
2.0
-6.0
-56.0
-54.0
-40.0
-94.0
-174.0
-171.0
-187.0
-174.0
-140.0
-67.0
-8.0
-7.0
-9.0
37.0
88.0
88.0
81.0
61.0
45.0
28.0
42.0
48.0
60.0
82.0
55.0
51.0
50.0
48.0
28.0
4.0
23.0
23.0
3.0
16.0
22.0
17.0
8.0
5.0
-9.0
-5.0
-28.0
-23.0
-20.0
6.0
-9.0
-25.0
-42.0
-61.0
-57.0
-55.0
-21.0
-21.0
-40.0
-12.0
-27.0
-6.0
23.0
-7.0
-11.0
17.0
19.0
15.0
17.0
-2.0
1.0
-1.0
-31.0
-19.0
-13.0
-18.0
-9.0
-10.0
-3.0
-23.0
17.0
17.0
5.0
0.0
-1.0
7.0
21.0
17.0
7.0
-3.0
7.0
30.0
2.0
-9.0
3.0
-25.0
12.0
20.0
-4.0
-14.0
-20.0
-43.0
2.0
-15.0
-13.0
-9.0
4.0
4.0
13.0
-15.0
29.0
-7.0
-17.0
-18.0
1.0
-18.0
-24.0
-27.0
-10.0
2.0
-1.0
6.0
4.0
11.0
15.0
11.0
-3.0
6.0
4.0
-8.0
-33.0
-12.0
12.0
-35.0
18.0
-14.0
-2.0
-5.0
23.0
-2.0
-16.0
-20.0
-28.0
-13.0
20.0
1.0
6.0
0.0
2.0
11.0
31.0
4.0
23.0
-18.0
-17.0
-29.0
5.0
9.0
13.0
20.0
18.0
-3.0
-4.0
3.0
-24.0
13.0
16.0
15.0
6.0
4.0
13.0
37.0
-2.0
-7.0
-13.0
-6.0
-5.0
2.0
4.0
-24.0
-27.0
-8.0
-17.0
-40.0
-8.0
7.0
-4.0
-7.0
-8.0
-42.0
-18.0
20.0
30.0
-2.0
-17.0
-6.0
0.0
-2.0
-4.0
4.0
19.0
7.0
-13.0
-8.0
-14.0
2.0
20.0
17.0
17.0
14.0
6.0
-40.0
12.0
8.0
-28.0
3.0
-1.0
-5.0
3.0
7.0
10.0
-20.0
-28.0
-21.0
-11.0
9.0
-6.0
-4.0
-6.0
-4.0
-4.0
-1.0
-4.0
0.0
-19.0
8.0
7.0
1.0
-21.0
-5.0
-7.0
5.0
13.0
20.0
14.0
-2.0
-15.0
-7.0
-11.0
-14.0
-8.0
3.0
-9.0
-4.0
-33.0
-60.0
-54.0
-54.0
-24.0
-43.0
-33.0
-39.0
-16.0
-24.0
-25.0
-11.0
-31.0
-28.0
-40.0
-11.0
1.0
-11.0
6.0
6.0
16.0
27.0
8.0
6.0
43.0
10.0
33.0
12.0
12.0
26.0
15.0
12.0
14.0
11.0
3.0
1.0
-2.0
8.0
27.0
15.0
-14.0
-45.0
-31.0
-33.0
-35.0
14.0
3.0
-38.0
-5.0
3.0
-18.0
-11.0
-12.0
-13.0
-24.0
-5.0
-7.0
-21.0
-8.0
-29.0
-30.0
-55.0
-43.0
-45.0
-18.0
-7.0
-3.0
11.0
10.0
0.0
2.0
-9.0
-32.0
-32.0
-38.0
-2.0
3.0
-4.0
28.0
34.0
25.0
10.0
18.0
19.0
11.0
-20.0
-1.0
15.0
11.0
-12.0
-7.0
-11.0
-14.0
-17.0
-20.0
-25.0
-23.0
-24.0
-7.0
-14.0
-14.0
-13.0
-6.0
-4.0
11.0
-24.0
-14.0
-15.0
-24.0
11.0
18.0
-8.0
8.0
5.0
20.0
1.0
4.0
4.0
-3.0
-3.0
10.0
9.0
0.0
0.0
-3.0
-1.0
0.0
4.0
0.0
-18.0
-9.0
-11.0
-25.0
-23.0
-3.0
13.0
-17.0
16.0
-15.0
-25.0
-21.0
-16.0
-47.0
-44.0
-29.0
-74.0
-17.0
-17.0
-42.0
-34.0
-22.0
-18.0
-32.0
-35.0
-18.0
-7.0
11.0
-8.0
25.0
11.0
16.0
29.0
15.0
16.0
36.0
16.0
17.0
-7.0
4.0
-1.0
24.0
14.0
35.0
35.0
26.0
-4.0
22.0
-3.0
-27.0
-25.0
-1.0
-13.0
-7.0
-3.0
-24.0
-31.0
-19.0
-26.0
-36.0
-17.0
-1.0
0.0
-4.0
-5.0
-1.0
-4.0
-7.0
3.0
7.0
-18.0
5.0
-7.0
-18.0
-17.0
13.0
4.0
-24.0
-16.0
-17.0
-20.0
-20.0
-20.0
-11.0
-13.0
-8.0
7.0
-14.0
-2.0
6.0
-36.0
29.0
17.0
-9.0
-12.0
-15.0
10.0
19.0
17.0
-19.0
-38.0
-35.0
-6.0
-25.0
-21.0
19.0
13.0
3.0
23.0
23.0
15.0
-24.0
-4.0
-5.0
-10.0
8.0
17.0
21.0
3.0
8.0
9.0
25.0
36.0
4.0
6.0
20.0
9.0
-8.0
-6.0
-46.0
-16.0
-3.0
-29.0
4.0
6.0
-1.0
-36.0
-22.0
-10.0
11.0
-27.0
-48.0
-8.0
18.0
24.0
11.0
16.0
13.0
-13.0
-18.0
-13.0
8.0
-16.0
16.0
21.0
24.0
20.0
-6.0
-16.0
-35.0
-12.0
-8.0
0.0
-2.0
1.0
-8.0
-12.0
-11.0
-12.0
3.0
39.0
5.0
10.0
24.0
18.0
-11.0
-8.0
-9.0
-11.0
23.0
-9.0
0.0
-22.0
-5.0
-3.0
-15.0
-17.0
9.0
13.0
-4.0
-20.0
6.0
-12.0
-5.0
-1.0
-7.0
-13.0
6.0
11.0
14.0
15.0
1.0
-18.0
-29.0
-33.0
-37.0
-11.0
-7.0
-6.0
-13.0
-5.0
-5.0
-5.0
-2.0
0.0
18.0
4.0
-15.0
-41.0
-24.0
-22.0
-20.0
-43.0
-64.0
-63.0
-80.0
-69.0
-59.0
-46.0
-38.0
-19.0
-46.0
-16.0
-30.0
-29.0
0.0
24.0
8.0
31.0
-16.0
19.0
38.0
40.0
30.0
33.0
41.0
17.0
15.0
5.0
11.0
17.0
13.0
20.0
23.0
26.0
23.0
0.0
-9.0
-30.0
-28.0
-20.0
4.0
15.0
20.0
18.0
6.0
32.0
15.0
13.0
2.0
-10.0
-4.0
-18.0
4.0
4.0
27.0
-15.0
-28.0
-35.0
-47.0
-66.0
-31.0
-42.0
-17.0
-19.0
-49.0
-17.0
9.0
-16.0
-15.0
12.0
0.0
20.0
2.0
2.0
39.0
16.0
-10.0
-6.0
-17.0
-31.0
-59.0
-39.0
-15.0
-12.0
27.0
-14.0
-12.0
-16.0
0.0
-7.0
-2.0
-1.0
-7.0
-10.0
-3.0
9.0
37.0
19.0
12.0
12.0
15.0
25.0
32.0
32.0
20.0
4.0
2.0
7.0
-44.0
-19.0
-4.0
12.0
-21.0
-30.0
-70.0
-42.0
-12.0
-17.0
1.0
9.0
-7.0
13.0
4.0
7.0
34.0
27.0
-14.0
10.0
9.0
8.0
4.0
-33.0
-37.0
-39.0
-19.0
17.0
9.0
-5.0
-9.0
-22.0
-6.0
-8.0
-19.0
-10.0
-39.0
-19.0
32.0
10.0
4.0
27.0
22.0
3.0
-6.0
-5.0
-9.0
0.0
1.0
-14.0
9.0
22.0
21.0
29.0
18.0
17.0
-3.0
6.0
-11.0
-25.0
-10.0
-2.0
-18.0
2.0
-13.0
-15.0
-10.0
5.0
6.0
8.0
2.0
-17.0
-24.0
-67.0
-68.0
-62.0
-46.0
-19.0
-7.0
-18.0
-30.0
0.0
5.0
10.0
-9.0
-3.0
9.0
-2.0
-11.0
-40.0
-3.0
-25.0
-4.0
-7.0
-2.0
-7.0
-11.0
-9.0
-15.0
14.0
0.0
-4.0
14.0
23.0
10.0
9.0
1.0
4.0
22.0
11.0
-1.0
13.0
20.0
15.0
-13.0
-9.0
-3.0
2.0
-7.0
2.0
2.0
-1.0
17.0
16.0
1.0
2.0
-16.0
-26.0
-13.0
-17.0
-37.0
-30.0
-28.0
-1.0
-4.0
-6.0
-11.0
3.0
7.0
4.0
-7.0
4.0
23.0
-12.0
0.0
2.0
-6.0
-9.0
5.0
-25.0
-31.0
-3.0
6.0
-8.0
-9.0
-11.0
-9.0
-74.0
-123.0
-110.0
-99.0
14.0
62.0
110.0
61.0
61.0
59.0
39.0
-6.0
-20.0
39.0
45.0
37.0
28.0
-24.0
-29.0
-11.0
0.0
-8.0
-18.0
-20.0
-17.0
-25.0
-38.0
-20.0
-19.0
-35.0
-48.0
-19.0
-7.0
1.0
14.0
-20.0
-35.0
0.0
2.0
1.0
28.0
14.0
-20.0
-17.0
4.0
7.0
-1.0
-11.0
-16.0
-8.0
12.0
-13.0
4.0
-11.0
-35.0
17.0
27.0
-3.0
-1.0
-22.0
0.0
4.0
-28.0
-4.0
16.0
32.0
23.0
1.0
1.0
-6.0
-16.0
-10.0
2.0
18.0
-16.0
-8.0
8.0
-11.0
-11.0
2.0
6.0
13.0
-11.0
3.0
-9.0
9.0
5.0
-14.0
-12.0
-12.0
-21.0
-3.0
-12.0
-38.0
-39.0
-63.0
-53.0
-12.0
-15.0
-23.0
-12.0
0.0
-5.0
28.0
6.0
0.0
10.0
-18.0
-19.0
-31.0
22.0
11.0
-11.0
13.0
6.0
-4.0
11.0
-25.0
-27.0
-37.0
-27.0
-35.0
20.0
-2.0
-2.0
18.0
8.0
-17.0
-17.0
12.0
18.0
17.0
7.0
3.0
30.0
19.0
24.0
11.0
14.0
-3.0
-22.0
-33.0
-24.0
-27.0
15.0
-12.0
25.0
35.0
33.0
-1.0
-23.0
-14.0
24.0
9.0
1.0
-11.0
-11.0
-19.0
-18.0
10.0
-12.0
-29.0
-27.0
-24.0
-29.0
-11.0
-14.0
-29.0
-27.0
0.0
9.0
0.0
17.0
-8.0
8.0
21.0
13.0
-26.0
-21.0
-44.0
-29.0
2.0
-52.0
-72.0
-5.0
21.0
0.0
-33.0
-35.0
-29.0
-49.0
-48.0
-78.0
-92.0
-88.0
-97.0
-49.0
-81.0
-79.0
-42.0
-36.0
13.0
37.0
37.0
37.0
61.0
19.0
48.0
47.0
56.0
42.0
56.0
56.0
75.0
55.0
43.0
35.0
33.0
33.0
9.0
29.0
26.0
32.0
23.0
23.0
13.0
-4.0
15.0
20.0
-13.0
-7.0
2.0
-3.0
-7.0
2.0
1.0
-43.0
-29.0
-34.0
-51.0
-16.0
-20.0
10.0
-3.0
-15.0
8.0
-31.0
-44.0
-47.0
-63.0
-75.0
-75.0
-42.0
-39.0
-22.0
-17.0
-3.0
4.0
9.0
3.0
17.0
1.0
-21.0
12.0
13.0
0.0
5.0
-1.0
0.0
10.0
-22.0
12.0
4.0
-1.0
6.0
31.0
27.0
43.0
43.0
4.0
39.0
50.0
13.0
6.0
-1.0
-1.0
-22.0
-6.0
-4.0
-9.0
4.0
14.0
-3.0
-14.0
-30.0
5.0
-31.0
-21.0
-24.0
-20.0
1.0
-15.0
-12.0
-16.0
-10.0
-8.0
-8.0
2.0
2.0
-7.0
1.0
-37.0
-8.0
-4.0
-7.0
-8.0
-4.0
-3.0
-6.0
-11.0
-1.0
-17.0
-23.0
-1.0
-9.0
-13.0
12.0
2.0
-4.0
-16.0
0.0
-17.0
-22.0
-77.0
-61.0
-50.0
-77.0
-75.0
-74.0
-66.0
-51.0
-25.0
-36.0
7.0
24.0
26.0
31.0
43.0
43.0
16.0
36.0
29.0
-33.0
-22.0
-2.0
-5.0
-25.0
12.0
10.0
-3.0
22.0
50.0
28.0
39.0
33.0
34.0
34.0
17.0
16.0
44.0
25.0
3.0
18.0
32.0
14.0
0.0
22.0
19.0
14.0
-33.0
-26.0
-1.0
-33.0
-1.0
-7.0
10.0
10.0
16.0
14.0
21.0
46.0
-9.0
-14.0
-3.0
5.0
-33.0
-28.0
-24.0
-20.0
-13.0
-24.0
0.0
2.0
-15.0
-11.0
-36.0
-46.0
-14.0
-16.0
-17.0
-2.0
-21.0
-21.0
-17.0
-5.0
-9.0
3.0
-11.0
-10.0
15.0
17.0
-1.0
4.0
18.0
-3.0
-9.0
-14.0
-22.0
-18.0
-17.0
-49.0
-48.0
-58.0
-44.0
-34.0
-44.0
-38.0
-3.0
-13.0
7.0
-3.0
-40.0
25.0
36.0
-6.0
43.0
38.0
33.0
27.0
-10.0
-5.0
26.0
17.0
13.0
27.0
-16.0
-16.0
-1.0
-1.0
4.0
31.0
5.0
13.0
7.0
-3.0
-3.0
20.0
22.0
20.0
21.0
18.0
1.0
7.0
-25.0
-27.0
-36.0
-21.0
-22.0
-17.0
7.0
-9.0
2.0
-20.0
-2.0
-3.0
14.0
2.0
-6.0
-12.0
-10.0
-10.0
6.0
21.0
-24.0
-45.0
-39.0
-47.0
-31.0
-36.0
-38.0
-55.0
-36.0
-45.0
-64.0
-23.0
-19.0
-4.0
28.0
24.0
-7.0
-21.0
-29.0
-10.0
11.0
23.0
15.0
-12.0
18.0
25.0
22.0
17.0
2.0
6.0
16.0
26.0
25.0
-1.0
-4.0
-3.0
-15.0
-31.0
-17.0
-8.0
-2.0
17.0
26.0
-11.0
-12.0
-10.0
9.0
-4.0
20.0
-28.0
13.0
39.0
13.0
-11.0
-46.0
-40.0
-47.0
-47.0
-68.0
-66.0
-59.0
-68.0
-52.0
-45.0
-22.0
-16.0
-14.0
-6.0
15.0
25.0
19.0
15.0
7.0
-14.0
20.0
21.0
21.0
17.0
15.0
23.0
6.0
-23.0
4.0
-20.0
-27.0
-21.0
-3.0
14.0
4.0
15.0
17.0
20.0
7.0
11.0
8.0
11.0
14.0
-7.0
3.0
2.0
21.0
-11.0
-13.0
30.0
17.0
20.0
0.0
4.0
18.0
-17.0
9.0
1.0
-11.0
-18.0
-37.0
-35.0
-13.0
22.0
6.0
-16.0
-2.0
3.0
-1.0
-3.0
-5.0
-8.0
-13.0
-34.0
-17.0
-12.0
-17.0
-4.0
-11.0
-28.0
-19.0
-18.0
-1.0
-28.0
-41.0
-19.0
-41.0
-24.0
-30.0
-24.0
0.0
-1.0
8.0
28.0
10.0
1.0
3.0
3.0
-33.0
-2.0
1.0
5.0
19.0
-6.0
2.0
-3.0
-9.0
6.0
-7.0
23.0
26.0
31.0
7.0
21.0
-8.0
-15.0
-42.0
-65.0
-89.0
-109.0
-74.0
-79.0
-36.0
-50.0
-11.0
5.0
-18.0
9.0
21.0
27.0
33.0
35.0
36.0
36.0
26.0
38.0
0.0
27.0
29.0
10.0
7.0
17.0
30.0
-1.0
-20.0
4.0
-13.0
-57.0
-86.0
-28.0
-12.0
-14.0
-16.0
11.0
-29.0
-10.0
32.0
4.0
-12.0
1.0
32.0
28.0
36.0
12.0
-3.0
-2.0
-8.0
-1.0
-12.0
-16.0
20.0
27.0
24.0
38.0
-25.0
21.0
6.0
11.0
24.0
27.0
8.0
20.0
0.0
-18.0
6.0
-2.0
-5.0
-15.0
-11.0
-25.0
-2.0
-5.0
-15.0
-15.0
0.0
-25.0
-33.0
-54.0
-10.0
-17.0
-35.0
-31.0
-13.0
5.0
36.0
29.0
31.0
20.0
22.0
-7.0
-33.0
-23.0
-15.0
-13.0
7.0
20.0
2.0
7.0
-7.0
-19.0
-15.0
-8.0
0.0
-2.0
0.0
26.0
19.0
-8.0
-25.0
-5.0
-23.0
-28.0
4.0
7.0
6.0
-9.0
-7.0
-25.0
-44.0
-49.0
-45.0
-46.0
-53.0
-81.0
-65.0
-26.0
-35.0
-14.0
-2.0
6.0
-8.0
-4.0
-15.0
-21.0
2.0
28.0
52.0
57.0
53.0
43.0
29.0
26.0
25.0
6.0
6.0
16.0
0.0
-5.0
-8.0
-34.0
-65.0
-68.0
-77.0
-76.0
-83.0
-59.0
-1.0
27.0
12.0
20.0
35.0
36.0
15.0
-10.0
-26.0
-25.0
28.0
39.0
7.0
13.0
18.0
23.0
12.0
25.0
21.0
-6.0
24.0
42.0
-13.0
0.0
-2.0
-11.0
56.0
24.0
-5.0
-37.0
-42.0
-83.0
-64.0
-92.0
-61.0
-64.0
-34.0
-32.0
0.0
37.0
36.0
7.0
26.0
52.0
49.0
55.0
46.0
49.0
58.0
37.0
33.0
17.0
7.0
10.0
9.0
8.0
5.0
-4.0
-2.0
-8.0
4.0
29.0
5.0
6.0
4.0
13.0
-14.0
-2.0
-7.0
-12.0
-29.0
-4.0
-10.0
-67.0
-22.0
-22.0
-8.0
-51.0
-1.0
33.0
27.0
12.0
22.0
0.0
-44.0
-50.0
-29.0
-35.0
-45.0
-5.0
-40.0
-13.0
-18.0
2.0
-25.0
-22.0
4.0
11.0
-11.0
15.0
3.0
22.0
24.0
10.0
-23.0
-26.0
-19.0
-46.0
-59.0
-45.0
-66.0
-57.0
-48.0
-56.0
-50.0
-49.0
-10.0
-4.0
8.0
32.0
41.0
31.0
44.0
18.0
33.0
29.0
68.0
45.0
23.0
27.0
1.0
-8.0
-22.0
-6.0
-5.0
-7.0
-4.0
6.0
0.0
-10.0
-27.0
17.0
22.0
-2.0
-37.0
-44.0
-35.0
10.0
5.0
21.0
22.0
28.0
26.0
-1.0
20.0
30.0
19.0
10.0
16.0
-19.0
-12.0
-19.0
-10.0
-22.0
11.0
7.0
-1.0
6.0
1.0
11.0
39.0
58.0
86.0
93.0
188.0
181.0
274.0
261.0
222.0
184.0
176.0
107.0
74.0
23.0
24.0
11.0
-6.0
-36.0
-21.0
-47.0
-56.0
-41.0
-69.0
-87.0
-134.0
-134.0
-103.0
-100.0
-55.0
-70.0
-78.0
-80.0
-75.0
-82.0
-82.0
-77.0
-70.0
-116.0
-114.0
-108.0
-69.0
-58.0
-65.0
-54.0
-47.0
-47.0
-90.0
-114.0
-50.0
-35.0
4.0
5.0
-21.0
11.0
7.0
3.0
5.0
3.0
-40.0
-62.0
-68.0
-50.0
-52.0
-10.0
28.0
32.0
42.0
18.0
22.0
9.0
-36.0
-9.0
-23.0
-6.0
12.0
20.0
37.0
32.0
18.0
21.0
-27.0
-20.0
-15.0
-12.0
-6.0
-14.0
-41.0
-21.0
-16.0
11.0
8.0
8.0
19.0
-32.0
4.0
2.0
-10.0
7.0
4.0
6.0
23.0
20.0
14.0
7.0
-2.0
-5.0
7.0
-14.0
-12.0
16.0
51.0
-7.0
23.0
64.0
42.0
42.0
27.0
18.0
-15.0
-16.0
-32.0
-4.0
-19.0
-10.0
2.0
3.0
-22.0
-18.0
-29.0
-6.0
-8.0
-3.0
-9.0
-3.0
11.0
8.0
0.0
7.0
6.0
11.0
-9.0
19.0
1.0
9.0
-16.0
-11.0
-45.0
-7.0
7.0
40.0
25.0
-36.0
-46.0
-38.0
-73.0
-77.0
-105.0
-127.0
-130.0
-88.0
-99.0
-89.0
-59.0
-32.0
-39.0
-43.0
43.0
39.0
21.0
36.0
46.0
22.0
11.0
52.0
32.0
38.0
21.0
4.0
8.0
29.0
0.0
21.0
26.0
-13.0
-42.0
-42.0
-71.0
-65.0
-57.0
-60.0
-57.0
-46.0
-51.0
-4.0
14.0
16.0
33.0
36.0
35.0
61.0
76.0
66.0
37.0
21.0
-9.0
2.0
31.0
17.0
4.0
-18.0
-39.0
22.0
10.0
54.0
41.0
41.0
23.0
47.0
47.0
32.0
29.0
22.0
30.0
50.0
42.0
44.0
46.0
22.0
28.0
0.0
-13.0
12.0
8.0
-1.0
-18.0
-13.0
26.0
-6.0
-56.0
-34.0
-64.0
-28.0
-18.0
10.0
4.0
5.0
10.0
-11.0
-22.0
-34.0
-46.0
-1.0
-6.0
7.0
-4.0
-1.0
10.0
28.0
-16.0
-29.0
-11.0
21.0
-13.0
-5.0
-15.0
-17.0
10.0
-15.0
-38.0
-7.0
14.0
18.0
-10.0
-20.0
4.0
10.0
-14.0
15.0
5.0
15.0
-23.0
-10.0
-24.0
11.0
-17.0
-17.0
-11.0
-26.0
-18.0
7.0
-15.0
-2.0
-6.0
-28.0
-18.0
-19.0
-27.0
-46.0
-14.0
32.0
50.0
-1.0
-25.0
-31.0
-34.0
-34.0
-25.0
-21.0
-58.0
-29.0
-45.0
-111.0
-106.0
-83.0
-46.0
-48.0
37.0
26.0
-21.0
15.0
58.0
70.0
30.0
41.0
50.0
44.0
15.0
-6.0
-11.0
9.0
-6.0
3.0
4.0
-7.0
0.0
4.0
-4.0
1.0
-48.0
-90.0
-52.0
-4.0
45.0
18.0
0.0
-2.0
-13.0
-40.0
-45.0
-14.0
-2.0
-10.0
-9.0
-29.0
-10.0
-17.0
2.0
21.0
28.0
12.0
15.0
-3.0
-9.0
4.0
9.0
15.0
4.0
4.0
18.0
5.0
-25.0
-69.0
-75.0
-53.0
1.0
-2.0
58.0
50.0
21.0
65.0
76.0
27.0
13.0
15.0
-51.0
-48.0
-93.0
-95.0
-57.0
-89.0
-92.0
-97.0
-74.0
-100.0
-96.0
-102.0
-38.0
-39.0
-49.0
-46.0
14.0
45.0
78.0
94.0
71.0
64.0
81.0
86.0
66.0
39.0
55.0
68.0
60.0
44.0
50.0
48.0
-8.0
0.0
-16.0
0.0
-32.0
-30.0
-29.0
-56.0
-39.0
-31.0
-49.0
-17.0
-19.0
-18.0
-16.0
-1.0
2.0
36.0
32.0
37.0
38.0
56.0
32.0
18.0
35.0
21.0
26.0
30.0
0.0
1.0
12.0
15.0
45.0
33.0
-44.0
-70.0
-101.0
-103.0
-137.0
-144.0
-172.0
-102.0
-119.0
-47.0
-35.0
-43.0
-74.0
-5.0
6.0
4.0
10.0
8.0
23.0
40.0
53.0
66.0
86.0
102.0
70.0
70.0
76.0
48.0
26.0
41.0
49.0
16.0
4.0
11.0
-15.0
-15.0
5.0
14.0
17.0
17.0
9.0
38.0
18.0
-42.0
-47.0
-48.0
-77.0
-103.0
-109.0
-99.0
-63.0
-67.0
-53.0
-51.0
-6.0
-4.0
-2.0
6.0
17.0
11.0
51.0
49.0
51.0
32.0
28.0
24.0
26.0
-18.0
-41.0
-51.0
-19.0
-27.0
-6.0
-3.0
6.0
7.0
26.0
19.0
54.0
17.0
21.0
34.0
39.0
35.0
65.0
63.0
-1.0
10.0
36.0
13.0
18.0
16.0
-21.0
-25.0
-39.0
-36.0
-32.0
-15.0
-17.0
-30.0
-26.0
-47.0
-60.0
-49.0
-59.0
-61.0
-57.0
-44.0
-40.0
-9.0
25.0
26.0
140.0
60.0
38.0
45.0
-22.0
-28.0
-51.0
-71.0
-51.0
-41.0
-18.0
-48.0
-21.0
-10.0
29.0
36.0
49.0
36.0
58.0
58.0
85.0
65.0
67.0
65.0
52.0
65.0
35.0
13.0
21.0
-22.0
-48.0
-29.0
-52.0
-39.0
-26.0
-3.0
-25.0
-8.0
-18.0
-52.0
-28.0
-25.0
-18.0
-23.0
-16.0
-4.0
44.0
-11.0
-17.0
3.0
23.0
25.0
-7.0
-8.0
-19.0
-33.0
-21.0
-34.0
-34.0
-28.0
3.0
-55.0
11.0
8.0
-25.0
-24.0
-5.0
-20.0
-11.0
-38.0
-23.0
-33.0
-36.0
-41.0
-27.0
11.0
8.0
-16.0
-18.0
8.0
48.0
51.0
49.0
48.0
53.0
69.0
91.0
107.0
124.0
106.0
96.0
120.0
104.0
124.0
313.0
313.0
313.0
313.0
313.0
313.0
313.0
313.0
259.0
276.0
235.0
207.0
110.0
62.0
5.0
11.0
-35.0
-80.0
-97.0
-88.0
-106.0
-179.0
-120.0
-171.0
-195.0
-180.0
-195.0
-207.0
-191.0
-186.0
-200.0
-193.0
-199.0
-177.0
-173.0
-189.0
-179.0
-185.0
-142.0
-141.0
-145.0
-135.0
-107.0
-110.0
-93.0
-99.0
-88.0
-98.0
-76.0
-75.0
-83.0
-76.0
-68.0
-20.0
-31.0
-28.0
-42.0
-35.0
-15.0
-31.0
-57.0
-52.0
-58.0
-33.0
-29.0
17.0
33.0
-13.0
11.0
6.0
6.0
24.0
47.0
50.0
32.0
34.0
42.0
11.0
-4.0
-6.0
-8.0
-13.0
-1.0
-21.0
-27.0
-43.0
-50.0
-46.0
-77.0
-79.0
-66.0
-73.0
-54.0
-54.0
-39.0
-75.0
-68.0
-50.0
-21.0
-21.0
-21.0
-46.0
-89.0
-76.0
-71.0
-61.0
-71.0
-85.0
-89.0
-92.0
-83.0
-85.0
-71.0
-55.0
-36.0
11.0
15.0
-17.0
16.0
19.0
29.0
65.0
27.0
15.0
-2.0
5.0
17.0
1.0
19.0
21.0
28.0
24.0
14.0
-4.0
-20.0
-13.0
-14.0
-3.0
-9.0
-10.0
0.0
-21.0
-26.0
-46.0
-3.0
-6.0
-28.0
-38.0
6.0
5.0
-3.0
-7.0
-1.0
-26.0
32.0
49.0
66.0
65.0
89.0
86.0
102.0
98.0
105.0
93.0
107.0
99.0
97.0
83.0
69.0
74.0
85.0
63.0
71.0
97.0
55.0
60.0
32.0
35.0
41.0
39.0
-6.0
20.0
9.0
0.0
-19.0
-64.0
-83.0
-100.0
-123.0
-120.0
-128.0
-135.0
-128.0
-92.0
-88.0
-77.0
-59.0
-46.0
-28.0
-29.0
-23.0
-10.0
-21.0
17.0
36.0
18.0
32.0
42.0
48.0
37.0
27.0
-4.0
-23.0
-63.0
-61.0
-46.0
10.0
-8.0
-29.0
-35.0
-24.0
-16.0
-30.0
-9.0
-4.0
-3.0
-1.0
-11.0
0.0
-4.0
-4.0
-8.0
-9.0
-6.0
-13.0
4.0
-14.0
-13.0
-17.0
-18.0
6.0
-1.0
-15.0
-7.0
1.0
-15.0
-30.0
-17.0
-20.0
-26.0
-23.0
-24.0
-6.0
-1.0
-15.0
-4.0
-9.0
-2.0
-16.0
-13.0
-2.0
4.0
-11.0
-46.0
-37.0
-49.0
-67.0
-42.0
-17.0
-12.0
-31.0
-29.0
-30.0
-28.0
-36.0
6.0
21.0
22.0
37.0
36.0
44.0
55.0
16.0
10.0
-10.0
-7.0
-26.0
21.0
-2.0
9.0
1.0
18.0
-7.0
-26.0
37.0
59.0
52.0
22.0
49.0
50.0
26.0
18.0
33.0
1.0
5.0
31.0
17.0
15.0
35.0
42.0
-13.0
-24.0
-17.0
-27.0
-62.0
-41.0
-3.0
25.0
52.0
52.0
18.0
5.0
-6.0
-13.0
-24.0
-10.0
6.0
-6.0
13.0
24.0
-15.0
-15.0
-8.0
-36.0
-108.0
-112.0
-162.0
-204.0
-142.0
-140.0
-93.0
-91.0
-118.0
-143.0
-141.0
-70.0
-83.0
-54.0
-97.0
-92.0
12.0
75.0
78.0
90.0
146.0
117.0
122.0
108.0
39.0
34.0
21.0
-15.0
-17.0
-51.0
-86.0
-88.0
-70.0
-44.0
-87.0
-81.0
-33.0
-36.0
-20.0
-29.0
-14.0
-24.0
-22.0
-15.0
-4.0
-5.0
12.0
43.0
31.0
34.0
28.0
28.0
8.0
11.0
5.0
9.0
15.0
32.0
9.0
26.0
42.0
54.0
8.0
34.0
0.0
0.0
13.0
30.0
15.0
3.0
17.0
5.0
11.0
18.0
-4.0
-4.0
-21.0
2.0
-33.0
-8.0
-11.0
24.0
25.0
1.0
6.0
8.0
47.0
36.0
8.0
24.0
-5.0
-13.0
-1.0
-29.0
-50.0
-57.0
-26.0
-20.0
11.0
23.0
18.0
-4.0
9.0
15.0
-40.0
-40.0
-33.0
-26.0
3.0
20.0
-7.0
-20.0
8.0
18.0
26.0
14.0
19.0
-8.0
-12.0
-10.0
-18.0
-23.0
-18.0
-7.0
-7.0
-3.0
15.0
20.0
20.0
19.0
-9.0
7.0
-11.0
8.0
26.0
21.0
20.0
1.0
9.0
-29.0
-18.0
-16.0
-19.0
-21.0
-33.0
-31.0
-22.0
-53.0
-20.0
-57.0
9.0
21.0
-31.0
-26.0
-36.0
-32.0
-102.0
-135.0
-127.0
-157.0
-91.0
-103.0
-83.0
-36.0
-8.0
-7.0
8.0
17.0
29.0
50.0
61.0
63.0
50.0
69.0
37.0
36.0
60.0
67.0
45.0
52.0
58.0
72.0
-8.0
-24.0
5.0
4.0
-1.0
27.0
-11.0
-17.0
-17.0
-19.0
-29.0
-37.0
-28.0
-33.0
-14.0
-12.0
12.0
22.0
59.0
32.0
33.0
1.0
12.0
8.0
-11.0
3.0
-11.0
18.0
-9.0
-48.0
-2.0
-14.0
24.0
23.0
-9.0
21.0
-8.0
-16.0
-21.0
-19.0
4.0
-15.0
-39.0
-37.0
1.0
-33.0
-64.0
-25.0
-12.0
-1.0
17.0
15.0
-2.0
-14.0
-12.0
4.0
4.0
10.0
18.0
32.0
36.0
21.0
13.0
13.0
13.0
-7.0
-12.0
-62.0
-78.0
-79.0
-72.0
-56.0
-79.0
-81.0
-112.0
-33.0
-48.0
-74.0
-1.0
8.0
34.0
27.0
51.0
51.0
60.0
89.0
74.0
44.0
33.0
24.0
71.0
54.0
13.0
4.0
-59.0
-35.0
50.0
55.0
54.0
-8.0
8.0
3.0
-7.0
2.0
16.0
13.0
-14.0
-11.0
-16.0
15.0
-10.0
7.0
-33.0
-35.0
-35.0
2.0
6.0
3.0
-5.0
-21.0
-8.0
-15.0
-7.0
3.0
21.0
2.0
-20.0
-5.0
-8.0
-2.0
-36.0
-27.0
-7.0
-2.0
-3.0
-3.0
-8.0
20.0
8.0
-25.0
-40.0
-47.0
-65.0
-61.0
-27.0
-24.0
-38.0
-52.0
-61.0
-23.0
-38.0
-25.0
18.0
28.0
18.0
53.0
25.0
26.0
19.0
15.0
26.0
24.0
8.0
14.0
8.0
-7.0
-1.0
-5.0
-18.0
-23.0
-36.0
-45.0
-13.0
-17.0
24.0
28.0
13.0
0.0
4.0
30.0
17.0
20.0
17.0
23.0
9.0
20.0
0.0
11.0
-26.0
-7.0
-25.0
-43.0
-39.0
-42.0
-39.0
-22.0
-22.0
-2.0
2.0
4.0
-1.0
6.0
11.0
12.0
19.0
32.0
0.0
-5.0
-10.0
-11.0
14.0
7.0
12.0
16.0
6.0
22.0
-3.0
-33.0
-33.0
15.0
7.0
11.0
0.0
-3.0
16.0
10.0
12.0
17.0
-26.0
-5.0
-33.0
-20.0
-37.0
-28.0
-11.0
-15.0
-30.0
-2.0
7.0
-3.0
5.0
-2.0
9.0
4.0
7.0
6.0
0.0
-6.0
-11.0
-24.0
3.0
-29.0
-65.0
-61.0
-37.0
-23.0
-4.0
3.0
-42.0
-34.0
26.0
28.0
9.0
4.0
21.0
-4.0
16.0
6.0
25.0
18.0
-44.0
-6.0
1.0
5.0
-4.0
22.0
25.0
40.0
12.0
14.0
-1.0
-3.0
15.0
11.0
16.0
7.0
0.0
-2.0
-1.0
13.0
12.0
3.0
-2.0
-3.0
-15.0
9.0
1.0
-8.0
-9.0
-21.0
-59.0
-43.0
-38.0
-36.0
-13.0
-46.0
-10.0
-38.0
-26.0
3.0
5.0
-8.0
-10.0
-11.0
8.0
1.0
17.0
44.0
7.0
6.0
17.0
19.0
36.0
44.0
18.0
3.0
1.0
-7.0
-17.0
-33.0
-46.0
-70.0
-53.0
-50.0
-6.0
14.0
-9.0
20.0
16.0
39.0
12.0
-11.0
-4.0
-11.0
-5.0
-1.0
12.0
-4.0
-19.0
-23.0
-17.0
-17.0
-21.0
-22.0
6.0
-5.0
2.0
-7.0
17.0
22.0
22.0
-17.0
0.0
-5.0
-23.0
-34.0
-11.0
-5.0
-33.0
-40.0
-6.0
0.0
-25.0
-22.0
12.0
4.0
-6.0
-11.0
2.0
-15.0
-22.0
-9.0
-18.0
-17.0
-23.0
7.0
19.0
-2.0
21.0
-22.0
-5.0
-6.0
-25.0
-33.0
-31.0
7.0
-64.0
-74.0
27.0
28.0
-13.0
-5.0
6.0
5.0
-23.0
-21.0
-11.0
-14.0
3.0
-22.0
3.0
-13.0
-17.0
-22.0
31.0
-7.0
4.0
-6.0
-17.0
-6.0
-14.0
11.0
26.0
24.0
-6.0
-3.0
19.0
18.0
30.0
7.0
-23.0
-19.0
-37.0
-38.0
-50.0
-38.0
-61.0
-46.0
-45.0
-29.0
-11.0
-25.0
-33.0
-29.0
-28.0
-30.0
-2.0
-5.0
-11.0
-6.0
-9.0
-15.0
8.0
1.0
5.0
-2.0
-14.0
-14.0
-38.0
-53.0
-75.0
-76.0
-30.0
-30.0
-30.0
-19.0
4.0
-6.0
3.0
20.0
15.0
103.0
75.0
69.0
78.0
30.0
16.0
27.0
55.0
28.0
46.0
44.0
59.0
65.0
48.0
39.0
53.0
28.0
-16.0
-30.0
-32.0
-37.0
-39.0
-42.0
-62.0
-62.0
-51.0
-34.0
-19.0
-21.0
-30.0
-4.0
-50.0
-44.0
-43.0
-36.0
-9.0
-29.0
-94.0
-38.0
0.0
41.0
43.0
51.0
35.0
17.0
-23.0
-4.0
35.0
61.0
72.0
47.0
22.0
19.0
21.0
25.0
6.0
0.0
4.0
-15.0
-22.0
12.0
-22.0
-18.0
-3.0
6.0
3.0
-10.0
-9.0
-2.0
-2.0
18.0
0.0
0.0
-11.0
-57.0
-35.0
-58.0
-51.0
-58.0
-53.0
-38.0
-23.0
-28.0
-5.0
12.0
15.0
5.0
-4.0
14.0
13.0
0.0
23.0
24.0
-9.0
6.0
41.0
30.0
17.0
22.0
2.0
-5.0
-7.0
-4.0
2.0
11.0
-13.0
6.0
10.0
4.0
6.0
-3.0
7.0
8.0
6.0
-7.0
2.0
-11.0
-30.0
-19.0
-23.0
-25.0
1.0
4.0
7.0
5.0
-11.0
-36.0
-65.0
-13.0
-33.0
-17.0
23.0
19.0
11.0
-17.0
-1.0
1.0
28.0
-49.0
-17.0
14.0
4.0
-2.0
3.0
11.0
12.0
-24.0
-58.0
-17.0
-7.0
7.0
21.0
22.0
25.0
37.0
2.0
16.0
-33.0
-16.0
8.0
5.0
34.0
37.0
25.0
60.0
30.0
-3.0
-25.0
-2.0
-1.0
4.0
-24.0
-21.0
21.0
10.0
-14.0
-45.0
-40.0
-54.0
-30.0
-47.0
-60.0
-57.0
-44.0
-69.0
-84.0
-142.0
-117.0
-86.0
-19.0
-47.0
-7.0
-9.0
5.0
30.0
1.0
55.0
41.0
64.0
69.0
55.0
43.0
49.0
44.0
70.0
61.0
54.0
33.0
24.0
20.0
20.0
-7.0
0.0
7.0
22.0
1.0
2.0
2.0
-18.0
-31.0
-5.0
-37.0
-42.0
-46.0
-27.0
19.0
28.0
35.0
20.0
-11.0
-15.0
-7.0
-7.0
-20.0
-5.0
-13.0
-23.0
-23.0
-7.0
-14.0
-27.0
-35.0
-27.0
-35.0
-40.0
-35.0
8.0
-2.0
-13.0
-4.0
24.0
11.0
14.0
26.0
9.0
15.0
-6.0
-11.0
4.0
0.0
2.0
-3.0
-3.0
5.0
-2.0
-3.0
-4.0
-28.0
-7.0
-39.0
-67.0
-94.0
-96.0
-110.0
-119.0
-77.0
-29.0
-37.0
-40.0
-19.0
-11.0
0.0
-6.0
-6.0
13.0
21.0
10.0
39.0
78.0
74.0
78.0
77.0
77.0
41.0
-5.0
31.0
3.0
37.0
32.0
15.0
1.0
-7.0
-7.0
-19.0
5.0
-9.0
-11.0
-1.0
17.0
15.0
-7.0
-5.0
-18.0
-19.0
-12.0
-4.0
2.0
23.0
3.0
39.0
7.0
-4.0
0.0
-12.0
0.0
-1.0
-15.0
-18.0
-2.0
-8.0
-20.0
-24.0
-20.0
-4.0
16.0
-27.0
-19.0
-18.0
-19.0
-39.0
-16.0
-18.0
-18.0
6.0
2.0
-18.0
-8.0
-49.0
-38.0
-18.0
-30.0
8.0
5.0
-4.0
19.0
15.0
21.0
7.0
11.0
19.0
16.0
-11.0
3.0
23.0
14.0
4.0
2.0
1.0
5.0
1.0
16.0
-15.0
-19.0
-9.0
-21.0
-5.0
3.0
-17.0
-18.0
-12.0
-2.0
-20.0
-18.0
-28.0
22.0
5.0
17.0
19.0
21.0
-8.0
-2.0
-37.0
-35.0
-34.0
-56.0
-68.0
-42.0
-18.0
1.0
1.0
-6.0
-29.0
-28.0
-7.0
17.0
-3.0
15.0
21.0
-10.0
2.0
-1.0
-27.0
-26.0
-25.0
18.0
7.0
15.0
36.0
24.0
4.0
27.0
22.0
29.0
10.0
15.0
5.0
7.0
-21.0
-18.0
-18.0
-1.0
-22.0
-12.0
1.0
7.0
-5.0
19.0
-18.0
-7.0
-14.0
13.0
1.0
-4.0
-26.0
-30.0
-22.0
-30.0
-21.0
1.0
-14.0
11.0
-22.0
-12.0
23.0
-4.0
20.0
-16.0
0.0
23.0
18.0
1.0
2.0
1.0
-9.0
7.0
-2.0
-5.0
-23.0
-55.0
-91.0
-38.0
-1.0
-1.0
4.0
29.0
19.0
16.0
18.0
28.0
-13.0
-17.0
-6.0
4.0
-7.0
-2.0
0.0
9.0
26.0
2.0
14.0
27.0
-10.0
-16.0
-2.0
-58.0
-43.0
-31.0
-28.0
-15.0
-25.0
-47.0
-34.0
-28.0
-4.0
8.0
35.0
44.0
29.0
8.0
24.0
9.0
-1.0
-2.0
-7.0
2.0
-20.0
-15.0
-29.0
-1.0
-42.0
2.0
9.0
6.0
-27.0
-17.0
-35.0
-85.0
-58.0
-52.0
-77.0
-72.0
-70.0
-70.0
-72.0
-47.0
-74.0
-15.0
-3.0
-20.0
28.0
40.0
47.0
53.0
66.0
50.0
44.0
30.0
39.0
42.0
50.0
39.0
33.0
34.0
13.0
15.0
21.0
14.0
17.0
21.0
8.0
12.0
-4.0
1.0
-21.0
-16.0
-17.0
-13.0
-23.0
-14.0
-20.0
-39.0
-56.0
-49.0
-10.0
-26.0
-25.0
-6.0
12.0
12.0
36.0
14.0
-2.0
-4.0
8.0
26.0
9.0
13.0
8.0
14.0
1.0
12.0
-12.0
-14.0
-5.0
-5.0
-10.0
-20.0
-39.0
-15.0
-13.0
-22.0
6.0
0.0
19.0
13.0
7.0
-10.0
-4.0
-7.0
-13.0
14.0
-17.0
-18.0
2.0
-4.0
18.0
0.0
-4.0
-8.0
-21.0
-24.0
-18.0
-17.0
-28.0
-20.0
-44.0
-18.0
10.0
-16.0
28.0
1.0
-32.0
-34.0
1.0
-19.0
-15.0
-16.0
-15.0
-27.0
-60.0
-71.0
-64.0
-62.0
-59.0
-81.0
-74.0
-39.0
-15.0
-33.0
-21.0
-13.0
-13.0
-13.0
13.0
30.0
38.0
25.0
44.0
31.0
19.0
30.0
20.0
28.0
24.0
3.0
-7.0
21.0
25.0
22.0
37.0
28.0
1.0
4.0
14.0
2.0
-9.0
-11.0
11.0
3.0
-12.0
-5.0
-11.0
-13.0
5.0
-19.0
-3.0
-27.0
-45.0
-29.0
-5.0
14.0
21.0
20.0
35.0
5.0
10.0
-5.0
6.0
-10.0
-49.0
-37.0
-40.0
-45.0
-60.0
-60.0
-34.0
-24.0
-51.0
-35.0
-1.0
21.0
0.0
-4.0
-25.0
-18.0
-14.0
-9.0
-20.0
1.0
5.0
11.0
6.0
3.0
2.0
16.0
17.0
7.0
36.0
31.0
25.0
69.0
23.0
27.0
22.0
19.0
-5.0
12.0
7.0
26.0
35.0
7.0
8.0
11.0
13.0
-18.0
-33.0
-27.0
-28.0
-24.0
8.0
22.0
-11.0
-10.0
5.0
-15.0
-3.0
-7.0
6.0
-4.0
5.0
9.0
-2.0
-1.0
-4.0
12.0
-8.0
9.0
-2.0
-2.0
-10.0
-7.0
-6.0
-10.0
-12.0
-15.0
-10.0
-6.0
-26.0
-20.0
-24.0
4.0
1.0
-1.0
-4.0
21.0
-8.0
6.0
-15.0
-8.0
-21.0
-14.0
-41.0
-52.0
-28.0
-16.0
-6.0
-6.0
-23.0
-17.0
-26.0
-22.0
12.0
6.0
-2.0
18.0
-6.0
-5.0
-16.0
-35.0
4.0
-3.0
32.0
33.0
6.0
-7.0
-13.0
-8.0
6.0
-2.0
-14.0
-11.0
5.0
14.0
11.0
7.0
16.0
47.0
26.0
35.0
5.0
1.0
23.0
13.0
0.0
18.0
1.0
-11.0
-27.0
5.0
25.0
63.0
35.0
47.0
62.0
53.0
43.0
48.0
48.0
68.0
52.0
62.0
66.0
63.0
74.0
47.0
50.0
51.0
52.0
30.0
-2.0
-11.0
-13.0
-20.0
-43.0
-64.0
-67.0
-77.0
-83.0
-64.0
-63.0
-68.0
-65.0
-66.0
-57.0
-28.0
-32.0
-35.0
-50.0
-57.0
-38.0
-37.0
-36.0
-37.0
-35.0
-40.0
-29.0
-29.0
-12.0
-32.0
-35.0
-29.0
-31.0
-11.0
-7.0
-19.0
5.0
19.0
8.0
8.0
4.0
-10.0
4.0
7.0
1.0
2.0
-13.0
-9.0
4.0
2.0
-22.0
-5.0
-9.0
-11.0
-35.0
9.0
7.0
-21.0
-27.0
-44.0
-12.0
-8.0
-10.0
-7.0
11.0
1.0
-1.0
-61.0
-30.0
-3.0
31.0
20.0
6.0
1.0
22.0
28.0
9.0
14.0
27.0
32.0
27.0
-5.0
6.0
0.0
-39.0
-23.0
-28.0
11.0
-13.0
-37.0
-29.0
0.0
-13.0
-20.0
-24.0
-2.0
-17.0
10.0
-7.0
17.0
0.0
-4.0
-12.0
-17.0
-6.0
-26.0
11.0
6.0
4.0
-4.0
-22.0
-15.0
-9.0
-10.0
-22.0
-15.0
-18.0
0.0
-2.0
2.0
11.0
30.0
0.0
-1.0
0.0
17.0
-1.0
-19.0
-7.0
-4.0
-15.0
0.0
-6.0
-2.0
-24.0
8.0
6.0
3.0
4.0
-22.0
-49.0
-18.0
3.0
7.0
3.0
15.0
9.0
15.0
0.0
6.0
9.0
-7.0
28.0
26.0
5.0
-9.0
0.0
6.0
1.0
-5.0
1.0
-13.0
-33.0
-33.0
-20.0
4.0
1.0
6.0
-14.0
-4.0
-7.0
-2.0
-12.0
-13.0
-2.0
-17.0
-4.0
2.0
-24.0
-7.0
0.0
12.0
7.0
6.0
-1.0
6.0
15.0
9.0
3.0
-35.0
1.0
-34.0
-15.0
-15.0
-34.0
-11.0
20.0
-16.0
10.0
-9.0
-22.0
-10.0
-5.0
-7.0
-23.0
-9.0
-3.0
18.0
16.0
16.0
-12.0
-28.0
-35.0
-34.0
-30.0
-69.0
-29.0
3.0
18.0
4.0
23.0
27.0
10.0
9.0
1.0
4.0
-26.0
-15.0
-37.0
-18.0
-44.0
-48.0
-29.0
-33.0
-21.0
-62.0
-35.0
-4.0
-13.0
-13.0
19.0
30.0
25.0
20.0
24.0
-1.0
-13.0
11.0
-16.0
-47.0
-42.0
6.0
-2.0
-1.0
2.0
12.0
30.0
6.0
0.0
9.0
-15.0
11.0
20.0
18.0
1.0
7.0
-3.0
-11.0
0.0
1.0
-19.0
-4.0
10.0
9.0
-19.0
-44.0
-29.0
-19.0
21.0
16.0
13.0
-7.0
16.0
17.0
0.0
-22.0
-33.0
-40.0
-22.0
-6.0
-21.0
-17.0
-25.0
-23.0
-23.0
2.0
-20.0
-10.0
-5.0
1.0
7.0
0.0
-8.0
1.0
-8.0
-14.0
1.0
-44.0
0.0
2.0
10.0
-16.0
-20.0
-33.0
4.0
17.0
13.0
13.0
6.0
6.0
-1.0
-24.0
-5.0
0.0
10.0
29.0
22.0
-5.0
-32.0
-19.0
-17.0
10.0
28.0
28.0
-13.0
-18.0
-5.0
-39.0
-22.0
-26.0
2.0
-22.0
12.0
6.0
-7.0
2.0
-14.0
16.0
-11.0
-6.0
-11.0
4.0
-4.0
5.0
-4.0
-4.0
-1.0
-8.0
-3.0
2.0
0.0
-7.0
-7.0
-11.0
5.0
11.0
10.0
-14.0
-18.0
-11.0
-8.0
-28.0
9.0
18.0
4.0
8.0
-26.0
-5.0
-11.0
1.0
-11.0
-8.0
6.0
-2.0
-19.0
-9.0
2.0
-10.0
-11.0
-19.0
-7.0
-6.0
-17.0
-11.0
9.0
-30.0
-2.0
8.0
9.0
3.0
-6.0
17.0
9.0
4.0
6.0
1.0
-9.0
-22.0
14.0
14.0
2.0
8.0
-3.0
-17.0
-16.0
-14.0
-14.0
-23.0
-11.0
-17.0
13.0
14.0
-5.0
-8.0
-10.0
0.0
3.0
-8.0
-5.0
1.0
-8.0
-19.0
-36.0
-28.0
1.0
-4.0
11.0
7.0
2.0
9.0
-5.0
-12.0
-5.0
2.0
-7.0
-6.0
-15.0
-6.0
-19.0
-10.0
-16.0
-9.0
-18.0
-13.0
9.0
-1.0
-8.0
14.0
4.0
4.0
-4.0
0.0
-4.0
-4.0
1.0
-5.0
4.0
-32.0
-30.0
-9.0
-20.0
11.0
-5.0
-4.0
-13.0
-18.0
-31.0
-22.0
11.0
-1.0
3.0
16.0
8.0
-4.0
5.0
-11.0
-1.0
-22.0
-3.0
-4.0
0.0
9.0
-4.0
-11.0
-2.0
-8.0
-3.0
-10.0
4.0
-18.0
-13.0
-17.0
-11.0
-14.0
-15.0
2.0
1.0
18.0
9.0
-11.0
-20.0
4.0
-14.0
-6.0
-19.0
-18.0
0.0
-24.0
-24.0
-4.0
-15.0
11.0
0.0
-8.0
14.0
15.0
13.0
-12.0
-19.0
-7.0
6.0
-14.0
5.0
8.0
-35.0
-5.0
-3.0
2.0
1.0
-18.0
-12.0
-16.0
-21.0
-25.0
-20.0
-12.0
-10.0
12.0
19.0
-6.0
26.0
-2.0
26.0
25.0
14.0
3.0
2.0
-12.0
-15.0
-13.0
-18.0
-37.0
-26.0
-33.0
-4.0
-21.0
-15.0
16.0
-3.0
13.0
-16.0
4.0
-11.0
-8.0
-1.0
-5.0
-20.0
-7.0
-5.0
19.0
-9.0
-9.0
9.0
10.0
-11.0
17.0
-2.0
-7.0
5.0
-33.0
-21.0
-11.0
3.0
-2.0
-11.0
-16.0
9.0
-18.0
-26.0
-27.0
9.0
-18.0
-31.0
-26.0
-9.0
-3.0
8.0
6.0
7.0
-4.0
-6.0
13.0
19.0
20.0
11.0
16.0
9.0
10.0
1.0
-11.0
-13.0
-34.0
-20.0
-20.0
-23.0
3.0
11.0
5.0
17.0
2.0
-11.0
-9.0
4.0
2.0
9.0
8.0
-9.0
-12.0
-5.0
-18.0
-7.0
16.0
-9.0
-11.0
-4.0
-4.0
-4.0
4.0
-5.0
-5.0
-5.0
13.0
4.0
1.0
-25.0
-21.0
-14.0
-16.0
-9.0
-11.0
6.0
23.0
15.0
19.0
-4.0
-7.0
-2.0
17.0
-15.0
-11.0
-21.0
-21.0
-19.0
-21.0
-22.0
-1.0
13.0
-8.0
21.0
20.0
20.0
4.0
0.0
4.0
-9.0
16.0
-4.0
-11.0
-28.0
-40.0
-13.0
5.0
6.0
9.0
10.0
1.0
-16.0
-18.0
-6.0
-34.0
-30.0
-10.0
19.0
20.0
-12.0
1.0
6.0
0.0
2.0
23.0
17.0
19.0
17.0
14.0
-9.0
-5.0
-15.0
-49.0
-34.0
-21.0
-44.0
-26.0
-44.0
-44.0
-23.0
-15.0
28.0
19.0
25.0
55.0
31.0
29.0
17.0
-6.0
4.0
25.0
17.0
-1.0
-15.0
-20.0
7.0
3.0
-6.0
-17.0
-39.0
-36.0
-26.0
-5.0
-13.0
-15.0
-24.0
0.0
-13.0
-8.0
9.0
-8.0
-3.0
9.0
-5.0
2.0
-15.0
-4.0
4.0
0.0
6.0
2.0
0.0
7.0
0.0
19.0
22.0
1.0
47.0
39.0
-10.0
2.0
10.0
-20.0
-18.0
-28.0
6.0
-12.0
11.0
19.0
-9.0
4.0
-52.0
-12.0
-11.0
5.0
9.0
-31.0
17.0
16.0
-5.0
-16.0
-37.0
-19.0
-17.0
-15.0
-21.0
-4.0
-24.0
-28.0
-32.0
-14.0
-13.0
11.0
-16.0
-11.0
-10.0
-13.0
-6.0
-4.0
-2.0
-15.0
-21.0
-22.0
2.0
-1.0
-27.0
5.0
-4.0
-4.0
2.0
4.0
-8.0
12.0
-1.0
-29.0
-21.0
-3.0
8.0
16.0
1.0
11.0
11.0
1.0
-3.0
0.0
0.0
-26.0
-22.0
-19.0
5.0
3.0
-18.0
-14.0
-17.0
-14.0
-5.0
30.0
-15.0
-15.0
13.0
-13.0
-23.0
-5.0
-13.0
-2.0
-35.0
-27.0
-22.0
-21.0
17.0
6.0
-23.0
-23.0
-4.0
-22.0
3.0
25.0
33.0
31.0
11.0
-10.0
0.0
-2.0
1.0
19.0
1.0
-24.0
-18.0
-11.0
-8.0
14.0
32.0
30.0
24.0
26.0
-24.0
-18.0
-21.0
-23.0
-7.0
-8.0
-26.0
-7.0
-12.0
-19.0
2.0
2.0
1.0
4.0
-21.0
2.0
-8.0
-15.0
-22.0
-18.0
-35.0
-29.0
-40.0
-33.0
-44.0
-16.0
-15.0
-16.0
-4.0
3.0
7.0
-21.0
-5.0
-11.0
-47.0
-11.0
-14.0
14.0
-1.0
22.0
17.0
-11.0
4.0
8.0
-8.0
18.0
20.0
4.0
12.0
-9.0
-4.0
-18.0
7.0
14.0
-6.0
-14.0
-13.0
1.0
9.0
21.0
22.0
-4.0
-15.0
-17.0
-13.0
-32.0
-20.0
-36.0
-32.0
-16.0
-5.0
-22.0
3.0
-1.0
4.0
-4.0
-12.0
3.0
-22.0
15.0
24.0
0.0
6.0
0.0
-9.0
-15.0
-24.0
16.0
17.0
3.0
3.0
9.0
-9.0
-14.0
8.0
-13.0
-6.0
-33.0
-17.0
10.0
-23.0
-25.0
-6.0
-12.0
-15.0
1.0
17.0
20.0
12.0
16.0
-13.0
-36.0
-8.0
-3.0
-35.0
-11.0
-10.0
-27.0
-18.0
13.0
1.0
-9.0
-10.0
-10.0
8.0
16.0
-4.0
-15.0
-4.0
5.0
5.0
0.0
-10.0
-6.0
6.0
-3.0
2.0
-7.0
-8.0
-18.0
38.0
-8.0
27.0
24.0
-27.0
12.0
-5.0
-20.0
-16.0
-22.0
9.0
-4.0
-7.0
-14.0
-40.0
4.0
-32.0
7.0
-4.0
1.0
6.0
4.0
11.0
11.0
2.0
-1.0
-11.0
-24.0
-11.0
-1.0
6.0
4.0
-7.0
-9.0
-14.0
-17.0
-32.0
-50.0
-30.0
-36.0
-49.0
-46.0
-26.0
-30.0
-30.0
-35.0
-33.0
-13.0
-27.0
0.0
1.0
-15.0
16.0
22.0
-15.0
15.0
22.0
16.0
-1.0
7.0
1.0
-5.0
-16.0
-8.0
-12.0
-2.0
-17.0
7.0
-11.0
-2.0
-13.0
12.0
36.0
37.0
53.0
12.0
13.0
-11.0
-17.0
1.0
-2.0
-19.0
22.0
17.0
-10.0
-3.0
-6.0
17.0
42.0
25.0
26.0
34.0
26.0
34.0
32.0
48.0
5.0
12.0
-10.0
-20.0
-9.0
-22.0
-20.0
-24.0
-26.0
-26.0
-39.0
-22.0
-15.0
-6.0
-19.0
-15.0
-17.0
-26.0
-25.0
-13.0
-10.0
1.0
14.0
12.0
20.0
-8.0
1.0
0.0
14.0
-25.0
-23.0
-15.0
-30.0
-20.0
3.0
-8.0
-35.0
-50.0
-10.0
2.0
0.0
-28.0
-12.0
-1.0
10.0
-11.0
-8.0
-8.0
0.0
1.0
-7.0
-13.0
-12.0
-42.0
-55.0
-30.0
-13.0
-13.0
-7.0
0.0
12.0
-6.0
-6.0
-26.0
-30.0
10.0
-3.0
0.0
15.0
-2.0
8.0
13.0
-1.0
6.0
23.0
2.0
-12.0
-16.0
-4.0
-11.0
8.0
-8.0
2.0
-4.0
-23.0
-30.0
-28.0
-30.0
-18.0
-24.0
0.0
8.0
-5.0
6.0
-8.0
-2.0
-16.0
-16.0
-17.0
-12.0
19.0
34.0
12.0
-4.0
-15.0
1.0
-13.0
-1.0
9.0
-7.0
-4.0
14.0
-2.0
24.0
20.0
-4.0
-29.0
-26.0
1.0
-14.0
-15.0
-18.0
-24.0
12.0
-31.0
24.0
6.0
-6.0
-1.0
10.0
21.0
4.0
17.0
-47.0
-28.0
-11.0
4.0
5.0
27.0
-5.0
-2.0
-23.0
0.0
-10.0
5.0
0.0
14.0
7.0
-23.0
-25.0
5.0
-9.0
-2.0
-7.0
12.0
17.0
6.0
8.0
-5.0
0.0
-6.0
-2.0
-8.0
9.0
10.0
-4.0
-4.0
-13.0
-11.0
-21.0
-13.0
24.0
10.0
12.0
-4.0
-16.0
-5.0
0.0
-35.0
12.0
-9.0
8.0
-13.0
14.0
18.0
20.0
-19.0
-25.0
-17.0
3.0
-9.0
-4.0
-10.0
-36.0
-42.0
-26.0
-7.0
10.0
8.0
-3.0
19.0
-12.0
-16.0
-5.0
5.0
-22.0
22.0
31.0
-12.0
20.0
-4.0
4.0
-24.0
-5.0
0.0
5.0
-7.0
4.0
25.0
20.0
31.0
9.0
-35.0
-9.0
-21.0
-13.0
3.0
-16.0
-21.0
-3.0
-33.0
-6.0
-12.0
-10.0
2.0
9.0
4.0
5.0
-5.0
7.0
-14.0
20.0
6.0
17.0
18.0
18.0
10.0
-6.0
-7.0
-21.0
5.0
1.0
6.0
-23.0
4.0
-11.0
-12.0
-1.0
-17.0
-12.0
-10.0
-23.0
-23.0
-36.0
3.0
-9.0
12.0
8.0
11.0
0.0
22.0
6.0
19.0
-15.0
14.0
25.0
-13.0
-13.0
-16.0
-11.0
-24.0
-18.0
-12.0
-35.0
2.0
-9.0
-49.0
-33.0
-38.0
-21.0
-30.0
-22.0
-37.0
-53.0
-53.0
-9.0
-29.0
-12.0
-4.0
45.0
94.0
88.0
86.0
84.0
89.0
82.0
69.0
71.0
78.0
33.0
11.0
11.0
22.0
-20.0
-29.0
-50.0
-29.0
-22.0
-42.0
-25.0
-42.0
2.0
-34.0
-8.0
-64.0
-23.0
-3.0
-2.0
-12.0
0.0
-22.0
-13.0
-23.0
0.0
-14.0
-4.0
-14.0
-27.0
-29.0
10.0
22.0
-6.0
-9.0
13.0
12.0
10.0
-28.0
-28.0
-21.0
-10.0
-6.0
-16.0
-40.0
-24.0
-44.0
-35.0
-41.0
-35.0
-38.0
-26.0
-24.0
-25.0
-16.0
-12.0
15.0
2.0
7.0
5.0
17.0
18.0
8.0
-5.0
-10.0
10.0
-10.0
-26.0
-18.0
-25.0
-5.0
9.0
5.0
13.0
0.0
-11.0
1.0
8.0
-4.0
5.0
14.0
48.0
-15.0
-4.0
-15.0
-21.0
-25.0
-13.0
-26.0
-13.0
-38.0
10.0
-41.0
-9.0
13.0
-8.0
-7.0
4.0
5.0
7.0
8.0
0.0
-31.0
5.0
0.0
2.0
4.0
4.0
0.0
5.0
0.0
-20.0
7.0
10.0
-5.0
-8.0
7.0
-21.0
-13.0
-9.0
-1.0
-14.0
14.0
-10.0
-15.0
-28.0
-32.0
-17.0
-14.0
-20.0
-18.0
-3.0
-12.0
-3.0
1.0
-13.0
6.0
-23.0
-3.0
4.0
-6.0
7.0
-25.0
-1.0
-11.0
-8.0
-6.0
2.0
10.0
12.0
23.0
10.0
12.0
-2.0
-13.0
-8.0
-31.0
21.0
-10.0
-7.0
22.0
2.0
1.0
-22.0
0.0
-10.0
-9.0
11.0
3.0
7.0
-11.0
-9.0
-4.0
1.0
-23.0
-20.0
11.0
-2.0
-12.0
-26.0
-28.0
-14.0
-8.0
5.0
17.0
1.0
-23.0
-4.0
-23.0
-22.0
-10.0
-23.0
5.0
55.0
27.0
46.0
7.0
28.0
-10.0
-19.0
18.0
-16.0
-5.0
-23.0
4.0
-22.0
-17.0
-9.0
8.0
8.0
-3.0
-26.0
5.0
-5.0
14.0
19.0
14.0
3.0
23.0
0.0
17.0
19.0
3.0
-3.0
4.0
-18.0
20.0
-12.0
10.0
34.0
6.0
0.0
-7.0
4.0
-20.0
-9.0
-39.0
-32.0
-13.0
-32.0
-21.0
2.0
13.0
8.0
13.0
-24.0
-14.0
-37.0
33.0
30.0
21.0
19.0
-1.0
-6.0
-10.0
5.0
-14.0
-26.0
6.0
-15.0
2.0
16.0
4.0
-5.0
-10.0
-7.0
-43.0
-32.0
-1.0
-8.0
15.0
-8.0
-3.0
21.0
3.0
-18.0
12.0
13.0
6.0
-4.0
9.0
-2.0
-9.0
-29.0
-22.0
-16.0
-13.0
-12.0
6.0
1.0
-11.0
16.0
9.0
-10.0
2.0
-13.0
-19.0
-6.0
19.0
15.0
7.0
-16.0
-16.0
-4.0
-35.0
-24.0
-35.0
-5.0
-32.0
-8.0
-32.0
-16.0
-4.0
2.0
-2.0
-12.0
-33.0
1.0
-12.0
-14.0
-3.0
-16.0
-27.0
6.0
-64.0
-33.0
-20.0
-61.0
16.0
15.0
63.0
17.0
13.0
6.0
29.0
17.0
-15.0
24.0
19.0
19.0
50.0
17.0
6.0
32.0
21.0
33.0
7.0
-15.0
11.0
27.0
-10.0
-19.0
-48.0
-48.0
-50.0
19.0
6.0
27.0
-54.0
-57.0
-11.0
-44.0
46.0
32.0
237.0
313.0
313.0
313.0
313.0
313.0
313.0
313.0
313.0
313.0
313.0
271.0
170.0
174.0
61.0
47.0
-34.0
-98.0
-180.0
-134.0
-225.0
-254.0
-289.0
-270.0
-313.0
-313.0
-308.0
-283.0
-278.0
-280.0
-270.0
-225.0
-215.0
-210.0
-247.0
-192.0
-166.0
-203.0
-171.0
-176.0
-163.0
-155.0
-194.0
-99.0
-113.0
-152.0
-60.0
-70.0
-43.0
-75.0
-51.0
-14.0
9.0
-4.0
12.0
-13.0
-15.0
-17.0
8.0
-8.0
-15.0
-1.0
-39.0
-20.0
-28.0
7.0
-22.0
-82.0
-49.0
-64.0
-31.0
-13.0
-34.0
9.0
-13.0
18.0
28.0
23.0
55.0
43.0
43.0
60.0
56.0
50.0
40.0
57.0
27.0
36.0
34.0
22.0
-42.0
-10.0
-11.0
22.0
21.0
-10.0
-42.0
6.0
-3.0
41.0
29.0
17.0
15.0
-4.0
16.0
-21.0
0.0
14.0
19.0
52.0
65.0
38.0
2.0
47.0
56.0
45.0
57.0
41.0
42.0
56.0
14.0
36.0
-10.0
27.0
45.0
7.0
-7.0
-20.0
-15.0
11.0
-25.0
-36.0
4.0
8.0
10.0
-16.0
45.0
5.0
-17.0
-9.0
20.0
24.0
46.0
-7.0
2.0
21.0
-1.0
4.0
17.0
-52.0
-39.0
-57.0
-75.0
-73.0
-46.0
-52.0
-99.0
-65.0
-36.0
-33.0
-41.0
-72.0
-63.0
-54.0
-94.0
-69.0
-50.0
-111.0
-32.0
-68.0
-33.0
-41.0
4.0
38.0
-34.0
-22.0
-1.0
-29.0
-8.0
13.0
49.0
24.0
2.0
14.0
0.0
-4.0
11.0
49.0
51.0
33.0
19.0
37.0
7.0
8.0
-60.0
-70.0
-111.0
2.0
19.0
51.0
-3.0
4.0
38.0
-34.0
-29.0
-5.0
4.0
-32.0
-9.0
-17.0
-25.0
-18.0
12.0
33.0
-5.0
-13.0
-32.0
28.0
-3.0
6.0
5.0
-4.0
-35.0
-26.0
2.0
11.0
-6.0
-29.0
-34.0
-24.0
-82.0
21.0
-19.0
-29.0
29.0
35.0
-61.0
12.0
8.0
-36.0
16.0
15.0
-14.0
6.0
10.0
-20.0
57.0
24.0
29.0
-2.0
-29.0
31.0
-20.0
53.0
38.0
42.0
18.0
33.0
68.0
60.0
15.0
29.0
-3.0
74.0
19.0
-15.0
-56.0
7.0
-85.0
-26.0
-43.0
-56.0
-32.0
-15.0
-47.0
-18.0
7.0
-20.0
6.0
-7.0
-21.0
-20.0
16.0
8.0
41.0
21.0
36.0
-25.0
-30.0
-50.0
-25.0
35.0
11.0
13.0
4.0
17.0
9.0
7.0
-23.0
19.0
-54.0
-2.0
19.0
-42.0
-5.0
-1.0
65.0
-13.0
41.0
50.0
14.0
-4.0
9.0
-73.0
23.0
-1.0
3.0
-5.0
43.0
18.0
-8.0
41.0
26.0
23.0
-8.0
-25.0
18.0
46.0
0.0
-45.0
4.0
-313.0
-313.0
-313.0
-313.0
-313.0
-313.0
313.0
180.0
313.0
313.0
313.0
313.0
313.0
313.0
313.0
313.0
313.0
313.0
313.0
210.0
98.0
80.0
49.0
-73.0
99.0
-15.0
-112.0
-193.0
-199.0
-247.0
-254.0
-313.0
-313.0
-313.0
-313.0
-313.0
-313.0
-313.0
-313.0
-313.0
-313.0
-310.0
-277.0
-296.0
-191.0
-232.0
-278.0
-195.0
-181.0
-210.0
-174.0
-120.0
-123.0
-188.0
-136.0
-224.0
-190.0
-113.0
-75.0
-94.0
-74.0
66.0
-9.0
20.0
153.0
-5.0
261.0
77.0
6.0
-37.0
-73.0
-56.0
2.0
18.0
-92.0
-64.0
-149.0
153.0
54.0
-74.0
-94.0
-72.0
-128.0
-79.0
-107.0
2.0
-57.0
-90.0
18.0
-57.0
-42.0
-45.0
-56.0
-86.0
-71.0
-102.0
0.0
-34.0
-45.0
-61.0
34.0
20.0
63.0
-32.0
-22.0
-18.0
6.0
51.0
-27.0
-1.0
14.0
63.0
52.0
17.0
65.0
2.0
46.0
11.0
38.0
40.0
24.0
35.0
-7.0
49.0
13.0
74.0
67.0
38.0
-10.0
4.0
-2.0
1.0
2.0
-4.0
41.0
56.0
-66.0
54.0
22.0
7.0
29.0
24.0
86.0
40.0
-11.0
22.0
45.0
4.0
41.0
21.0
202.0
18.0
73.0
14.0
15.0
46.0
0.0
-34.0
27.0
-33.0
1.0
24.0
-36.0
-22.0
2.0
-26.0
-1.0
-36.0
5.0
8.0
16.0
-29.0
-46.0
-23.0
-18.0
13.0
-2.0
-36.0
-51.0
-37.0
0.0
-30.0
-88.0
17.0
33.0
37.0
16.0
-5.0
39.0
-4.0
28.0
-13.0
-8.0
-22.0
-29.0
2.0
-4.0
38.0
-21.0
-44.0
47.0
31.0
-55.0
46.0
-39.0
23.0
17.0
44.0
-8.0
-32.0
-34.0
38.0
20.0
-18.0
59.0
-17.0
21.0
35.0
-27.0
4.0
29.0
-48.0
-11.0
-1.0
-46.0
34.0
28.0
-18.0
7.0
0.0
45.0
42.0
-11.0
-28.0
-37.0
30.0
-15.0
-61.0
9.0
-2.0
13.0
21.0
7.0
32.0
25.0
39.0
19.0
1.0
-51.0
-19.0
-13.0
-11.0
15.0
-38.0
-53.0
-27.0
2.0
44.0
5.0
19.0
-30.0
14.0
17.0
0.0
-21.0
27.0
-48.0
5.0
28.0
31.0
11.0
23.0
0.0
34.0
-26.0
11.0
-21.0
-99.0
-15.0
3.0
19.0
4.0
10.0
-34.0
-31.0
-68.0
113.0
-40.0
1.0
-27.0
8.0
32.0
43.0
-18.0
3.0
-19.0
0.0
12.0
32.0
-39.0
-12.0
11.0
4.0
-2.0
28.0
-2.0
-6.0
-36.0
-43.0
-4.0
46.0
63.0
11.0
-4.0
9.0
41.0
-10.0
43.0
14.0
-5.0
-35.0
-33.0
32.0
-37.0
-64.0
3.0
12.0
-2.0
33.0
-37.0
14.0
16.0
9.0
2.0
26.0
-23.0
53.0
11.0
27.0
17.0
83.0
-10.0
107.0
27.0
53.0
1.0
-54.0
-12.0
10.0
-83.0
11.0
-57.0
-137.0
-91.0
-59.0
-71.0
-52.0
83.0
31.0
74.0
-23.0
5.0
-5.0
-14.0
18.0
64.0
1.0
-27.0
101.0
93.0
174.0
160.0
23.0
55.0
-30.0
-25.0
-6.0
-115.0
-51.0
-62.0
-11.0
-14.0
-125.0
-88.0
-139.0
-313.0
-313.0
-313.0
-313.0
-313.0
-313.0
-313.0
-313.0
-313.0
-313.0
-313.0
-313.0
-313.0
-313.0
-313.0
-313.0
-313.0
-313.0
-313.0
-313.0
-313.0
-313.0
-313.0
-313.0
-313.0
-313.0
-313.0
-313.0
-313.0
-313.0
-313.0
-313.0
-313.0
-313.0
-313.0
-313.0
-313.0
-313.0
-313.0
-313.0
-313.0
-313.0
-313.0
-313.0
-313.0
-313.0
-313.0
-313.0
-313.0
-313.0
-313.0
-313.0
-313.0
-313.0
-313.0
-313.0
-313.0
-313.0
-313.0
-313.0
-313.0
-313.0
-313.0
-313.0
-313.0
-313.0
-313.0
-313.0
-313.0
-313.0
-313.0
-313.0
-313.0
-313.0
-313.0
-313.0
-313.0
-313.0
-313.0
-313.0
-313.0
-313.0
-313.0
-313.0
-313.0
-313.0
-313.0
-313.0
-313.0
-313.0
-313.0
-313.0
-313.0
-313.0
-313.0
-313.0
-313.0
-313.0
-313.0
-313.0
-313.0
-313.0
-313.0
-313.0
-313.0
-313.0
-313.0
-313.0
-313.0
-313.0
-313.0
-313.0
-313.0
-313.0
-313.0
-313.0
-313.0
-313.0
-313.0
-313.0
-313.0
-313.0
-313.0
-313.0
-313.0
-313.0
-313.0
-313.0
-313.0
-313.0
-313.0
-313.0
-313.0
-313.0
-313.0
-313.0
-313.0
-313.0
-313.0
-313.0
-313.0
-313.0
-313.0
-313.0
-313.0
-313.0
-313.0
-313.0
-313.0
-313.0
-313.0
-313.0
-313.0
-313.0
-313.0
-313.0
-313.0
-313.0
-313.0
-313.0
-313.0
-313.0
-313.0
-313.0
-313.0
-313.0
-313.0
-313.0
-313.0
-313.0
-313.0
-313.0
-313.0
-313.0
-313.0
-313.0
-313.0
-313.0
-313.0
-313.0
-313.0
-313.0
-313.0
-313.0
-313.0
-313.0
-313.0
-313.0
-313.0
-313.0
-313.0
-313.0
-313.0
-313.0
-313.0
-313.0
-313.0
-313.0
-313.0
-313.0
-313.0
-313.0
-313.0
-313.0
-313.0
-313.0
-313.0
-313.0
-313.0
-313.0
-313.0
-313.0
-313.0
-313.0
-313.0
-313.0
-313.0
-313.0
-313.0
-313.0
-313.0
-313.0
-313.0
-313.0
-313.0
-313.0
-313.0
-313.0
-313.0
-313.0
-313.0
-313.0
-313.0
-313.0
-313.0
-313.0
-313.0
-313.0
-313.0
-313.0
-313.0
-313.0
-313.0
-313.0
-313.0
-313.0
-313.0
-313.0
-313.0
-313.0
-313.0
-313.0
-313.0
-313.0
-313.0
-313.0
-313.0
-313.0
-313.0
-313.0
-313.0
-313.0
-313.0
-313.0
-313.0
-313.0
-313.0
-313.0
-313.0
-313.0
-313.0
-313.0
-313.0
-313.0
-313.0
-313.0
-313.0
-313.0
-313.0
-313.0
-313.0
-313.0
-313.0
-313.0
-313.0
-313.0
-313.0
-313.0
-313.0
-313.0
-313.0
-313.0
-313.0
-313.0
-313.0
-313.0
-313.0
-313.0
-313.0
-313.0
-313.0
-313.0
-313.0
-313.0
-313.0
-313.0
-313.0
-313.0
-313.0
-313.0
-313.0
-313.0
-313.0
-313.0
-313.0
-313.0
-313.0
-313.0
-313.0
-313.0
-313.0
-313.0
-313.0
-313.0
-313.0
-313.0
-313.0
-313.0
-313.0
-313.0
-313.0
-313.0
-313.0
-313.0
-313.0
-313.0
-313.0
-313.0
-313.0
-313.0
-313.0
-313.0
-313.0
-313.0
-313.0
-313.0
-313.0
-313.0
-313.0
-313.0
-313.0
-313.0
-313.0
-313.0
-313.0
-313.0
-313.0
-313.0
-313.0
-313.0
-313.0
-313.0
-313.0
-313.0
-313.0
-313.0
-313.0
-313.0
-313.0
-313.0
-313.0
-313.0
-313.0
-313.0
-313.0
-313.0
-313.0
-313.0
-313.0
-313.0
-313.0
-313.0
-313.0
-313.0
-313.0
-313.0
-313.0
-313.0
-313.0
-313.0
-313.0
-313.0
-313.0
-313.0
-313.0
-313.0
-313.0
-313.0
-313.0
-313.0
-313.0
-313.0
-313.0
-313.0
-313.0
-313.0
-313.0
-313.0
-313.0
-313.0
-313.0
-313.0
-313.0
-313.0
-313.0
-313.0
-313.0
-313.0
-313.0
-313.0
-313.0
-313.0
-313.0
-313.0
-313.0
-313.0
-313.0
-313.0
-313.0
-313.0
-313.0
-313.0
-313.0
-313.0
-313.0
-313.0
-313.0
-313.0
-313.0
-313.0
-313.0
-313.0
-313.0
-313.0
-313.0
-313.0
-313.0
-313.0
-313.0
-313.0
-313.0
-313.0
-313.0
-313.0
-313.0
-313.0
-313.0
-313.0
-313.0
-313.0
-313.0
-313.0
-313.0
-313.0
-313.0
-313.0
-313.0
-313.0
-313.0
-313.0
-313.0
-313.0
-313.0
-313.0
-313.0
-313.0
-313.0
-313.0
-313.0
-313.0
-313.0
-313.0
-313.0
-313.0
-313.0
-313.0
-313.0
-313.0
-313.0
-313.0
-313.0
-313.0
-313.0
-313.0
-313.0
-313.0
-313.0
-313.0
-313.0
-313.0
-313.0
-313.0
-313.0
-313.0
-313.0
-313.0
-313.0
-313.0
-313.0
-313.0
-313.0
-313.0
-313.0
-313.0
-313.0
-313.0
-313.0
-313.0
-313.0
-313.0
-313.0
-313.0
-313.0
-313.0
-313.0
-313.0
-313.0
-313.0
-313.0
-313.0
-313.0
-313.0
-313.0
-313.0
-313.0
-313.0
-313.0
-313.0
-313.0
-313.0
-313.0
-313.0
-313.0
-313.0
-313.0
-313.0
-313.0
-313.0
-313.0
-313.0
-313.0
-313.0
-313.0
-313.0
-313.0
-313.0
-313.0
-313.0
-313.0
-313.0
-313.0
-313.0
-313.0
-313.0
-313.0
-313.0
-313.0
-313.0
-313.0
-313.0
-313.0
-313.0
-313.0
-313.0
-313.0
-313.0
-313.0
-313.0
-313.0
-313.0
-313.0
-313.0
-313.0
-313.0
-313.0
-313.0
-313.0
-313.0
-313.0
-313.0
-313.0
-313.0
-313.0
-313.0
-313.0
-313.0
-313.0
-313.0
-313.0
-313.0
-313.0
-313.0
-313.0
-313.0
-313.0
-313.0
-313.0
-313.0
-313.0
-313.0
-313.0
-313.0
-313.0
-313.0
-313.0
-313.0
-313.0
-313.0
-313.0
-313.0
-313.0
-313.0
-313.0
-313.0
-313.0
-313.0
-313.0
-313.0
-313.0
-313.0
-313.0
-313.0
-313.0
-313.0
-313.0
-313.0
-313.0
-313.0
-313.0
-313.0
-313.0
-313.0
-313.0
-313.0
-313.0
-313.0
-313.0
-313.0
-313.0
-313.0
-313.0
-313.0
-313.0
-313.0
-313.0
-313.0
-313.0
-313.0
-313.0
-313.0
-313.0
-313.0
-313.0
-313.0
-313.0
-313.0
-313.0
-313.0
-313.0
-313.0
-313.0
-313.0
-313.0
-313.0
-313.0
-313.0
-313.0
-313.0
-313.0
-313.0
-313.0
-313.0
-313.0
-313.0
-313.0
-313.0
-313.0
-313.0
-313.0
-313.0
-313.0
-313.0
-313.0
-313.0
-313.0
-313.0
-313.0
-313.0
-313.0
-313.0
-313.0
-313.0
-313.0
-313.0
-313.0
-313.0
-313.0
-313.0
-313.0
-313.0
-313.0
-313.0
-313.0
-313.0
-313.0
-313.0
-313.0
-313.0
-313.0
-313.0
-313.0
-313.0
-313.0
-313.0
-313.0
-313.0
-313.0
-313.0
-313.0
-313.0
-313.0
-313.0
-313.0
-313.0
-313.0
-313.0
-313.0
-313.0
-313.0
-313.0
-313.0
-313.0
-313.0
-313.0
-313.0
-313.0
-313.0
-313.0
-313.0
-313.0
-313.0
-313.0
-313.0
-313.0
-313.0
-313.0
-313.0
-313.0
-313.0
-313.0
-313.0
-313.0
-313.0
-313.0
-313.0
-313.0
-313.0
-313.0
-313.0
-313.0
-313.0
-313.0
-313.0
-313.0
-313.0
-313.0
-313.0
-313.0
-313.0
-313.0
-313.0
-313.0
-313.0
-313.0
-313.0
-313.0
-313.0
-313.0
-313.0
-313.0
-313.0
-313.0
-313.0
-313.0
-313.0
-313.0
-313.0
-313.0
-313.0
-313.0
-313.0
-313.0
-313.0
-313.0
-313.0
-313.0
-313.0
-313.0
-313.0
-313.0
-313.0
-313.0
-313.0
-313.0
-313.0
-313.0
-313.0
-313.0
-313.0
-313.0
-313.0
-313.0
-313.0
-313.0
-313.0
-313.0
-313.0
-313.0
-313.0
-313.0
-313.0
-313.0
-313.0
-313.0
-313.0
-313.0
-313.0
-313.0
-313.0
-313.0
-313.0
-313.0
-313.0
-313.0
-313.0
-313.0
-313.0
-313.0
-313.0
-313.0
-313.0
-313.0
-313.0
-313.0
-313.0
-313.0
-313.0
-313.0
-313.0
-313.0
-313.0
-313.0
-313.0
-313.0
-313.0
-313.0
-313.0
-313.0
-313.0
-313.0
-313.0
-313.0
-313.0
-313.0
-313.0
-313.0
-313.0
-313.0
-313.0
-313.0
-313.0
-313.0
-313.0
-313.0
-313.0
-313.0
-313.0
-313.0
-313.0
-313.0
-313.0
-313.0
-313.0
-313.0
-313.0
-313.0
-313.0
-313.0
-313.0
-313.0
-313.0
-313.0
-313.0
-313.0
-313.0
-313.0
-313.0
-313.0
-313.0
-313.0
-313.0
-313.0
-313.0
-313.0
-313.0
-313.0
-313.0
-313.0
-313.0
-313.0
-313.0
-313.0
-313.0
-313.0
-313.0
-313.0
-313.0
-313.0
-313.0
-313.0
-313.0
-313.0
-313.0
-313.0
-313.0
-313.0
-313.0
-313.0
-313.0
-313.0
-313.0
-313.0
-313.0
-313.0
-313.0
-313.0
-313.0
-313.0
-313.0
-313.0
-313.0
-313.0
-313.0
-313.0
-313.0
-313.0
-313.0
-313.0
-313.0
-313.0
-313.0
-313.0
-313.0
-313.0
-313.0
-313.0
-313.0
-313.0
-313.0
-313.0
-313.0
-313.0
-313.0
-313.0
-313.0
-313.0
-313.0
-313.0
-313.0
-313.0
-313.0
-313.0
-313.0
-313.0
-313.0
-313.0
-313.0
-313.0
-313.0
-313.0
-313.0
-313.0
-313.0
-313.0
-313.0
-313.0
-313.0
-313.0
-313.0
-313.0
-313.0
-313.0
-313.0
-313.0
-313.0
-313.0
-313.0
-313.0
-313.0
-313.0
-313.0
-313.0
-313.0
-313.0
-313.0
-313.0
-313.0
-313.0
-313.0
-313.0
-313.0
-313.0
-313.0
-313.0
-313.0
-313.0
-313.0
-313.0
-313.0
-313.0
-313.0
-313.0
-313.0
-313.0
-313.0
-313.0
-313.0
-313.0
-313.0
-313.0
-313.0
-313.0
-313.0
-313.0
-313.0
-313.0
-313.0
-313.0
-313.0
-313.0
-313.0
-313.0
-313.0
-313.0
-313.0
-313.0
-313.0
-313.0
-313.0
-313.0
-313.0
-313.0
-313.0
-313.0
-313.0
-313.0
-313.0
-313.0
-313.0
-313.0
-313.0
-313.0
-313.0
-313.0
-313.0
-313.0
-313.0
-313.0
-313.0
-313.0
-313.0
-313.0
-313.0
-313.0
-313.0
-313.0
-313.0
-313.0
-313.0
-313.0
-313.0
-313.0
-313.0
-313.0
-313.0
-313.0
-313.0
-313.0
-313.0
-313.0
-313.0
-313.0
-313.0
-313.0
-313.0
-313.0
-313.0
-313.0
-313.0
-313.0
-313.0
-313.0
-313.0
-313.0
-313.0
-313.0
-313.0
-313.0
-313.0
-313.0
-313.0
-313.0
-313.0
-313.0
-313.0
-313.0
-313.0
-313.0
-313.0
-313.0
-313.0
-313.0
-313.0
-313.0
-313.0
-313.0
-313.0
-313.0
-313.0
-313.0
-313.0
-313.0
-313.0
-313.0
-313.0
-313.0
-313.0
-313.0
-313.0
-313.0
-313.0
-313.0
-313.0
-313.0
-313.0
-313.0
-313.0
-313.0
-313.0
-313.0
-313.0
-313.0
-313.0
-313.0
-313.0
-313.0
-313.0
-313.0
-313.0
-313.0
-313.0
-313.0
-313.0
-313.0
-313.0
-313.0
-313.0
-313.0
-313.0
-313.0
-313.0
-313.0
-313.0
-313.0
-313.0
-313.0
-313.0
-313.0
-313.0
-313.0
-313.0
-313.0
-313.0
-313.0
-313.0
-313.0
-313.0
-313.0
-313.0
-313.0
-313.0
-313.0
-313.0
-313.0
-313.0
-313.0
-313.0
-313.0
-313.0
-313.0
-313.0
-313.0
-313.0
-313.0
-313.0
-313.0
-313.0
-313.0
-313.0
-313.0
-313.0
-313.0
-313.0
-313.0
-313.0
-313.0
-313.0
-313.0
-313.0
-313.0
-313.0
-313.0
-313.0
-313.0
-313.0
-313.0
-313.0
-313.0
-313.0
-313.0
-313.0
-313.0
-313.0
-313.0
-313.0
-313.0
-313.0
-313.0
-313.0
-313.0
-313.0
-313.0
-313.0
-313.0
-313.0
-313.0
-313.0
-313.0
-313.0
-313.0
-313.0
-313.0
-313.0
-313.0
-313.0
-313.0
-313.0
-313.0
-313.0
-313.0
-313.0
-313.0
-313.0
-313.0
-313.0
-313.0
-313.0
-313.0
-313.0
-313.0
-313.0
-313.0
-313.0
-313.0
-313.0
-313.0
-313.0
-313.0
-313.0
-313.0
-313.0
-313.0
-313.0
-313.0
-313.0
-313.0
-313.0
-313.0
-313.0
-313.0
-313.0
-313.0
-313.0
-313.0
-313.0
-313.0
-313.0
-313.0
-313.0
-313.0
-313.0
-313.0
-313.0
-313.0
-313.0
-313.0
-313.0
-313.0
-313.0
-313.0
-313.0
-313.0
-313.0
-313.0
-313.0
-313.0
-313.0
-313.0
-313.0
-313.0
-313.0
-313.0
-313.0
-313.0
-313.0
-313.0
-313.0
-313.0
-313.0
-313.0
-313.0
-313.0
-313.0
-313.0
-313.0
-313.0
-313.0
-313.0
-313.0
-313.0
-313.0
-313.0
-313.0
-313.0
-313.0
-313.0
-313.0
-313.0
-313.0
-313.0
-313.0
-313.0
-313.0
-313.0
-313.0
-313.0
-313.0
-313.0
-313.0
-313.0
-313.0
-313.0
-313.0
-313.0
-313.0
-313.0
-313.0
-313.0
-313.0
-313.0
-313.0
-313.0
-313.0
-313.0
-313.0
-313.0
-313.0
-313.0
-313.0
-313.0
-313.0
-313.0
-313.0
-313.0
-313.0
-313.0
-313.0
-313.0
-313.0
-313.0
-313.0
-313.0
-313.0
-313.0
-313.0
-313.0
-313.0
-313.0
-313.0
-313.0
-313.0
-313.0
-313.0
-313.0
-313.0
-313.0
-313.0
-313.0
-313.0
-313.0
-313.0
-313.0
-313.0
-313.0
-313.0
-313.0
-313.0
-313.0
-313.0
-313.0
-313.0
-313.0
-313.0
-313.0
-313.0
-313.0
-313.0
-313.0
-313.0
-313.0
-313.0
-313.0
-313.0
-313.0
-313.0
-313.0
-313.0
-313.0
-313.0
-313.0
-313.0
-313.0
-313.0
-313.0
-313.0
-313.0
-313.0
-313.0
-313.0
-313.0
-313.0
-313.0
-313.0
-313.0
-313.0
-313.0
-313.0
-313.0
-313.0
-313.0
-313.0
-313.0
-313.0
-313.0
-313.0
-313.0
-313.0
-313.0
-313.0
-313.0
-313.0
-313.0
-313.0
-313.0
-313.0
-313.0
-313.0
-313.0
-313.0
-313.0
-313.0
-313.0
-313.0
-313.0
-313.0
-313.0
-313.0
-313.0
-313.0
-313.0
-313.0
-313.0
-313.0
-313.0
-313.0
-313.0
-313.0
-313.0
-313.0
-313.0
-313.0
-313.0
-313.0
-313.0
-313.0
-313.0
-313.0
-313.0
-313.0
-313.0
-313.0
-313.0
-313.0
-313.0
-313.0
-313.0
-313.0
-313.0
-313.0
-313.0
-313.0
-313.0
-313.0
-313.0
-313.0
-313.0
-313.0
-313.0
-313.0
-313.0
-313.0
-313.0
-313.0
-313.0
-313.0
-313.0
-313.0
-313.0
-313.0
-313.0
-313.0
-313.0
-313.0
-313.0
-313.0
-313.0
-313.0
-313.0
-313.0
-313.0
-313.0
-313.0
-313.0
-313.0
-313.0
-313.0
-313.0
-313.0
-313.0
-313.0
-313.0
-313.0
-313.0
-313.0
-313.0
-313.0
-313.0
-313.0
-313.0
-313.0
-313.0
-313.0
-313.0
-313.0
-313.0
-313.0
-313.0
-313.0
-313.0
-313.0
-313.0
-313.0
-313.0
-313.0
-313.0
-313.0
-313.0
-313.0
-313.0
-313.0
-313.0
-313.0
-313.0
-313.0
-313.0
-313.0
-313.0
-313.0
-313.0
-313.0
-313.0
-313.0
-313.0
-313.0
-313.0
-313.0
-313.0
-313.0
-313.0
-313.0
-313.0
-313.0
-313.0
-313.0
-313.0
-313.0
-313.0
-313.0
-313.0
-313.0
-313.0
-313.0
-313.0
-313.0
-313.0
-313.0
-313.0
-313.0
-313.0
-313.0
-313.0
-313.0
-313.0
-313.0
-313.0
-313.0
-313.0
-313.0
-313.0
-313.0
-313.0
-313.0
-313.0
-313.0
-313.0
-313.0
-313.0
-313.0
-313.0
-313.0
-313.0
-313.0
-313.0
-313.0
-313.0
-313.0
-313.0
-313.0
-313.0
-313.0
-313.0
-313.0
-313.0
-313.0
-313.0
-313.0
-313.0
-313.0
-313.0
-313.0
-313.0
-313.0
-313.0
-313.0
-313.0
-313.0
-313.0
-313.0
-313.0
-313.0
-313.0
-313.0
-313.0
-313.0
-313.0
-313.0
-313.0
-313.0
-313.0
-313.0
-313.0
-313.0
-313.0
-313.0
-313.0
-313.0
-313.0
-313.0
-313.0
-313.0
-313.0
-313.0
-313.0
-313.0
-313.0
-313.0
-313.0
-313.0
-313.0
-313.0
-313.0
-313.0
-313.0
-313.0
-313.0
-313.0
-313.0
-313.0
-313.0
-313.0
-313.0
-313.0
-313.0
-313.0
-313.0
-313.0
-313.0
-313.0
-313.0
-313.0
-313.0
-313.0
-313.0
-313.0
-313.0
-313.0
-313.0
-313.0
-313.0
-313.0
-313.0
-313.0
-313.0
-313.0
-313.0
-313.0
-313.0
-313.0
-313.0
-313.0
-313.0
-313.0
-313.0
-313.0
-313.0
-313.0
-313.0
-313.0
-313.0
-313.0
-313.0
-313.0
-313.0
-313.0
-313.0
-313.0
-313.0
-313.0
-313.0
-313.0
-313.0
-313.0
-313.0
-313.0
-313.0
-313.0
-313.0
-313.0
-313.0
-313.0
-313.0
-313.0
-313.0
-313.0
-313.0
-313.0
-313.0
-313.0
-313.0
-313.0
-313.0
-313.0
-313.0
-313.0
-313.0
-313.0
-313.0
-313.0
-313.0
-313.0
-313.0
-313.0
-313.0
-313.0
-313.0
-313.0
-313.0
-313.0
-313.0
-313.0
-313.0
-313.0
-313.0
-313.0
-313.0
-313.0
-313.0
-313.0
-313.0
-313.0
-313.0
-313.0
-313.0
-313.0
-313.0
-313.0
-313.0
-313.0
-313.0
-313.0
-313.0
-313.0
-313.0
-313.0
-313.0
-313.0
-313.0
-313.0
-313.0
-313.0
-313.0
-313.0
-313.0
-313.0
-313.0
-313.0
-313.0
-313.0
-313.0
-313.0
-313.0
-313.0
-313.0
-313.0
-313.0
-313.0
-313.0
-313.0
-313.0
-313.0
-313.0
-313.0
-313.0
-313.0
-313.0
-313.0
-313.0
-313.0
-313.0
-313.0
-313.0
-313.0
-313.0
-313.0
-313.0
-313.0
-313.0
-313.0
-313.0
-313.0
-313.0
-313.0
-313.0
-313.0
-313.0
-313.0
-313.0
-313.0
-313.0
-313.0
-313.0
-313.0
-313.0
-313.0
-313.0
-313.0
-313.0
-313.0
-313.0
-313.0
-313.0
-313.0
-313.0
-313.0
-313.0
-313.0
-313.0
-313.0
-313.0
-313.0
-313.0
-313.0
-313.0
-313.0
-313.0
-313.0
-313.0
-313.0
-313.0
-313.0
-313.0
-313.0
-313.0
-313.0
-313.0
-313.0
-313.0
-313.0
-313.0
-313.0
-313.0
-313.0
-313.0
-313.0
-313.0
-313.0
-313.0
-313.0
-313.0
-313.0
-313.0
-313.0
-313.0
-313.0
-313.0
-313.0
-313.0
-313.0
-313.0
-313.0
-313.0
-313.0
-313.0
-313.0
-313.0
-313.0
-313.0
-313.0
-313.0
-313.0
-313.0
-313.0
-313.0
-313.0
-313.0
-313.0
-313.0
-313.0
-313.0
-313.0
-313.0
-313.0
-313.0
-313.0
-313.0
-313.0
-313.0
-313.0
-313.0
-313.0
-313.0
-313.0
-313.0
-313.0
-313.0
-313.0
-313.0
-313.0
-313.0
-313.0
-313.0
-313.0
-313.0
-313.0
-313.0
-313.0
-313.0
-313.0
-313.0
-313.0
-313.0
-313.0
-313.0
-313.0
-313.0
-313.0
-313.0
-313.0
-313.0
-313.0
-313.0
-313.0
-313.0
-313.0
-313.0
-313.0
-313.0
-313.0
-313.0
-313.0
-313.0
-313.0
-313.0
-313.0
-313.0
-313.0
-313.0
-313.0
-313.0
-313.0
-313.0
-313.0
-313.0
-313.0
-313.0
-313.0
-313.0
-313.0
-313.0
-313.0
-313.0
-313.0
-313.0
-313.0
-313.0
-313.0
-313.0
-313.0
-313.0
-313.0
-313.0
-313.0
-313.0
-313.0
-313.0
-313.0
-313.0
-313.0
-313.0
-313.0
-313.0
-313.0
-313.0
-313.0
-313.0
-313.0
-313.0
-313.0
-313.0
-313.0
-313.0
-313.0
-313.0
-313.0
-313.0
-313.0
-313.0
-313.0
-313.0
-313.0
-313.0
-313.0
-313.0
-313.0
-313.0
-313.0
-313.0
-313.0
-313.0
-313.0
-313.0
-313.0
-313.0
-313.0
-313.0
-313.0
-313.0
-313.0
-313.0
-313.0
-313.0
-313.0
-313.0
-313.0
-313.0
-313.0
-313.0
-313.0
-313.0
-313.0
-313.0
-313.0
-313.0
-313.0
-313.0
-313.0
-313.0
-313.0
-313.0
-313.0
-313.0
-313.0
-313.0
-313.0
-313.0
-313.0
-313.0
-313.0
-313.0
-313.0
-313.0
-313.0
-313.0
-313.0
-313.0
-313.0
-313.0
-313.0
-313.0
-313.0
-313.0
-313.0
-313.0
-313.0
-313.0
-313.0
-313.0
-313.0
-313.0
-313.0
-313.0
-313.0
-313.0
-313.0
-313.0
-313.0
-313.0
-313.0
-313.0
-313.0
-313.0
-313.0
-313.0
-313.0
-313.0
-313.0
-313.0
-313.0
-313.0
-313.0
-313.0
-313.0
-313.0
-313.0
-313.0
-313.0
-313.0
-313.0
-313.0
-313.0
-313.0
-313.0
-313.0
-313.0
-313.0
-313.0
-313.0
-313.0
-313.0
-313.0
-313.0
-313.0
-313.0
-313.0
-313.0
-313.0
-313.0
-313.0
-313.0
-313.0
-313.0
-313.0
-313.0
-313.0
-313.0
-313.0
-313.0
-313.0
-313.0
-313.0
-313.0
-313.0
-313.0
-313.0
-313.0
-313.0
-313.0
-313.0
-313.0
-313.0
-313.0
-313.0
-313.0
-313.0
-313.0
-313.0
-313.0
-313.0
-313.0
-313.0
-313.0
-313.0
-313.0
-313.0
-313.0
-313.0
-313.0
-313.0
-313.0
-313.0
-313.0
-313.0
-313.0
-313.0
-313.0
-313.0
-313.0
-313.0
-313.0
-313.0
-313.0
-313.0
-313.0
-313.0
-313.0
-313.0
-313.0
-313.0
-313.0
-313.0
-313.0
-313.0
-313.0
-313.0
-313.0
-313.0
-313.0
-313.0
-313.0
-313.0
-313.0
-313.0
-313.0
-313.0
-313.0
-313.0
-313.0
-313.0
-313.0
-313.0
-313.0
-313.0
-313.0
-313.0
-313.0
-313.0
-313.0
-313.0
-313.0
-313.0
-313.0
-313.0
-313.0
-313.0
-313.0
-313.0
-313.0
-313.0
-313.0
-313.0
-313.0
-313.0
-313.0
-313.0
-313.0
-313.0
-313.0
-313.0
-313.0
-313.0
-313.0
-313.0
-313.0
-313.0
-313.0
-313.0
-313.0
-313.0
-313.0
-313.0
-313.0
-313.0
-313.0
-313.0
-313.0
-313.0
-313.0
-313.0
-313.0
-313.0
-313.0
-313.0
-313.0
-313.0
-313.0
-313.0
-313.0
-313.0
-313.0
-313.0
-313.0
-313.0
-313.0
-313.0
-313.0
-313.0
-313.0
-313.0
-313.0
-313.0
-313.0
-313.0
-313.0
-313.0
-313.0
-313.0
-313.0
-313.0
-313.0
-313.0
-313.0
-313.0
-313.0
-313.0
-313.0
-313.0
-313.0
-313.0
-313.0
-313.0
-313.0
-313.0
-313.0
-313.0
-313.0
-313.0
-313.0
-313.0
-313.0
-313.0
-313.0
-313.0
-313.0
-313.0
-313.0
-313.0
-313.0
-313.0
-313.0
-313.0
-313.0
-313.0
-313.0
-313.0
-313.0
-313.0
-313.0
-313.0
-313.0
-313.0
-313.0
-313.0
-313.0
-313.0
-313.0
-313.0
-313.0
-313.0
-313.0
-313.0
-313.0
-313.0
-313.0
-313.0
-313.0
-313.0
-313.0
-313.0
-313.0
-313.0
-313.0
-313.0
-313.0
-313.0
-313.0
-313.0
-313.0
-313.0
-313.0
-313.0
-313.0
-313.0
-313.0
-313.0
-313.0
-313.0
-313.0
-313.0
-313.0
-313.0
-313.0
-313.0
-313.0
-313.0
-313.0
-313.0
-313.0
-313.0
-313.0
-313.0
-313.0
-313.0
-313.0
-313.0
-313.0
-313.0
-313.0
-313.0
-313.0
-313.0
-313.0
-313.0
-313.0
-313.0
-313.0
-313.0
-313.0
-313.0
-313.0
-313.0
-313.0
-313.0
-313.0
-313.0
-313.0
-313.0
-313.0
-313.0
-313.0
-313.0
-313.0
-313.0
-313.0
-313.0
-313.0
-313.0
-313.0
-313.0
-313.0
-313.0
-313.0
-313.0
-313.0
-313.0
-313.0
-313.0
-313.0
-313.0
-313.0
-313.0
-313.0
-313.0
-313.0
-313.0
-313.0
-313.0
-313.0
-313.0
-313.0
-313.0
-313.0
-313.0
-313.0
-313.0
-313.0
-313.0
-313.0
-313.0
-313.0
-313.0
-313.0
-313.0
-313.0
-313.0
-313.0
-313.0
-313.0
-313.0
-313.0
-313.0
-313.0
-313.0
-313.0
-313.0
-313.0
-313.0
-313.0
-313.0
-313.0
-313.0
-313.0
-313.0
-313.0
-313.0
-313.0
-313.0
-313.0
-313.0
-313.0
-313.0
-313.0
-313.0
-313.0
-313.0
-313.0
-313.0
-313.0
-313.0
-313.0
-313.0
-313.0
-313.0
-313.0
-313.0
-313.0
-313.0
-313.0
-313.0
-313.0
-313.0
-313.0
-313.0
-313.0
-313.0
-313.0
-313.0
-313.0
-313.0
-313.0
-313.0
-313.0
-313.0
-313.0
-313.0
-313.0
-313.0
-313.0
-313.0
-313.0
-313.0
-313.0
-313.0
-313.0
-313.0
-313.0
-313.0
-313.0
-313.0
-313.0
-313.0
-313.0
-313.0
-313.0
-313.0
-313.0
-313.0
-313.0
-313.0
-313.0
-313.0
-313.0
-313.0
-313.0
-313.0
-313.0
-313.0
-313.0
-313.0
-313.0
-313.0
-313.0
-313.0
-313.0
-313.0
-313.0
-313.0
-313.0
-313.0
-313.0
-313.0
-313.0
-313.0
-313.0
-313.0
-313.0
-313.0
-313.0
-313.0
-313.0
-313.0
-313.0
-313.0
-313.0
-313.0
-313.0
-313.0
-313.0
-313.0
-313.0
-313.0
-313.0
-313.0
-313.0
-313.0
-313.0
-313.0
-313.0
-313.0
-313.0
-313.0
-313.0
-313.0
-313.0
-313.0
-313.0
-313.0
-313.0
-313.0
-313.0
-313.0
-313.0
-313.0
-313.0
-313.0
-313.0
-313.0
-313.0
-313.0
-313.0
-313.0
-313.0
-313.0
-313.0
-313.0
-313.0
-313.0
-313.0
-313.0
-313.0
-313.0
-313.0
-313.0
-313.0
-313.0
-313.0
-313.0
-313.0
-313.0
-313.0
-313.0
-313.0
-313.0
-313.0
-313.0
-313.0
-313.0
-313.0
-313.0
-313.0
-313.0
-313.0
-313.0
-313.0
-313.0
-313.0
-313.0
-313.0
-313.0
-313.0
-313.0
-313.0
-313.0
-313.0
-313.0
-313.0
-313.0
-313.0
-313.0
-313.0
-313.0
-313.0
-313.0
-313.0
-313.0
-313.0
-313.0
-313.0
-313.0
-313.0
-313.0
-313.0
-313.0
-313.0
-313.0
-313.0
-313.0
-313.0
-313.0
-313.0
-313.0
-313.0
-313.0
-313.0
-313.0
-313.0
-313.0
-313.0
-313.0
-313.0
-313.0
-313.0
-313.0
0.0
0.0
7.0
-51.0
-83.0
-62.0
52.0
-4.0
-92.0
110.0
-14.0
-116.0
-57.0
-40.0
-41.0
-55.0
-20.0
-65.0
-89.0
-57.0
-30.0
-9.0
-62.0
-26.0
-34.0
-21.0
-12.0
-37.0
23.0
109.0
313.0
313.0
313.0
313.0
313.0
237.0
256.0
206.0
313.0
219.0
13.0
60.0
160.0
-132.0
-238.0
-140.0
77.0
193.0
103.0
-283.0
-5.0
-89.0
-131.0
-313.0
-97.0
-192.0
-147.0
-170.0
-159.0
-184.0
-111.0
-113.0
-84.0
12.0
-126.0
-57.0
-114.0
-67.0
-44.0
-84.0
-91.0
-78.0
-74.0
-89.0
-121.0
-121.0
-121.0
-124.0
-120.0
-69.0
31.0
3.0
-14.0
9.0
-27.0
-47.0
-1.0
-2.0
-8.0
-2.0
-7.0
26.0
25.0
-12.0
12.0
-90.0
-28.0
-25.0
-45.0
-15.0
-52.0
-67.0
-61.0
-40.0
-63.0
80.0
34.0
18.0
81.0
-13.0
-7.0
-125.0
-93.0
201.0
241.0
313.0
241.0
313.0
297.0
313.0
313.0
313.0
313.0
313.0
313.0
313.0
313.0
313.0
313.0
313.0
313.0
174.0
223.0
56.0
7.0
-92.0
-235.0
-226.0
-211.0
-277.0
-313.0
-313.0
-313.0
-313.0
-313.0
-261.0
-275.0
-313.0
-232.0
-192.0
-116.0
-61.0
-46.0
-6.0
-23.0
-154.0
-123.0
-122.0
-247.0
-240.0
-313.0
-313.0
-313.0
-313.0
-256.0
-248.0
-238.0
-272.0
-219.0
-202.0
-166.0
-207.0
-137.0
-111.0
-78.0
-71.0
-41.0
-51.0
-54.0
-24.0
-33.0
-12.0
25.0
-3.0
40.0
17.0
-42.0
-44.0
-13.0
-45.0
-16.0
-34.0
-25.0
15.0
-37.0
-117.0
-41.0
-33.0
-11.0
-14.0
34.0
9.0
91.0
113.0
128.0
142.0
181.0
188.0
223.0
245.0
243.0
172.0
98.0
78.0
31.0
-21.0
-40.0
-11.0
-56.0
-84.0
-142.0
-153.0
-131.0
-182.0
-205.0
-199.0
-187.0
-200.0
-170.0
-173.0
-206.0
-219.0
-226.0
-214.0
-217.0
-189.0
-172.0
-166.0
-127.0
-130.0
-150.0
-129.0
-132.0
-176.0
-179.0
-145.0
-148.0
-136.0
-165.0
-206.0
-191.0
-162.0
-149.0
-147.0
-127.0
-83.0
-65.0
-62.0
-60.0
-44.0
-36.0
-26.0
12.0
15.0
27.0
22.0
71.0
34.0
92.0
131.0
153.0
120.0
126.0
150.0
140.0
159.0
185.0
169.0
124.0
8.0
40.0
48.0
123.0
145.0
131.0
198.0
177.0
200.0
167.0
34.0
-14.0
-313.0
-313.0
-313.0
-313.0
-313.0
-306.0
-313.0
-107.0
-106.0
5.0
205.0
159.0
313.0
118.0
138.0
313.0
313.0
313.0
313.0
313.0
313.0
313.0
313.0
313.0
313.0
313.0
313.0
313.0
313.0
313.0
313.0
113.0
-86.0
-313.0
-313.0
-313.0
-313.0
-313.0
-313.0
-313.0
-313.0
-313.0
-313.0
-313.0
-313.0
-313.0
-313.0
-313.0
-313.0
-313.0
-313.0
-313.0
-313.0
-313.0
-313.0
-313.0
-313.0
-313.0
-307.0
-279.0
-274.0
-258.0
-235.0
-251.0
-221.0
-225.0
-208.0
-223.0
-211.0
-190.0
-172.0
-155.0
-187.0
-197.0
-190.0
-172.0
-175.0
-97.0
-66.0
-52.0
-90.0
-101.0
-71.0
-60.0
-70.0
-78.0
-75.0
-68.0
-72.0
-48.0
-70.0
-58.0
-21.0
-81.0
-62.0
-47.0
-44.0
-47.0
-82.0
-11.0
-19.0
-31.0
-30.0
-59.0
-77.0
-62.0
-47.0
-55.0
-28.0
-68.0
-34.0
-6.0
-1.0
29.0
-19.0
-45.0
-31.0
26.0
3.0
2.0
-3.0
78.0
87.0
39.0
53.0
5.0
21.0
0.0
8.0
-4.0
-6.0
2.0
3.0
-12.0
-10.0
-28.0
-24.0
4.0
-4.0
-30.0
-26.0
-17.0
-23.0
16.0
1.0
30.0
26.0
-4.0
-8.0
-12.0
13.0
16.0
3.0
-28.0
-22.0
-19.0
-19.0
-4.0
-7.0
-7.0
-33.0
-29.0
-25.0
-13.0
-8.0
-1.0
4.0
-14.0
-7.0
-58.0
-11.0
-2.0
13.0
-29.0
-31.0
-14.0
-29.0
-6.0
-7.0
13.0
-18.0
3.0
-29.0
-43.0
-34.0
-16.0
-16.0
-23.0
-5.0
-13.0
19.0
15.0
16.0
-6.0
6.0
2.0
2.0
8.0
7.0
9.0
35.0
20.0
6.0
-12.0
-13.0
-13.0
-20.0
7.0
13.0
9.0
20.0
9.0
32.0
27.0
7.0
7.0
-3.0
-3.0
15.0
20.0
35.0
10.0
9.0
28.0
26.0
34.0
33.0
59.0
13.0
3.0
13.0
31.0
17.0
20.0
9.0
-8.0
-11.0
6.0
9.0
14.0
37.0
27.0
30.0
29.0
34.0
18.0
19.0
2.0
12.0
14.0
9.0
14.0
25.0
26.0
3.0
-23.0
-8.0
-12.0
14.0
16.0
27.0
-6.0
-17.0
-28.0
-15.0
-34.0
-24.0
-68.0
-40.0
-56.0
-35.0
9.0
-22.0
-9.0
25.0
36.0
23.0
32.0
39.0
65.0
16.0
23.0
51.0
-4.0
-13.0
20.0
15.0
16.0
11.0
60.0
23.0
-19.0
-3.0
2.0
-2.0
-1.0
10.0
-2.0
-2.0
6.0
3.0
10.0
6.0
6.0
9.0
-3.0
-6.0
-24.0
-31.0
9.0
23.0
24.0
1.0
-7.0
-12.0
-21.0
-28.0
-13.0
-22.0
-44.0
-18.0
-40.0
-4.0
-40.0
-36.0
-41.0
-37.0
-23.0
-24.0
-14.0
-14.0
0.0
-37.0
-41.0
-30.0
-33.0
-23.0
3.0
-4.0
-32.0
-53.0
-30.0
-23.0
5.0
31.0
-2.0
4.0
36.0
-11.0
22.0
-29.0
-26.0
-36.0
1.0
1.0
-12.0
-15.0
4.0
-7.0
-22.0
-13.0
1.0
-10.0
-1.0
-31.0
-44.0
-21.0
1.0
12.0
-16.0
-14.0
-20.0
14.0
-18.0
22.0
3.0
13.0
-12.0
-9.0
-50.0
4.0
-13.0
24.0
27.0
-31.0
2.0
-13.0
23.0
38.0
-14.0
-9.0
-43.0
-23.0
-23.0
-2.0
-25.0
-7.0
-11.0
55.0
32.0
13.0
-15.0
2.0
19.0
-24.0
-48.0
-52.0
7.0
7.0
14.0
3.0
7.0
-30.0
-18.0
-15.0
6.0
-12.0
-43.0
-34.0
-11.0
1.0
-15.0
-15.0
4.0
-3.0
38.0
17.0
22.0
6.0
10.0
12.0
-24.0
-2.0
6.0
-3.0
3.0
11.0
3.0
30.0
2.0
26.0
-30.0
-9.0
-22.0
-12.0
1.0
6.0
-7.0
-17.0
9.0
-22.0
-7.0
-21.0
-3.0
-14.0
-5.0
-24.0
23.0
-5.0
26.0
17.0
-11.0
-29.0
-37.0
-22.0
-17.0
-31.0
-36.0
25.0
-23.0
-6.0
-7.0
-5.0
17.0
27.0
-17.0
-8.0
2.0
-29.0
-17.0
-14.0
-2.0
-7.0
-16.0
-3.0
-17.0
-22.0
-22.0
-16.0
-9.0
7.0
9.0
-17.0
6.0
4.0
-27.0
-35.0
-48.0
-5.0
0.0
20.0
2.0
7.0
-12.0
39.0
15.0
12.0
28.0
-24.0
-35.0
-27.0
-28.0
-24.0
-18.0
-46.0
-46.0
-50.0
-39.0
-22.0
-13.0
10.0
10.0
11.0
-5.0
8.0
-28.0
-22.0
-10.0
-34.0
-32.0
-9.0
10.0
5.0
-26.0
3.0
-13.0
-24.0
-15.0
-18.0
27.0
0.0
10.0
6.0
5.0
7.0
-18.0
-2.0
-29.0
-31.0
-6.0
-10.0
-19.0
-7.0
-7.0
26.0
12.0
16.0
6.0
-11.0
-12.0
-12.0
7.0
11.0
3.0
7.0
5.0
7.0
16.0
25.0
18.0
6.0
-27.0
-35.0
-43.0
11.0
-42.0
-34.0
-20.0
-16.0
-33.0
-27.0
-33.0
-17.0
7.0
13.0
4.0
-8.0
24.0
7.0
-2.0
14.0
-23.0
-23.0
16.0
0.0
22.0
12.0
32.0
23.0
44.0
43.0
26.0
7.0
-7.0
27.0
-23.0
-23.0
-29.0
3.0
-9.0
11.0
14.0
2.0
7.0
-4.0
-12.0
-15.0
-18.0
-36.0
-13.0
-31.0
-47.0
-29.0
-15.0
-6.0
8.0
-6.0
26.0
23.0
46.0
10.0
-24.0
40.0
45.0
30.0
-9.0
-13.0
-13.0
-28.0
-19.0
-21.0
-18.0
-31.0
-20.0
-55.0
-15.0
-20.0
-16.0
-36.0
-12.0
-4.0
14.0
0.0
5.0
10.0
-29.0
-33.0
6.0
-2.0
-38.0
-35.0
16.0
0.0
14.0
11.0
4.0
-7.0
19.0
15.0
4.0
-9.0
-2.0
-13.0
-23.0
19.0
13.0
25.0
-29.0
53.0
-23.0
-34.0
-24.0
-48.0
-38.0
-13.0
1.0
-2.0
-35.0
13.0
-11.0
-1.0
-4.0
-6.0
-18.0
11.0
17.0
20.0
5.0
-9.0
4.0
-26.0
20.0
5.0
-23.0
6.0
24.0
19.0
42.0
17.0
15.0
17.0
9.0
-38.0
-46.0
-24.0
-13.0
-2.0
15.0
-21.0
-36.0
-36.0
-32.0
-29.0
-21.0
-7.0
8.0
18.0
-13.0
2.0
-34.0
-38.0
11.0
-29.0
-33.0
-37.0
-17.0
-24.0
2.0
13.0
1.0
-15.0
-6.0
6.0
-14.0
-29.0
-3.0
-4.0
-22.0
7.0
19.0
-4.0
25.0
-13.0
23.0
19.0
20.0
23.0
42.0
-3.0
21.0
11.0
-3.0
-22.0
-18.0
-17.0
-49.0
-52.0
-33.0
-43.0
-23.0
-70.0
-43.0
-38.0
14.0
18.0
3.0
-12.0
-10.0
0.0
9.0
18.0
3.0
33.0
47.0
-17.0
-30.0
-28.0
3.0
14.0
8.0
-7.0
21.0
11.0
-19.0
31.0
3.0
17.0
2.0
-14.0
4.0
-13.0
-2.0
4.0
16.0
25.0
21.0
40.0
-12.0
5.0
-28.0
-10.0
-23.0
-15.0
-51.0
-4.0
-13.0
-13.0
22.0
-14.0
-16.0
-1.0
-13.0
9.0
15.0
1.0
3.0
-12.0
-7.0
1.0
22.0
3.0
7.0
10.0
4.0
-2.0
19.0
16.0
-4.0
14.0
8.0
24.0
-15.0
-24.0
-1.0
-35.0
-20.0
-20.0
-39.0
-8.0
-29.0
-57.0
-62.0
-55.0
-44.0
7.0
-20.0
-11.0
4.0
-8.0
0.0
14.0
2.0
23.0
-7.0
9.0
8.0
-6.0
7.0
0.0
-14.0
-12.0
-11.0
-16.0
-10.0
-7.0
-16.0
-20.0
-4.0
17.0
-6.0
-8.0
3.0
0.0
-38.0
-16.0
-8.0
-26.0
-31.0
-4.0
-32.0
6.0
-24.0
-22.0
-1.0
3.0
23.0
16.0
3.0
5.0
3.0
-2.0
-23.0
-1.0
6.0
-1.0
25.0
14.0
-8.0
4.0
-7.0
-2.0
15.0
8.0
-2.0
28.0
-3.0
2.0
1.0
4.0
5.0
-17.0
-28.0
-16.0
3.0
6.0
15.0
1.0
-1.0
26.0
3.0
4.0
0.0
2.0
-8.0
-22.0
-16.0
-22.0
-8.0
-21.0
-2.0
-22.0
-33.0
-14.0
-18.0
-25.0
10.0
7.0
8.0
19.0
15.0
19.0
28.0
20.0
-13.0
3.0
4.0
17.0
7.0
-25.0
-19.0
-4.0
-19.0
-14.0
-2.0
9.0
26.0
15.0
15.0
-16.0
-3.0
1.0
-1.0
-18.0
-18.0
-12.0
-1.0
-7.0
-27.0
-2.0
22.0
41.0
10.0
5.0
-20.0
1.0
0.0
-10.0
-15.0
24.0
1.0
-14.0
17.0
16.0
10.0
27.0
11.0
15.0
10.0
-18.0
-32.0
5.0
6.0
-9.0
-42.0
-5.0
-11.0
0.0
-14.0
-1.0
15.0
1.0
-22.0
-13.0
8.0
9.0
-38.0
-43.0
1.0
-29.0
-31.0
-54.0
-39.0
-46.0
-37.0
-4.0
-29.0
-34.0
-8.0
-29.0
-15.0
4.0
34.0
5.0
6.0
4.0
10.0
11.0
-5.0
2.0
-2.0
-13.0
0.0
-3.0
-7.0
-6.0
-34.0
-26.0
-37.0
-17.0
2.0
22.0
13.0
-25.0
-8.0
-13.0
13.0
14.0
-28.0
-2.0
9.0
14.0
-2.0
-20.0
6.0
-22.0
-23.0
-19.0
-20.0
22.0
3.0
26.0
3.0
6.0
4.0
22.0
-3.0
29.0
-28.0
-8.0
-26.0
-20.0
-8.0
14.0
16.0
9.0
-2.0
-20.0
-14.0
19.0
21.0
30.0
22.0
-1.0
33.0
19.0
10.0
17.0
-35.0
-27.0
-21.0
-17.0
-33.0
-24.0
-16.0
-16.0
4.0
12.0
-16.0
-14.0
26.0
-15.0
-18.0
0.0
8.0
1.0
-64.0
-68.0
-28.0
-9.0
-18.0
-11.0
-13.0
-29.0
10.0
4.0
-5.0
-6.0
-10.0
-36.0
-23.0
-9.0
-10.0
32.0
39.0
42.0
27.0
34.0
32.0
4.0
11.0
23.0
-6.0
-3.0
-21.0
-13.0
-46.0
-35.0
-7.0
-2.0
-39.0
-26.0
-38.0
-4.0
15.0
-3.0
1.0
-12.0
14.0
-13.0
-12.0
21.0
-9.0
6.0
-22.0
-1.0
-2.0
-5.0
18.0
3.0
-19.0
-30.0
-17.0
-16.0
-19.0
24.0
26.0
23.0
33.0
33.0
6.0
-4.0
-13.0
-12.0
-22.0
-2.0
0.0
7.0
-10.0
-4.0
-25.0
-4.0
-20.0
-25.0
-17.0
-17.0
-22.0
-14.0
-11.0
21.0
22.0
9.0
31.0
18.0
10.0
36.0
8.0
9.0
0.0
5.0
-17.0
-28.0
-18.0
-3.0
10.0
-13.0
-33.0
-32.0
-27.0
5.0
-20.0
-5.0
-48.0
-29.0
-2.0
23.0
13.0
12.0
15.0
-14.0
-22.0
-2.0
-3.0
-7.0
-2.0
-1.0
-9.0
-7.0
-19.0
-13.0
-15.0
-4.0
13.0
46.0
36.0
-8.0
-7.0
-7.0
-25.0
4.0
31.0
15.0
4.0
8.0
-9.0
-19.0
-5.0
9.0
-27.0
-2.0
-5.0
12.0
26.0
11.0
28.0
-2.0
5.0
-2.0
14.0
-45.0
-22.0
-12.0
9.0
8.0
18.0
15.0
32.0
35.0
10.0
-1.0
-22.0
5.0
-11.0
-16.0
10.0
3.0
-4.0
-6.0
3.0
1.0
-8.0
1.0
-9.0
1.0
13.0
5.0
-18.0
-7.0
-6.0
-51.0
-29.0
-32.0
4.0
2.0
-2.0
15.0
2.0
-2.0
0.0
-4.0
29.0
23.0
7.0
21.0
-1.0
-12.0
-17.0
-23.0
-13.0
-30.0
-5.0
-4.0
11.0
32.0
-8.0
-22.0
-1.0
-1.0
23.0
11.0
6.0
10.0
9.0
25.0
15.0
-22.0
15.0
25.0
-18.0
3.0
-1.0
-15.0
-20.0
-14.0
-21.0
-2.0
9.0
7.0
31.0
24.0
-9.0
-24.0
-3.0
-18.0
-13.0
6.0
-52.0
-46.0
-24.0
-31.0
-15.0
154.0
8.0
-13.0
-103.0
-72.0
-42.0
-70.0
-24.0
-45.0
-12.0
15.0
-24.0
12.0
-1.0
28.0
-3.0
-16.0
10.0
0.0
-14.0
3.0
-17.0
-16.0
-21.0
-7.0
-35.0
-26.0
18.0
18.0
-29.0
-23.0
-7.0
-15.0
-11.0
-3.0
-8.0
-3.0
0.0
2.0
-13.0
31.0
11.0
-12.0
3.0
-9.0
-31.0
-14.0
1.0
-14.0
-9.0
11.0
15.0
3.0
-11.0
-2.0
6.0
7.0
12.0
5.0
-2.0
5.0
-2.0
15.0
1.0
8.0
5.0
8.0
18.0
9.0
-10.0
-17.0
-10.0
0.0
-13.0
4.0
-8.0
-20.0
-1.0
-11.0
-21.0
-18.0
-31.0
-26.0
-31.0
0.0
-14.0
-42.0
-31.0
-34.0
-15.0
-14.0
2.0
5.0
-1.0
-2.0
12.0
17.0
36.0
46.0
-2.0
16.0
-18.0
5.0
-19.0
-31.0
-18.0
-18.0
-28.0
-19.0
10.0
3.0
-2.0
-17.0
4.0
0.0
-4.0
8.0
-17.0
-47.0
-19.0
18.0
-13.0
24.0
3.0
-37.0
-33.0
-8.0
-3.0
-37.0
-9.0
-20.0
-26.0
-29.0
-19.0
9.0
-29.0
-22.0
-3.0
24.0
20.0
12.0
-5.0
17.0
17.0
2.0
-14.0
-30.0
3.0
-19.0
-30.0
-27.0
-19.0
-8.0
-59.0
-24.0
-28.0
-24.0
9.0
1.0
5.0
-11.0
-25.0
7.0
19.0
26.0
35.0
41.0
0.0
13.0
2.0
-6.0
-5.0
5.0
2.0
1.0
-7.0
-3.0
-14.0
12.0
-5.0
-11.0
-4.0
-5.0
-4.0
6.0
18.0
27.0
-2.0
4.0
25.0
2.0
1.0
-25.0
-8.0
0.0
-11.0
-8.0
-11.0
12.0
-16.0
-4.0
-13.0
-25.0
-17.0
-4.0
-5.0
-11.0
-20.0
-2.0
-18.0
-13.0
0.0
-19.0
-9.0
39.0
25.0
17.0
27.0
13.0
29.0
6.0
-12.0
-18.0
-9.0
4.0
16.0
5.0
29.0
10.0
-11.0
-31.0
-11.0
-2.0
-45.0
-40.0
-11.0
-2.0
-1.0
2.0
3.0
11.0
12.0
11.0
4.0
-6.0
-16.0
-22.0
-22.0
-17.0
7.0
-24.0
-20.0
-19.0
-7.0
-27.0
-12.0
-13.0
-24.0
-17.0
-23.0
-41.0
-34.0
2.0
-19.0
13.0
-13.0
8.0
40.0
15.0
7.0
-4.0
-14.0
-23.0
-6.0
-22.0
-4.0
-9.0
13.0
-21.0
-33.0
-7.0
32.0
-9.0
-10.0
13.0
26.0
13.0
16.0
29.0
2.0
-13.0
-12.0
1.0
37.0
6.0
12.0
13.0
-16.0
-9.0
-34.0
23.0
-3.0
22.0
-20.0
-11.0
-7.0
4.0
-9.0
-19.0
-9.0
-15.0
-22.0
-6.0
-17.0
-24.0
-22.0
-3.0
-8.0
7.0
-26.0
-15.0
-32.0
-32.0
-39.0
11.0
6.0
8.0
21.0
10.0
28.0
-3.0
-7.0
3.0
30.0
-12.0
13.0
3.0
0.0
13.0
-13.0
-26.0
-47.0
7.0
19.0
-18.0
-1.0
-2.0
-20.0
-7.0
-34.0
7.0
-7.0
9.0
-12.0
14.0
9.0
12.0
11.0
15.0
2.0
2.0
-5.0
-8.0
-26.0
-18.0
-29.0
-37.0
-31.0
-10.0
-11.0
-10.0
-2.0
-5.0
-19.0
-3.0
-4.0
-3.0
4.0
-6.0
-24.0
-8.0
-11.0
-8.0
-5.0
-18.0
4.0
-3.0
-13.0
-16.0
-13.0
-15.0
-13.0
-10.0
5.0
-15.0
1.0
-13.0
4.0
5.0
22.0
19.0
11.0
-5.0
15.0
2.0
-17.0
-16.0
-2.0
22.0
-2.0
-19.0
-9.0
-24.0
8.0
-16.0
-35.0
-35.0
-21.0
-36.0
-13.0
-6.0
16.0
-6.0
-20.0
-29.0
-18.0
-9.0
-30.0
4.0
5.0
-2.0
-11.0
-18.0
-23.0
-5.0
-7.0
-5.0
5.0
-29.0
5.0
-6.0
22.0
-3.0
-4.0
-9.0
-9.0
-8.0
-24.0
-3.0
-4.0
-20.0
0.0
14.0
0.0
-15.0
-1.0
2.0
2.0
-15.0
-22.0
-61.0
-18.0
-19.0
-18.0
-32.0
9.0
1.0
-8.0
-3.0
-12.0
-26.0
-10.0
14.0
-2.0
-14.0
-3.0
2.0
-8.0
-19.0
-1.0
11.0
14.0
-14.0
-10.0
-6.0
-11.0
-10.0
12.0
6.0
1.0
-22.0
-21.0
-20.0
-38.0
-40.0
-7.0
-21.0
0.0
-18.0
3.0
-15.0
-27.0
-12.0
-19.0
7.0
3.0
-1.0
0.0
-4.0
-14.0
-28.0
-21.0
-2.0
-32.0
-25.0
-14.0
-10.0
-8.0
-10.0
-11.0
-23.0
-26.0
-20.0
-1.0
-14.0
8.0
-22.0
-5.0
9.0
0.0
-26.0
-20.0
-20.0
-17.0
-8.0
-2.0
8.0
7.0
2.0
-18.0
1.0
-1.0
1.0
9.0
19.0
-2.0
-4.0
3.0
-8.0
6.0
2.0
-2.0
9.0
-7.0
-9.0
1.0
-23.0
-5.0
-9.0
5.0
5.0
-37.0
-15.0
17.0
-8.0
13.0
5.0
-45.0
-30.0
-15.0
2.0
1.0
-12.0
-1.0
1.0
-8.0
-1.0
-11.0
-19.0
-35.0
-39.0
-35.0
-20.0
-37.0
-11.0
-5.0
-1.0
-21.0
-16.0
-16.0
-33.0
-35.0
-12.0
-35.0
9.0
-38.0
-44.0
-3.0
-9.0
-25.0
-27.0
-25.0
-24.0
-33.0
7.0
17.0
8.0
18.0
6.0
-5.0
-18.0
-32.0
1.0
-26.0
4.0
-8.0
11.0
-33.0
-34.0
14.0
-3.0
-4.0
3.0
-1.0
-26.0
-7.0
-5.0
3.0
4.0
18.0
26.0
9.0
-2.0
-5.0
27.0
-5.0
18.0
8.0
16.0
3.0
-13.0
-2.0
-17.0
-39.0
-55.0
-32.0
-48.0
-36.0
-2.0
-24.0
-26.0
-19.0
-17.0
22.0
-13.0
-15.0
-20.0
-15.0
3.0
-20.0
-1.0
15.0
-9.0
2.0
0.0
-4.0
9.0
18.0
-4.0
16.0
11.0
-2.0
-28.0
-12.0
-27.0
-9.0
-18.0
-8.0
4.0
7.0
39.0
42.0
20.0
-4.0
21.0
3.0
-13.0
29.0
-2.0
-3.0
-33.0
-16.0
-22.0
-16.0
-23.0
-7.0
-13.0
-25.0
-28.0
-4.0
0.0
17.0
-5.0
18.0
-4.0
-23.0
-7.0
-40.0
1.0
-8.0
10.0
-30.0
-11.0
-3.0
-1.0
-15.0
-6.0
-5.0
7.0
-17.0
-1.0
-11.0
-17.0
17.0
15.0
1.0
-3.0
4.0
8.0
26.0
-26.0
14.0
4.0
-9.0
0.0
17.0
10.0
12.0
-18.0
-7.0
-10.0
-43.0
-30.0
-2.0
-11.0
-11.0
-6.0
-20.0
2.0
-16.0
2.0
-18.0
-30.0
-1.0
0.0
4.0
-13.0
-14.0
-20.0
-9.0
15.0
10.0
2.0
-5.0
-7.0
-13.0
-7.0
-17.0
-15.0
-8.0
21.0
-7.0
8.0
-29.0
-35.0
-18.0
-9.0
15.0
-13.0
-16.0
10.0
14.0
-4.0
3.0
12.0
13.0
25.0
-3.0
-13.0
-14.0
13.0
-21.0
26.0
12.0
-6.0
-7.0
-6.0
19.0
29.0
28.0
-20.0
23.0
33.0
-3.0
-19.0
-5.0
-19.0
-12.0
-36.0
13.0
18.0
1.0
1.0
-26.0
-24.0
-26.0
-24.0
-37.0
-31.0
-34.0
-24.0
-21.0
-42.0
-19.0
-35.0
4.0
5.0
-20.0
-9.0
-13.0
-22.0
-24.0
-15.0
-5.0
-7.0
-10.0
-18.0
11.0
-10.0
-13.0
21.0
-2.0
-6.0
15.0
-9.0
12.0
0.0
0.0
2.0
-25.0
-18.0
-27.0
-62.0
-12.0
-33.0
-16.0
1.0
3.0
-3.0
14.0
-13.0
-23.0
-23.0
-11.0
9.0
12.0
17.0
6.0
12.0
9.0
4.0
15.0
-6.0
-28.0
-12.0
-12.0
-18.0
-24.0
-42.0
-36.0
-39.0
11.0
-21.0
-7.0
5.0
-15.0
-9.0
8.0
19.0
44.0
27.0
26.0
13.0
0.0
12.0
16.0
22.0
26.0
15.0
14.0
-6.0
4.0
9.0
0.0
6.0
-12.0
-4.0
-17.0
-14.0
-25.0
-22.0
2.0
-8.0
23.0
7.0
5.0
-6.0
-1.0
38.0
-18.0
-3.0
-13.0
-10.0
-13.0
-15.0
-11.0
3.0
-33.0
-20.0
-23.0
-16.0
-29.0
-24.0
-26.0
-40.0
-41.0
-40.0
-41.0
-16.0
8.0
3.0
-5.0
-7.0
-23.0
-4.0
-23.0
-22.0
-3.0
-31.0
-27.0
-35.0
-17.0
-4.0
-7.0
4.0
27.0
14.0
6.0
4.0
13.0
-6.0
-6.0
9.0
-3.0
-11.0
17.0
7.0
-12.0
9.0
18.0
4.0
29.0
-7.0
-24.0
-2.0
-4.0
0.0
-9.0
-10.0
-17.0
6.0
-2.0
8.0
-27.0
-15.0
-7.0
-8.0
8.0
14.0
-2.0
-41.0
-34.0
-39.0
-20.0
10.0
33.0
30.0
5.0
31.0
14.0
12.0
-1.0
-6.0
-13.0
8.0
-36.0
-40.0
-8.0
-24.0
-15.0
-29.0
-13.0
11.0
-13.0
-18.0
-8.0
-1.0
-14.0
0.0
-13.0
-1.0
-4.0
16.0
2.0
-3.0
15.0
6.0
-2.0
11.0
11.0
-20.0
4.0
1.0
15.0
-34.0
-28.0
-23.0
-4.0
-29.0
3.0
-2.0
-18.0
6.0
-8.0
0.0
-18.0
-30.0
-24.0
3.0
2.0
34.0
21.0
15.0
25.0
18.0
-24.0
-26.0
-25.0
-53.0
-22.0
-23.0
-22.0
-57.0
-33.0
-2.0
16.0
10.0
-10.0
3.0
-6.0
-27.0
-13.0
6.0
7.0
-2.0
-17.0
-22.0
17.0
5.0
37.0
-18.0
-6.0
1.0
-2.0
4.0
-19.0
-16.0
-1.0
-17.0
-45.0
-42.0
5.0
-5.0
-10.0
5.0
-6.0
1.0
-28.0
4.0
24.0
-2.0
26.0
-11.0
-28.0
6.0
7.0
5.0
2.0
21.0
-2.0
26.0
31.0
31.0
23.0
40.0
26.0
37.0
2.0
47.0
1.0
21.0
-5.0
9.0
16.0
15.0
4.0
4.0
14.0
7.0
-26.0
-7.0
-12.0
-7.0
-18.0
-5.0
18.0
6.0
-2.0
16.0
-4.0
-8.0
15.0
-2.0
-34.0
16.0
3.0
5.0
22.0
-19.0
-3.0
-13.0
33.0
-5.0
15.0
-11.0
14.0
21.0
-12.0
-26.0
-29.0
31.0
10.0
44.0
19.0
27.0
-4.0
5.0
26.0
9.0
-4.0
-32.0
0.0
-9.0
28.0
3.0
-4.0
-5.0
22.0
-24.0
-21.0
2.0
-5.0
21.0
1.0
23.0
-36.0
-26.0
-11.0
-16.0
-12.0
-23.0
-38.0
-32.0
-46.0
-49.0
-46.0
-52.0
-17.0
-33.0
-2.0
-28.0
2.0
4.0
-17.0
-13.0
-20.0
-9.0
-10.0
16.0
45.0
53.0
-8.0
-1.0
5.0
7.0
0.0
11.0
-51.0
-14.0
-7.0
-20.0
-9.0
-17.0
-8.0
1.0
-29.0
-7.0
0.0
-4.0
22.0
1.0
-56.0
-57.0
-26.0
-41.0
-20.0
-51.0
-49.0
-35.0
27.0
21.0
18.0
8.0
20.0
21.0
14.0
18.0
29.0
40.0
20.0
-17.0
51.0
18.0
-5.0
-9.0
-6.0
-3.0
-7.0
-3.0
-12.0
5.0
4.0
9.0
-26.0
-11.0
-29.0
2.0
28.0
-32.0
-18.0
30.0
-14.0
-6.0
21.0
-25.0
-5.0
-3.0
-24.0
-20.0
4.0
-3.0
-7.0
5.0
-40.0
-20.0
-9.0
14.0
-21.0
4.0
1.0
7.0
15.0
-35.0
-14.0
23.0
15.0
-24.0
15.0
21.0
-14.0
12.0
-25.0
50.0
32.0
-21.0
9.0
15.0
-25.0
-21.0
11.0
-22.0
12.0
-60.0
-1.0
-12.0
-15.0
2.0
-23.0
-17.0
-32.0
-53.0
-25.0
-11.0
16.0
-36.0
10.0
7.0
-16.0
1.0
1.0
21.0
-7.0
-17.0
-15.0
-5.0
22.0
24.0
30.0
38.0
9.0
-13.0
9.0
20.0
23.0
-10.0
-2.0
-11.0
-6.0
3.0
-37.0
-30.0
-46.0
-23.0
13.0
-8.0
-22.0
-27.0
-11.0
-6.0
-4.0
3.0
3.0
-6.0
5.0
-38.0
-3.0
3.0
8.0
-28.0
-8.0
-7.0
-6.0
-31.0
-24.0
0.0
2.0
-20.0
62.0
34.0
15.0
38.0
59.0
-36.0
-31.0
-36.0
-25.0
-22.0
-3.0
-28.0
-13.0
-39.0
-27.0
-46.0
-20.0
-28.0
-5.0
-9.0
15.0
-13.0
9.0
-31.0
-11.0
-28.0
0.0
-42.0
-11.0
-7.0
-50.0
-1.0
28.0
18.0
11.0
38.0
0.0
20.0
11.0
3.0
8.0
16.0
16.0
-6.0
11.0
-47.0
4.0
13.0
-20.0
-22.0
1.0
-15.0
33.0
11.0
22.0
11.0
36.0
5.0
5.0
10.0
31.0
24.0
-36.0
-42.0
-12.0
-22.0
-32.0
-34.0
-13.0
-6.0
-23.0
4.0
-36.0
-38.0
-15.0
-2.0
-13.0
-6.0
23.0
3.0
21.0
27.0
26.0
20.0
10.0
35.0
32.0
20.0
22.0
18.0
17.0
0.0
-44.0
-20.0
-42.0
-22.0
-24.0
-54.0
5.0
-12.0
-21.0
26.0
-5.0
33.0
4.0
11.0
-33.0
-5.0
2.0
0.0
-24.0
-35.0
-22.0
-20.0
-43.0
-6.0
-27.0
6.0
-4.0
3.0
29.0
3.0
11.0
23.0
0.0
19.0
13.0
39.0
-34.0
-18.0
39.0
1.0
34.0
-40.0
0.0
-2.0
-8.0
-21.0
-21.0
-15.0
-33.0
-58.0
-80.0
-28.0
0.0
7.0
-21.0
-43.0
-35.0
-54.0
-17.0
-9.0
14.0
5.0
-38.0
-22.0
12.0
-14.0
20.0
20.0
2.0
16.0
11.0
28.0
16.0
30.0
-3.0
19.0
14.0
15.0
-15.0
36.0
14.0
-13.0
-7.0
22.0
8.0
-2.0
-29.0
-22.0
-9.0
-9.0
-46.0
-23.0
-47.0
-22.0
0.0
12.0
16.0
13.0
22.0
-9.0
4.0
-1.0
-18.0
3.0
13.0
-20.0
10.0
14.0
-10.0
-13.0
9.0
5.0
5.0
-37.0
-2.0
3.0
5.0
6.0
-15.0
-6.0
20.0
-10.0
-3.0
-10.0
-1.0
4.0
-49.0
-45.0
17.0
-19.0
6.0
-11.0
-18.0
-34.0
-23.0
-29.0
2.0
2.0
-33.0
-34.0
4.0
-17.0
-8.0
19.0
-7.0
-4.0
-8.0
-10.0
16.0
8.0
9.0
-15.0
20.0
27.0
22.0
6.0
-27.0
-24.0
-11.0
-24.0
35.0
10.0
2.0
-12.0
-23.0
-17.0
-8.0
9.0
-13.0
-13.0
-12.0
-15.0
-9.0
-25.0
-33.0
-71.0
-37.0
-23.0
8.0
6.0
-35.0
-11.0
3.0
-3.0
-9.0
-36.0
-11.0
-16.0
-27.0
5.0
-32.0
-12.0
-16.0
2.0
0.0
-14.0
-18.0
-15.0
-3.0
-18.0
-34.0
15.0
8.0
12.0
32.0
19.0
36.0
37.0
-8.0
11.0
13.0
32.0
6.0
-19.0
-13.0
-26.0
16.0
25.0
2.0
-18.0
-15.0
-21.0
-26.0
3.0
14.0
-47.0
22.0
16.0
22.0
4.0
23.0
19.0
0.0
13.0
-2.0
-23.0
-8.0
-3.0
-25.0
-6.0
-26.0
-11.0
32.0
11.0
11.0
-11.0
20.0
22.0
-6.0
22.0
14.0
-12.0
-39.0
-2.0
19.0
-8.0
-5.0
11.0
-13.0
9.0
-17.0
-9.0
11.0
-22.0
1.0
-7.0
-9.0
13.0
13.0
7.0
-14.0
-11.0
10.0
9.0
21.0
15.0
0.0
17.0
-14.0
-22.0
-18.0
-40.0
-53.0
-19.0
8.0
-13.0
-23.0
-20.0
-10.0
-16.0
-14.0
-2.0
-13.0
11.0
3.0
-8.0
-1.0
11.0
25.0
16.0
29.0
-2.0
-9.0
-27.0
-18.0
-13.0
-9.0
-1.0
-4.0
-8.0
-10.0
-48.0
-6.0
8.0
-10.0
6.0
-16.0
-14.0
-19.0
-19.0
-7.0
4.0
-33.0
-23.0
-22.0
-22.0
-20.0
-27.0
-14.0
-14.0
-25.0
-13.0
-14.0
-24.0
9.0
20.0
-1.0
-4.0
-3.0
16.0
2.0
6.0
7.0
10.0
24.0
-1.0
-5.0
-7.0
-2.0
11.0
-2.0
1.0
-26.0
-17.0
-3.0
-20.0
0.0
0.0
-30.0
-11.0
-28.0
-8.0
-23.0
-6.0
-4.0
-6.0
2.0
-4.0
-7.0
-2.0
7.0
-15.0
1.0
-24.0
21.0
11.0
-8.0
-2.0
3.0
-3.0
-8.0
5.0
17.0
4.0
3.0
-13.0
18.0
18.0
-2.0
-4.0
-8.0
-14.0
-1.0
-8.0
0.0
-8.0
-25.0
-21.0
23.0
-8.0
6.0
-20.0
-6.0
-20.0
-18.0
-20.0
0.0
-5.0
1.0
15.0
11.0
-15.0
0.0
11.0
6.0
-10.0
-3.0
-2.0
4.0
-3.0
-1.0
-13.0
-2.0
27.0
28.0
8.0
-10.0
-3.0
-1.0
1.0
-37.0
-58.0
-59.0
-21.0
-16.0
2.0
9.0
4.0
8.0
19.0
-5.0
13.0
33.0
12.0
22.0
14.0
5.0
-4.0
12.0
9.0
10.0
22.0
29.0
27.0
2.0
-2.0
-26.0
-21.0
-25.0
-12.0
12.0
2.0
3.0
11.0
17.0
14.0
16.0
17.0
28.0
9.0
-4.0
-1.0
-15.0
-12.0
-26.0
2.0
-2.0
-2.0
11.0
4.0
-2.0
6.0
-6.0
23.0
1.0
1.0
-16.0
-23.0
-17.0
-53.0
-43.0
-34.0
-67.0
-36.0
-29.0
-27.0
-11.0
-24.0
-26.0
5.0
-6.0
17.0
8.0
-8.0
-8.0
4.0
22.0
21.0
14.0
6.0
4.0
8.0
-8.0
18.0
17.0
1.0
1.0
-2.0
11.0
-5.0
-12.0
7.0
-6.0
-6.0
11.0
22.0
7.0
7.0
-29.0
-18.0
-5.0
-27.0
0.0
-8.0
-21.0
-20.0
-6.0
-10.0
7.0
20.0
2.0
17.0
3.0
-16.0
-13.0
-18.0
-15.0
-20.0
12.0
-1.0
0.0
4.0
-5.0
-6.0
-8.0
-8.0
-5.0
-3.0
-18.0
-18.0
-27.0
8.0
17.0
3.0
20.0
-40.0
-55.0
-54.0
-53.0
-16.0
25.0
18.0
15.0
10.0
-7.0
29.0
-1.0
-4.0
-16.0
-13.0
-20.0
-11.0
-21.0
0.0
2.0
4.0
-7.0
2.0
-4.0
2.0
-13.0
-6.0
-28.0
-9.0
-1.0
-2.0
8.0
9.0
5.0
14.0
-7.0
12.0
1.0
-9.0
-21.0
-36.0
1.0
11.0
-13.0
-18.0
-1.0
-18.0
9.0
6.0
21.0
22.0
9.0
10.0
-7.0
0.0
-3.0
-6.0
15.0
17.0
-8.0
17.0
-13.0
-14.0
-4.0
-7.0
-20.0
-21.0
-2.0
-3.0
4.0
-4.0
-7.0
-9.0
-9.0
-5.0
-33.0
-7.0
-24.0
16.0
14.0
1.0
12.0
11.0
10.0
20.0
-5.0
7.0
-18.0
-18.0
-10.0
-17.0
-17.0
-8.0
-20.0
10.0
-15.0
-36.0
-45.0
-40.0
-9.0
-9.0
-10.0
-19.0
-12.0
3.0
5.0
-16.0
0.0
-10.0
-4.0
1.0
4.0
-7.0
-2.0
-11.0
13.0
10.0
2.0
-8.0
-17.0
-19.0
-27.0
-29.0
-2.0
-25.0
-2.0
-4.0
8.0
17.0
6.0
6.0
-6.0
-1.0
11.0
-19.0
14.0
-3.0
15.0
18.0
-7.0
-9.0
-2.0
3.0
7.0
18.0
-1.0
-19.0
-9.0
-20.0
-44.0
-11.0
3.0
1.0
-8.0
1.0
8.0
6.0
17.0
21.0
6.0
23.0
14.0
7.0
6.0
20.0
-3.0
14.0
-9.0
-3.0
-5.0
-7.0
4.0
6.0
12.0
-18.0
-20.0
-23.0
-24.0
-17.0
-24.0
-37.0
-9.0
-8.0
-25.0
-10.0
-9.0
9.0
25.0
33.0
36.0
14.0
4.0
7.0
-29.0
-16.0
-22.0
-5.0
-10.0
-19.0
-10.0
-18.0
-10.0
-12.0
2.0
-15.0
-24.0
-25.0
-21.0
-7.0
-28.0
-29.0
-23.0
-25.0
5.0
-18.0
-9.0
12.0
7.0
11.0
0.0
-7.0
-7.0
-9.0
13.0
7.0
-1.0
-2.0
-14.0
-5.0
0.0
3.0
15.0
5.0
-1.0
-7.0
-2.0
-20.0
-9.0
15.0
6.0
4.0
-26.0
-22.0
-8.0
20.0
21.0
21.0
6.0
7.0
19.0
20.0
9.0
13.0
18.0
18.0
15.0
-4.0
-16.0
-11.0
6.0
-19.0
-40.0
-38.0
-21.0
-18.0
-20.0
-5.0
9.0
-39.0
-34.0
-24.0
7.0
14.0
-1.0
-9.0
11.0
-11.0
-8.0
-7.0
12.0
-6.0
4.0
3.0
13.0
0.0
8.0
6.0
-18.0
6.0
0.0
14.0
2.0
-1.0
-19.0
-22.0
-6.0
-32.0
-22.0
-24.0
-19.0
-32.0
-29.0
-26.0
3.0
6.0
14.0
0.0
-12.0
-4.0
-18.0
-7.0
1.0
5.0
-5.0
-22.0
-22.0
-9.0
-6.0
-12.0
-19.0
-39.0
-29.0
-26.0
-46.0
-14.0
-14.0
-24.0
-23.0
4.0
-6.0
4.0
-2.0
2.0
-16.0
0.0
-16.0
-9.0
-11.0
-14.0
0.0
7.0
12.0
8.0
4.0
-22.0
-9.0
-7.0
-22.0
-26.0
-36.0
-44.0
-16.0
-18.0
-11.0
-19.0
0.0
7.0
6.0
15.0
11.0
16.0
2.0
4.0
-8.0
-33.0
-34.0
-22.0
-15.0
-28.0
-3.0
-12.0
-16.0
-15.0
-8.0
-16.0
-32.0
-29.0
-14.0
-19.0
-29.0
-26.0
0.0
2.0
-4.0
-29.0
-7.0
-26.0
-23.0
11.0
-8.0
-17.0
-44.0
-38.0
-30.0
-6.0
-18.0
-2.0
14.0
-7.0
5.0
-1.0
-3.0
-7.0
-22.0
-6.0
-2.0
-35.0
-5.0
22.0
44.0
-5.0
-27.0
-20.0
-11.0
-6.0
-1.0
7.0
15.0
17.0
31.0
30.0
8.0
7.0
-4.0
18.0
-9.0
10.0
0.0
14.0
-9.0
-8.0
-1.0
-7.0
6.0
-13.0
-28.0
-17.0
-17.0
-20.0
-17.0
-17.0
-2.0
0.0
-10.0
0.0
1.0
34.0
8.0
-10.0
15.0
14.0
-6.0
-11.0
9.0
8.0
5.0
7.0
-2.0
12.0
6.0
-1.0
2.0
1.0
3.0
-22.0
-13.0
-24.0
-31.0
-18.0
-23.0
-12.0
-19.0
-17.0
2.0
13.0
-25.0
-5.0
7.0
-10.0
-24.0
-22.0
-18.0
-26.0
-20.0
-13.0
-12.0
-18.0
-38.0
-33.0
-35.0
-23.0
-26.0
-26.0
-34.0
-37.0
-38.0
-14.0
-6.0
13.0
35.0
25.0
31.0
37.0
28.0
-9.0
5.0
28.0
14.0
-20.0
28.0
36.0
37.0
33.0
26.0
-10.0
-1.0
5.0
-17.0
-12.0
-2.0
-14.0
-8.0
-5.0
13.0
-9.0
-30.0
-7.0
7.0
1.0
-7.0
-26.0
-8.0
-5.0
-15.0
-11.0
-13.0
-4.0
-26.0
-13.0
-6.0
13.0
7.0
6.0
-14.0
-7.0
-16.0
-43.0
-10.0
6.0
-17.0
-9.0
-11.0
-9.0
-12.0
-44.0
-11.0
-17.0
-5.0
-19.0
-9.0
-33.0
34.0
36.0
-4.0
0.0
-3.0
-10.0
-2.0
-3.0
5.0
-9.0
2.0
0.0
4.0
-13.0
11.0
-23.0
-20.0
-29.0
11.0
-17.0
-27.0
-29.0
-23.0
-21.0
-29.0
-47.0
-26.0
-11.0
-4.0
2.0
10.0
11.0
6.0
11.0
9.0
1.0
0.0
7.0
-6.0
7.0
-7.0
-3.0
-17.0
18.0
-14.0
-18.0
-3.0
-7.0
-11.0
-22.0
-27.0
-25.0
-24.0
-21.0
-18.0
-5.0
23.0
-11.0
-4.0
-32.0
-29.0
-20.0
-13.0
-20.0
-24.0
-1.0
3.0
-9.0
-9.0
-13.0
-35.0
-28.0
-11.0
-21.0
-11.0
-2.0
-21.0
-18.0
-16.0
-11.0
-15.0
-16.0
-7.0
-7.0
-12.0
-6.0
-10.0
5.0
7.0
22.0
16.0
11.0
-5.0
14.0
16.0
-9.0
-8.0
-9.0
-7.0
21.0
6.0
9.0
3.0
19.0
3.0
-5.0
-16.0
24.0
6.0
5.0
-19.0
-17.0
-24.0
-15.0
9.0
11.0
5.0
9.0
-16.0
-16.0
-11.0
-8.0
-25.0
-8.0
-21.0
12.0
3.0
14.0
5.0
3.0
14.0
7.0
-9.0
17.0
7.0
-3.0
-10.0
-8.0
-5.0
-8.0
-43.0
-41.0
-9.0
-8.0
-37.0
11.0
-25.0
-30.0
24.0
1.0
5.0
1.0
20.0
23.0
35.0
4.0
-1.0
-20.0
1.0
-17.0
2.0
-7.0
14.0
-19.0
9.0
6.0
-19.0
-15.0
12.0
34.0
1.0
1.0
-20.0
13.0
-23.0
-15.0
-1.0
-9.0
-6.0
-4.0
5.0
7.0
-15.0
4.0
37.0
36.0
8.0
5.0
-20.0
5.0
-7.0
-7.0
-12.0
7.0
-33.0
-7.0
-10.0
11.0
-10.0
-31.0
-11.0
-6.0
15.0
-3.0
-31.0
-7.0
-13.0
-15.0
-40.0
-14.0
4.0
-5.0
-13.0
-8.0
-16.0
-29.0
-25.0
-12.0
-16.0
13.0
-13.0
-22.0
17.0
13.0
9.0
44.0
9.0
-5.0
11.0
16.0
3.0
1.0
-4.0
-15.0
-17.0
23.0
-10.0
17.0
-34.0
-7.0
-6.0
-2.0
38.0
18.0
8.0
22.0
9.0
13.0
18.0
10.0
-1.0
-9.0
9.0
-27.0
10.0
-3.0
-23.0
-1.0
7.0
-6.0
-9.0
0.0
-7.0
-11.0
-28.0
-23.0
-15.0
-11.0
-30.0
-16.0
-22.0
-24.0
2.0
-5.0
-11.0
-19.0
-7.0
0.0
3.0
-3.0
-28.0
-23.0
-12.0
-4.0
-24.0
-16.0
-23.0
-4.0
19.0
7.0
-7.0
-5.0
7.0
5.0
18.0
-12.0
-2.0
-13.0
-3.0
-3.0
-15.0
-23.0
-2.0
-3.0
1.0
-8.0
-14.0
8.0
3.0
21.0
2.0
-10.0
12.0
-6.0
-3.0
-6.0
-19.0
36.0
15.0
4.0
2.0
0.0
2.0
3.0
-2.0
25.0
12.0
-32.0
-5.0
23.0
4.0
6.0
-10.0
-11.0
-5.0
6.0
35.0
2.0
14.0
-13.0
1.0
-10.0
-14.0
-8.0
33.0
-3.0
-8.0
-6.0
43.0
19.0
4.0
4.0
-20.0
-4.0
25.0
-16.0
-27.0
4.0
-6.0
-36.0
-61.0
-66.0
-78.0
-36.0
-8.0
-7.0
-32.0
-23.0
-35.0
4.0
-10.0
-9.0
1.0
-14.0
-9.0
9.0
0.0
3.0
6.0
-1.0
-21.0
-33.0
28.0
15.0
-15.0
10.0
19.0
36.0
18.0
7.0
-17.0
-13.0
23.0
1.0
-34.0
-25.0
-7.0
-25.0
-18.0
8.0
1.0
-5.0
-7.0
-12.0
-7.0
-16.0
-11.0
-3.0
-7.0
-16.0
4.0
4.0
-31.0
-20.0
0.0
3.0
2.0
21.0
-2.0
-2.0
-3.0
-10.0
-9.0
-6.0
-25.0
17.0
22.0
-26.0
-35.0
-13.0
-34.0
-45.0
-51.0
3.0
20.0
20.0
16.0
-3.0
6.0
18.0
39.0
39.0
45.0
14.0
-65.0
-51.0
-38.0
-18.0
0.0
3.0
-38.0
-31.0
-12.0
-12.0
-21.0
-6.0
1.0
-25.0
7.0
4.0
27.0
25.0
0.0
20.0
17.0
-12.0
-5.0
-6.0
-26.0
6.0
-32.0
-33.0
17.0
-24.0
10.0
-31.0
14.0
-20.0
21.0
-13.0
-29.0
-31.0
6.0
-12.0
22.0
-10.0
-7.0
-18.0
-31.0
-3.0
-7.0
-4.0
-11.0
-2.0
13.0
15.0
7.0
-61.0
2.0
18.0
53.0
42.0
15.0
15.0
-27.0
-49.0
-38.0
-56.0
-12.0
-28.0
20.0
11.0
0.0
-26.0
9.0
17.0
9.0
16.0
16.0
34.0
22.0
24.0
-21.0
-35.0
-24.0
5.0
14.0
-63.0
8.0
-41.0
6.0
10.0
-26.0
-17.0
-56.0
-64.0
-34.0
-6.0
-14.0
5.0
-13.0
-10.0
9.0
16.0
7.0
1.0
-11.0
7.0
-16.0
-31.0
1.0
-3.0
19.0
-3.0
-8.0
-4.0
3.0
5.0
-9.0
7.0
9.0
2.0
-19.0
-6.0
-5.0
-6.0
-8.0
7.0
-26.0
-2.0
-5.0
-6.0
-7.0
-9.0
23.0
-7.0
10.0
-20.0
-2.0
12.0
6.0
3.0
7.0
3.0
28.0
-14.0
6.0
-24.0
-16.0
0.0
-26.0
-30.0
2.0
10.0
-2.0
-5.0
10.0
-1.0
-48.0
-54.0
6.0
5.0
8.0
-10.0
19.0
18.0
3.0
51.0
-23.0
9.0
-33.0
-23.0
-23.0
-27.0
5.0
-18.0
-27.0
15.0
8.0
-2.0
-2.0
-5.0
16.0
-20.0
-24.0
-27.0
-21.0
-41.0
-28.0
-15.0
-9.0
-8.0
11.0
25.0
18.0
15.0
-6.0
-3.0
11.0
9.0
10.0
13.0
27.0
5.0
-6.0
-5.0
-20.0
4.0
-19.0
6.0
-13.0
-9.0
-15.0
-46.0
-39.0
-20.0
-27.0
-18.0
-36.0
-1.0
-1.0
-1.0
13.0
-13.0
-11.0
-20.0
9.0
8.0
22.0
-2.0
5.0
6.0
-9.0
4.0
14.0
-22.0
-46.0
-3.0
33.0
12.0
-3.0
-3.0
18.0
25.0
-10.0
13.0
1.0
-6.0
-1.0
1.0
-8.0
-10.0
-15.0
-17.0
-4.0
-17.0
3.0
-25.0
-15.0
3.0
-18.0
-13.0
5.0
-27.0
-5.0
-12.0
-28.0
-27.0
-19.0
-13.0
16.0
6.0
1.0
20.0
-7.0
14.0
16.0
10.0
21.0
23.0
14.0
12.0
-41.0
-23.0
-44.0
-82.0
-72.0
-103.0
-64.0
-43.0
-46.0
-33.0
2.0
-3.0
-9.0
-34.0
12.0
3.0
1.0
11.0
19.0
19.0
10.0
15.0
3.0
22.0
6.0
13.0
28.0
18.0
-11.0
-13.0
-11.0
21.0
6.0
24.0
16.0
24.0
-7.0
23.0
11.0
15.0
25.0
10.0
18.0
13.0
-4.0
-5.0
-1.0
-12.0
-20.0
-20.0
-6.0
-7.0
8.0
-22.0
-3.0
-9.0
8.0
-27.0
13.0
6.0
-7.0
-17.0
-5.0
4.0
-12.0
-29.0
-23.0
-14.0
-18.0
-11.0
5.0
3.0
-14.0
6.0
-12.0
-1.0
-20.0
-14.0
1.0
-6.0
20.0
0.0
-8.0
2.0
9.0
2.0
-19.0
-1.0
-15.0
-17.0
-13.0
-31.0
-7.0
-7.0
17.0
-8.0
0.0
-1.0
-7.0
-11.0
0.0
-18.0
-11.0
-14.0
-19.0
8.0
-15.0
24.0
15.0
10.0
19.0
11.0
-23.0
-13.0
-7.0
-11.0
4.0
-11.0
-11.0
-3.0
11.0
-1.0
-19.0
-11.0
-19.0
-20.0
-1.0
-12.0
6.0
8.0
2.0
-3.0
-11.0
-11.0
-11.0
-18.0
-15.0
-1.0
-13.0
-10.0
-5.0
26.0
6.0
31.0
40.0
16.0
4.0
-11.0
-1.0
4.0
1.0
-39.0
-19.0
1.0
12.0
1.0
18.0
44.0
12.0
15.0
-4.0
-5.0
-9.0
-24.0
-19.0
-19.0
-13.0
-21.0
-17.0
-18.0
-20.0
-26.0
-28.0
-6.0
-13.0
-5.0
-20.0
-32.0
-18.0
-13.0
-7.0
-4.0
-1.0
-11.0
15.0
-13.0
-9.0
-22.0
-28.0
-24.0
-10.0
-13.0
-14.0
-23.0
-18.0
-16.0
-36.0
-30.0
-22.0
-20.0
-27.0
-2.0
5.0
7.0
-5.0
3.0
-4.0
3.0
4.0
8.0
-5.0
-42.0
-33.0
-7.0
13.0
9.0
12.0
-24.0
-20.0
-19.0
-5.0
-12.0
-2.0
-20.0
-20.0
-8.0
8.0
2.0
4.0
5.0
-1.0
2.0
-28.0
-17.0
-4.0
16.0
3.0
28.0
-4.0
-16.0
-14.0
-23.0
4.0
-7.0
11.0
-9.0
0.0
2.0
1.0
-2.0
5.0
3.0
9.0
2.0
-6.0
-16.0
-17.0
-15.0
20.0
20.0
-8.0
-2.0
13.0
-25.0
-12.0
-15.0
-23.0
3.0
-48.0
-53.0
-14.0
-15.0
-20.0
-5.0
-10.0
-20.0
-6.0
-11.0
5.0
-5.0
7.0
10.0
-11.0
-9.0
5.0
-35.0
-5.0
-4.0
-13.0
-18.0
-29.0
-17.0
4.0
-42.0
-47.0
-30.0
-20.0
-33.0
-5.0
-12.0
-49.0
-17.0
-12.0
-5.0
11.0
16.0
4.0
0.0
9.0
9.0
22.0
4.0
8.0
12.0
30.0
29.0
14.0
37.0
-32.0
-11.0
19.0
12.0
17.0
26.0
12.0
-4.0
-5.0
-20.0
-5.0
0.0
-13.0
-17.0
-15.0
2.0
5.0
26.0
15.0
21.0
10.0
4.0
24.0
16.0
19.0
23.0
4.0
-20.0
-20.0
-7.0
-23.0
-17.0
-50.0
-29.0
-26.0
-10.0
14.0
3.0
-4.0
-7.0
34.0
43.0
4.0
7.0
-7.0
-1.0
15.0
1.0
17.0
-3.0
3.0
-3.0
6.0
4.0
-18.0
-12.0
4.0
-4.0
-11.0
-25.0
-26.0
-35.0
-29.0
-38.0
-19.0
-10.0
-7.0
-5.0
-5.0
-8.0
-19.0
-22.0
-22.0
-13.0
-27.0
-9.0
-4.0
1.0
-1.0
-3.0
-30.0
-25.0
-10.0
-22.0
-19.0
-11.0
-11.0
-16.0
-18.0
-10.0
-13.0
-17.0
3.0
8.0
3.0
9.0
-11.0
30.0
-6.0
-9.0
-2.0
-7.0
-11.0
-24.0
-22.0
-27.0
-6.0
17.0
9.0
12.0
-29.0
-28.0
-18.0
-20.0
-30.0
2.0
-31.0
-20.0
-20.0
-11.0
15.0
9.0
11.0
19.0
-12.0
-6.0
-4.0
-10.0
-2.0
-3.0
-18.0
-10.0
7.0
3.0
-13.0
-11.0
-11.0
-6.0
-24.0
17.0
-36.0
-41.0
-34.0
-21.0
-20.0
-7.0
-1.0
-25.0
-11.0
29.0
-10.0
-5.0
-4.0
9.0
18.0
2.0
6.0
2.0
4.0
4.0
-3.0
3.0
3.0
-15.0
-32.0
-18.0
-14.0
13.0
9.0
-11.0
-2.0
-17.0
-19.0
-17.0
-16.0
-15.0
-3.0
-7.0
2.0
-11.0
-3.0
-1.0
0.0
-17.0
14.0
13.0
6.0
10.0
-37.0
-62.0
-23.0
-32.0
-12.0
0.0
-9.0
-15.0
-1.0
-12.0
-14.0
-28.0
-21.0
-17.0
0.0
-31.0
-40.0
-29.0
-11.0
5.0
-5.0
-2.0
-7.0
-13.0
-27.0
1.0
-30.0
2.0
9.0
11.0
-23.0
-14.0
-16.0
-19.0
-10.0
14.0
-13.0
-10.0
-14.0
-2.0
7.0
10.0
28.0
10.0
-3.0
-2.0
-13.0
-2.0
-22.0
-3.0
-18.0
-1.0
-15.0
-21.0
4.0
5.0
-2.0
9.0
-7.0
-30.0
-6.0
12.0
8.0
8.0
16.0
-15.0
-2.0
5.0
11.0
9.0
18.0
-3.0
-2.0
-2.0
-6.0
-10.0
-7.0
-10.0
4.0
7.0
-6.0
-26.0
-37.0
-43.0
-10.0
-13.0
-22.0
0.0
5.0
-8.0
1.0
5.0
31.0
23.0
-5.0
18.0
7.0
0.0
17.0
-10.0
-4.0
-17.0
-7.0
-11.0
13.0
-10.0
-7.0
-10.0
-1.0
6.0
11.0
-7.0
-25.0
-26.0
-7.0
-20.0
-15.0
-24.0
-18.0
-11.0
-12.0
-4.0
5.0
2.0
-1.0
5.0
12.0
9.0
9.0
-20.0
-6.0
-16.0
-14.0
-14.0
-12.0
2.0
-14.0
-28.0
-17.0
-2.0
-16.0
-18.0
-15.0
-19.0
-38.0
-20.0
-9.0
4.0
-4.0
12.0
0.0
-1.0
-15.0
-16.0
13.0
8.0
9.0
-9.0
-15.0
-15.0
23.0
28.0
5.0
5.0
8.0
12.0
-10.0
-30.0
-10.0
-10.0
8.0
-1.0
9.0
3.0
-3.0
-32.0
0.0
-8.0
6.0
-14.0
-28.0
-12.0
-18.0
-11.0
1.0
-26.0
-9.0
0.0
10.0
2.0
-13.0
1.0
0.0
0.0
-13.0
9.0
-5.0
1.0
-15.0
-3.0
-7.0
-10.0
0.0
-4.0
1.0
13.0
-10.0
3.0
-4.0
9.0
6.0
13.0
-9.0
-9.0
-14.0
-14.0
12.0
-24.0
19.0
-15.0
-16.0
-15.0
-29.0
-33.0
0.0
29.0
26.0
1.0
-26.0
-4.0
-7.0
-44.0
-56.0
-50.0
-6.0
-5.0
23.0
-18.0
-3.0
-10.0
0.0
-55.0
-28.0
-25.0
-34.0
-14.0
-23.0
-11.0
-2.0
19.0
-13.0
16.0
9.0
17.0
21.0
-8.0
9.0
30.0
9.0
-13.0
-6.0
4.0
-13.0
-16.0
-38.0
-25.0
-19.0
-15.0
-23.0
-31.0
-10.0
-11.0
-2.0
1.0
11.0
0.0
-11.0
-5.0
-20.0
-38.0
-35.0
-4.0
14.0
21.0
10.0
-5.0
20.0
29.0
1.0
9.0
12.0
11.0
22.0
17.0
6.0
-4.0
-16.0
-26.0
-32.0
6.0
29.0
-7.0
-5.0
-11.0
-2.0
-36.0
-24.0
-1.0
-8.0
11.0
-17.0
-28.0
-24.0
-22.0
-31.0
-32.0
14.0
-27.0
3.0
-10.0
13.0
6.0
-19.0
-17.0
-28.0
-14.0
-17.0
-1.0
26.0
14.0
-16.0
12.0
27.0
22.0
22.0
6.0
24.0
11.0
4.0
-2.0
-2.0
-3.0
-11.0
-12.0
-21.0
0.0
-6.0
-11.0
-8.0
-20.0
-41.0
-51.0
-22.0
-26.0
8.0
4.0
-22.0
-8.0
5.0
1.0
22.0
8.0
24.0
32.0
20.0
11.0
4.0
-7.0
2.0
-1.0
-24.0
-11.0
12.0
6.0
-9.0
0.0
-9.0
-7.0
-24.0
-29.0
-29.0
-21.0
-22.0
-23.0
-34.0
-30.0
-12.0
4.0
9.0
5.0
-21.0
7.0
1.0
-3.0
-25.0
-9.0
-5.0
26.0
34.0
34.0
16.0
-14.0
-10.0
-16.0
-23.0
-199.0
-55.0
-25.0
-37.0
-2.0
-7.0
15.0
-109.0
-98.0
-51.0
-313.0
-299.0
-119.0
5.0
73.0
313.0
313.0
313.0
313.0
313.0
313.0
222.0
192.0
160.0
137.0
106.0
108.0
13.0
40.0
37.0
20.0
-121.0
-42.0
50.0
178.0
131.0
79.0
161.0
124.0
76.0
-8.0
-92.0
-165.0
-138.0
-110.0
-166.0
-157.0
-93.0
-113.0
-55.0
-35.0
-85.0
-14.0
-25.0
-23.0
23.0
61.0
78.0
85.0
110.0
180.0
123.0
72.0
19.0
55.0
22.0
54.0
35.0
20.0
-33.0
-2.0
16.0
19.0
35.0
-6.0
-27.0
-132.0
-171.0
-162.0
-147.0
-99.0
-62.0
-66.0
-39.0
-117.0
-101.0
-148.0
-175.0
-167.0
-183.0
-129.0
-79.0
-51.0
-81.0
-81.0
-71.0
-132.0
-162.0
-155.0
-199.0
-194.0
-186.0
-141.0
-131.0
-189.0
-149.0
-166.0
-149.0
-152.0
-126.0
-121.0
-33.0
-49.0
-54.0
-63.0
-133.0
-222.0
-192.0
-190.0
-159.0
-146.0
-142.0
-153.0
-117.0
-74.0
-58.0
-66.0
-25.0
-17.0
-32.0
-22.0
-5.0
5.0
30.0
15.0
13.0
26.0
30.0
23.0
27.0
25.0
59.0
50.0
44.0
7.0
47.0
12.0
41.0
35.0
26.0
38.0
12.0
34.0
57.0
24.0
41.0
15.0
80.0
89.0
78.0
74.0
6.0
-11.0
0.0
42.0
36.0
41.0
27.0
32.0
60.0
62.0
61.0
91.0
79.0
30.0
61.0
53.0
43.0
22.0
54.0
70.0
71.0
12.0
21.0
-41.0
-1.0
10.0
-2.0
7.0
-5.0
19.0
10.0
-12.0
-4.0
-7.0
-6.0
53.0
25.0
27.0
7.0
-12.0
9.0
5.0
13.0
-12.0
-12.0
-52.0
-41.0
-35.0
-3.0
-3.0
28.0
4.0
-7.0
-11.0
44.0
48.0
40.0
38.0
52.0
19.0
22.0
18.0
7.0
9.0
10.0
12.0
4.0
7.0
10.0
-9.0
-4.0
-25.0
-18.0
-33.0
-12.0
-11.0
-12.0
-26.0
4.0
-17.0
7.0
6.0
6.0
-27.0
-11.0
-4.0
10.0
19.0
14.0
13.0
-8.0
-14.0
-1.0
-2.0
-2.0
-10.0
-12.0
-23.0
6.0
6.0
-22.0
2.0
3.0
-6.0
-10.0
-29.0
1.0
8.0
-11.0
-4.0
-21.0
-33.0
-21.0
-6.0
-5.0
17.0
38.0
33.0
14.0
0.0
-1.0
-15.0
-5.0
9.0
33.0
4.0
-8.0
-5.0
-23.0
6.0
15.0
8.0
0.0
-26.0
-7.0
13.0
-6.0
-8.0
-27.0
-12.0
-6.0
17.0
32.0
23.0
6.0
25.0
22.0
18.0
20.0
11.0
32.0
2.0
-9.0
-11.0
4.0
-2.0
-4.0
-4.0
15.0
-3.0
-8.0
-6.0
-19.0
-46.0
-16.0
3.0
13.0
14.0
1.0
11.0
-15.0
-8.0
23.0
24.0
13.0
0.0
-11.0
-12.0
3.0
-6.0
1.0
16.0
-8.0
-21.0
-3.0
-4.0
11.0
10.0
-2.0
3.0
19.0
-1.0
-13.0
-34.0
-9.0
-8.0
-15.0
-12.0
13.0
4.0
10.0
8.0
4.0
2.0
-8.0
18.0
10.0
6.0
2.0
-23.0
-28.0
-37.0
-5.0
8.0
8.0
29.0
11.0
7.0
17.0
2.0
-14.0
-16.0
-16.0
30.0
16.0
21.0
17.0
15.0
2.0
8.0
2.0
-20.0
-11.0
21.0
22.0
10.0
-2.0
-4.0
17.0
-9.0
-5.0
-24.0
-26.0
-24.0
-15.0
-18.0
-19.0
-14.0
-20.0
12.0
1.0
-28.0
-26.0
-21.0
-33.0
-4.0
-3.0
-3.0
-26.0
-44.0
-40.0
-40.0
-37.0
-30.0
8.0
-22.0
-42.0
-36.0
-35.0
-17.0
24.0
-14.0
-11.0
-4.0
-12.0
-19.0
-12.0
-7.0
21.0
22.0
14.0
-28.0
-27.0
11.0
55.0
33.0
34.0
33.0
61.0
22.0
42.0
29.0
25.0
29.0
24.0
32.0
136.0
129.0
76.0
-100.0
-18.0
-56.0
-6.0
-48.0
-55.0
-32.0
-17.0
-14.0
-48.0
-27.0
-22.0
-2.0
5.0
3.0
-4.0
13.0
28.0
20.0
39.0
25.0
66.0
-11.0
-18.0
36.0
-69.0
-42.0
-15.0
-18.0
-25.0
-29.0
-30.0
-30.0
-33.0
-47.0
-19.0
-9.0
-19.0
-23.0
-8.0
-1.0
-10.0
3.0
36.0
26.0
9.0
-19.0
-12.0
-4.0
17.0
-1.0
4.0
0.0
3.0
-6.0
-4.0
2.0
4.0
1.0
11.0
-8.0
5.0
-43.0
-29.0
-33.0
-49.0
-17.0
-36.0
-36.0
-52.0
-54.0
-11.0
-5.0
15.0
2.0
4.0
11.0
-4.0
-3.0
15.0
24.0
9.0
16.0
26.0
18.0
21.0
12.0
3.0
4.0
-10.0
-44.0
-57.0
-34.0
-26.0
-28.0
-24.0
-15.0
-17.0
-16.0
-12.0
-5.0
3.0
31.0
18.0
9.0
-19.0
-26.0
-1.0
-10.0
-2.0
-12.0
-12.0
50.0
29.0
20.0
10.0
39.0
26.0
19.0
9.0
0.0
-14.0
-4.0
-23.0
-9.0
6.0
-20.0
-34.0
-29.0
-47.0
-41.0
-18.0
3.0
-1.0
-12.0
19.0
7.0
24.0
32.0
14.0
-6.0
4.0
-5.0
-13.0
-18.0
13.0
-22.0
-32.0
-20.0
-23.0
-24.0
-13.0
-32.0
-5.0
-25.0
-49.0
-36.0
-22.0
-18.0
-30.0
11.0
-10.0
-4.0
-34.0
-21.0
-46.0
-26.0
-37.0
-36.0
-45.0
2.0
1.0
14.0
13.0
10.0
6.0
-16.0
-41.0
-34.0
-9.0
0.0
0.0
-1.0
12.0
-1.0
-2.0
18.0
-16.0
-15.0
-28.0
0.0
10.0
2.0
-1.0
13.0
-18.0
-39.0
-44.0
-38.0
-38.0
-18.0
8.0
-13.0
-27.0
-15.0
24.0
25.0
6.0
11.0
-7.0
14.0
-16.0
18.0
14.0
-10.0
-14.0
-11.0
20.0
16.0
0.0
6.0
-3.0
-9.0
-18.0
9.0
-23.0
-18.0
-13.0
-17.0
-20.0
-7.0
-25.0
4.0
-12.0
-24.0
-28.0
-8.0
-17.0
-17.0
4.0
-17.0
17.0
2.0
-1.0
5.0
6.0
22.0
23.0
20.0
9.0
1.0
0.0
-20.0
-6.0
-8.0
-1.0
-19.0
-6.0
-10.0
-21.0
-17.0
-36.0
-57.0
-36.0
1.0
-6.0
-19.0
3.0
6.0
38.0
10.0
21.0
-3.0
22.0
-3.0
18.0
-17.0
1.0
-15.0
0.0
-5.0
-10.0
17.0
-24.0
-15.0
-7.0
-39.0
-31.0
-22.0
-25.0
-9.0
-24.0
-44.0
-28.0
-17.0
12.0
18.0
16.0
11.0
24.0
31.0
18.0
1.0
2.0
6.0
-11.0
-6.0
-11.0
-12.0
-13.0
-35.0
-6.0
-13.0
12.0
13.0
7.0
-19.0
-12.0
-22.0
-19.0
-26.0
-23.0
-25.0
-4.0
-14.0
15.0
14.0
29.0
35.0
24.0
25.0
33.0
33.0
-2.0
-15.0
-18.0
-14.0
-1.0
-4.0
-14.0
-27.0
-16.0
-25.0
-15.0
-9.0
-16.0
-11.0
-55.0
-51.0
-26.0
-22.0
-30.0
-6.0
-9.0
-9.0
11.0
36.0
-5.0
9.0
18.0
33.0
11.0
34.0
13.0
11.0
-21.0
-49.0
-12.0
-17.0
-11.0
-4.0
-10.0
0.0
13.0
-14.0
-7.0
-41.0
-19.0
-24.0
-16.0
7.0
-16.0
-36.0
-27.0
-23.0
-10.0
-19.0
4.0
7.0
-4.0
13.0
20.0
34.0
27.0
3.0
4.0
20.0
-2.0
6.0
24.0
19.0
-4.0
-12.0
-4.0
-26.0
-28.0
-29.0
-16.0
-18.0
-39.0
-33.0
-9.0
-7.0
-17.0
-8.0
-2.0
-1.0
12.0
20.0
25.0
28.0
43.0
-4.0
-6.0
-17.0
8.0
6.0
-1.0
-1.0
-6.0
7.0
-28.0
-21.0
-8.0
-45.0
-61.0
-30.0
-40.0
-27.0
-5.0
-17.0
-30.0
-23.0
-19.0
-11.0
5.0
25.0
37.0
35.0
23.0
23.0
1.0
7.0
-7.0
-33.0
6.0
-14.0
-13.0
-18.0
7.0
-8.0
-38.0
-9.0
-40.0
-16.0
-20.0
-6.0
2.0
-1.0
2.0
-15.0
8.0
-5.0
16.0
-11.0
14.0
30.0
16.0
10.0
4.0
5.0
0.0
-10.0
20.0
-3.0
-14.0
-27.0
-12.0
-16.0
-12.0
-3.0
-9.0
-22.0
-31.0
-27.0
-18.0
-57.0
-23.0
-21.0
-23.0
-9.0
0.0
-29.0
-13.0
20.0
-1.0
24.0
21.0
13.0
34.0
14.0
10.0
13.0
13.0
14.0
-7.0
6.0
-5.0
-6.0
3.0
11.0
-13.0
20.0
-18.0
-25.0
-10.0
-19.0
7.0
9.0
2.0
-9.0
-16.0
15.0
16.0
31.0
44.0
70.0
23.0
25.0
34.0
35.0
18.0
21.0
20.0
4.0
3.0
-8.0
-24.0
-23.0
-18.0
-45.0
-47.0
-31.0
-48.0
-31.0
-28.0
-19.0
-9.0
-8.0
12.0
11.0
-11.0
12.0
18.0
35.0
10.0
18.0
9.0
8.0
-14.0
3.0
11.0
-10.0
3.0
6.0
2.0
27.0
2.0
-1.0
13.0
10.0
2.0
14.0
0.0
-25.0
-17.0
-30.0
-7.0
7.0
24.0
11.0
10.0
-3.0
26.0
15.0
15.0
14.0
-7.0
-3.0
-24.0
-33.0
-35.0
-31.0
-20.0
-16.0
-22.0
-30.0
-26.0
-25.0
-12.0
8.0
-27.0
-20.0
-30.0
-13.0
-30.0
-27.0
-26.0
-30.0
-14.0
-29.0
2.0
4.0
42.0
32.0
17.0
3.0
-5.0
-7.0
-1.0
-12.0
3.0
-9.0
-6.0
-4.0
-10.0
-9.0
8.0
-6.0
-10.0
-8.0
1.0
-35.0
0.0
3.0
-1.0
-20.0
-28.0
-24.0
6.0
16.0
12.0
26.0
21.0
5.0
11.0
-6.0
-3.0
1.0
-12.0
-2.0
7.0
25.0
-3.0
-9.0
3.0
-13.0
-9.0
-9.0
-1.0
-9.0
-24.0
-13.0
6.0
8.0
-17.0
25.0
6.0
1.0
32.0
19.0
15.0
2.0
-32.0
-53.0
-22.0
-31.0
-6.0
-16.0
-15.0
4.0
3.0
7.0
-23.0
-31.0
-47.0
-50.0
-26.0
-28.0
-38.0
-21.0
-14.0
5.0
-12.0
32.0
51.0
27.0
33.0
35.0
15.0
10.0
6.0
38.0
8.0
-3.0
-11.0
5.0
23.0
24.0
9.0
14.0
-16.0
-18.0
-34.0
-23.0
-14.0
-13.0
-17.0
-10.0
-3.0
28.0
47.0
30.0
19.0
-4.0
6.0
30.0
12.0
12.0
2.0
-35.0
-4.0
5.0
12.0
-7.0
-14.0
-25.0
-27.0
-39.0
-38.0
-25.0
-26.0
-10.0
-7.0
-17.0
3.0
9.0
32.0
41.0
11.0
24.0
23.0
10.0
-2.0
19.0
2.0
10.0
26.0
30.0
11.0
18.0
-18.0
0.0
1.0
-18.0
-30.0
-39.0
-22.0
-22.0
-10.0
-20.0
1.0
5.0
5.0
5.0
21.0
9.0
3.0
13.0
2.0
0.0
3.0
-3.0
30.0
-3.0
10.0
13.0
22.0
16.0
18.0
7.0
10.0
0.0
-2.0
-30.0
-36.0
-29.0
-29.0
-32.0
-17.0
-12.0
-1.0
-12.0
17.0
31.0
43.0
37.0
13.0
20.0
-9.0
-7.0
7.0
11.0
17.0
-29.0
-14.0
-17.0
-7.0
-5.0
1.0
-18.0
-10.0
-2.0
-2.0
-20.0
-48.0
-25.0
2.0
-2.0
14.0
6.0
5.0
21.0
43.0
45.0
42.0
39.0
22.0
15.0
30.0
34.0
13.0
0.0
-10.0
-33.0
-25.0
-12.0
-8.0
-4.0
-15.0
-36.0
-26.0
-46.0
-47.0
-39.0
-47.0
-49.0
-27.0
-30.0
-14.0
-20.0
-1.0
-13.0
52.0
12.0
15.0
6.0
37.0
39.0
20.0
1.0
10.0
23.0
17.0
12.0
14.0
22.0
-17.0
-15.0
-18.0
5.0
0.0
-17.0
-46.0
-21.0
-19.0
2.0
-5.0
-4.0
9.0
3.0
-22.0
15.0
31.0
16.0
35.0
26.0
8.0
12.0
14.0
12.0
-15.0
2.0
-5.0
-2.0
7.0
15.0
5.0
1.0
-21.0
0.0
11.0
-3.0
-1.0
13.0
10.0
-19.0
-32.0
-34.0
-27.0
-45.0
-52.0
-42.0
-28.0
-34.0
1.0
50.0
35.0
32.0
46.0
26.0
64.0
23.0
35.0
16.0
-17.0
-30.0
1.0
7.0
-13.0
2.0
-7.0
18.0
-1.0
0.0
-25.0
-29.0
-29.0
-27.0
8.0
2.0
-11.0
-36.0
-10.0
-12.0
-26.0
16.0
24.0
21.0
25.0
-7.0
10.0
-35.0
-36.0
-39.0
-39.0
-9.0
6.0
4.0
-9.0
0.0
-16.0
-5.0
-7.0
5.0
1.0
-24.0
-18.0
-25.0
-31.0
-6.0
-20.0
4.0
-5.0
-10.0
11.0
-6.0
31.0
32.0
33.0
12.0
13.0
18.0
4.0
-26.0
15.0
21.0
23.0
26.0
-24.0
-7.0
-7.0
-14.0
-7.0
-10.0
-24.0
-27.0
-39.0
-35.0
-22.0
-11.0
-4.0
-13.0
-25.0
-5.0
-13.0
35.0
13.0
12.0
18.0
-14.0
25.0
25.0
-18.0
1.0
10.0
13.0
16.0
13.0
-11.0
12.0
-8.0
0.0
-25.0
-10.0
-18.0
-8.0
-39.0
-47.0
-54.0
-42.0
-17.0
-2.0
-22.0
13.0
-26.0
3.0
11.0
10.0
40.0
34.0
40.0
25.0
-5.0
17.0
-9.0
32.0
13.0
6.0
13.0
7.0
2.0
17.0
-8.0
19.0
-5.0
-37.0
-25.0
-21.0
-55.0
-7.0
-18.0
4.0
-11.0
-31.0
-32.0
-12.0
-17.0
-7.0
11.0
27.0
36.0
29.0
17.0
22.0
31.0
-17.0
22.0
30.0
20.0
-13.0
23.0
-16.0
-12.0
-8.0
11.0
-13.0
-14.0
-18.0
-25.0
-30.0
-16.0
-1.0
-1.0
12.0
-9.0
24.0
-3.0
2.0
30.0
23.0
41.0
11.0
9.0
-16.0
25.0
-2.0
-15.0
-27.0
-2.0
-17.0
-11.0
-16.0
11.0
5.0
28.0
6.0
-27.0
-19.0
-36.0
-53.0
-27.0
-26.0
-13.0
-12.0
-2.0
-26.0
-10.0
-7.0
-20.0
49.0
39.0
43.0
32.0
20.0
14.0
7.0
-9.0
-3.0
-12.0
1.0
-4.0
-3.0
-25.0
-4.0
-12.0
-22.0
-37.0
-45.0
-42.0
-23.0
-37.0
-18.0
-33.0
-20.0
4.0
-15.0
14.0
20.0
22.0
20.0
6.0
38.0
32.0
11.0
9.0
8.0
-27.0
-18.0
-8.0
-36.0
-30.0
-16.0
2.0
-33.0
18.0
0.0
-10.0
-14.0
-12.0
-6.0
-19.0
-6.0
-19.0
9.0
14.0
21.0
6.0
7.0
30.0
45.0
13.0
5.0
8.0
-1.0
14.0
0.0
-3.0
1.0
-7.0
-1.0
8.0
-30.0
0.0
2.0
-26.0
-24.0
-35.0
-32.0
-20.0
-43.0
-39.0
-45.0
-39.0
-36.0
10.0
27.0
33.0
31.0
4.0
4.0
-11.0
-15.0
-29.0
-16.0
-4.0
2.0
2.0
7.0
24.0
8.0
13.0
2.0
-40.0
-60.0
-57.0
-25.0
-16.0
-17.0
-17.0
1.0
10.0
15.0
0.0
19.0
30.0
21.0
17.0
17.0
-10.0
-7.0
12.0
-24.0
-4.0
-21.0
-7.0
9.0
0.0
-2.0
-17.0
-25.0
5.0
25.0
-10.0
-19.0
-53.0
-28.0
-16.0
-4.0
-7.0
-7.0
5.0
-6.0
16.0
31.0
19.0
45.0
22.0
16.0
12.0
19.0
-4.0
-7.0
5.0
-24.0
-15.0
-31.0
-15.0
-16.0
-23.0
-30.0
-10.0
0.0
-18.0
-21.0
-33.0
-9.0
-38.0
-63.0
-27.0
-38.0
-22.0
-11.0
4.0
-9.0
15.0
6.0
-15.0
-14.0
39.0
60.0
26.0
9.0
28.0
22.0
13.0
24.0
23.0
20.0
10.0
7.0
-16.0
-32.0
20.0
18.0
-10.0
-37.0
-13.0
-12.0
-20.0
-9.0
-17.0
-26.0
-13.0
-13.0
8.0
-15.0
4.0
15.0
37.0
15.0
30.0
-28.0
15.0
-15.0
34.0
7.0
-31.0
-35.0
10.0
-5.0
10.0
2.0
-2.0
-13.0
21.0
-21.0
-6.0
-7.0
-37.0
-50.0
19.0
-12.0
2.0
-16.0
-11.0
-6.0
-13.0
-9.0
1.0
-24.0
51.0
0.0
8.0
-6.0
-28.0
2.0
-4.0
-6.0
-11.0
5.0
-5.0
-28.0
-24.0
-35.0
5.0
-29.0
7.0
-11.0
-22.0
-38.0
-4.0
-26.0
-17.0
-42.0
-4.0
2.0
-8.0
-4.0
8.0
19.0
24.0
60.0
48.0
2.0
4.0
-7.0
7.0
0.0
-11.0
-5.0
17.0
-31.0
-24.0
-33.0
-29.0
-36.0
-17.0
-27.0
-7.0
-41.0
-19.0
-25.0
-33.0
3.0
3.0
15.0
-21.0
-23.0
26.0
8.0
-1.0
30.0
-3.0
7.0
16.0
1.0
-27.0
-29.0
-11.0
5.0
31.0
-12.0
0.0
17.0
38.0
33.0
23.0
24.0
2.0
-28.0
-19.0
-25.0
-46.0
-11.0
0.0
15.0
-28.0
-41.0
-5.0
-34.0
32.0
0.0
29.0
0.0
-11.0
-13.0
-1.0
-1.0
12.0
-9.0
6.0
-39.0
18.0
-5.0
19.0
2.0
-3.0
7.0
-8.0
-25.0
-36.0
-45.0
-26.0
-17.0
17.0
-31.0
6.0
7.0
-2.0
9.0
44.0
15.0
18.0
-4.0
30.0
18.0
25.0
18.0
-22.0
-2.0
-17.0
-20.0
-39.0
-39.0
-13.0
15.0
-24.0
-39.0
-16.0
-16.0
-61.0
-25.0
2.0
10.0
-35.0
-24.0
-17.0
-20.0
-7.0
-7.0
4.0
2.0
7.0
16.0
32.0
-4.0
2.0
-2.0
2.0
7.0
-3.0
5.0
-26.0
-30.0
-11.0
-12.0
7.0
12.0
-52.0
-1.0
14.0
-9.0
-26.0
-42.0
-9.0
-3.0
-16.0
-6.0
-20.0
0.0
-18.0
1.0
-18.0
-6.0
13.0
7.0
20.0
16.0
10.0
22.0
8.0
21.0
27.0
16.0
-2.0
-19.0
-48.0
-48.0
-18.0
-26.0
-25.0
-39.0
-51.0
-31.0
-4.0
-13.0
-19.0
-17.0
-20.0
-18.0
-17.0
-20.0
12.0
4.0
15.0
17.0
32.0
33.0
42.0
60.0
0.0
23.0
-12.0
6.0
-23.0
-9.0
18.0
11.0
-6.0
2.0
-32.0
-15.0
-32.0
1.0
-24.0
1.0
-38.0
-35.0
-25.0
15.0
-1.0
4.0
8.0
30.0
19.0
1.0
-12.0
-6.0
-4.0
-8.0
-19.0
-11.0
15.0
23.0
-4.0
-24.0
-31.0
-23.0
10.0
-47.0
-43.0
-53.0
-49.0
-44.0
-28.0
-35.0
-43.0
-39.0
26.0
-7.0
-9.0
31.0
47.0
41.0
41.0
29.0
19.0
22.0
3.0
-22.0
-4.0
-14.0
3.0
-14.0
15.0
-7.0
-9.0
-10.0
-20.0
-14.0
-39.0
-22.0
-11.0
-31.0
-26.0
-22.0
-10.0
-8.0
-1.0
52.0
23.0
-6.0
-2.0
32.0
24.0
10.0
-13.0
-13.0
-8.0
-19.0
-13.0
-47.0
7.0
-7.0
15.0
15.0
0.0
-2.0
-13.0
-7.0
-5.0
-18.0
-34.0
-4.0
-30.0
1.0
4.0
7.0
21.0
10.0
34.0
24.0
19.0
4.0
12.0
17.0
18.0
12.0
10.0
-10.0
0.0
-11.0
-10.0
-11.0
-5.0
-34.0
16.0
-4.0
-17.0
-23.0
-32.0
-5.0
-33.0
-5.0
-11.0
-15.0
4.0
6.0
18.0
6.0
8.0
13.0
14.0
-7.0
5.0
41.0
-23.0
-24.0
-9.0
11.0
20.0
-6.0
-11.0
-22.0
-3.0
-16.0
-20.0
-15.0
-12.0
-35.0
-57.0
-33.0
-44.0
-36.0
-11.0
-13.0
-30.0
-30.0
-14.0
-6.0
4.0
9.0
17.0
22.0
25.0
29.0
21.0
16.0
14.0
5.0
-4.0
-8.0
-22.0
15.0
18.0
-17.0
-5.0
-13.0
9.0
-5.0
-3.0
1.0
8.0
21.0
9.0
55.0
44.0
40.0
35.0
7.0
21.0
-14.0
-5.0
-9.0
-2.0
-5.0
2.0
1.0
7.0
14.0
-4.0
-7.0
-35.0
-16.0
-38.0
-23.0
-34.0
-43.0
-52.0
-60.0
-37.0
-30.0
-14.0
-20.0
-13.0
-18.0
-24.0
-18.0
-29.0
5.0
17.0
12.0
-12.0
0.0
-25.0
-6.0
-35.0
-34.0
-9.0
3.0
-9.0
8.0
-22.0
-28.0
-66.0
-21.0
-16.0
-15.0
-33.0
-21.0
-32.0
2.0
-11.0
-11.0
10.0
10.0
27.0
27.0
1.0
1.0
12.0
8.0
17.0
-9.0
11.0
-10.0
-17.0
-4.0
-4.0
-8.0
16.0
-1.0
-1.0
-29.0
-13.0
-39.0
-30.0
-41.0
-51.0
-12.0
-39.0
-31.0
-11.0
1.0
-10.0
23.0
0.0
9.0
30.0
23.0
-1.0
-12.0
-9.0
-21.0
-25.0
-28.0
-39.0
-38.0
-46.0
-36.0
11.0
31.0
15.0
-14.0
-36.0
-47.0
-39.0
-35.0
-21.0
0.0
-2.0
-1.0
10.0
-20.0
12.0
3.0
32.0
31.0
1.0
12.0
29.0
21.0
19.0
25.0
-2.0
-3.0
-11.0
-4.0
-21.0
-33.0
-23.0
-8.0
7.0
-31.0
-23.0
-18.0
-29.0
-46.0
-21.0
-23.0
-13.0
-2.0
-12.0
29.0
56.0
37.0
2.0
16.0
20.0
-1.0
0.0
-13.0
-19.0
1.0
2.0
5.0
-1.0
8.0
-9.0
8.0
6.0
-39.0
-38.0
-24.0
-18.0
-32.0
-9.0
-6.0
3.0
11.0
-4.0
22.0
38.0
41.0
24.0
1.0
2.0
-6.0
5.0
-11.0
-14.0
7.0
-1.0
10.0
31.0
27.0
-15.0
-21.0
9.0
17.0
-12.0
-18.0
-4.0
-13.0
-7.0
-32.0
-3.0
9.0
-17.0
-10.0
-25.0
-29.0
-5.0
13.0
15.0
25.0
11.0
7.0
-24.0
16.0
0.0
3.0
-5.0
-15.0
2.0
1.0
-24.0
-25.0
-6.0
-26.0
-6.0
-28.0
-36.0
-48.0
-29.0
-7.0
-42.0
-36.0
-13.0
-21.0
3.0
-11.0
-16.0
15.0
-14.0
8.0
30.0
27.0
1.0
-5.0
20.0
24.0
-2.0
49.0
20.0
29.0
25.0
28.0
-35.0
10.0
-16.0
25.0
-7.0
-21.0
-24.0
-15.0
-17.0
-27.0
-14.0
-12.0
-29.0
-18.0
-8.0
-11.0
-1.0
-9.0
5.0
9.0
-28.0
50.0
44.0
2.0
42.0
31.0
38.0
0.0
4.0
3.0
-13.0
-30.0
-40.0
-31.0
-2.0
14.0
-3.0
-39.0
-54.0
-61.0
-24.0
-12.0
5.0
-14.0
5.0
-31.0
-7.0
3.0
5.0
-7.0
7.0
25.0
22.0
30.0
-6.0
5.0
-10.0
22.0
-11.0
-3.0
7.0
-11.0
-6.0
1.0
1.0
17.0
9.0
15.0
-16.0
-17.0
-12.0
-16.0
-42.0
-21.0
7.0
8.0
-9.0
-19.0
-28.0
-31.0
12.0
-1.0
15.0
24.0
23.0
25.0
-4.0
-16.0
-21.0
-21.0
-58.0
-63.0
-15.0
-10.0
0.0
-3.0
-12.0
-22.0
6.0
-7.0
-19.0
-32.0
-62.0
-59.0
-48.0
-20.0
-36.0
-37.0
-19.0
-6.0
-10.0
26.0
38.0
22.0
12.0
16.0
-3.0
-2.0
7.0
11.0
4.0
-13.0
-17.0
-24.0
8.0
19.0
38.0
-7.0
-18.0
-18.0
-52.0
-21.0
-33.0
-25.0
8.0
1.0
-4.0
2.0
17.0
17.0
9.0
19.0
31.0
28.0
14.0
24.0
-6.0
-10.0
-23.0
-36.0
-26.0
-13.0
3.0
-17.0
23.0
7.0
7.0
1.0
0.0
-3.0
-38.0
-20.0
-34.0
0.0
-10.0
-82.0
-26.0
35.0
2.0
-13.0
2.0
21.0
30.0
46.0
26.0
23.0
37.0
48.0
118.0
134.0
313.0
313.0
313.0
313.0
313.0
313.0
313.0
313.0
313.0
313.0
313.0
313.0
300.0
226.0
151.0
122.0
59.0
-12.0
-89.0
-91.0
-182.0
-203.0
-261.0
-251.0
-259.0
-243.0
-266.0
-252.0
-204.0
-209.0
-169.0
-114.0
-96.0
-114.0
-49.0
-54.0
-32.0
2.0
22.0
19.0
19.0
20.0
15.0
-30.0
-58.0
-114.0
-126.0
-126.0
-120.0
-121.0
-138.0
-136.0
-80.0
-93.0
-77.0
-120.0
-99.0
-88.0
-81.0
-83.0
-120.0
-95.0
-145.0
-116.0
-156.0
-143.0
-127.0
-164.0
-140.0
-140.0
-137.0
-136.0
-151.0
-162.0
-81.0
-132.0
-108.0
-97.0
-65.0
-76.0
-74.0
-54.0
-69.0
-54.0
-76.0
-57.0
-54.0
-51.0
20.0
23.0
26.0
22.0
32.0
24.0
55.0
10.0
-17.0
-13.0
-20.0
-17.0
3.0
-3.0
-2.0
17.0
-22.0
-37.0
-11.0
-52.0
-33.0
-36.0
-19.0
-39.0
-30.0
-42.0
-39.0
-33.0
-24.0
-32.0
-12.0
-10.0
-16.0
-1.0
-11.0
-12.0
-20.0
-17.0
-6.0
-28.0
-14.0
-12.0
-11.0
23.0
-1.0
4.0
-5.0
12.0
-13.0
-17.0
-34.0
-30.0
-17.0
-20.0
-26.0
-20.0
6.0
9.0
20.0
50.0
25.0
25.0
21.0
21.0
-1.0
-44.0
-52.0
-41.0
-14.0
-30.0
-46.0
-43.0
-14.0
-35.0
-57.0
-26.0
-38.0
-22.0
-30.0
-43.0
-60.0
-48.0
-57.0
-73.0
-55.0
-33.0
22.0
52.0
73.0
79.0
44.0
35.0
46.0
24.0
29.0
5.0
3.0
5.0
-17.0
-27.0
-44.0
-47.0
-3.0
-25.0
-10.0
-20.0
-39.0
-42.0
-21.0
-8.0
-35.0
-34.0
-17.0
-4.0
-2.0
0.0
35.0
58.0
15.0
53.0
29.0
30.0
33.0
30.0
5.0
-31.0
-41.0
-67.0
-33.0
-40.0
-16.0
-5.0
-28.0
-29.0
6.0
8.0
20.0
2.0
6.0
-18.0
7.0
7.0
19.0
24.0
-11.0
35.0
12.0
40.0
15.0
0.0
-4.0
-6.0
12.0
-9.0
11.0
37.0
17.0
1.0
-47.0
-41.0
-56.0
-53.0
-33.0
-39.0
0.0
-11.0
-23.0
-31.0
-27.0
-35.0
-14.0
-18.0
-40.0
-26.0
22.0
13.0
14.0
19.0
18.0
19.0
-10.0
-10.0
-6.0
-11.0
-10.0
-37.0
-54.0
-24.0
-19.0
10.0
38.0
43.0
42.0
45.0
54.0
70.0
43.0
32.0
37.0
31.0
26.0
26.0
7.0
1.0
-10.0
-24.0
11.0
-8.0
-13.0
14.0
-32.0
-34.0
-32.0
-60.0
-43.0
-21.0
-10.0
-16.0
-3.0
-23.0
-16.0
-22.0
-33.0
-25.0
-39.0
-24.0
-45.0
-37.0
-59.0
-53.0
-10.0
-11.0
-18.0
-9.0
-8.0
-23.0
-52.0
40.0
33.0
50.0
20.0
14.0
33.0
26.0
29.0
19.0
15.0
29.0
9.0
-2.0
-12.0
-8.0
-8.0
-12.0
-43.0
-31.0
-12.0
-6.0
-49.0
-27.0
-20.0
-25.0
-32.0
-23.0
11.0
-5.0
34.0
63.0
51.0
24.0
11.0
12.0
-11.0
-38.0
-10.0
-26.0
-26.0
-12.0
-16.0
-7.0
4.0
-2.0
-11.0
-10.0
-39.0
-24.0
-20.0
-20.0
7.0
-10.0
-26.0
-27.0
-28.0
-66.0
-29.0
-29.0
0.0
-37.0
-19.0
-27.0
-26.0
-34.0
8.0
18.0
28.0
22.0
18.0
-22.0
-8.0
-10.0
0.0
-3.0
-18.0
-9.0
-14.0
-21.0
-24.0
-38.0
-4.0
-1.0
-15.0
-13.0
-16.0
-1.0
14.0
14.0
26.0
24.0
9.0
20.0
33.0
28.0
20.0
39.0
4.0
-6.0
18.0
40.0
50.0
24.0
36.0
30.0
19.0
4.0
-11.0
-47.0
-8.0
-21.0
-33.0
-23.0
-25.0
-28.0
-27.0
-28.0
-59.0
-33.0
-2.0
-22.0
-41.0
-18.0
-22.0
-20.0
-25.0
-57.0
-36.0
-13.0
-22.0
0.0
-7.0
-18.0
-1.0
2.0
1.0
1.0
0.0
-4.0
-3.0
0.0
-9.0
0.0
29.0
33.0
-9.0
-12.0
-15.0
-13.0
-30.0
-27.0
-31.0
-31.0
-13.0
-10.0
-11.0
-20.0
0.0
7.0
-17.0
-3.0
4.0
10.0
-3.0
4.0
-9.0
2.0
15.0
0.0
-11.0
13.0
10.0
11.0
4.0
3.0
9.0
2.0
-6.0
12.0
8.0
13.0
8.0
6.0
6.0
-2.0
6.0
5.0
-1.0
9.0
-3.0
3.0
22.0
12.0
-1.0
4.0
-20.0
-13.0
-21.0
-21.0
-12.0
-11.0
-1.0
-14.0
-19.0
-15.0
-20.0
7.0
3.0
4.0
0.0
-20.0
-27.0
-14.0
-1.0
0.0
-16.0
-7.0
-58.0
-4.0
0.0
14.0
4.0
32.0
33.0
27.0
46.0
27.0
50.0
-1.0
-5.0
-7.0
18.0
-12.0
-2.0
-1.0
-22.0
-20.0
-31.0
-45.0
-59.0
-44.0
-64.0
-31.0
-47.0
-55.0
-73.0
-21.0
-55.0
-22.0
-5.0
7.0
34.0
21.0
66.0
62.0
32.0
40.0
30.0
9.0
1.0
18.0
14.0
-1.0
-4.0
-7.0
5.0
2.0
4.0
-22.0
1.0
-3.0
-33.0
-28.0
-44.0
-41.0
-18.0
-11.0
-1.0
-6.0
-10.0
-11.0
3.0
6.0
-20.0
-6.0
-8.0
16.0
-7.0
22.0
-20.0
13.0
34.0
8.0
8.0
17.0
-17.0
13.0
19.0
-3.0
-7.0
-16.0
3.0
1.0
14.0
14.0
-4.0
-27.0
0.0
30.0
2.0
20.0
-20.0
19.0
5.0
-1.0
3.0
-28.0
-63.0
-30.0
-30.0
11.0
-5.0
17.0
-26.0
-20.0
-24.0
-36.0
-16.0
-9.0
-10.0
-15.0
-25.0
-2.0
37.0
37.0
21.0
-6.0
19.0
12.0
28.0
-2.0
20.0
60.0
6.0
6.0
30.0
-4.0
7.0
4.0
-15.0
0.0
-7.0
-6.0
7.0
13.0
-10.0
6.0
-8.0
3.0
12.0
32.0
25.0
65.0
37.0
40.0
28.0
25.0
-5.0
8.0
3.0
-13.0
-19.0
6.0
-10.0
-21.0
-39.0
-36.0
-43.0
-36.0
-33.0
-38.0
-40.0
-50.0
-29.0
-28.0
-29.0
-51.0
-64.0
-30.0
-44.0
-43.0
-52.0
-21.0
5.0
3.0
-6.0
-4.0
-22.0
8.0
-5.0
-3.0
-7.0
-17.0
-22.0
-25.0
-24.0
-19.0
-4.0
-1.0
-18.0
-11.0
12.0
-7.0
-37.0
-40.0
-18.0
-44.0
-7.0
-32.0
-13.0
-8.0
-1.0
2.0
40.0
44.0
35.0
21.0
23.0
32.0
43.0
7.0
28.0
2.0
8.0
6.0
-22.0
-2.0
-11.0
-2.0
-8.0
-20.0
-33.0
2.0
-24.0
-26.0
-34.0
-21.0
-4.0
5.0
-15.0
-10.0
-3.0
9.0
22.0
24.0
52.0
31.0
21.0
37.0
8.0
17.0
-4.0
14.0
5.0
0.0
-4.0
-11.0
-14.0
-14.0
-31.0
-37.0
-7.0
-26.0
-14.0
-18.0
18.0
18.0
36.0
36.0
57.0
58.0
35.0
49.0
45.0
46.0
25.0
8.0
-12.0
-1.0
7.0
13.0
-6.0
-19.0
-32.0
-32.0
-30.0
-42.0
-30.0
-50.0
-39.0
-37.0
-41.0
-25.0
-15.0
-11.0
-6.0
-14.0
-28.0
-7.0
24.0
27.0
14.0
12.0
9.0
5.0
10.0
19.0
4.0
-13.0
-4.0
-8.0
8.0
2.0
6.0
-1.0
-9.0
-15.0
-13.0
-29.0
1.0
2.0
14.0
2.0
18.0
22.0
-1.0
4.0
27.0
37.0
14.0
20.0
23.0
17.0
10.0
8.0
3.0
-14.0
-17.0
-31.0
-22.0
-41.0
-21.0
-49.0
-7.0
-8.0
-7.0
-28.0
-13.0
-35.0
-14.0
-33.0
-20.0
-37.0
-15.0
-22.0
-26.0
11.0
8.0
30.0
47.0
22.0
24.0
42.0
30.0
33.0
14.0
0.0
-13.0
24.0
-1.0
-8.0
-41.0
-42.0
-67.0
-66.0
-79.0
-97.0
-86.0
-62.0
-81.0
-54.0
-78.0
-25.0
-28.0
-30.0
-29.0
-50.0
-3.0
-41.0
-26.0
13.0
13.0
34.0
24.0
24.0
13.0
-16.0
9.0
-20.0
-9.0
-22.0
-30.0
-33.0
-10.0
-13.0
-31.0
-22.0
-45.0
-28.0
-26.0
-11.0
0.0
8.0
9.0
13.0
5.0
9.0
17.0
14.0
36.0
45.0
14.0
37.0
18.0
22.0
-7.0
-15.0
-29.0
3.0
3.0
-30.0
2.0
-16.0
-13.0
-17.0
0.0
-13.0
8.0
-6.0
1.0
-24.0
-19.0
-3.0
-17.0
-18.0
5.0
-24.0
-16.0
-25.0
-18.0
-32.0
2.0
4.0
35.0
34.0
17.0
36.0
-2.0
0.0
24.0
26.0
19.0
-21.0
-7.0
-3.0
-19.0
-16.0
-27.0
1.0
-40.0
-43.0
-30.0
-25.0
-16.0
-14.0
-7.0
-22.0
-19.0
-10.0
15.0
2.0
6.0
12.0
-11.0
-8.0
-33.0
3.0
-14.0
2.0
-3.0
-5.0
16.0
-7.0
8.0
10.0
-6.0
-5.0
-16.0
-22.0
10.0
13.0
27.0
47.0
34.0
34.0
49.0
52.0
17.0
17.0
49.0
46.0
16.0
-13.0
15.0
11.0
5.0
19.0
-24.0
-22.0
-18.0
-17.0
-33.0
-5.0
-16.0
-17.0
-11.0
-22.0
-46.0
-66.0
-48.0
-47.0
-23.0
-25.0
-52.0
-42.0
-32.0
-12.0
9.0
32.0
-24.0
-12.0
-24.0
-10.0
-34.0
-31.0
-22.0
0.0
-17.0
-3.0
-35.0
-17.0
-35.0
-6.0
-26.0
-31.0
-29.0
-43.0
-39.0
-43.0
-45.0
-22.0
2.0
-17.0
-13.0
-5.0
-11.0
-27.0
32.0
25.0
-1.0
32.0
17.0
51.0
6.0
6.0
6.0
-22.0
-30.0
-24.0
5.0
1.0
-3.0
-4.0
44.0
45.0
10.0
-9.0
-21.0
-16.0
11.0
-21.0
-6.0
-7.0
16.0
15.0
6.0
12.0
13.0
58.0
26.0
28.0
2.0
-11.0
19.0
17.0
24.0
-3.0
-25.0
-26.0
20.0
-17.0
-27.0
26.0
27.0
32.0
20.0
17.0
3.0
-13.0
-25.0
-3.0
-3.0
4.0
9.0
11.0
-8.0
28.0
50.0
58.0
65.0
72.0
82.0
89.0
53.0
52.0
49.0
34.0
1.0
-7.0
-72.0
-42.0
-72.0
-48.0
-42.0
-50.0
-13.0
-35.0
-94.0
-66.0
-66.0
-68.0
-79.0
-82.0
-67.0
-73.0
-57.0
-16.0
-8.0
-10.0
-25.0
19.0
17.0
43.0
-1.0
-5.0
-7.0
9.0
14.0
2.0
-54.0
-35.0
2.0
39.0
-5.0
5.0
3.0
-6.0
-33.0
-32.0
-29.0
-44.0
-32.0
0.0
-17.0
-23.0
5.0
13.0
67.0
20.0
-16.0
7.0
-9.0
-10.0
-18.0
-10.0
-2.0
22.0
17.0
15.0
-18.0
-19.0
-51.0
-19.0
-74.0
-74.0
-53.0
-56.0
-27.0
-36.0
-11.0
-36.0
2.0
18.0
12.0
13.0
31.0
21.0
7.0
-14.0
-20.0
23.0
33.0
28.0
18.0
20.0
20.0
15.0
23.0
-2.0
-14.0
-8.0
8.0
2.0
15.0
14.0
-3.0
17.0
17.0
35.0
33.0
22.0
49.0
29.0
57.0
36.0
18.0
37.0
8.0
11.0
18.0
-16.0
-38.0
-43.0
-39.0
-43.0
-39.0
-66.0
-58.0
-38.0
-31.0
-36.0
-28.0
-35.0
-26.0
-20.0
-39.0
-33.0
-49.0
-44.0
-39.0
-45.0
-45.0
-31.0
-2.0
-7.0
14.0
33.0
44.0
24.0
1.0
15.0
15.0
11.0
14.0
3.0
43.0
48.0
40.0
2.0
13.0
36.0
4.0
8.0
-4.0
-6.0
-28.0
-9.0
-27.0
12.0
31.0
29.0
34.0
27.0
43.0
50.0
60.0
10.0
16.0
13.0
19.0
15.0
28.0
5.0
2.0
10.0
0.0
-26.0
-27.0
-29.0
-34.0
-21.0
-26.0
-48.0
-56.0
-61.0
-63.0
-50.0
-44.0
-41.0
-56.0
-24.0
-27.0
-11.0
-30.0
-27.0
34.0
22.0
-11.0
4.0
-18.0
16.0
-11.0
-15.0
1.0
0.0
40.0
21.0
39.0
-6.0
12.0
4.0
10.0
8.0
-18.0
-18.0
-23.0
-6.0
11.0
16.0
-41.0
2.0
15.0
33.0
25.0
26.0
34.0
56.0
40.0
23.0
12.0
6.0
6.0
-4.0
-30.0
-29.0
-12.0
2.0
-15.0
-24.0
-3.0
-7.0
-9.0
-30.0
-12.0
-17.0
-15.0
-7.0
-22.0
-37.0
-37.0
-12.0
-34.0
-17.0
-38.0
-34.0
-34.0
-20.0
27.0
65.0
80.0
67.0
63.0
43.0
11.0
13.0
-1.0
-37.0
-24.0
-61.0
-41.0
-44.0
-15.0
-41.0
-44.0
-42.0
3.0
-1.0
-17.0
-54.0
-77.0
-50.0
-14.0
-40.0
-24.0
-22.0
-28.0
-31.0
-14.0
35.0
2.0
11.0
27.0
40.0
59.0
59.0
27.0
83.0
125.0
189.0
166.0
152.0
165.0
160.0
112.0
107.0
76.0
40.0
33.0
5.0
-17.0
-44.0
-78.0
-90.0
-47.0
-42.0
-51.0
-20.0
-40.0
-10.0
-14.0
-28.0
-29.0
-17.0
-11.0
-13.0
-39.0
-8.0
5.0
-8.0
-4.0
-3.0
-14.0
-30.0
-36.0
-34.0
-21.0
-10.0
-20.0
-40.0
-40.0
-48.0
-50.0
-70.0
-72.0
-71.0
-51.0
-66.0
-46.0
18.0
31.0
40.0
62.0
61.0
30.0
31.0
22.0
-21.0
-29.0
-9.0
28.0
-15.0
-8.0
-7.0
-18.0
-11.0
-48.0
-43.0
-15.0
21.0
50.0
29.0
13.0
24.0
-313.0
-313.0
-313.0
-313.0
-199.0
-77.0
16.0
29.0
16.0
53.0
41.0
42.0
73.0
44.0
78.0
138.0
126.0
173.0
168.0
246.0
147.0
143.0
139.0
77.0
41.0
63.0
47.0
19.0
0.0
6.0
-31.0
-21.0
27.0
49.0
48.0
35.0
135.0
96.0
37.0
2.0
-29.0
-28.0
-30.0
-39.0
-50.0
-49.0
-61.0
-51.0
-65.0
-99.0
-70.0
-72.0
-113.0
-136.0
-140.0
-91.0
-73.0
-96.0
-54.0
-54.0
-81.0
-77.0
-103.0
-86.0
-62.0
-23.0
-27.0
-4.0
8.0
35.0
28.0
19.0
21.0
36.0
43.0
37.0
49.0
52.0
31.0
20.0
-20.0
-25.0
-77.0
-101.0
-121.0
-115.0
-141.0
-208.0
-195.0
-247.0
-195.0
-175.0
-188.0
-161.0
-115.0
-31.0
8.0
48.0
59.0
101.0
126.0
129.0
134.0
165.0
152.0
147.0
121.0
132.0
121.0
114.0
117.0
111.0
128.0
138.0
83.0
96.0
38.0
41.0
12.0
28.0
-15.0
-4.0
-37.0
-6.0
-36.0
-17.0
-11.0
9.0
37.0
48.0
42.0
46.0
119.0
41.0
20.0
22.0
-5.0
4.0
17.0
25.0
7.0
-2.0
61.0
29.0
34.0
28.0
0.0
-15.0
4.0
-11.0
-42.0
-53.0
-74.0
-99.0
-51.0
-95.0
-119.0
-87.0
-92.0
-100.0
-103.0
-111.0
-100.0
-88.0
-67.0
-65.0
-29.0
-47.0
22.0
-27.0
-9.0
-14.0
-19.0
6.0
-13.0
-25.0
-11.0
-51.0
-40.0
-65.0
-61.0
-56.0
-48.0
-42.0
-44.0
-50.0
-38.0
-40.0
-27.0
-27.0
3.0
16.0
-9.0
2.0
3.0
21.0
4.0
-3.0
5.0
25.0
-18.0
-4.0
-12.0
-39.0
-47.0
-29.0
-11.0
-14.0
8.0
26.0
36.0
25.0
1.0
1.0
11.0
4.0
3.0
3.0
-1.0
-7.0
-2.0
-7.0
9.0
0.0
17.0
-6.0
-8.0
8.0
8.0
-13.0
-10.0
-9.0
32.0
38.0
17.0
-5.0
-18.0
-24.0
-15.0
-18.0
-5.0
-16.0
-20.0
-21.0
-9.0
-22.0
-33.0
7.0
11.0
20.0
7.0
15.0
-3.0
-29.0
-15.0
-29.0
-17.0
-4.0
3.0
30.0
56.0
50.0
52.0
39.0
16.0
9.0
13.0
8.0
-16.0
-2.0
-49.0
-40.0
-69.0
-40.0
-40.0
-30.0
-29.0
-52.0
-48.0
-53.0
-35.0
-28.0
-37.0
-11.0
18.0
33.0
28.0
16.0
8.0
29.0
29.0
24.0
-15.0
1.0
-11.0
-16.0
-10.0
-18.0
-18.0
-7.0
-20.0
-20.0
-5.0
-44.0
-33.0
-12.0
-24.0
-29.0
-53.0
-33.0
-35.0
-33.0
2.0
-25.0
3.0
-6.0
-6.0
35.0
9.0
5.0
12.0
16.0
10.0
3.0
13.0
-6.0
-15.0
-5.0
7.0
24.0
-17.0
-22.0
9.0
-3.0
-28.0
-32.0
-39.0
-34.0
-33.0
-29.0
-38.0
-37.0
-13.0
-2.0
0.0
24.0
16.0
26.0
28.0
29.0
12.0
27.0
29.0
33.0
7.0
12.0
7.0
13.0
25.0
52.0
56.0
60.0
83.0
92.0
103.0
74.0
41.0
8.0
3.0
-35.0
-77.0
-72.0
-122.0
-136.0
-131.0
-88.0
-25.0
13.0
23.0
33.0
2.0
-6.0
8.0
2.0
28.0
24.0
-21.0
-3.0
-10.0
-8.0
4.0
8.0
-12.0
8.0
11.0
-19.0
-13.0
-9.0
-12.0
-19.0
-52.0
-46.0
-50.0
-27.0
-18.0
-12.0
13.0
-31.0
-40.0
-12.0
49.0
42.0
-8.0
35.0
-20.0
13.0
-5.0
11.0
-12.0
2.0
-3.0
-4.0
-7.0
-9.0
-36.0
-10.0
-20.0
7.0
-16.0
-5.0
-36.0
-32.0
-29.0
-40.0
-52.0
-21.0
-54.0
-72.0
-71.0
-62.0
-11.0
-14.0
-44.0
4.0
0.0
37.0
0.0
-36.0
29.0
-30.0
-33.0
-33.0
-9.0
9.0
44.0
4.0
19.0
-8.0
34.0
-8.0
33.0
44.0
42.0
47.0
65.0
13.0
33.0
3.0
12.0
27.0
-8.0
-9.0
3.0
13.0
-5.0
19.0
-4.0
20.0
-9.0
-26.0
9.0
25.0
34.0
43.0
48.0
16.0
-24.0
23.0
-25.0
38.0
-5.0
-1.0
8.0
13.0
2.0
33.0
37.0
24.0
8.0
1.0
10.0
5.0
8.0
-4.0
9.0
30.0
11.0
-34.0
-31.0
5.0
-12.0
-10.0
-10.0
-7.0
-4.0
-2.0
11.0
-17.0
13.0
43.0
8.0
-5.0
30.0
27.0
20.0
11.0
9.0
-19.0
-7.0
-22.0
-55.0
-57.0
-64.0
-48.0
-21.0
-4.0
2.0
-2.0
-16.0
-4.0
20.0
14.0
-9.0
2.0
13.0
1.0
-26.0
-32.0
-29.0
-44.0
-30.0
-29.0
-34.0
1.0
-32.0
29.0
21.0
16.0
48.0
19.0
28.0
32.0
38.0
33.0
22.0
40.0
-2.0
-3.0
-44.0
-4.0
-13.0
-18.0
-38.0
10.0
-5.0
-2.0
-37.0
-41.0
-44.0
-38.0
4.0
2.0
-27.0
-5.0
-25.0
-1.0
18.0
15.0
18.0
12.0
4.0
1.0
20.0
-43.0
-34.0
-46.0
-46.0
-33.0
-30.0
-31.0
-6.0
-8.0
36.0
-15.0
13.0
63.0
-68.0
-204.0
-310.0
-313.0
-313.0
-313.0
-313.0
-313.0
313.0
313.0
313.0
313.0
313.0
313.0
313.0
313.0
313.0
313.0
313.0
313.0
313.0
313.0
-313.0
-313.0
-313.0
-313.0
-313.0
-313.0
-313.0
-313.0
-313.0
-313.0
-313.0
-313.0
-313.0
-313.0
-313.0
-313.0
-313.0
-313.0
-313.0
-313.0
-313.0
-313.0
-313.0
-313.0
-313.0
-313.0
-313.0
-313.0
-291.0
-225.0
-183.0
-194.0
-144.0
-131.0
-112.0
-115.0
-102.0
-84.0
-98.0
-123.0
-125.0
-160.0
-166.0
-165.0
-161.0
-169.0
-135.0
-141.0
-129.0
-132.0
-102.0
-138.0
-103.0
-100.0
-104.0
-79.0
-77.0
-55.0
-57.0
-64.0
-84.0
-79.0
-70.0
-70.0
-74.0
-62.0
-87.0
-71.0
-64.0
-66.0
-60.0
-100.0
-101.0
-105.0
-96.0
-138.0
-180.0
-195.0
-177.0
-165.0
-125.0
-125.0
-94.0
-100.0
-85.0
-81.0
-55.0
-87.0
-62.0
-46.0
-47.0
-98.0
-54.0
-57.0
-63.0
-64.0
-113.0
-64.0
-87.0
-103.0
-98.0
-68.0
-75.0
-75.0
-57.0
-43.0
-36.0
-65.0
-50.0
-18.0
-26.0
-40.0
0.0
-6.0
5.0
-7.0
1.0
0.0
-15.0
-23.0
-15.0
1.0
-16.0
-12.0
-35.0
-2.0
-42.0
-1.0
5.0
68.0
0.0
26.0
16.0
16.0
35.0
35.0
50.0
-43.0
-124.0
-142.0
-78.0
-9.0
134.0
155.0
254.0
215.0
126.0
125.0
98.0
89.0
81.0
109.0
145.0
150.0
138.0
121.0
146.0
130.0
140.0
98.0
80.0
114.0
95.0
92.0
94.0
125.0
96.0
151.0
128.0
116.0
92.0
100.0
83.0
89.0
72.0
26.0
10.0
1.0
-24.0
2.0
-25.0
-15.0
-37.0
-46.0
-28.0
-41.0
-43.0
-57.0
-55.0
-31.0
-55.0
-65.0
-87.0
-73.0
-62.0
-81.0
-61.0
-63.0
-66.0
-91.0
-81.0
-53.0
-27.0
-26.0
-19.0
-25.0
-40.0
-68.0
-33.0
-45.0
-56.0
-62.0
-73.0
-81.0
-61.0
-38.0
-18.0
-45.0
-34.0
-48.0
-54.0
-65.0
-46.0
-44.0
-35.0
-30.0
-42.0
-24.0
-45.0
-25.0
-38.0
-7.0
-8.0
-8.0
-7.0
30.0
8.0
15.0
-5.0
-3.0
15.0
6.0
-14.0
-14.0
5.0
4.0
6.0
-2.0
-10.0
-8.0
-16.0
-13.0
-37.0
-46.0
7.0
12.0
-11.0
-1.0
-8.0
-17.0
19.0
11.0
2.0
2.0
23.0
9.0
17.0
30.0
22.0
31.0
13.0
-13.0
0.0
2.0
22.0
49.0
54.0
25.0
20.0
-8.0
13.0
-17.0
0.0
5.0
-14.0
12.0
6.0
0.0
6.0
8.0
22.0
8.0
4.0
2.0
14.0
8.0
-11.0
-13.0
9.0
-17.0
28.0
22.0
-43.0
-37.0
25.0
-25.0
31.0
25.0
27.0
-7.0
2.0
10.0
18.0
17.0
-9.0
5.0
-13.0
15.0
1.0
34.0
-6.0
6.0
-9.0
-10.0
-19.0
0.0
7.0
10.0
-35.0
33.0
31.0
46.0
46.0
42.0
24.0
13.0
55.0
-20.0
28.0
8.0
24.0
12.0
-4.0
4.0
-17.0
-12.0
-44.0
-39.0
-47.0
-41.0
-21.0
1.0
-35.0
-25.0
-37.0
8.0
10.0
-10.0
-23.0
-27.0
0.0
25.0
-5.0
-5.0
-9.0
-43.0
13.0
-3.0
-8.0
30.0
-6.0
11.0
0.0
3.0
9.0
19.0
-13.0
5.0
9.0
-22.0
4.0
-11.0
-29.0
-20.0
-6.0
-26.0
13.0
1.0
-9.0
-17.0
-5.0
2.0
-2.0
-8.0
-36.0
-30.0
-4.0
-21.0
-3.0
-10.0
41.0
-2.0
20.0
17.0
3.0
15.0
6.0
-1.0
-26.0
-3.0
6.0
-2.0
13.0
15.0
40.0
28.0
-3.0
-15.0
0.0
-64.0
-53.0
-70.0
-5.0
-20.0
-11.0
23.0
8.0
3.0
-7.0
-31.0
-12.0
23.0
25.0
26.0
23.0
9.0
-5.0
11.0
-24.0
18.0
-43.0
3.0
7.0
6.0
7.0
9.0
6.0
-18.0
-17.0
-28.0
-26.0
-37.0
-7.0
-11.0
-3.0
-11.0
10.0
-15.0
-27.0
-5.0
-20.0
-1.0
7.0
5.0
19.0
-21.0
-7.0
13.0
8.0
-8.0
-7.0
-15.0
3.0
8.0
-4.0
0.0
32.0
31.0
42.0
24.0
7.0
-18.0
-19.0
-22.0
-27.0
-48.0
-33.0
-51.0
-24.0
-21.0
-31.0
-33.0
-18.0
-14.0
-33.0
6.0
-17.0
-5.0
-1.0
3.0
-27.0
3.0
-33.0
-35.0
-30.0
-20.0
-12.0
-17.0
-6.0
-27.0
-34.0
-36.0
-41.0
-45.0
-28.0
-48.0
-36.0
-25.0
-23.0
-20.0
2.0
-3.0
16.0
18.0
29.0
18.0
-1.0
7.0
-6.0
-10.0
-21.0
-2.0
-15.0
-17.0
-16.0
8.0
25.0
1.0
12.0
-7.0
-13.0
-28.0
-22.0
-20.0
0.0
-16.0
-14.0
-11.0
-3.0
-24.0
-11.0
-11.0
-8.0
-13.0
-9.0
0.0
8.0
-5.0
28.0
-2.0
-3.0
-10.0
-2.0
-2.0
24.0
7.0
-2.0
-5.0
6.0
-24.0
-20.0
-13.0
-10.0
-4.0
22.0
5.0
-7.0
0.0
-7.0
-26.0
14.0
11.0
16.0
22.0
-9.0
5.0
-19.0
-6.0
7.0
-20.0
16.0
-17.0
-18.0
-17.0
15.0
-16.0
18.0
-28.0
-10.0
-20.0
-13.0
-18.0
-17.0
-17.0
-12.0
-28.0
2.0
-21.0
-2.0
2.0
18.0
32.0
43.0
43.0
19.0
4.0
-18.0
-12.0
13.0
7.0
18.0
-5.0
-17.0
-21.0
-20.0
-21.0
-4.0
-5.0
-2.0
-24.0
-10.0
18.0
5.0
8.0
-7.0
-1.0
-25.0
-35.0
-31.0
-36.0
-13.0
13.0
5.0
6.0
-4.0
-7.0
-11.0
-12.0
-8.0
-10.0
-20.0
0.0
-5.0
-1.0
-1.0
-2.0
-1.0
4.0
-17.0
4.0
17.0
-23.0
-1.0
-6.0
-15.0
-28.0
-43.0
-29.0
-14.0
10.0
-6.0
14.0
-19.0
-17.0
-12.0
11.0
-4.0
2.0
-6.0
-4.0
-20.0
-28.0
-32.0
-33.0
-43.0
-36.0
-34.0
-39.0
-29.0
-35.0
-22.0
-36.0
-41.0
-49.0
-46.0
-28.0
-12.0
-5.0
3.0
0.0
-12.0
18.0
15.0
8.0
24.0
16.0
19.0
15.0
16.0
10.0
16.0
9.0
5.0
2.0
4.0
8.0
6.0
13.0
12.0
4.0
17.0
13.0
-4.0
-2.0
-17.0
-15.0
-10.0
8.0
-11.0
-6.0
-19.0
-40.0
-31.0
-35.0
-33.0
-9.0
-5.0
3.0
58.0
27.0
25.0
5.0
23.0
26.0
9.0
24.0
30.0
39.0
28.0
29.0
28.0
24.0
42.0
37.0
42.0
7.0
-13.0
-25.0
-29.0
-22.0
-38.0
-32.0
-22.0
-32.0
-14.0
-16.0
-37.0
-51.0
-40.0
-20.0
-21.0
-29.0
-20.0
-20.0
-11.0
-24.0
16.0
2.0
9.0
34.0
9.0
-12.0
-8.0
-9.0
14.0
21.0
-8.0
-4.0
15.0
35.0
1.0
28.0
7.0
0.0
-4.0
9.0
-25.0
-15.0
-6.0
-13.0
-21.0
-15.0
-2.0
-11.0
-8.0
-19.0
-13.0
-18.0
-19.0
-2.0
-35.0
-26.0
-28.0
-30.0
-5.0
-20.0
-17.0
-9.0
-12.0
4.0
19.0
-17.0
-4.0
-2.0
7.0
34.0
6.0
-17.0
-10.0
-18.0
-6.0
13.0
22.0
11.0
4.0
21.0
-8.0
-28.0
4.0
-6.0
-4.0
-15.0
6.0
11.0
7.0
-7.0
-8.0
-22.0
2.0
-11.0
-28.0
-11.0
5.0
6.0
-33.0
12.0
13.0
-28.0
-15.0
12.0
9.0
-8.0
1.0
-7.0
-17.0
-31.0
5.0
-29.0
38.0
28.0
28.0
-7.0
-7.0
-12.0
-1.0
37.0
-14.0
-29.0
-1.0
-21.0
-6.0
7.0
19.0
20.0
6.0
8.0
-29.0
0.0
5.0
-19.0
-16.0
-4.0
4.0
4.0
8.0
-34.0
-25.0
-1.0
-14.0
-8.0
-41.0
14.0
22.0
21.0
23.0
24.0
44.0
-7.0
9.0
-26.0
-5.0
3.0
-23.0
-18.0
-4.0
-24.0
-17.0
-8.0
9.0
-45.0
-1.0
-25.0
17.0
16.0
-3.0
7.0
13.0
13.0
-4.0
8.0
-24.0
14.0
-2.0
8.0
4.0
-18.0
-22.0
-7.0
19.0
11.0
-5.0
-36.0
26.0
29.0
0.0
16.0
-44.0
-24.0
-48.0
-40.0
-12.0
-25.0
-5.0
2.0
0.0
2.0
-4.0
1.0
14.0
2.0
4.0
6.0
2.0
4.0
-17.0
1.0
-30.0
-23.0
-15.0
-23.0
-15.0
-11.0
-9.0
-12.0
-19.0
0.0
0.0
24.0
9.0
18.0
2.0
17.0
28.0
28.0
24.0
4.0
-23.0
-4.0
29.0
24.0
10.0
26.0
17.0
18.0
-32.0
24.0
49.0
0.0
-8.0
-13.0
-24.0
-25.0
-40.0
-31.0
-12.0
-18.0
-19.0
-42.0
-48.0
-30.0
-4.0
14.0
0.0
1.0
-11.0
-4.0
-8.0
-7.0
-25.0
-1.0
-16.0
1.0
-5.0
0.0
-10.0
-24.0
-16.0
-3.0
13.0
12.0
24.0
16.0
14.0
20.0
-14.0
-30.0
-18.0
-28.0
-26.0
-22.0
3.0
16.0
16.0
7.0
2.0
2.0
-20.0
9.0
-20.0
3.0
0.0
6.0
-26.0
-24.0
3.0
-14.0
24.0
-12.0
-17.0
13.0
-26.0
-14.0
-17.0
-28.0
-16.0
-29.0
-4.0
8.0
16.0
-2.0
0.0
-5.0
10.0
7.0
29.0
9.0
12.0
13.0
13.0
7.0
4.0
-12.0
7.0
9.0
17.0
-15.0
2.0
-17.0
5.0
-36.0
-38.0
-45.0
-19.0
-21.0
17.0
16.0
-7.0
-7.0
-14.0
-2.0
-21.0
16.0
6.0
9.0
36.0
19.0
23.0
23.0
32.0
1.0
-4.0
-23.0
-39.0
-48.0
-39.0
-36.0
-31.0
-12.0
-10.0
-22.0
-18.0
-20.0
-31.0
-24.0
-15.0
-9.0
-32.0
14.0
8.0
22.0
1.0
-5.0
-12.0
-11.0
-1.0
3.0
-9.0
6.0
0.0
-25.0
-20.0
1.0
-3.0
-5.0
-17.0
-21.0
8.0
15.0
18.0
7.0
1.0
13.0
0.0
2.0
13.0
-1.0
-19.0
-5.0
-6.0
-13.0
-37.0
-42.0
-26.0
-30.0
-12.0
8.0
-7.0
-26.0
-25.0
-36.0
-26.0
-27.0
-13.0
-19.0
-15.0
-14.0
2.0
16.0
-4.0
-2.0
3.0
11.0
-8.0
-2.0
-14.0
-14.0
-13.0
2.0
-7.0
-9.0
-13.0
-6.0
-8.0
-4.0
-19.0
-12.0
-10.0
-46.0
1.0
9.0
12.0
-15.0
-8.0
-12.0
4.0
-14.0
10.0
-6.0
-3.0
24.0
13.0
-15.0
22.0
24.0
-26.0
-7.0
-14.0
-15.0
-38.0
-28.0
-18.0
-19.0
-19.0
-20.0
-36.0
-29.0
-38.0
-17.0
-10.0
-8.0
-11.0
21.0
20.0
18.0
1.0
-17.0
-7.0
-8.0
-8.0
30.0
3.0
-13.0
-15.0
-15.0
-6.0
-13.0
11.0
2.0
10.0
-18.0
21.0
4.0
-20.0
-15.0
-13.0
-9.0
7.0
3.0
2.0
8.0
-15.0
-15.0
-5.0
-7.0
-17.0
-18.0
-21.0
-17.0
-34.0
-19.0
-21.0
-6.0
23.0
26.0
15.0
20.0
10.0
12.0
-4.0
2.0
37.0
18.0
25.0
25.0
28.0
12.0
-10.0
41.0
-9.0
-9.0
-19.0
23.0
39.0
38.0
1.0
9.0
6.0
-7.0
13.0
20.0
8.0
-9.0
-23.0
-24.0
-30.0
-35.0
-28.0
-4.0
4.0
-5.0
23.0
27.0
17.0
21.0
-13.0
4.0
-6.0
-18.0
-16.0
-23.0
-9.0
-20.0
8.0
-4.0
-20.0
-27.0
-3.0
0.0
-9.0
-38.0
-27.0
-19.0
-9.0
-15.0
-43.0
6.0
-30.0
20.0
7.0
7.0
26.0
-5.0
-29.0
-31.0
1.0
-21.0
22.0
-1.0
35.0
18.0
16.0
-3.0
-8.0
-15.0
-22.0
7.0
-2.0
-5.0
-11.0
-26.0
-14.0
-9.0
22.0
27.0
26.0
39.0
13.0
29.0
-26.0
4.0
-12.0
16.0
11.0
11.0
13.0
-12.0
-21.0
11.0
19.0
17.0
5.0
5.0
-8.0
3.0
0.0
-8.0
-5.0
-17.0
11.0
22.0
44.0
32.0
32.0
28.0
9.0
19.0
3.0
-1.0
-16.0
11.0
-37.0
-11.0
-31.0
-39.0
-32.0
-43.0
-9.0
-10.0
-4.0
-38.0
-24.0
-9.0
-46.0
-39.0
-20.0
16.0
24.0
43.0
40.0
36.0
27.0
24.0
20.0
13.0
22.0
-1.0
11.0
7.0
14.0
32.0
0.0
-2.0
-6.0
-4.0
20.0
15.0
5.0
-4.0
-44.0
-40.0
5.0
-2.0
15.0
22.0
-14.0
-5.0
0.0
9.0
21.0
-1.0
5.0
4.0
-29.0
-25.0
-27.0
-10.0
20.0
15.0
-7.0
-26.0
-21.0
-15.0
19.0
23.0
-13.0
10.0
-6.0
-10.0
-30.0
-16.0
-31.0
15.0
16.0
13.0
40.0
20.0
16.0
37.0
-2.0
-2.0
-11.0
11.0
-1.0
-6.0
21.0
2.0
10.0
-1.0
0.0
-3.0
-7.0
4.0
-4.0
6.0
-19.0
-21.0
-40.0
5.0
-7.0
-5.0
6.0
-4.0
-8.0
-6.0
6.0
23.0
42.0
6.0
24.0
50.0
4.0
-3.0
16.0
14.0
-1.0
-3.0
-13.0
-13.0
-27.0
-17.0
15.0
-22.0
-29.0
-34.0
-14.0
-26.0
-23.0
-33.0
-28.0
34.0
2.0
-7.0
5.0
-3.0
33.0
8.0
-19.0
-11.0
-4.0
-6.0
-30.0
-14.0
-28.0
-29.0
-36.0
-31.0
11.0
-26.0
-27.0
-35.0
-32.0
-19.0
-8.0
-9.0
-41.0
-32.0
-37.0
-29.0
-40.0
-14.0
-26.0
13.0
4.0
8.0
4.0
-18.0
-4.0
-9.0
2.0
-25.0
20.0
8.0
-4.0
4.0
-4.0
4.0
-11.0
-32.0
-21.0
-26.0
-13.0
-42.0
-13.0
-20.0
-4.0
9.0
9.0
8.0
9.0
20.0
26.0
16.0
25.0
23.0
21.0
8.0
-9.0
28.0
-19.0
-5.0
-21.0
-1.0
-33.0
-24.0
-8.0
-23.0
-13.0
6.0
-11.0
3.0
4.0
4.0
18.0
13.0
4.0
-1.0
15.0
8.0
-32.0
-6.0
-7.0
4.0
-34.0
-46.0
18.0
-13.0
-5.0
-5.0
-5.0
0.0
15.0
-5.0
29.0
36.0
25.0
30.0
3.0
13.0
-9.0
-15.0
-3.0
-9.0
11.0
10.0
7.0
-7.0
-15.0
-11.0
-35.0
-21.0
-33.0
-35.0
-21.0
-12.0
13.0
-16.0
-16.0
-14.0
-38.0
-31.0
-12.0
1.0
9.0
2.0
18.0
-1.0
14.0
-3.0
0.0
14.0
0.0
-3.0
-21.0
-26.0
-39.0
-7.0
13.0
-2.0
5.0
-1.0
-2.0
-16.0
-28.0
-23.0
-1.0
-3.0
-35.0
-31.0
-11.0
-10.0
-11.0
-15.0
-3.0
-4.0
2.0
-3.0
18.0
2.0
12.0
-17.0
-2.0
17.0
34.0
29.0
31.0
37.0
38.0
-14.0
8.0
-20.0
-36.0
-24.0
-44.0
-31.0
-31.0
-39.0
-34.0
-36.0
12.0
-2.0
8.0
3.0
-17.0
-13.0
-33.0
4.0
2.0
-20.0
-10.0
4.0
-18.0
-3.0
-5.0
2.0
-7.0
-15.0
-49.0
-33.0
-29.0
-36.0
-19.0
-13.0
-2.0
-2.0
-26.0
-15.0
-7.0
16.0
14.0
3.0
2.0
-2.0
-8.0
-3.0
4.0
2.0
6.0
-26.0
-16.0
8.0
-12.0
-15.0
-26.0
-29.0
-22.0
-5.0
-7.0
-15.0
-3.0
7.0
-2.0
2.0
11.0
5.0
-4.0
-6.0
1.0
31.0
23.0
29.0
-1.0
25.0
-1.0
6.0
48.0
6.0
26.0
-32.0
13.0
-22.0
-9.0
-36.0
-36.0
-35.0
2.0
4.0
-8.0
-27.0
-26.0
-18.0
-3.0
-1.0
-9.0
-8.0
-5.0
-5.0
30.0
7.0
10.0
13.0
-2.0
32.0
-7.0
-7.0
4.0
-7.0
27.0
12.0
1.0
-9.0
-6.0
-2.0
26.0
27.0
10.0
-15.0
-22.0
-22.0
-31.0
-25.0
-6.0
-3.0
0.0
-1.0
-21.0
17.0
25.0
50.0
46.0
20.0
10.0
3.0
31.0
28.0
21.0
16.0
7.0
18.0
39.0
17.0
26.0
-2.0
-11.0
-10.0
-12.0
-20.0
-31.0
-12.0
-17.0
-14.0
-4.0
-6.0
3.0
3.0
0.0
-7.0
16.0
-15.0
-2.0
-1.0
-10.0
2.0
-14.0
-16.0
-22.0
-42.0
-46.0
-51.0
-39.0
-24.0
-15.0
-6.0
-4.0
-13.0
-23.0
-24.0
16.0
-10.0
-17.0
-16.0
-18.0
6.0
-25.0
-27.0
-22.0
-13.0
18.0
14.0
1.0
10.0
-16.0
23.0
9.0
4.0
26.0
4.0
19.0
20.0
-8.0
38.0
15.0
27.0
28.0
30.0
-2.0
-8.0
-9.0
-33.0
-19.0
-20.0
-15.0
-13.0
-17.0
-19.0
-1.0
4.0
13.0
9.0
-15.0
12.0
11.0
56.0
2.0
7.0
-19.0
14.0
-6.0
-8.0
11.0
-6.0
-13.0
-47.0
-29.0
-28.0
-29.0
-9.0
-26.0
-18.0
-39.0
-25.0
1.0
27.0
35.0
35.0
26.0
15.0
26.0
2.0
-14.0
7.0
15.0
-26.0
1.0
4.0
-4.0
3.0
-23.0
12.0
-2.0
-18.0
-41.0
-13.0
-18.0
-17.0
-1.0
15.0
29.0
-17.0
6.0
-48.0
-10.0
-31.0
-21.0
-29.0
-24.0
-6.0
-4.0
-22.0
-4.0
8.0
15.0
18.0
-14.0
-18.0
2.0
-15.0
-2.0
-39.0
7.0
-10.0
-10.0
-18.0
-3.0
-10.0
4.0
21.0
-4.0
-18.0
-24.0
-29.0
26.0
22.0
8.0
4.0
-12.0
-24.0
6.0
11.0
8.0
6.0
-9.0
-3.0
7.0
9.0
4.0
9.0
3.0
-12.0
-39.0
-11.0
-25.0
-24.0
3.0
9.0
9.0
17.0
9.0
16.0
-8.0
1.0
30.0
52.0
45.0
27.0
36.0
16.0
24.0
26.0
27.0
13.0
25.0
-15.0
-3.0
-4.0
3.0
6.0
-11.0
-2.0
20.0
12.0
19.0
7.0
-2.0
4.0
-9.0
5.0
-26.0
6.0
-14.0
29.0
0.0
-7.0
-15.0
-15.0
-17.0
-12.0
3.0
-21.0
-16.0
16.0
19.0
-11.0
-7.0
-5.0
8.0
-4.0
-11.0
-19.0
-10.0
0.0
-6.0
-3.0
-9.0
-12.0
-23.0
-7.0
-4.0
10.0
-15.0
-13.0
-15.0
-4.0
-6.0
-15.0
-12.0
-18.0
-7.0
-25.0
-5.0
-6.0
3.0
7.0
15.0
12.0
-12.0
9.0
13.0
7.0
6.0
-12.0
15.0
-15.0
-30.0
-29.0
-9.0
-14.0
-3.0
2.0
-13.0
-34.0
-21.0
14.0
-1.0
-3.0
-1.0
-6.0
-20.0
13.0
-18.0
1.0
4.0
-6.0
2.0
4.0
-22.0
18.0
-4.0
7.0
-18.0
-28.0
-19.0
-16.0
-16.0
-15.0
-17.0
16.0
16.0
15.0
-3.0
16.0
11.0
-7.0
3.0
12.0
1.0
-2.0
-10.0
-17.0
-2.0
-19.0
-6.0
-12.0
4.0
-7.0
15.0
-1.0
2.0
-25.0
0.0
5.0
-12.0
1.0
-1.0
0.0
-11.0
-10.0
-5.0
6.0
3.0
-8.0
-25.0
-16.0
-41.0
-37.0
-28.0
-6.0
-12.0
-22.0
-16.0
2.0
-1.0
19.0
24.0
22.0
22.0
0.0
6.0
2.0
-6.0
20.0
15.0
-24.0
-12.0
-11.0
19.0
21.0
27.0
-6.0
-33.0
-14.0
-37.0
-26.0
13.0
20.0
14.0
6.0
5.0
3.0
3.0
-2.0
-11.0
17.0
-11.0
-7.0
-7.0
20.0
20.0
26.0
10.0
1.0
-20.0
-5.0
-28.0
-44.0
-17.0
-39.0
-16.0
39.0
28.0
25.0
18.0
16.0
21.0
36.0
38.0
12.0
3.0
9.0
5.0
15.0
-9.0
-17.0
-14.0
-10.0
8.0
17.0
38.0
13.0
7.0
-28.0
-12.0
2.0
31.0
4.0
5.0
-10.0
-5.0
15.0
28.0
-3.0
45.0
37.0
-4.0
-9.0
18.0
0.0
-32.0
-23.0
-25.0
-7.0
-23.0
-11.0
-40.0
-34.0
-31.0
-22.0
-50.0
-54.0
-40.0
-18.0
1.0
-12.0
6.0
14.0
-7.0
37.0
34.0
31.0
-6.0
17.0
5.0
8.0
-17.0
-17.0
-44.0
2.0
-20.0
9.0
-13.0
-1.0
0.0
10.0
-16.0
-16.0
-22.0
4.0
9.0
-1.0
-11.0
11.0
-23.0
-6.0
-4.0
-9.0
-19.0
-13.0
-26.0
-23.0
-8.0
0.0
-3.0
-15.0
9.0
0.0
14.0
-2.0
-3.0
-10.0
-14.0
-19.0
-7.0
-23.0
1.0
-9.0
-2.0
1.0
23.0
-7.0
-6.0
-14.0
-33.0
-9.0
-43.0
-26.0
5.0
43.0
8.0
12.0
22.0
15.0
11.0
22.0
6.0
16.0
-7.0
-11.0
-33.0
28.0
1.0
4.0
11.0
4.0
16.0
19.0
-3.0
60.0
26.0
3.0
-10.0
-12.0
-10.0
-4.0
-7.0
0.0
-9.0
1.0
6.0
13.0
24.0
5.0
18.0
-5.0
17.0
25.0
25.0
-13.0
35.0
22.0
-13.0
-6.0
9.0
18.0
-5.0
-5.0
-11.0
-13.0
-15.0
-9.0
-27.0
-13.0
0.0
23.0
13.0
13.0
11.0
-11.0
-1.0
-3.0
-14.0
-8.0
-13.0
-6.0
-34.0
-29.0
-18.0
-15.0
-26.0
0.0
34.0
25.0
30.0
12.0
8.0
7.0
28.0
-6.0
-27.0
-47.0
-29.0
-38.0
-33.0
-26.0
-2.0
5.0
-4.0
-7.0
27.0
-9.0
-11.0
-15.0
21.0
-6.0
0.0
13.0
25.0
6.0
4.0
-12.0
-7.0
4.0
30.0
7.0
-8.0
-10.0
-21.0
-4.0
28.0
-17.0
-14.0
-58.0
4.0
-2.0
4.0
4.0
6.0
-21.0
-73.0
-5.0
-6.0
14.0
-1.0
-14.0
-53.0
-44.0
1.0
-51.0
-7.0
-36.0
7.0
-2.0
6.0
17.0
17.0
13.0
0.0
6.0
-14.0
-37.0
6.0
-26.0
-10.0
-33.0
-7.0
-9.0
-10.0
4.0
11.0
11.0
16.0
16.0
14.0
7.0
26.0
25.0
7.0
24.0
10.0
-8.0
0.0
-3.0
-28.0
-38.0
-44.0
-44.0
15.0
21.0
3.0
23.0
-18.0
8.0
-7.0
-13.0
-12.0
-15.0
-15.0
-22.0
-14.0
-3.0
-13.0
-3.0
-13.0
4.0
-1.0
2.0
-27.0
-11.0
-22.0
-10.0
2.0
-11.0
-25.0
-16.0
19.0
15.0
12.0
8.0
13.0
-13.0
-17.0
-15.0
-18.0
-6.0
-7.0
-10.0
-19.0
-9.0
-22.0
-9.0
3.0
14.0
15.0
0.0
-1.0
-2.0
-17.0
-5.0
-18.0
-36.0
-15.0
-2.0
-4.0
7.0
-7.0
2.0
-1.0
-35.0
-22.0
-11.0
-9.0
-1.0
-8.0
16.0
20.0
10.0
6.0
10.0
27.0
36.0
11.0
0.0
-25.0
-4.0
9.0
15.0
1.0
-2.0
-3.0
6.0
-17.0
-7.0
-7.0
-25.0
-41.0
-28.0
-29.0
-9.0
25.0
-14.0
10.0
-5.0
-15.0
-9.0
-1.0
-4.0
2.0
9.0
-8.0
0.0
23.0
18.0
33.0
11.0
18.0
19.0
3.0
2.0
-11.0
-24.0
1.0
-6.0
0.0
2.0
-12.0
-13.0
-19.0
-11.0
-24.0
28.0
9.0
-4.0
18.0
-6.0
12.0
12.0
1.0
9.0
-18.0
-3.0
-8.0
5.0
-3.0
-35.0
-8.0
6.0
-4.0
-26.0
3.0
-9.0
7.0
3.0
-28.0
-30.0
-16.0
-12.0
2.0
0.0
9.0
-20.0
-17.0
9.0
11.0
24.0
-10.0
1.0
-7.0
-18.0
-6.0
-3.0
26.0
4.0
-36.0
-12.0
-22.0
-17.0
-9.0
-20.0
-23.0
-23.0
-4.0
3.0
-9.0
-3.0
-26.0
-37.0
-22.0
-18.0
-24.0
-4.0
-3.0
5.0
-1.0
-2.0
2.0
7.0
10.0
12.0
3.0
-1.0
13.0
15.0
22.0
14.0
10.0
21.0
-4.0
-11.0
-18.0
-6.0
-21.0
-23.0
-3.0
-24.0
-27.0
-34.0
-26.0
-26.0
-38.0
-19.0
-28.0
-5.0
-17.0
-20.0
9.0
-8.0
-11.0
24.0
31.0
2.0
6.0
-22.0
13.0
0.0
-12.0
-19.0
-10.0
10.0
3.0
0.0
8.0
26.0
4.0
-16.0
-7.0
-25.0
-2.0
7.0
2.0
-8.0
-14.0
-24.0
13.0
-7.0
3.0
-5.0
21.0
17.0
12.0
-9.0
-2.0
-7.0
6.0
-7.0
-6.0
-5.0
-6.0
-9.0
22.0
20.0
-12.0
25.0
-9.0
9.0
12.0
-6.0
-25.0
20.0
-6.0
-13.0
4.0
-15.0
-28.0
-32.0
-17.0
-20.0
9.0
-9.0
-20.0
-5.0
2.0
-13.0
-15.0
13.0
15.0
19.0
16.0
7.0
4.0
17.0
3.0
6.0
7.0
9.0
21.0
17.0
2.0
-11.0
5.0
9.0
-1.0
0.0
-7.0
7.0
8.0
8.0
-1.0
11.0
1.0
-13.0
-12.0
-47.0
-14.0
-15.0
-12.0
-10.0
-7.0
-29.0
-2.0
-20.0
-33.0
-14.0
-18.0
-1.0
-1.0
5.0
-15.0
-32.0
-11.0
-15.0
-5.0
-1.0
17.0
-1.0
-15.0
-15.0
-11.0
-31.0
-13.0
7.0
-16.0
0.0
-1.0
14.0
3.0
9.0
37.0
15.0
9.0
23.0
19.0
-14.0
-21.0
-15.0
-32.0
-31.0
-14.0
-15.0
-14.0
4.0
-12.0
-14.0
10.0
-6.0
-43.0
-41.0
-35.0
-38.0
-29.0
-3.0
-7.0
33.0
-26.0
32.0
-30.0
-31.0
19.0
0.0
3.0
-25.0
-3.0
-16.0
-41.0
-41.0
-44.0
-29.0
-42.0
-12.0
-13.0
-28.0
-24.0
-8.0
-17.0
-19.0
14.0
12.0
-31.0
4.0
-10.0
-11.0
-30.0
-31.0
-22.0
-2.0
16.0
11.0
22.0
9.0
4.0
16.0
1.0
-7.0
-14.0
-17.0
-19.0
-9.0
-1.0
-6.0
11.0
-13.0
-16.0
-10.0
-25.0
-10.0
-36.0
-36.0
-42.0
-29.0
-40.0
-46.0
-41.0
-12.0
-17.0
11.0
15.0
21.0
12.0
6.0
15.0
16.0
-4.0
12.0
11.0
6.0
41.0
41.0
27.0
19.0
6.0
-12.0
6.0
2.0
6.0
-9.0
7.0
-5.0
-17.0
4.0
16.0
-43.0
-24.0
-44.0
-13.0
-26.0
-14.0
-12.0
-3.0
-26.0
-3.0
-6.0
-4.0
11.0
0.0
23.0
-9.0
-14.0
17.0
48.0
43.0
20.0
20.0
-1.0
-4.0
8.0
-15.0
-14.0
17.0
-7.0
-10.0
-42.0
-27.0
-26.0
-7.0
-4.0
14.0
16.0
-39.0
-2.0
-13.0
7.0
-8.0
4.0
12.0
8.0
20.0
27.0
15.0
-15.0
21.0
10.0
13.0
0.0
12.0
20.0
-13.0
-4.0
11.0
-2.0
-26.0
-7.0
-14.0
-11.0
-29.0
-20.0
6.0
6.0
-16.0
-18.0
34.0
-5.0
18.0
30.0
-1.0
-7.0
4.0
14.0
3.0
-21.0
-6.0
-22.0
-23.0
-4.0
18.0
-15.0
-6.0
-20.0
-5.0
-12.0
-16.0
-20.0
-22.0
-10.0
-20.0
1.0
-32.0
-19.0
-51.0
-44.0
-15.0
-8.0
4.0
25.0
21.0
17.0
7.0
0.0
23.0
12.0
9.0
20.0
35.0
-1.0
5.0
33.0
-2.0
-6.0
-19.0
-31.0
-15.0
27.0
-37.0
38.0
-19.0
-7.0
-35.0
-29.0
-9.0
-16.0
17.0
-22.0
-31.0
-33.0
-37.0
0.0
-41.0
-39.0
3.0
-12.0
14.0
-2.0
-28.0
-1.0
-3.0
42.0
19.0
8.0
39.0
4.0
8.0
-37.0
39.0
3.0
-30.0
7.0
-20.0
-21.0
0.0
-7.0
-15.0
1.0
-42.0
-6.0
-40.0
-19.0
-10.0
-14.0
11.0
-5.0
38.0
-2.0
2.0
21.0
-25.0
11.0
-23.0
-14.0
29.0
5.0
16.0
3.0
11.0
-12.0
-5.0
3.0
-11.0
-18.0
16.0
-14.0
15.0
-1.0
17.0
-42.0
-9.0
-17.0
-5.0
-15.0
-17.0
-1.0
-53.0
7.0
0.0
-1.0
2.0
-22.0
-20.0
-12.0
-8.0
-19.0
5.0
11.0
-18.0
11.0
-7.0
-11.0
2.0
-4.0
6.0
20.0
-5.0
-26.0
33.0
3.0
17.0
-28.0
-3.0
-12.0
9.0
4.0
-22.0
-31.0
-19.0
-21.0
28.0
0.0
4.0
1.0
25.0
44.0
44.0
-1.0
-18.0
3.0
-26.0
-22.0
14.0
23.0
-21.0
33.0
-38.0
39.0
-5.0
3.0
9.0
-15.0
17.0
14.0
-6.0
-20.0
0.0
-10.0
-11.0
10.0
-20.0
9.0
47.0
37.0
26.0
-25.0
-40.0
-17.0
1.0
-9.0
31.0
25.0
41.0
30.0
27.0
4.0
2.0
-48.0
-24.0
-1.0
-15.0
9.0
-22.0
-28.0
33.0
-10.0
-13.0
23.0
0.0
17.0
-13.0
26.0
-31.0
-37.0
-8.0
0.0
-15.0
36.0
-17.0
-12.0
-2.0
-2.0
12.0
2.0
-11.0
-5.0
-1.0
-1.0
-15.0
-5.0
-7.0
-4.0
-22.0
-20.0
21.0
-28.0
29.0
14.0
-3.0
5.0
-8.0
-30.0
4.0
0.0
-59.0
-44.0
8.0
-19.0
-52.0
5.0
13.0
-9.0
-15.0
-23.0
12.0
33.0
5.0
24.0
5.0
0.0
15.0
-2.0
16.0
18.0
-10.0
37.0
-8.0
-5.0
9.0
18.0
4.0
-15.0
-23.0
-13.0
-34.0
7.0
-13.0
-31.0
13.0
-55.0
-43.0
-38.0
-38.0
-38.0
-5.0
-4.0
24.0
21.0
-2.0
17.0
6.0
15.0
5.0
10.0
2.0
-11.0
-15.0
-18.0
9.0
19.0
3.0
6.0
-10.0
-3.0
13.0
24.0
3.0
9.0
-15.0
4.0
0.0
-12.0
24.0
21.0
3.0
12.0
0.0
15.0
-10.0
-33.0
-5.0
-15.0
-3.0
0.0
24.0
-3.0
12.0
-17.0
-10.0
-24.0
11.0
-9.0
-50.0
-55.0
-9.0
30.0
-44.0
11.0
18.0
13.0
-21.0
-7.0
19.0
35.0
-53.0
4.0
-11.0
5.0
2.0
-34.0
4.0
22.0
-29.0
-28.0
-15.0
2.0
-17.0
-10.0
-36.0
2.0
-1.0
0.0
-10.0
-25.0
38.0
31.0
6.0
-4.0
2.0
-32.0
10.0
-3.0
-36.0
-39.0
-19.0
-5.0
-16.0
21.0
7.0
-24.0
7.0
-38.0
-8.0
-17.0
10.0
-9.0
5.0
23.0
0.0
17.0
3.0
12.0
-2.0
-17.0
17.0
22.0
45.0
10.0
-11.0
6.0
-23.0
0.0
-18.0
-19.0
-1.0
-15.0
3.0
-14.0
1.0
11.0
-5.0
-54.0
-31.0
-36.0
40.0
2.0
-9.0
-12.0
-17.0
-15.0
0.0
-21.0
6.0
-2.0
-31.0
27.0
6.0
36.0
-5.0
-20.0
-11.0
-42.0
-41.0
-34.0
-30.0
-28.0
-27.0
-35.0
3.0
2.0
4.0
15.0
-19.0
-11.0
13.0
-2.0
17.0
-23.0
-6.0
10.0
-19.0
17.0
-12.0
-19.0
5.0
-4.0
-19.0
26.0
-31.0
-10.0
-22.0
6.0
-18.0
-20.0
-7.0
-29.0
-23.0
28.0
-20.0
39.0
21.0
21.0
6.0
6.0
7.0
-36.0
5.0
-12.0
3.0
-18.0
-69.0
2.0
49.0
41.0
26.0
-12.0
-24.0
-24.0
14.0
15.0
-34.0
7.0
20.0
23.0
0.0
-12.0
-27.0
-25.0
1.0
-25.0
-18.0
-14.0
45.0
39.0
10.0
-58.0
-22.0
-19.0
10.0
19.0
34.0
-11.0
-14.0
3.0
-18.0
-3.0
24.0
2.0
-10.0
-56.0
-16.0
11.0
17.0
8.0
4.0
27.0
-6.0
4.0
-34.0
-10.0
-20.0
-5.0
7.0
0.0
-9.0
-8.0
-11.0
-14.0
28.0
-13.0
-5.0
24.0
-2.0
-5.0
-26.0
17.0
-6.0
3.0
8.0
-21.0
-28.0
-3.0
-30.0
-29.0
19.0
-48.0
-15.0
-1.0
-20.0
-2.0
-26.0
-22.0
3.0
0.0
-32.0
-11.0
3.0
10.0
-10.0
11.0
-26.0
7.0
-1.0
1.0
-14.0
2.0
7.0
9.0
-3.0
3.0
-7.0
12.0
-9.0
-16.0
-5.0
-21.0
1.0
-30.0
3.0
6.0
-11.0
-14.0
-18.0
-16.0
-1.0
10.0
1.0
9.0
-9.0
9.0
-22.0
-14.0
2.0
-8.0
10.0
2.0
7.0
4.0
3.0
-8.0
-19.0
-6.0
-7.0
-22.0
-15.0
7.0
28.0
-4.0
13.0
2.0
16.0
-10.0
18.0
12.0
-7.0
-20.0
-17.0
-21.0
-14.0
-52.0
0.0
17.0
53.0
40.0
-9.0
-4.0
10.0
10.0
7.0
8.0
-22.0
-18.0
-25.0
-20.0
11.0
-40.0
-25.0
6.0
-8.0
19.0
2.0
-9.0
-39.0
-34.0
-9.0
-14.0
-21.0
32.0
15.0
-13.0
-33.0
-40.0
-3.0
-2.0
26.0
-12.0
-39.0
6.0
12.0
21.0
7.0
17.0
22.0
19.0
-18.0
5.0
24.0
14.0
-23.0
-19.0
5.0
17.0
0.0
14.0
-27.0
-19.0
-43.0
-9.0
-20.0
-3.0
-67.0
1.0
-54.0
-51.0
0.0
-16.0
38.0
10.0
38.0
-1.0
-7.0
-3.0
-15.0
-20.0
12.0
9.0
15.0
-6.0
-17.0
-10.0
-26.0
-34.0
-18.0
-15.0
-15.0
-10.0
-7.0
-21.0
-28.0
-5.0
-10.0
9.0
2.0
14.0
-19.0
-3.0
0.0
-2.0
8.0
-8.0
-28.0
-33.0
-12.0
-18.0
-6.0
-8.0
-18.0
5.0
-25.0
-17.0
-25.0
4.0
-23.0
-25.0
-24.0
-29.0
-7.0
1.0
-1.0
-17.0
-5.0
-1.0
-4.0
4.0
23.0
-5.0
-7.0
-13.0
42.0
5.0
33.0
-46.0
45.0
41.0
-34.0
9.0
-41.0
-26.0
7.0
-38.0
-5.0
-23.0
-15.0
4.0
-4.0
-12.0
-2.0
-13.0
-23.0
1.0
-3.0
-8.0
-7.0
-10.0
3.0
17.0
5.0
1.0
-9.0
-6.0
2.0
31.0
11.0
0.0
27.0
7.0
6.0
18.0
-2.0
13.0
-5.0
-26.0
-18.0
-14.0
3.0
-2.0
0.0
-2.0
-25.0
-7.0
-16.0
5.0
1.0
2.0
43.0
-5.0
8.0
11.0
9.0
21.0
-22.0
6.0
-28.0
-12.0
-26.0
-13.0
-9.0
-25.0
-16.0
-4.0
-16.0
-18.0
2.0
-8.0
8.0
-24.0
2.0
-30.0
-16.0
-7.0
-16.0
-7.0
6.0
7.0
30.0
7.0
-17.0
-10.0
-22.0
8.0
36.0
9.0
-9.0
-9.0
14.0
36.0
3.0
-3.0
-2.0
32.0
-8.0
12.0
-35.0
-29.0
33.0
-16.0
-28.0
-9.0
-24.0
-31.0
2.0
-18.0
-7.0
-6.0
-10.0
-1.0
1.0
-5.0
11.0
20.0
-16.0
2.0
9.0
15.0
-13.0
-18.0
-15.0
11.0
-33.0
-24.0
-9.0
3.0
-13.0
-14.0
-6.0
-3.0
-26.0
-5.0
4.0
1.0
-9.0
-18.0
-32.0
-30.0
-21.0
-9.0
-7.0
6.0
0.0
13.0
6.0
17.0
4.0
2.0
9.0
6.0
11.0
6.0
-17.0
-24.0
-5.0
-11.0
-24.0
-26.0
-20.0
-33.0
-32.0
-18.0
21.0
8.0
16.0
38.0
39.0
24.0
36.0
33.0
36.0
9.0
-17.0
23.0
7.0
-9.0
-32.0
-33.0
-28.0
-3.0
-23.0
-9.0
-8.0
1.0
-15.0
4.0
-2.0
-8.0
8.0
-5.0
-26.0
-90.0
24.0
17.0
53.0
29.0
-11.0
-14.0
-28.0
-5.0
-11.0
-18.0
-16.0
-21.0
-3.0
-8.0
15.0
14.0
-21.0
-6.0
-20.0
12.0
26.0
12.0
3.0
-39.0
-54.0
-64.0
-23.0
-17.0
-20.0
-59.0
-3.0
15.0
11.0
8.0
17.0
9.0
-14.0
-18.0
1.0
-20.0
15.0
-17.0
-11.0
-13.0
-41.0
-51.0
-53.0
4.0
2.0
7.0
5.0
-7.0
3.0
-24.0
-12.0
-23.0
14.0
22.0
7.0
9.0
-19.0
-21.0
26.0
-30.0
21.0
11.0
-6.0
-14.0
3.0
13.0
-7.0
3.0
-10.0
-16.0
8.0
6.0
5.0
12.0
-20.0
-4.0
15.0
5.0
-40.0
-68.0
-45.0
-40.0
25.0
-22.0
-2.0
30.0
26.0
32.0
28.0
-33.0
-33.0
-34.0
14.0
36.0
2.0
2.0
5.0
-1.0
-22.0
-3.0
4.0
6.0
20.0
16.0
8.0
3.0
-41.0
8.0
2.0
-35.0
17.0
23.0
-43.0
-26.0
-75.0
-7.0
7.0
0.0
2.0
41.0
16.0
9.0
12.0
17.0
-7.0
1.0
-49.0
9.0
-27.0
23.0
-20.0
-3.0
21.0
-1.0
33.0
8.0
-23.0
14.0
-26.0
-17.0
-27.0
-16.0
-28.0
-9.0
10.0
27.0
-23.0
-22.0
-8.0
6.0
22.0
36.0
-9.0
6.0
-28.0
-3.0
-33.0
-8.0
-9.0
34.0
-7.0
0.0
-4.0
-5.0
-16.0
11.0
-12.0
-5.0
-8.0
16.0
2.0
3.0
17.0
22.0
-6.0
-35.0
-7.0
14.0
-36.0
0.0
-28.0
-33.0
0.0
-46.0
-3.0
-34.0
-20.0
21.0
3.0
-3.0
2.0
-1.0
-13.0
-15.0
5.0
-18.0
-4.0
12.0
6.0
-2.0
-3.0
-3.0
-27.0
6.0
17.0
-6.0
-25.0
-21.0
-4.0
-5.0
-25.0
-25.0
7.0
-26.0
-28.0
27.0
-4.0
-5.0
13.0
16.0
19.0
9.0
16.0
18.0
0.0
14.0
-28.0
29.0
-14.0
-50.0
-44.0
-52.0
-27.0
-5.0
13.0
36.0
8.0
9.0
-24.0
13.0
-70.0
-75.0
7.0
2.0
13.0
-3.0
-25.0
-21.0
-4.0
-24.0
-39.0
-37.0
-33.0
-15.0
9.0
-9.0
0.0
16.0
24.0
-2.0
8.0
3.0
-20.0
-20.0
-39.0
26.0
3.0
18.0
-34.0
7.0
19.0
18.0
-2.0
-19.0
8.0
-14.0
0.0
-18.0
7.0
-16.0
-2.0
-3.0
-5.0
-25.0
-3.0
-13.0
29.0
-3.0
29.0
18.0
3.0
12.0
17.0
-8.0
-21.0
-2.0
-12.0
3.0
-2.0
16.0
-9.0
-13.0
-15.0
13.0
21.0
-2.0
7.0
18.0
-24.0
-14.0
-2.0
-6.0
-9.0
10.0
-1.0
-5.0
-15.0
23.0
-1.0
-9.0
2.0
2.0
8.0
-5.0
-23.0
-8.0
-7.0
-16.0
-14.0
-26.0
-10.0
-16.0
13.0
-11.0
-1.0
-13.0
-20.0
-11.0
-14.0
-22.0
-2.0
1.0
-15.0
-7.0
12.0
27.0
-15.0
-13.0
-11.0
-16.0
-6.0
-22.0
8.0
43.0
10.0
-12.0
6.0
-27.0
-55.0
-38.0
20.0
22.0
-2.0
-4.0
-25.0
-19.0
-32.0
-17.0
-14.0
-22.0
-23.0
-33.0
-13.0
-56.0
4.0
-11.0
-11.0
-8.0
9.0
-32.0
-21.0
-14.0
-44.0
-32.0
-60.0
7.0
-14.0
-14.0
-29.0
-25.0
-34.0
-34.0
-34.0
-37.0
-42.0
-35.0
-98.0
-155.0
-173.0
-48.0
26.0
148.0
313.0
298.0
313.0
265.0
287.0
274.0
187.0
105.0
48.0
72.0
59.0
163.0
295.0
313.0
313.0
313.0
313.0
313.0
313.0
313.0
313.0
300.0
226.0
278.0
313.0
182.0
313.0
313.0
313.0
313.0
82.0
-313.0
-313.0
-313.0
-313.0
-313.0
-313.0
-313.0
-313.0
-313.0
-313.0
-313.0
-313.0
-313.0
-313.0
-313.0
-313.0
-292.0
-210.0
-204.0
-171.0
-112.0
-82.0
-53.0
-25.0
25.0
16.0
15.0
-4.0
8.0
56.0
46.0
67.0
55.0
99.0
77.0
82.0
68.0
46.0
28.0
45.0
3.0
-114.0
-109.0
-313.0
-313.0
223.0
9.0
-10.0
-41.0
5.0
-10.0
66.0
48.0
153.0
313.0
313.0
313.0
313.0
313.0
313.0
307.0
245.0
129.0
67.0
119.0
186.0
151.0
177.0
164.0
170.0
165.0
145.0
143.0
122.0
74.0
60.0
31.0
-4.0
4.0
6.0
-14.0
-10.0
-45.0
-65.0
-95.0
-99.0
-116.0
-136.0
-144.0
-136.0
-146.0
-159.0
-162.0
-160.0
-148.0
-125.0
-143.0
-145.0
-136.0
-153.0
-129.0
-134.0
-133.0
-116.0
-110.0
-101.0
-110.0
-110.0
-107.0
-125.0
-108.0
-89.0
-93.0
-62.0
-44.0
-67.0
-67.0
-96.0
-91.0
-91.0
-106.0
-83.0
-116.0
-113.0
-118.0
-114.0
-107.0
-102.0
-99.0
-84.0
-75.0
-52.0
-49.0
-16.0
-19.0
17.0
23.0
-35.0
-28.0
0.0
-18.0
-52.0
2.0
-3.0
48.0
77.0
53.0
53.0
45.0
24.0
-5.0
28.0
36.0
42.0
28.0
13.0
38.0
41.0
41.0
53.0
36.0
34.0
39.0
15.0
19.0
18.0
14.0
26.0
31.0
48.0
39.0
30.0
33.0
19.0
38.0
51.0
31.0
7.0
-1.0
17.0
31.0
41.0
16.0
31.0
6.0
33.0
-6.0
18.0
16.0
31.0
-11.0
8.0
5.0
-1.0
21.0
36.0
27.0
6.0
5.0
-24.0
-27.0
11.0
13.0
-4.0
-1.0
-25.0
19.0
30.0
22.0
37.0
33.0
22.0
6.0
-9.0
35.0
-6.0
24.0
20.0
20.0
13.0
38.0
-10.0
38.0
-1.0
-16.0
-16.0
-6.0
-7.0
-4.0
0.0
-14.0
-7.0
8.0
30.0
29.0
13.0
10.0
12.0
9.0
35.0
8.0
30.0
-11.0
-22.0
-17.0
6.0
-38.0
-35.0
-29.0
-33.0
-47.0
-26.0
-51.0
-47.0
-27.0
-37.0
-22.0
-24.0
-25.0
-21.0
-25.0
5.0
0.0
23.0
-30.0
-10.0
-3.0
20.0
21.0
9.0
-8.0
-30.0
-61.0
-53.0
-80.0
-22.0
-41.0
-11.0
-9.0
24.0
-13.0
-15.0
3.0
15.0
-25.0
8.0
15.0
21.0
22.0
36.0
-1.0
12.0
31.0
23.0
2.0
-11.0
-27.0
1.0
-1.0
1.0
-6.0
-9.0
-28.0
-10.0
-44.0
22.0
2.0
-14.0
-15.0
-9.0
-29.0
-6.0
-15.0
12.0
-4.0
-11.0
-21.0
51.0
46.0
17.0
35.0
26.0
21.0
14.0
39.0
-14.0
-9.0
-16.0
-21.0
8.0
-20.0
-24.0
4.0
7.0
-5.0
-3.0
14.0
-13.0
-17.0
-19.0
-16.0
-13.0
2.0
-11.0
-17.0
2.0
-11.0
-32.0
-30.0
-24.0
8.0
18.0
21.0
0.0
6.0
3.0
16.0
3.0
-5.0
6.0
-27.0
-12.0
-19.0
-2.0
3.0
-11.0
1.0
6.0
3.0
-19.0
-16.0
-13.0
10.0
4.0
21.0
-5.0
-2.0
-18.0
-14.0
-14.0
-22.0
-12.0
-40.0
-5.0
-24.0
-3.0
-7.0
5.0
7.0
-13.0
-29.0
-10.0
-56.0
-20.0
-2.0
-5.0
-8.0
-22.0
-29.0
-21.0
28.0
-10.0
-18.0
-13.0
-32.0
-21.0
4.0
-14.0
-10.0
-14.0
-13.0
21.0
-7.0
15.0
35.0
44.0
2.0
-14.0
-14.0
-13.0
16.0
5.0
7.0
-3.0
-2.0
-3.0
-21.0
-8.0
-13.0
-33.0
-16.0
16.0
10.0
-3.0
14.0
4.0
-3.0
5.0
7.0
8.0
17.0
-7.0
-11.0
-33.0
-9.0
-6.0
-4.0
-8.0
-3.0
4.0
11.0
5.0
30.0
9.0
29.0
52.0
38.0
13.0
10.0
16.0
23.0
-14.0
-10.0
3.0
-23.0
-24.0
-29.0
-51.0
-48.0
-52.0
-29.0
-45.0
6.0
-25.0
-4.0
-24.0
16.0
6.0
9.0
9.0
-4.0
-1.0
-49.0
-41.0
26.0
3.0
-18.0
-17.0
-13.0
-22.0
3.0
-40.0
-11.0
-21.0
-4.0
-37.0
-16.0
9.0
15.0
-3.0
11.0
-14.0
1.0
-19.0
0.0
15.0
-22.0
-42.0
-38.0
5.0
-1.0
-4.0
-3.0
-27.0
-36.0
-29.0
-28.0
-15.0
-21.0
-5.0
-15.0
-2.0
-17.0
-15.0
11.0
21.0
13.0
-2.0
0.0
33.0
10.0
13.0
17.0
-27.0
14.0
-12.0
-27.0
-29.0
-24.0
-17.0
-13.0
-27.0
24.0
29.0
24.0
39.0
36.0
20.0
25.0
16.0
-6.0
15.0
10.0
-15.0
-13.0
2.0
-10.0
-14.0
-13.0
-18.0
-6.0
-13.0
-9.0
-5.0
-17.0
-9.0
-20.0
-23.0
-25.0
-32.0
-25.0
8.0
-12.0
3.0
28.0
31.0
24.0
11.0
8.0
-1.0
48.0
-1.0
-32.0
-18.0
38.0
40.0
60.0
-10.0
-14.0
-13.0
-54.0
-2.0
-54.0
-38.0
-111.0
-36.0
-50.0
-21.0
-18.0
-29.0
-55.0
-23.0
-15.0
20.0
36.0
22.0
3.0
2.0
-7.0
37.0
37.0
14.0
11.0
0.0
12.0
10.0
-10.0
-12.0
-11.0
14.0
10.0
1.0
10.0
21.0
3.0
-15.0
-5.0
6.0
5.0
24.0
18.0
1.0
0.0
-12.0
-3.0
7.0
-2.0
20.0
23.0
26.0
7.0
5.0
0.0
6.0
12.0
-7.0
10.0
18.0
12.0
16.0
3.0
5.0
21.0
24.0
20.0
3.0
-3.0
8.0
2.0
11.0
13.0
12.0
-3.0
-1.0
10.0
7.0
-24.0
-30.0
-38.0
-30.0
-26.0
-17.0
-47.0
-13.0
-62.0
-31.0
-45.0
-35.0
-29.0
-11.0
-5.0
17.0
17.0
-1.0
13.0
-18.0
8.0
16.0
10.0
12.0
-14.0
-22.0
-20.0
-26.0
-21.0
2.0
-49.0
-11.0
-11.0
-35.0
-11.0
-20.0
-4.0
-10.0
-31.0
2.0
-14.0
-12.0
-16.0
-22.0
-18.0
-10.0
24.0
30.0
35.0
-8.0
31.0
-8.0
-9.0
26.0
2.0
-14.0
12.0
14.0
13.0
-3.0
-2.0
16.0
11.0
-22.0
-9.0
10.0
9.0
-36.0
-7.0
-31.0
0.0
-5.0
0.0
-2.0
17.0
19.0
37.0
41.0
42.0
8.0
5.0
26.0
26.0
0.0
-17.0
-26.0
-23.0
-10.0
-19.0
-18.0
-17.0
-23.0
-22.0
-18.0
-25.0
-4.0
-34.0
-43.0
-40.0
-46.0
-27.0
-42.0
-40.0
3.0
11.0
-10.0
-17.0
22.0
18.0
28.0
23.0
-1.0
2.0
32.0
3.0
7.0
-28.0
2.0
-7.0
-3.0
-23.0
11.0
10.0
1.0
17.0
1.0
13.0
0.0
-15.0
-17.0
-51.0
-21.0
-15.0
-21.0
-6.0
-30.0
21.0
9.0
-2.0
-8.0
-18.0
26.0
33.0
8.0
4.0
15.0
-17.0
-11.0
-13.0
7.0
-9.0
-15.0
-26.0
7.0
-33.0
4.0
-32.0
-7.0
7.0
-6.0
-22.0
-23.0
-19.0
-19.0
-14.0
-2.0
-18.0
-13.0
-24.0
-3.0
12.0
-1.0
8.0
11.0
-22.0
30.0
36.0
15.0
28.0
45.0
-12.0
3.0
0.0
-25.0
-11.0
-9.0
11.0
-17.0
-9.0
-19.0
-6.0
-31.0
-29.0
-31.0
-32.0
-18.0
-27.0
13.0
11.0
-6.0
-13.0
4.0
0.0
1.0
-6.0
-11.0
17.0
5.0
5.0
-1.0
-10.0
-17.0
-20.0
14.0
-7.0
-2.0
-43.0
-29.0
-13.0
-16.0
4.0
1.0
4.0
19.0
-20.0
-33.0
20.0
-1.0
15.0
-13.0
-13.0
-18.0
-14.0
-5.0
-20.0
7.0
12.0
17.0
3.0
1.0
-17.0
6.0
10.0
9.0
20.0
6.0
-13.0
4.0
-29.0
7.0
4.0
17.0
21.0
22.0
0.0
-6.0
-8.0
-36.0
-35.0
-23.0
-13.0
-11.0
-17.0
-20.0
-4.0
-12.0
-15.0
7.0
8.0
-8.0
8.0
-8.0
-11.0
-5.0
16.0
21.0
30.0
-1.0
0.0
-11.0
-13.0
9.0
1.0
-2.0
9.0
7.0
14.0
-11.0
-27.0
9.0
1.0
-13.0
-13.0
-8.0
-21.0
-4.0
-10.0
-12.0
10.0
18.0
17.0
41.0
37.0
69.0
18.0
57.0
42.0
37.0
9.0
23.0
-5.0
-24.0
-34.0
-30.0
-19.0
-4.0
-55.0
-29.0
-47.0
-23.0
-55.0
-20.0
-20.0
-36.0
-42.0
-46.0
-31.0
-69.0
-72.0
-51.0
-70.0
-42.0
-36.0
-7.0
-28.0
-29.0
-27.0
-10.0
-3.0
4.0
-6.0
6.0
9.0
11.0
3.0
-7.0
-21.0
5.0
2.0
23.0
35.0
20.0
23.0
22.0
19.0
34.0
15.0
10.0
-7.0
7.0
-13.0
-29.0
-28.0
-9.0
-24.0
-34.0
-7.0
11.0
-19.0
-1.0
9.0
-2.0
-5.0
-9.0
-11.0
0.0
16.0
33.0
-7.0
-5.0
17.0
11.0
5.0
-6.0
29.0
10.0
-5.0
-14.0
14.0
13.0
16.0
2.0
7.0
3.0
6.0
3.0
-25.0
-26.0
-38.0
-1.0
9.0
-9.0
-10.0
-5.0
-10.0
26.0
17.0
7.0
33.0
4.0
-19.0
20.0
23.0
8.0
11.0
17.0
11.0
-22.0
-26.0
11.0
-4.0
-11.0
-11.0
-5.0
-28.0
0.0
-49.0
-28.0
-20.0
-5.0
24.0
6.0
11.0
-13.0
-16.0
-19.0
17.0
7.0
-16.0
4.0
6.0
-5.0
-8.0
-4.0
37.0
56.0
43.0
29.0
20.0
15.0
7.0
2.0
8.0
5.0
-10.0
-9.0
-34.0
-40.0
-35.0
-27.0
-18.0
-8.0
-5.0
-36.0
-9.0
-17.0
-27.0
-65.0
-59.0
-19.0
-37.0
17.0
23.0
9.0
15.0
22.0
-1.0
-7.0
-21.0
-11.0
-24.0
-16.0
-12.0
8.0
4.0
3.0
-18.0
5.0
-9.0
12.0
4.0
-9.0
-5.0
-16.0
-18.0
-30.0
-41.0
-25.0
16.0
-26.0
-5.0
6.0
12.0
-17.0
-22.0
-8.0
-7.0
11.0
3.0
38.0
16.0
5.0
1.0
23.0
0.0
-2.0
24.0
32.0
43.0
15.0
37.0
-1.0
-1.0
-20.0
-62.0
-58.0
-48.0
-28.0
-7.0
2.0
5.0
10.0
15.0
27.0
9.0
31.0
12.0
-7.0
-31.0
22.0
-35.0
-11.0
-9.0
-8.0
7.0
-25.0
-18.0
3.0
-22.0
19.0
24.0
-15.0
-12.0
6.0
25.0
13.0
33.0
0.0
60.0
24.0
-9.0
3.0
0.0
-1.0
-1.0
-24.0
-30.0
-47.0
-40.0
-98.0
-69.0
-13.0
-7.0
5.0
10.0
38.0
8.0
-28.0
-3.0
4.0
-24.0
-39.0
-40.0
-17.0
22.0
22.0
-6.0
13.0
11.0
-6.0
-3.0
-10.0
-7.0
-31.0
-66.0
5.0
-6.0
-23.0
0.0
-49.0
-5.0
10.0
7.0
48.0
38.0
16.0
8.0
-3.0
-11.0
-59.0
-50.0
-90.0
-89.0
-92.0
-153.0
-101.0
-115.0
-67.0
-68.0
-52.0
23.0
56.0
56.0
102.0
40.0
67.0
77.0
34.0
34.0
31.0
20.0
28.0
29.0
-5.0
14.0
14.0
12.0
21.0
3.0
12.0
25.0
11.0
9.0
8.0
-11.0
6.0
-9.0
4.0
-20.0
-16.0
-32.0
-4.0
3.0
7.0
27.0
17.0
-6.0
3.0
-1.0
-2.0
-15.0
-23.0
-21.0
-29.0
-29.0
-22.0
-12.0
23.0
-5.0
35.0
22.0
17.0
12.0
24.0
25.0
4.0
-11.0
-9.0
4.0
3.0
-17.0
-21.0
-18.0
-28.0
-6.0
-11.0
-20.0
-4.0
6.0
-30.0
-13.0
-3.0
-6.0
2.0
-26.0
2.0
16.0
19.0
36.0
27.0
43.0
43.0
45.0
6.0
6.0
29.0
3.0
-15.0
-42.0
-11.0
-49.0
-35.0
-31.0
-32.0
-86.0
-72.0
-52.0
-16.0
4.0
-22.0
-9.0
8.0
13.0
15.0
3.0
-6.0
26.0
38.0
24.0
24.0
17.0
8.0
6.0
-22.0
9.0
-16.0
-11.0
-10.0
-9.0
-28.0
-28.0
-29.0
-37.0
5.0
21.0
36.0
7.0
13.0
11.0
23.0
-17.0
-88.0
-91.0
-24.0
-70.0
-32.0
-48.0
-27.0
2.0
4.0
-23.0
-15.0
-18.0
-21.0
-3.0
-19.0
2.0
12.0
14.0
-11.0
-5.0
-1.0
3.0
-26.0
4.0
17.0
14.0
13.0
27.0
30.0
19.0
42.0
36.0
26.0
26.0
9.0
36.0
44.0
17.0
22.0
-9.0
7.0
8.0
-57.0
-45.0
-40.0
-37.0
-58.0
-51.0
-65.0
-19.0
-28.0
-30.0
-35.0
-31.0
-18.0
-15.0
-6.0
-3.0
-11.0
6.0
1.0
2.0
-2.0
-18.0
17.0
6.0
26.0
-13.0
-22.0
-7.0
21.0
29.0
18.0
38.0
28.0
44.0
16.0
33.0
89.0
42.0
36.0
40.0
22.0
21.0
21.0
33.0
6.0
-7.0
-4.0
-32.0
-16.0
-13.0
-9.0
-13.0
-27.0
-10.0
-7.0
3.0
-27.0
-26.0
13.0
13.0
-18.0
-21.0
2.0
25.0
-12.0
26.0
36.0
42.0
39.0
33.0
24.0
1.0
-7.0
0.0
-16.0
-7.0
0.0
-27.0
17.0
24.0
-13.0
31.0
11.0
-14.0
-28.0
-30.0
-23.0
-33.0
0.0
5.0
-9.0
-10.0
-22.0
-25.0
-6.0
3.0
-3.0
-22.0
14.0
6.0
7.0
1.0
-8.0
-7.0
15.0
6.0
12.0
7.0
-8.0
-14.0
12.0
25.0
23.0
2.0
-8.0
-8.0
-6.0
55.0
15.0
16.0
4.0
-9.0
-29.0
-48.0
-15.0
-16.0
-11.0
-35.0
-11.0
-11.0
-10.0
-2.0
-28.0
-25.0
-10.0
3.0
-14.0
-19.0
17.0
17.0
31.0
20.0
15.0
-18.0
-30.0
-29.0
20.0
2.0
1.0
3.0
-18.0
-3.0
-15.0
9.0
-11.0
4.0
-12.0
1.0
-18.0
-15.0
-8.0
-4.0
26.0
-5.0
54.0
41.0
38.0
51.0
21.0
19.0
-4.0
8.0
13.0
-6.0
-7.0
-1.0
11.0
44.0
33.0
39.0
-14.0
-21.0
-30.0
-36.0
-24.0
-56.0
-28.0
-24.0
-11.0
-10.0
-18.0
-42.0
-27.0
-34.0
-76.0
-82.0
-20.0
-8.0
-29.0
-23.0
-20.0
2.0
-6.0
9.0
12.0
2.0
-14.0
-5.0
-19.0
-13.0
-15.0
46.0
-8.0
-8.0
1.0
13.0
-6.0
-2.0
15.0
25.0
-18.0
17.0
4.0
-4.0
-30.0
-21.0
-8.0
22.0
11.0
8.0
-14.0
-4.0
1.0
-17.0
-35.0
-16.0
-20.0
3.0
-36.0
-37.0
-36.0
-24.0
31.0
13.0
8.0
35.0
50.0
56.0
58.0
55.0
54.0
20.0
11.0
-27.0
-17.0
-38.0
-19.0
-18.0
-21.0
-19.0
0.0
-22.0
-27.0
-31.0
-52.0
-61.0
-64.0
-25.0
-24.0
-18.0
-40.0
-9.0
-3.0
-10.0
21.0
17.0
-3.0
3.0
-22.0
-19.0
18.0
18.0
21.0
2.0
6.0
10.0
0.0
-3.0
-10.0
-5.0
-21.0
-17.0
-23.0
8.0
3.0
22.0
25.0
7.0
21.0
28.0
11.0
-24.0
-12.0
-16.0
-45.0
-27.0
-14.0
-47.0
-14.0
-10.0
-10.0
-9.0
-29.0
-3.0
3.0
3.0
21.0
4.0
27.0
28.0
24.0
-15.0
-8.0
43.0
21.0
50.0
-12.0
-19.0
-13.0
-10.0
12.0
-6.0
-20.0
-16.0
-1.0
-7.0
-2.0
-8.0
-12.0
-14.0
-6.0
-13.0
-8.0
-4.0
-12.0
-10.0
-3.0
-7.0
-23.0
-26.0
-27.0
-18.0
-5.0
-28.0
-12.0
-58.0
-2.0
35.0
46.0
43.0
77.0
45.0
32.0
3.0
2.0
-12.0
26.0
15.0
22.0
28.0
14.0
-2.0
-4.0
-38.0
-3.0
-13.0
-18.0
-22.0
-17.0
-26.0
-22.0
-3.0
-24.0
-15.0
-18.0
-17.0
9.0
-14.0
20.0
21.0
7.0
-7.0
3.0
29.0
13.0
7.0
-5.0
9.0
9.0
9.0
-1.0
5.0
-30.0
-3.0
8.0
-1.0
-21.0
-16.0
-17.0
-13.0
-9.0
-25.0
2.0
-6.0
-8.0
7.0
-7.0
-12.0
0.0
0.0
-5.0
-4.0
-5.0
-15.0
-20.0
-18.0
21.0
11.0
-23.0
-22.0
-10.0
-26.0
-9.0
2.0
6.0
0.0
5.0
33.0
23.0
21.0
4.0
11.0
18.0
38.0
15.0
-9.0
-56.0
-59.0
-8.0
-11.0
31.0
39.0
-13.0
-11.0
-9.0
-14.0
-27.0
-21.0
-18.0
-13.0
-5.0
-2.0
28.0
5.0
3.0
9.0
6.0
15.0
-1.0
-3.0
-16.0
-11.0
-7.0
-18.0
-74.0
-63.0
-70.0
-44.0
-60.0
-64.0
-72.0
-32.0
-54.0
-42.0
-24.0
4.0
66.0
41.0
38.0
36.0
26.0
42.0
0.0
16.0
1.0
-29.0
5.0
60.0
67.0
66.0
57.0
24.0
-4.0
0.0
-32.0
-62.0
-56.0
-30.0
-76.0
-81.0
-89.0
-45.0
-49.0
-22.0
6.0
-42.0
-14.0
4.0
11.0
0.0
7.0
-20.0
-16.0
-25.0
-19.0
-15.0
6.0
33.0
42.0
37.0
16.0
-7.0
-15.0
-58.0
-74.0
-100.0
-76.0
-63.0
-42.0
-46.0
-24.0
-19.0
3.0
-2.0
0.0
13.0
8.0
13.0
14.0
18.0
0.0
12.0
16.0
35.0
33.0
-46.0
-5.0
23.0
26.0
22.0
10.0
11.0
-16.0
-17.0
-20.0
-10.0
9.0
38.0
25.0
24.0
-21.0
-23.0
5.0
36.0
-7.0
8.0
-1.0
-25.0
-37.0
-41.0
-31.0
-16.0
-38.0
-14.0
-29.0
-39.0
-13.0
-14.0
26.0
26.0
21.0
40.0
4.0
-2.0
1.0
-42.0
-2.0
-2.0
9.0
10.0
11.0
34.0
42.0
12.0
35.0
19.0
31.0
29.0
-3.0
7.0
30.0
16.0
-7.0
8.0
13.0
22.0
-14.0
-13.0
-30.0
-36.0
-43.0
-32.0
-10.0
3.0
-22.0
-54.0
-21.0
11.0
-26.0
-22.0
-20.0
-4.0
6.0
7.0
18.0
-1.0
-14.0
-10.0
-4.0
-1.0
14.0
-2.0
-4.0
-13.0
14.0
-10.0
-13.0
-19.0
9.0
7.0
5.0
1.0
2.0
-7.0
-27.0
9.0
12.0
-27.0
16.0
17.0
13.0
1.0
1.0
10.0
-28.0
-5.0
-18.0
3.0
-25.0
-21.0
16.0
14.0
25.0
15.0
31.0
22.0
30.0
39.0
-13.0
-12.0
-66.0
-82.0
-101.0
-130.0
-132.0
-80.0
-103.0
-57.0
-60.0
-52.0
-59.0
-34.0
-28.0
-26.0
-2.0
12.0
47.0
36.0
32.0
30.0
57.0
42.0
62.0
93.0
37.0
56.0
77.0
55.0
34.0
33.0
29.0
7.0
51.0
61.0
15.0
-3.0
20.0
13.0
-8.0
-6.0
-3.0
-4.0
12.0
33.0
5.0
0.0
1.0
12.0
-13.0
-15.0
-4.0
38.0
34.0
28.0
27.0
27.0
-3.0
-48.0
-25.0
-23.0
-7.0
-25.0
-24.0
-16.0
-31.0
-48.0
-22.0
-7.0
-38.0
-43.0
-37.0
-49.0
-20.0
2.0
7.0
-11.0
-23.0
-4.0
-26.0
-25.0
-14.0
-44.0
-4.0
-15.0
5.0
11.0
25.0
-13.0
25.0
23.0
0.0
-10.0
-14.0
-6.0
12.0
26.0
4.0
-11.0
-36.0
-30.0
-56.0
-26.0
3.0
-15.0
16.0
-7.0
-6.0
11.0
-23.0
-21.0
-5.0
16.0
-3.0
-22.0
-17.0
-22.0
5.0
-15.0
19.0
20.0
-12.0
6.0
7.0
-31.0
-8.0
7.0
-4.0
-4.0
15.0
6.0
1.0
-9.0
8.0
6.0
6.0
-29.0
-30.0
-26.0
-6.0
-1.0
0.0
-10.0
-3.0
6.0
-1.0
-12.0
-5.0
-19.0
-11.0
-9.0
4.0
16.0
14.0
26.0
33.0
19.0
19.0
3.0
-11.0
-17.0
-14.0
13.0
-2.0
5.0
19.0
-11.0
-10.0
-29.0
-6.0
-5.0
17.0
10.0
7.0
16.0
21.0
27.0
32.0
51.0
61.0
59.0
31.0
-19.0
-40.0
-45.0
-61.0
-64.0
-56.0
-79.0
-56.0
-56.0
-65.0
-15.0
-67.0
6.0
10.0
18.0
6.0
6.0
30.0
34.0
16.0
-11.0
-42.0
-39.0
-17.0
-4.0
-19.0
-40.0
-11.0
-3.0
-8.0
-3.0
-42.0
19.0
17.0
18.0
24.0
25.0
5.0
10.0
-8.0
-5.0
28.0
22.0
16.0
15.0
20.0
-7.0
8.0
15.0
-9.0
-4.0
11.0
-14.0
-1.0
-29.0
-10.0
-13.0
-16.0
-17.0
-3.0
-34.0
-52.0
-52.0
-128.0
-131.0
-167.0
-213.0
-179.0
-179.0
-160.0
-154.0
-109.0
-106.0
-79.0
-32.0
-11.0
39.0
56.0
64.0
55.0
57.0
46.0
100.0
107.0
105.0
139.0
110.0
60.0
64.0
70.0
56.0
44.0
35.0
26.0
12.0
-24.0
-29.0
-10.0
-10.0
6.0
44.0
34.0
-13.0
-51.0
-1.0
22.0
22.0
54.0
46.0
32.0
48.0
36.0
-1.0
2.0
16.0
5.0
14.0
-39.0
-37.0
19.0
24.0
-17.0
-6.0
-31.0
-28.0
-33.0
-45.0
-59.0
-59.0
-57.0
-18.0
-29.0
-38.0
0.0
-8.0
-11.0
12.0
-67.0
-61.0
-35.0
-10.0
9.0
32.0
57.0
60.0
14.0
29.0
7.0
15.0
5.0
3.0
7.0
4.0
17.0
37.0
-4.0
-12.0
-12.0
-19.0
-76.0
-119.0
-135.0
-176.0
-215.0
-215.0
-237.0
-241.0
-206.0
-200.0
-133.0
-52.0
32.0
69.0
106.0
140.0
123.0
92.0
99.0
102.0
72.0
127.0
118.0
102.0
98.0
93.0
57.0
61.0
65.0
70.0
41.0
14.0
43.0
10.0
2.0
20.0
-3.0
0.0
-23.0
-30.0
-9.0
3.0
-39.0
-72.0
-58.0
-56.0
-51.0
-58.0
-42.0
-37.0
-2.0
-16.0
-14.0
-18.0
-9.0
11.0
-8.0
-14.0
-9.0
-11.0
-10.0
2.0
-2.0
4.0
20.0
-14.0
-4.0
-3.0
-6.0
0.0
23.0
-3.0
6.0
11.0
-2.0
11.0
25.0
-4.0
-41.0
-43.0
-44.0
11.0
52.0
41.0
13.0
36.0
33.0
27.0
27.0
27.0
-4.0
-13.0
2.0
-1.0
8.0
53.0
8.0
-23.0
-25.0
-26.0
-38.0
-27.0
-52.0
-47.0
-77.0
-53.0
-37.0
-73.0
-92.0
-103.0
-114.0
-96.0
-90.0
-39.0
-45.0
-61.0
-26.0
1.0
-14.0
-14.0
-21.0
6.0
34.0
44.0
57.0
21.0
39.0
55.0
31.0
38.0
33.0
59.0
38.0
32.0
30.0
19.0
43.0
37.0
1.0
3.0
21.0
-7.0
-17.0
-24.0
-26.0
-27.0
-57.0
-50.0
-50.0
-52.0
-43.0
-32.0
-58.0
-29.0
-42.0
-24.0
3.0
-18.0
-18.0
-12.0
0.0
5.0
-27.0
3.0
0.0
-10.0
12.0
13.0
20.0
15.0
9.0
4.0
30.0
1.0
0.0
-6.0
-9.0
-16.0
4.0
0.0
21.0
16.0
28.0
14.0
-6.0
8.0
29.0
37.0
19.0
29.0
-2.0
21.0
32.0
28.0
30.0
37.0
27.0
27.0
22.0
22.0
21.0
43.0
0.0
-18.0
4.0
7.0
24.0
37.0
1.0
-3.0
-31.0
-30.0
-45.0
-58.0
-48.0
-38.0
-38.0
-22.0
-17.0
-9.0
-13.0
-32.0
4.0
7.0
4.0
10.0
-7.0
-12.0
-20.0
-16.0
-10.0
18.0
11.0
-43.0
-41.0
-86.0
-66.0
-84.0
-70.0
-65.0
-48.0
2.0
-12.0
58.0
41.0
52.0
30.0
-24.0
-18.0
-18.0
-20.0
2.0
-44.0
-59.0
-77.0
-81.0
-90.0
-84.0
-55.0
-52.0
-48.0
-34.0
-36.0
-37.0
-26.0
-12.0
22.0
39.0
35.0
33.0
45.0
30.0
37.0
39.0
38.0
37.0
13.0
11.0
9.0
5.0
-5.0
7.0
16.0
17.0
-4.0
7.0
-15.0
-18.0
-3.0
-7.0
13.0
3.0
13.0
46.0
48.0
26.0
25.0
19.0
-20.0
-13.0
-31.0
-19.0
-22.0
8.0
2.0
-6.0
1.0
8.0
25.0
28.0
6.0
45.0
32.0
46.0
25.0
7.0
11.0
16.0
-22.0
-20.0
-51.0
-53.0
-84.0
-93.0
-93.0
-63.0
-49.0
-13.0
42.0
39.0
58.0
72.0
86.0
85.0
70.0
38.0
48.0
-7.0
-6.0
-5.0
-71.0
-96.0
-80.0
-61.0
-64.0
-49.0
-52.0
-44.0
-14.0
-17.0
-18.0
-9.0
0.0
-26.0
47.0
65.0
70.0
67.0
45.0
41.0
54.0
37.0
10.0
-24.0
-48.0
-42.0
-23.0
-39.0
-32.0
-26.0
-19.0
-17.0
6.0
39.0
-4.0
19.0
72.0
83.0
79.0
72.0
56.0
50.0
27.0
14.0
36.0
30.0
29.0
7.0
-43.0
-44.0
-64.0
-65.0
-87.0
-79.0
-50.0
-27.0
27.0
26.0
30.0
31.0
48.0
60.0
58.0
54.0
39.0
2.0
32.0
5.0
-24.0
-37.0
-33.0
-34.0
-39.0
-20.0
-12.0
-22.0
-28.0
-46.0
-13.0
-15.0
1.0
6.0
15.0
-28.0
-68.0
-84.0
-99.0
-66.0
-1.0
-5.0
33.0
91.0
91.0
135.0
136.0
115.0
80.0
55.0
34.0
33.0
49.0
29.0
-13.0
-33.0
-69.0
-90.0
-56.0
-50.0
-60.0
-58.0
-61.0
-73.0
-82.0
-45.0
-21.0
-48.0
5.0
-7.0
14.0
28.0
4.0
-7.0
1.0
-13.0
-10.0
9.0
7.0
6.0
18.0
7.0
23.0
22.0
54.0
18.0
11.0
29.0
41.0
21.0
29.0
28.0
9.0
-5.0
-27.0
-29.0
-9.0
-35.0
-5.0
-9.0
-5.0
-9.0
-11.0
5.0
18.0
0.0
12.0
10.0
22.0
20.0
40.0
40.0
50.0
48.0
29.0
18.0
-6.0
-16.0
3.0
3.0
-43.0
-45.0
-58.0
-79.0
-106.0
-101.0
-110.0
-109.0
-34.0
16.0
48.0
41.0
82.0
62.0
65.0
92.0
78.0
67.0
53.0
19.0
23.0
28.0
-7.0
-26.0
-11.0
-4.0
-17.0
-11.0
-31.0
-55.0
-27.0
-27.0
-4.0
2.0
1.0
-20.0
-16.0
-10.0
-10.0
1.0
-9.0
-5.0
-9.0
-18.0
2.0
3.0
3.0
-14.0
2.0
2.0
4.0
0.0
2.0
9.0
-10.0
-13.0
-23.0
-27.0
-13.0
20.0
39.0
45.0
59.0
33.0
19.0
24.0
-14.0
-24.0
-25.0
-40.0
-25.0
-33.0
7.0
4.0
1.0
-2.0
15.0
-10.0
10.0
-5.0
-16.0
-14.0
-6.0
-8.0
22.0
-8.0
18.0
3.0
-24.0
-11.0
-19.0
-18.0
-40.0
-33.0
-36.0
-5.0
-16.0
-12.0
-16.0
4.0
4.0
-1.0
-4.0
23.0
4.0
-2.0
-15.0
-23.0
-16.0
-39.0
-30.0
-30.0
-17.0
-9.0
-5.0
-7.0
21.0
-15.0
-31.0
-34.0
-52.0
-55.0
-74.0
-90.0
-80.0
-59.0
-10.0
7.0
43.0
53.0
53.0
61.0
46.0
59.0
65.0
26.0
38.0
57.0
46.0
46.0
12.0
13.0
10.0
0.0
-12.0
21.0
15.0
-5.0
-7.0
-14.0
-13.0
-14.0
-35.0
-14.0
-31.0
-55.0
-89.0
-77.0
-122.0
-108.0
-93.0
-95.0
-15.0
-15.0
-4.0
36.0
13.0
36.0
26.0
21.0
47.0
42.0
18.0
46.0
52.0
43.0
28.0
52.0
25.0
7.0
23.0
27.0
-21.0
-12.0
-45.0
-105.0
-107.0
-84.0
-92.0
-69.0
-51.0
-53.0
-40.0
18.0
47.0
69.0
74.0
70.0
70.0
46.0
38.0
38.0
3.0
-20.0
-8.0
-21.0
-49.0
-36.0
9.0
5.0
-28.0
-24.0
1.0
4.0
3.0
-2.0
-6.0
-3.0
-16.0
-13.0
-40.0
-32.0
-36.0
-26.0
-37.0
-37.0
-42.0
-10.0
-38.0
3.0
-31.0
-29.0
-12.0
21.0
18.0
15.0
31.0
5.0
15.0
19.0
9.0
13.0
15.0
-29.0
-33.0
16.0
-4.0
-2.0
15.0
-7.0
-5.0
-3.0
-6.0
-3.0
-12.0
7.0
4.0
-9.0
9.0
-16.0
-2.0
-1.0
-3.0
16.0
6.0
-8.0
-15.0
-11.0
-16.0
1.0
-13.0
-11.0
0.0
-11.0
16.0
17.0
-8.0
5.0
7.0
-14.0
-1.0
-6.0
-1.0
-31.0
-28.0
-34.0
-1.0
-17.0
-17.0
9.0
17.0
20.0
29.0
10.0
-2.0
-3.0
24.0
7.0
34.0
25.0
17.0
11.0
9.0
16.0
24.0
23.0
20.0
17.0
7.0
-9.0
-19.0
-27.0
-20.0
-55.0
-37.0
-57.0
-75.0
-57.0
-35.0
-6.0
-3.0
-11.0
22.0
-12.0
-9.0
12.0
65.0
42.0
0.0
40.0
11.0
3.0
-27.0
-44.0
-16.0
-16.0
-8.0
0.0
-19.0
6.0
24.0
21.0
13.0
7.0
18.0
30.0
36.0
37.0
10.0
22.0
12.0
12.0
17.0
20.0
29.0
13.0
14.0
14.0
19.0
25.0
9.0
2.0
8.0
-2.0
-8.0
-6.0
22.0
-37.0
-20.0
-41.0
4.0
20.0
1.0
2.0
16.0
28.0
17.0
15.0
1.0
-16.0
-13.0
-13.0
38.0
58.0
42.0
33.0
21.0
1.0
-3.0
-3.0
13.0
7.0
-7.0
-13.0
-46.0
-16.0
-22.0
-41.0
21.0
-12.0
3.0
3.0
3.0
14.0
-7.0
22.0
27.0
25.0
39.0
34.0
34.0
32.0
21.0
-3.0
16.0
30.0
-22.0
-20.0
-26.0
3.0
-19.0
-18.0
-7.0
-29.0
-8.0
-17.0
-42.0
-14.0
19.0
-15.0
2.0
-6.0
0.0
-44.0
-60.0
-51.0
-39.0
-41.0
-33.0
-40.0
-31.0
-28.0
-34.0
-23.0
-38.0
-10.0
-21.0
6.0
10.0
28.0
-11.0
-6.0
14.0
27.0
33.0
21.0
40.0
37.0
-1.0
-21.0
18.0
21.0
4.0
12.0
-1.0
-27.0
13.0
30.0
4.0
-6.0
-14.0
-12.0
-18.0
-17.0
2.0
-9.0
3.0
-3.0
-8.0
-22.0
5.0
-1.0
-27.0
-37.0
-27.0
-25.0
4.0
28.0
15.0
24.0
9.0
7.0
2.0
-2.0
-28.0
-18.0
-15.0
0.0
-14.0
-23.0
-18.0
-16.0
-19.0
-28.0
-50.0
-52.0
-17.0
-61.0
-18.0
-17.0
-21.0
-28.0
7.0
10.0
4.0
4.0
24.0
15.0
25.0
-13.0
-11.0
-11.0
-20.0
-34.0
-10.0
17.0
58.0
39.0
30.0
4.0
-8.0
-2.0
15.0
-10.0
-42.0
-46.0
-66.0
-79.0
-60.0
-37.0
-103.0
-111.0
-53.0
-79.0
-31.0
-12.0
-16.0
-23.0
2.0
6.0
-23.0
-25.0
-11.0
-11.0
15.0
-19.0
-25.0
11.0
-8.0
-84.0
-135.0
-148.0
-159.0
-143.0
-59.0
-12.0
160.0
82.0
-132.0
313.0
313.0
313.0
313.0
313.0
313.0
313.0
313.0
313.0
313.0
313.0
313.0
313.0
313.0
313.0
313.0
313.0
313.0
-49.0
-288.0
-313.0
-313.0
-313.0
-313.0
-313.0
-313.0
-313.0
-313.0
-313.0
-313.0
-313.0
-313.0
-313.0
-313.0
-313.0
-313.0
-313.0
-313.0
-313.0
-313.0
-313.0
-313.0
-313.0
-313.0
-313.0
-313.0
-313.0
-313.0
-313.0
-313.0
-313.0
-313.0
-313.0
-313.0
-313.0
-313.0
-313.0
-280.0
-265.0
-267.0
-249.0
-194.0
-191.0
-177.0
-129.0
-102.0
-102.0
-35.0
-42.0
-21.0
-18.0
-19.0
-21.0
-8.0
-19.0
11.0
28.0
2.0
9.0
-10.0
-11.0
-40.0
-32.0
-55.0
-42.0
-40.0
-81.0
-62.0
-45.0
-49.0
-53.0
-53.0
-55.0
-61.0
-44.0
-56.0
-41.0
-56.0
-40.0
-38.0
-45.0
-34.0
-40.0
-40.0
-4.0
-16.0
-30.0
-7.0
-16.0
-40.0
-18.0
-14.0
-16.0
0.0
-27.0
-31.0
-10.0
-23.0
-4.0
-36.0
-28.0
-31.0
-31.0
-35.0
-12.0
-11.0
-53.0
-20.0
-87.0
-84.0
-73.0
-53.0
-48.0
-46.0
-64.0
-55.0
-54.0
-42.0
-52.0
-58.0
-47.0
-7.0
-7.0
-9.0
-29.0
-2.0
40.0
48.0
42.0
22.0
30.0
50.0
46.0
50.0
54.0
17.0
15.0
15.0
-25.0
-35.0
-28.0
-26.0
-27.0
-30.0
-2.0
-6.0
-1.0
16.0
24.0
13.0
39.0
59.0
69.0
70.0
49.0
40.0
66.0
15.0
28.0
-1.0
-35.0
-46.0
-52.0
-56.0
-52.0
-70.0
-68.0
-59.0
-62.0
-59.0
-18.0
14.0
15.0
-16.0
43.0
83.0
99.0
109.0
94.0
112.0
94.0
66.0
66.0
73.0
84.0
58.0
71.0
67.0
83.0
56.0
38.0
28.0
24.0
-12.0
-9.0
52.0
81.0
78.0
66.0
48.0
40.0
46.0
38.0
53.0
39.0
33.0
22.0
3.0
53.0
38.0
44.0
54.0
47.0
27.0
10.0
-7.0
24.0
17.0
18.0
12.0
32.0
11.0
4.0
-15.0
-7.0
-4.0
-64.0
-102.0
-130.0
-156.0
-147.0
-115.0
-112.0
-145.0
-115.0
-114.0
-93.0
-88.0
-66.0
-30.0
17.0
0.0
-9.0
16.0
57.0
45.0
51.0
76.0
63.0
86.0
53.0
32.0
37.0
65.0
74.0
80.0
68.0
70.0
30.0
-5.0
3.0
3.0
1.0
-42.0
-30.0
-25.0
0.0
-6.0
-14.0
-32.0
-3.0
-10.0
-8.0
25.0
23.0
3.0
17.0
13.0
14.0
17.0
-3.0
1.0
-11.0
7.0
7.0
15.0
-11.0
-42.0
-63.0
-64.0
-88.0
-105.0
-107.0
-123.0
-105.0
-121.0
-109.0
-93.0
-61.0
-42.0
-33.0
-15.0
-9.0
14.0
29.0
37.0
70.0
60.0
40.0
88.0
76.0
65.0
72.0
66.0
76.0
70.0
57.0
22.0
62.0
49.0
37.0
47.0
48.0
61.0
82.0
56.0
60.0
6.0
-29.0
-9.0
-15.0
-32.0
-46.0
-43.0
-39.0
-29.0
-8.0
-32.0
-28.0
-45.0
-23.0
-45.0
-41.0
-9.0
-13.0
-8.0
-19.0
-8.0
-22.0
-5.0
-19.0
2.0
2.0
12.0
-9.0
-11.0
-10.0
-14.0
-13.0
-20.0
-33.0
-29.0
-21.0
-16.0
-20.0
8.0
-22.0
-37.0
-42.0
-9.0
-4.0
28.0
30.0
-24.0
0.0
-29.0
-21.0
-7.0
-42.0
-33.0
-37.0
-13.0
-18.0
-7.0
-24.0
2.0
24.0
20.0
28.0
30.0
48.0
7.0
-2.0
24.0
31.0
50.0
30.0
17.0
19.0
31.0
10.0
-7.0
-8.0
7.0
-33.0
-36.0
-32.0
-5.0
8.0
-6.0
-2.0
2.0
3.0
2.0
-8.0
0.0
-2.0
24.0
61.0
45.0
38.0
2.0
1.0
-2.0
-14.0
-43.0
-19.0
-49.0
-87.0
-100.0
-109.0
-75.0
-73.0
-130.0
-65.0
-91.0
-79.0
-34.0
-12.0
13.0
11.0
-13.0
-9.0
20.0
38.0
13.0
54.0
68.0
85.0
77.0
59.0
47.0
46.0
41.0
24.0
-6.0
13.0
17.0
20.0
33.0
35.0
4.0
-4.0
-29.0
-35.0
-32.0
-50.0
-24.0
-24.0
-20.0
-27.0
-16.0
-22.0
-32.0
-3.0
1.0
1.0
32.0
17.0
23.0
19.0
-1.0
0.0
-25.0
8.0
-14.0
-15.0
-27.0
-24.0
-48.0
-19.0
-2.0
6.0
8.0
19.0
0.0
-12.0
-8.0
-17.0
2.0
6.0
33.0
26.0
13.0
-15.0
34.0
-7.0
2.0
-11.0
-29.0
-14.0
-22.0
-14.0
-59.0
-74.0
-44.0
-63.0
-13.0
-24.0
-4.0
-30.0
-21.0
-14.0
9.0
15.0
14.0
18.0
27.0
23.0
18.0
-2.0
-8.0
-4.0
-11.0
-6.0
5.0
-26.0
-21.0
-4.0
1.0
23.0
2.0
1.0
36.0
7.0
-24.0
-28.0
-35.0
-78.0
-57.0
-99.0
-108.0
-107.0
-61.0
-40.0
-42.0
-40.0
-66.0
-35.0
-20.0
-11.0
-27.0
-24.0
10.0
32.0
43.0
75.0
56.0
31.0
58.0
53.0
36.0
36.0
-7.0
5.0
7.0
18.0
24.0
11.0
5.0
12.0
7.0
6.0
-8.0
-18.0
-13.0
-2.0
-20.0
-12.0
-27.0
-47.0
31.0
36.0
37.0
42.0
-9.0
9.0
17.0
26.0
10.0
26.0
16.0
11.0
4.0
6.0
-10.0
-1.0
0.0
16.0
10.0
-1.0
-11.0
-12.0
-19.0
-49.0
-43.0
-32.0
-31.0
-64.0
-58.0
-37.0
-48.0
-51.0
-69.0
-27.0
-19.0
-4.0
7.0
9.0
4.0
-1.0
2.0
2.0
32.0
54.0
22.0
20.0
23.0
5.0
-12.0
9.0
-4.0
-4.0
-15.0
7.0
29.0
23.0
-1.0
-7.0
-8.0
0.0
-4.0
-2.0
14.0
8.0
16.0
-3.0
8.0
15.0
-3.0
11.0
-1.0
0.0
11.0
2.0
-7.0
-3.0
1.0
1.0
-16.0
1.0
8.0
5.0
-32.0
-9.0
-6.0
2.0
-3.0
37.0
36.0
22.0
4.0
10.0
16.0
11.0
-4.0
-3.0
8.0
-3.0
3.0
-8.0
12.0
11.0
19.0
-30.0
-23.0
-45.0
-29.0
-46.0
27.0
-31.0
-35.0
-35.0
-52.0
-21.0
3.0
-31.0
-19.0
-40.0
-33.0
-25.0
-30.0
-35.0
-18.0
-14.0
-31.0
-48.0
-27.0
-25.0
-50.0
-55.0
-51.0
-54.0
-51.0
-34.0
6.0
-12.0
40.0
18.0
49.0
39.0
45.0
45.0
54.0
51.0
44.0
45.0
28.0
2.0
8.0
-2.0
-1.0
-1.0
-36.0
-31.0
-62.0
-72.0
-73.0
-68.0
-90.0
-69.0
-61.0
-54.0
-29.0
6.0
-4.0
-16.0
-13.0
33.0
30.0
32.0
44.0
44.0
35.0
25.0
22.0
14.0
17.0
33.0
33.0
36.0
16.0
11.0
28.0
17.0
-13.0
-2.0
11.0
-23.0
-18.0
-24.0
-11.0
-9.0
-27.0
-12.0
-6.0
-4.0
-9.0
21.0
17.0
31.0
57.0
49.0
23.0
19.0
26.0
17.0
36.0
12.0
-1.0
22.0
29.0
19.0
6.0
-23.0
-1.0
-47.0
-14.0
-9.0
24.0
6.0
-7.0
-7.0
35.0
7.0
-30.0
-7.0
-4.0
-28.0
-19.0
-3.0
5.0
2.0
-2.0
-12.0
-26.0
-13.0
6.0
-3.0
6.0
7.0
-10.0
-6.0
-7.0
-1.0
8.0
-5.0
-15.0
-27.0
-93.0
-91.0
-95.0
-90.0
-88.0
-72.0
-70.0
-62.0
-41.0
-11.0
-10.0
-12.0
-66.0
-66.0
9.0
35.0
35.0
54.0
42.0
67.0
57.0
31.0
14.0
2.0
5.0
23.0
17.0
4.0
-33.0
-14.0
21.0
15.0
2.0
-6.0
-17.0
-27.0
-39.0
-63.0
-59.0
-50.0
-53.0
-42.0
-13.0
-9.0
-38.0
-48.0
-37.0
-33.0
-39.0
-23.0
-29.0
-11.0
14.0
11.0
29.0
53.0
56.0
57.0
69.0
20.0
39.0
36.0
18.0
19.0
38.0
61.0
63.0
20.0
-28.0
-37.0
-70.0
-69.0
-77.0
-81.0
-89.0
-67.0
-56.0
-25.0
-3.0
-15.0
-4.0
0.0
10.0
17.0
15.0
24.0
25.0
-5.0
5.0
46.0
48.0
54.0
48.0
44.0
43.0
64.0
17.0
11.0
15.0
-7.0
10.0
-8.0
6.0
7.0
0.0
10.0
9.0
8.0
-13.0
-8.0
55.0
27.0
11.0
6.0
-10.0
-18.0
29.0
-2.0
16.0
9.0
16.0
-6.0
-46.0
-44.0
-22.0
12.0
8.0
2.0
-34.0
3.0
-36.0
-9.0
-24.0
-30.0
-37.0
-18.0
-19.0
-76.0
-59.0
-44.0
-42.0
-68.0
-36.0
-33.0
36.0
9.0
11.0
21.0
3.0
3.0
-9.0
12.0
11.0
13.0
20.0
19.0
-6.0
9.0
27.0
18.0
17.0
16.0
8.0
12.0
19.0
-17.0
-22.0
2.0
-9.0
13.0
0.0
-16.0
-22.0
-29.0
-18.0
-10.0
7.0
-32.0
-9.0
-9.0
-44.0
-52.0
-60.0
-59.0
-52.0
-49.0
-42.0
-23.0
-2.0
27.0
28.0
23.0
32.0
33.0
28.0
23.0
25.0
17.0
16.0
7.0
2.0
5.0
-9.0
-6.0
-6.0
2.0
30.0
12.0
0.0
-3.0
-40.0
-13.0
-4.0
-4.0
0.0
-26.0
-29.0
-33.0
-35.0
-54.0
-61.0
-56.0
-55.0
-49.0
-29.0
-58.0
-32.0
-10.0
-13.0
7.0
-1.0
24.0
29.0
33.0
30.0
11.0
31.0
54.0
54.0
53.0
-7.0
-10.0
15.0
13.0
10.0
6.0
0.0
28.0
8.0
-7.0
12.0
22.0
2.0
0.0
13.0
9.0
-5.0
0.0
-5.0
-16.0
-1.0
16.0
-6.0
-5.0
-3.0
-13.0
-26.0
-1.0
-11.0
-4.0
-20.0
35.0
30.0
25.0
-4.0
10.0
-23.0
-26.0
-21.0
-1.0
-15.0
-14.0
-40.0
-45.0
-34.0
-3.0
-19.0
-32.0
4.0
9.0
29.0
18.0
22.0
28.0
10.0
-18.0
-17.0
-11.0
0.0
-8.0
-14.0
11.0
-11.0
-11.0
-32.0
-11.0
-49.0
-8.0
-10.0
-24.0
-8.0
-28.0
-1.0
1.0
-9.0
-6.0
-10.0
-20.0
-45.0
-30.0
-32.0
-26.0
-15.0
-14.0
-15.0
-49.0
-29.0
-14.0
5.0
21.0
17.0
30.0
9.0
9.0
16.0
21.0
32.0
41.0
44.0
41.0
-48.0
-31.0
6.0
2.0
-3.0
-6.0
-21.0
-10.0
-3.0
4.0
-27.0
10.0
-39.0
-39.0
9.0
-70.0
-6.0
-9.0
-13.0
42.0
58.0
54.0
39.0
40.0
-16.0
-45.0
31.0
24.0
22.0
-19.0
-24.0
2.0
-15.0
-20.0
3.0
-5.0
-18.0
6.0
-13.0
-19.0
-6.0
-32.0
-17.0
-20.0
-19.0
-16.0
-17.0
-10.0
22.0
9.0
22.0
7.0
13.0
8.0
19.0
22.0
-2.0
3.0
-2.0
-18.0
-36.0
-25.0
-24.0
-21.0
-11.0
-4.0
17.0
-22.0
-23.0
-20.0
3.0
24.0
-17.0
-20.0
-9.0
-13.0
-12.0
15.0
11.0
-18.0
-23.0
-21.0
-19.0
-25.0
24.0
9.0
-30.0
-63.0
-24.0
-22.0
-2.0
-21.0
16.0
15.0
32.0
31.0
35.0
0.0
-20.0
-12.0
12.0
18.0
22.0
20.0
13.0
14.0
7.0
28.0
5.0
-5.0
-22.0
-21.0
-16.0
-12.0
3.0
-22.0
-14.0
-5.0
0.0
23.0
3.0
-16.0
-30.0
-28.0
12.0
-8.0
-13.0
-69.0
-29.0
-46.0
-40.0
-43.0
-42.0
-44.0
-7.0
-19.0
-31.0
-19.0
-17.0
19.0
16.0
2.0
4.0
7.0
5.0
31.0
16.0
-18.0
-33.0
-42.0
-48.0
-31.0
-36.0
-33.0
-58.0
-59.0
-65.0
-48.0
-13.0
-27.0
-19.0
10.0
23.0
26.0
11.0
22.0
22.0
74.0
42.0
61.0
41.0
38.0
23.0
21.0
57.0
6.0
-12.0
29.0
0.0
-4.0
3.0
-22.0
-44.0
-46.0
-9.0
-23.0
-12.0
-2.0
-20.0
-24.0
16.0
1.0
0.0
0.0
8.0
8.0
29.0
57.0
19.0
-8.0
32.0
27.0
18.0
16.0
2.0
-24.0
-4.0
-6.0
-30.0
-62.0
-40.0
-83.0
-47.0
-41.0
-69.0
-120.0
-129.0
-56.0
-78.0
-65.0
-21.0
-25.0
13.0
18.0
38.0
18.0
50.0
50.0
52.0
94.0
49.0
58.0
51.0
50.0
74.0
32.0
52.0
39.0
45.0
24.0
23.0
2.0
-26.0
-21.0
-71.0
-12.0
-21.0
-1.0
-8.0
-17.0
-12.0
-36.0
-27.0
-24.0
-24.0
-14.0
-10.0
20.0
3.0
-5.0
-17.0
-19.0
-10.0
-13.0
1.0
5.0
-1.0
-18.0
-35.0
-25.0
-6.0
-29.0
-109.0
-110.0
-63.0
-47.0
-53.0
-54.0
-17.0
-8.0
8.0
-4.0
17.0
20.0
39.0
61.0
63.0
57.0
32.0
35.0
49.0
32.0
42.0
43.0
36.0
21.0
6.0
12.0
11.0
5.0
-11.0
-33.0
-11.0
-6.0
-8.0
-16.0
-22.0
-20.0
-15.0
-35.0
4.0
50.0
22.0
20.0
-5.0
8.0
-7.0
28.0
8.0
15.0
17.0
-17.0
7.0
11.0
-1.0
-10.0
-16.0
-10.0
-1.0
-20.0
-20.0
-5.0
2.0
8.0
-16.0
-19.0
-16.0
-18.0
-36.0
-16.0
-27.0
-47.0
-12.0
-9.0
5.0
-4.0
13.0
-19.0
10.0
14.0
-10.0
-10.0
-24.0
-24.0
-15.0
6.0
25.0
-1.0
7.0
-6.0
-10.0
-8.0
-9.0
-14.0
3.0
-22.0
-28.0
-56.0
-55.0
-77.0
-50.0
-60.0
-34.0
-39.0
-43.0
-35.0
-53.0
-8.0
-6.0
5.0
18.0
-2.0
-73.0
-73.0
-53.0
2.0
1.0
38.0
42.0
40.0
39.0
35.0
-7.0
-7.0
42.0
16.0
20.0
26.0
35.0
28.0
-16.0
-28.0
-64.0
-62.0
-89.0
-87.0
-81.0
-77.0
-106.0
-89.0
-82.0
-107.0
-76.0
-73.0
-48.0
-31.0
-31.0
1.0
53.0
65.0
105.0
86.0
50.0
55.0
111.0
88.0
95.0
90.0
71.0
43.0
42.0
55.0
56.0
54.0
-2.0
-32.0
-34.0
2.0
-40.0
-22.0
-40.0
-85.0
-90.0
-88.0
-39.0
-21.0
-19.0
-6.0
16.0
-3.0
-14.0
12.0
24.0
23.0
40.0
36.0
37.0
31.0
18.0
-12.0
-65.0
-62.0
-21.0
-25.0
-19.0
-28.0
-49.0
-1.0
-33.0
-94.0
-45.0
-46.0
-17.0
-18.0
-32.0
-80.0
21.0
59.0
44.0
34.0
-70.0
-67.0
-19.0
-21.0
-40.0
9.0
-56.0
-97.0
-122.0
-141.0
-97.0
-55.0
-34.0
-37.0
-15.0
-19.0
38.0
69.0
57.0
89.0
99.0
64.0
85.0
84.0
118.0
95.0
104.0
73.0
9.0
0.0
22.0
18.0
15.0
14.0
-6.0
-5.0
-12.0
-26.0
11.0
-20.0
-27.0
-25.0
-22.0
-17.0
-17.0
-2.0
-14.0
19.0
-7.0
-1.0
10.0
8.0
-9.0
-13.0
18.0
18.0
15.0
51.0
23.0
7.0
-28.0
-24.0
0.0
1.0
-4.0
16.0
-1.0
-25.0
-52.0
-66.0
-77.0
-80.0
-56.0
-61.0
-76.0
-49.0
-36.0
-47.0
-50.0
-43.0
16.0
-12.0
55.0
46.0
71.0
74.0
37.0
70.0
48.0
21.0
13.0
21.0
21.0
14.0
-9.0
20.0
26.0
31.0
-42.0
-48.0
-36.0
-54.0
-34.0
-39.0
-18.0
2.0
-5.0
9.0
-4.0
9.0
4.0
5.0
26.0
14.0
6.0
33.0
24.0
0.0
18.0
40.0
37.0
-48.0
39.0
39.0
18.0
16.0
13.0
26.0
27.0
25.0
-9.0
-6.0
-20.0
-19.0
-44.0
-18.0
-31.0
-2.0
-12.0
-4.0
-5.0
-12.0
-36.0
-33.0
-30.0
-27.0
2.0
-7.0
-1.0
-7.0
-24.0
-17.0
-30.0
-27.0
-17.0
27.0
14.0
-9.0
38.0
-2.0
21.0
49.0
30.0
31.0
0.0
-16.0
4.0
11.0
4.0
-15.0
-30.0
3.0
5.0
-2.0
-34.0
-13.0
-2.0
-4.0
15.0
-5.0
-1.0
-22.0
-33.0
-31.0
-57.0
-45.0
-33.0
-43.0
-28.0
-32.0
-34.0
-39.0
-52.0
-53.0
-38.0
-1.0
14.0
10.0
30.0
51.0
17.0
-1.0
12.0
14.0
15.0
20.0
-13.0
-41.0
-53.0
-34.0
-15.0
-4.0
-7.0
-14.0
-10.0
23.0
32.0
36.0
31.0
33.0
36.0
23.0
23.0
19.0
20.0
3.0
28.0
-47.0
0.0
-1.0
-1.0
13.0
8.0
7.0
20.0
3.0
-9.0
22.0
-1.0
17.0
-5.0
-23.0
-4.0
1.0
2.0
14.0
13.0
-7.0
-23.0
-13.0
-16.0
-16.0
-6.0
-26.0
14.0
-28.0
5.0
-19.0
-45.0
-41.0
-62.0
-52.0
-37.0
-37.0
-24.0
-37.0
-12.0
-11.0
-13.0
19.0
4.0
-9.0
0.0
1.0
33.0
-2.0
-33.0
-17.0
-38.0
6.0
7.0
-4.0
-8.0
-2.0
10.0
12.0
-10.0
11.0
5.0
29.0
41.0
5.0
29.0
23.0
28.0
0.0
20.0
14.0
-15.0
-17.0
0.0
4.0
11.0
-3.0
-16.0
0.0
-51.0
-51.0
-67.0
-44.0
-38.0
-22.0
-8.0
1.0
-22.0
-39.0
-52.0
-45.0
-17.0
-24.0
13.0
-9.0
-18.0
-16.0
15.0
6.0
0.0
18.0
16.0
35.0
44.0
3.0
18.0
18.0
43.0
38.0
27.0
11.0
10.0
-6.0
-5.0
6.0
-3.0
-3.0
-35.0
-13.0
-2.0
-28.0
-20.0
-19.0
-4.0
-51.0
-11.0
-7.0
5.0
10.0
11.0
-13.0
-5.0
-16.0
-50.0
-75.0
-103.0
-98.0
-125.0
-116.0
-132.0
-110.0
-85.0
-49.0
-77.0
-36.0
4.0
0.0
6.0
1.0
19.0
-12.0
8.0
11.0
-23.0
28.0
29.0
25.0
39.0
52.0
41.0
8.0
0.0
30.0
17.0
39.0
54.0
53.0
61.0
69.0
99.0
78.0
66.0
42.0
27.0
50.0
11.0
9.0
29.0
15.0
-6.0
2.0
10.0
-18.0
8.0
5.0
11.0
5.0
-15.0
4.0
-26.0
-64.0
-64.0
-87.0
-85.0
-82.0
-75.0
-77.0
-40.0
-57.0
-46.0
-3.0
8.0
7.0
-3.0
11.0
0.0
2.0
49.0
59.0
77.0
49.0
26.0
47.0
32.0
-2.0
10.0
11.0
27.0
13.0
17.0
11.0
-12.0
-42.0
-65.0
-75.0
-53.0
-54.0
-47.0
-86.0
-35.0
-46.0
-10.0
0.0
0.0
-22.0
26.0
20.0
33.0
74.0
59.0
59.0
26.0
-1.0
10.0
26.0
7.0
5.0
-33.0
-53.0
-58.0
-106.0
-106.0
-75.0
-94.0
-50.0
-12.0
-11.0
9.0
-20.0
-6.0
49.0
53.0
73.0
68.0
24.0
43.0
43.0
47.0
34.0
41.0
35.0
47.0
61.0
31.0
40.0
24.0
25.0
-1.0
19.0
22.0
-38.0
-25.0
3.0
-34.0
-9.0
13.0
15.0
10.0
11.0
9.0
3.0
-23.0
-33.0
-46.0
-34.0
-15.0
-14.0
-16.0
-64.0
-18.0
-3.0
-8.0
-46.0
-47.0
-59.0
-57.0
-54.0
-35.0
-41.0
-76.0
-20.0
-42.0
8.0
20.0
52.0
101.0
102.0
83.0
53.0
-9.0
1.0
-54.0
47.0
71.0
25.0
35.0
33.0
14.0
0.0
5.0
6.0
-32.0
-66.0
-90.0
-100.0
-118.0
-118.0
-144.0
-135.0
-102.0
-67.0
-29.0
-46.0
12.0
39.0
43.0
44.0
55.0
41.0
76.0
98.0
39.0
43.0
25.0
59.0
67.0
65.0
57.0
-2.0
-31.0
-62.0
-93.0
-81.0
-70.0
-77.0
-58.0
-53.0
-68.0
-27.0
-79.0
-16.0
18.0
59.0
27.0
39.0
3.0
3.0
5.0
42.0
39.0
55.0
20.0
75.0
81.0
43.0
38.0
40.0
33.0
75.0
42.0
30.0
25.0
-25.0
-71.0
-95.0
-133.0
-132.0
-121.0
-131.0
-81.0
-51.0
-31.0
-1.0
-4.0
-6.0
6.0
9.0
-5.0
13.0
3.0
-30.0
11.0
13.0
10.0
17.0
44.0
43.0
23.0
42.0
31.0
55.0
32.0
49.0
46.0
62.0
34.0
34.0
34.0
19.0
-13.0
-14.0
9.0
-1.0
-8.0
11.0
-32.0
-24.0
-15.0
-16.0
-44.0
-48.0
-29.0
-17.0
-2.0
-35.0
-21.0
-24.0
-10.0
-1.0
1.0
23.0
19.0
-5.0
-3.0
4.0
-26.0
-24.0
-29.0
-39.0
-50.0
-66.0
-59.0
-28.0
-36.0
-6.0
-14.0
-5.0
-17.0
42.0
42.0
40.0
35.0
4.0
72.0
28.0
38.0
44.0
37.0
61.0
-18.0
-44.0
-91.0
-109.0
-86.0
-84.0
-81.0
-81.0
-50.0
-44.0
-19.0
-1.0
1.0
26.0
54.0
52.0
70.0
59.0
61.0
22.0
35.0
51.0
51.0
10.0
-21.0
-1.0
-12.0
-10.0
-7.0
55.0
4.0
-36.0
12.0
-5.0
-20.0
-42.0
-26.0
-20.0
7.0
8.0
-8.0
-90.0
-29.0
-4.0
18.0
1.0
8.0
22.0
31.0
2.0
9.0
6.0
-23.0
-60.0
-34.0
-98.0
-111.0
-114.0
-117.0
-110.0
-95.0
-60.0
-57.0
-33.0
-51.0
48.0
64.0
67.0
69.0
87.0
76.0
65.0
96.0
55.0
63.0
55.0
-43.0
-46.0
48.0
105.0
109.0
41.0
13.0
-70.0
-40.0
-63.0
-65.0
-67.0
-80.0
-126.0
-44.0
9.0
58.0
22.0
15.0
39.0
53.0
46.0
48.0
26.0
38.0
21.0
4.0
39.0
38.0
34.0
-12.0
-1.0
12.0
-13.0
27.0
10.0
8.0
5.0
18.0
12.0
-30.0
-32.0
-31.0
-38.0
-73.0
-53.0
-41.0
-54.0
-68.0
-61.0
-55.0
-58.0
-58.0
-37.0
-56.0
-86.0
-57.0
-33.0
1.0
7.0
39.0
37.0
29.0
29.0
7.0
3.0
-9.0
-14.0
31.0
35.0
11.0
9.0
37.0
24.0
44.0
33.0
47.0
57.0
42.0
16.0
-4.0
-8.0
-6.0
37.0
-2.0
-27.0
-35.0
-38.0
-65.0
-49.0
-38.0
-33.0
-20.0
-66.0
-2.0
-13.0
27.0
24.0
18.0
7.0
-4.0
-8.0
3.0
4.0
-39.0
-112.0
-129.0
-107.0
-142.0
-106.0
-69.0
-68.0
-37.0
31.0
24.0
34.0
51.0
87.0
79.0
75.0
42.0
40.0
58.0
48.0
37.0
66.0
43.0
58.0
49.0
30.0
24.0
22.0
6.0
22.0
-3.0
-16.0
10.0
19.0
-5.0
-23.0
-14.0
-12.0
-33.0
-50.0
-80.0
-129.0
-106.0
-105.0
-91.0
-92.0
-39.0
-32.0
-14.0
30.0
15.0
25.0
18.0
7.0
31.0
40.0
64.0
61.0
76.0
59.0
65.0
37.0
1.0
-9.0
16.0
4.0
-7.0
-18.0
-46.0
-46.0
-18.0
-17.0
-26.0
-11.0
-49.0
-33.0
-7.0
-10.0
-32.0
-45.0
-16.0
-33.0
-44.0
-31.0
-1.0
-16.0
28.0
28.0
29.0
14.0
35.0
24.0
-12.0
-13.0
-63.0
-6.0
3.0
5.0
62.0
-17.0
20.0
2.0
48.0
42.0
28.0
44.0
53.0
55.0
37.0
12.0
2.0
-35.0
-24.0
2.0
2.0
-2.0
-22.0
-19.0
-83.0
-70.0
-53.0
-15.0
-7.0
17.0
43.0
19.0
21.0
17.0
23.0
26.0
-12.0
5.0
4.0
-11.0
-18.0
-12.0
12.0
12.0
-13.0
17.0
33.0
30.0
16.0
1.0
-12.0
-17.0
-37.0
-35.0
-98.0
-87.0
-82.0
-87.0
-66.0
-60.0
-54.0
-9.0
-11.0
-6.0
15.0
46.0
34.0
37.0
35.0
50.0
40.0
49.0
25.0
29.0
-4.0
-1.0
-5.0
-13.0
-10.0
-2.0
11.0
9.0
6.0
5.0
11.0
9.0
-15.0
4.0
-27.0
-15.0
14.0
47.0
-2.0
-3.0
-33.0
-15.0
-28.0
-5.0
-32.0
-56.0
-16.0
-23.0
5.0
3.0
-24.0
-37.0
-47.0
-22.0
11.0
20.0
38.0
41.0
11.0
8.0
26.0
-11.0
-26.0
12.0
-2.0
-12.0
-2.0
-18.0
-39.0
-30.0
0.0
-5.0
20.0
7.0
7.0
13.0
17.0
22.0
6.0
4.0
10.0
18.0
17.0
9.0
26.0
-10.0
26.0
-5.0
59.0
63.0
-17.0
-8.0
15.0
-31.0
-12.0
-20.0
-29.0
-16.0
-18.0
-16.0
-23.0
24.0
20.0
43.0
16.0
-21.0
5.0
-45.0
-57.0
-50.0
-28.0
11.0
7.0
0.0
2.0
-4.0
-4.0
4.0
-9.0
-4.0
24.0
4.0
-12.0
-9.0
-5.0
-17.0
-15.0
-9.0
-75.0
-74.0
-94.0
-93.0
-81.0
-102.0
-37.0
-30.0
-28.0
0.0
10.0
5.0
15.0
-24.0
-62.0
-16.0
-32.0
-18.0
-59.0
-90.0
-62.0
-61.0
-67.0
-27.0
-14.0
5.0
21.0
31.0
46.0
65.0
89.0
94.0
96.0
98.0
112.0
84.0
105.0
81.0
98.0
83.0
73.0
71.0
35.0
4.0
-25.0
-42.0
1.0
-28.0
-53.0
-39.0
-37.0
-38.0
-27.0
-8.0
-35.0
-38.0
-13.0
3.0
-9.0
-9.0
-15.0
-18.0
4.0
-2.0
9.0
-5.0
-3.0
5.0
22.0
26.0
11.0
7.0
-25.0
3.0
-11.0
34.0
34.0
29.0
-7.0
-23.0
-27.0
-28.0
4.0
-33.0
-48.0
-69.0
-50.0
-57.0
-42.0
-72.0
-50.0
-56.0
-53.0
-29.0
-23.0
-37.0
-15.0
5.0
30.0
52.0
48.0
46.0
49.0
22.0
14.0
-94.0
-85.0
-129.0
-108.0
-127.0
-70.0
-69.0
-59.0
-4.0
-20.0
-27.0
15.0
53.0
39.0
50.0
38.0
28.0
-36.0
-28.0
-37.0
-31.0
-7.0
39.0
37.0
32.0
37.0
32.0
53.0
77.0
87.0
86.0
101.0
106.0
81.0
57.0
19.0
29.0
26.0
18.0
17.0
29.0
-2.0
-19.0
-59.0
-52.0
-61.0
-66.0
-105.0
-111.0
-102.0
-117.0
-92.0
-82.0
-36.0
-44.0
-20.0
-20.0
-9.0
-7.0
3.0
-13.0
-43.0
-28.0
0.0
14.0
-3.0
-8.0
18.0
24.0
62.0
37.0
53.0
56.0
49.0
18.0
44.0
45.0
54.0
49.0
30.0
35.0
38.0
14.0
20.0
-8.0
32.0
32.0
25.0
-12.0
-8.0
-29.0
-21.0
-9.0
47.0
-22.0
4.0
7.0
18.0
12.0
22.0
29.0
16.0
-24.0
-20.0
-16.0
-14.0
-23.0
-17.0
-24.0
-5.0
-13.0
-7.0
-24.0
-22.0
-13.0
-23.0
-25.0
-62.0
-13.0
-43.0
-30.0
-15.0
46.0
24.0
26.0
-1.0
-2.0
9.0
-23.0
30.0
31.0
20.0
13.0
32.0
24.0
26.0
25.0
20.0
5.0
-18.0
1.0
-11.0
-31.0
-38.0
-46.0
-21.0
-18.0
-10.0
-4.0
16.0
-21.0
5.0
12.0
19.0
11.0
-14.0
-17.0
-6.0
-11.0
-28.0
-24.0
-20.0
-29.0
-34.0
-9.0
16.0
17.0
-5.0
23.0
16.0
27.0
-4.0
7.0
-1.0
-11.0
15.0
13.0
-23.0
23.0
4.0
-21.0
-12.0
-15.0
21.0
11.0
-1.0
2.0
-2.0
10.0
-3.0
17.0
-3.0
-29.0
-39.0
7.0
15.0
21.0
3.0
-21.0
-2.0
-23.0
-31.0
-24.0
-42.0
29.0
7.0
12.0
6.0
0.0
3.0
18.0
-12.0
15.0
-41.0
9.0
-28.0
-33.0
5.0
-3.0
32.0
17.0
4.0
1.0
-14.0
-15.0
-4.0
-5.0
-30.0
-50.0
-54.0
-34.0
-45.0
-17.0
-3.0
-12.0
2.0
-2.0
-28.0
-20.0
-14.0
-12.0
-20.0
-18.0
-60.0
-85.0
-95.0
-91.0
-75.0
-69.0
-73.0
-81.0
-49.0
-29.0
3.0
20.0
-3.0
3.0
23.0
36.0
58.0
74.0
80.0
69.0
48.0
41.0
59.0
55.0
-42.0
22.0
54.0
61.0
98.0
71.0
-9.0
18.0
-17.0
-18.0
-37.0
-5.0
-34.0
-67.0
-35.0
-65.0
-107.0
-130.0
-125.0
-123.0
-111.0
-129.0
-84.0
-79.0
-51.0
-82.0
-28.0
-7.0
2.0
-6.0
-27.0
-8.0
-34.0
44.0
66.0
76.0
114.0
95.0
72.0
74.0
42.0
18.0
61.0
111.0
35.0
16.0
49.0
81.0
68.0
68.0
46.0
31.0
-7.0
5.0
14.0
-28.0
20.0
-26.0
-24.0
-28.0
-97.0
-90.0
-113.0
-114.0
-110.0
-81.0
-13.0
-17.0
-35.0
-31.0
-50.0
6.0
39.0
21.0
81.0
106.0
76.0
38.0
27.0
25.0
11.0
-50.0
5.0
-34.0
-43.0
-44.0
2.0
-16.0
6.0
0.0
2.0
13.0
26.0
112.0
57.0
58.0
50.0
14.0
14.0
15.0
-2.0
-9.0
4.0
16.0
28.0
-12.0
-13.0
-12.0
-25.0
-21.0
-33.0
-45.0
-26.0
10.0
-5.0
-50.0
-48.0
-45.0
-96.0
-94.0
-94.0
-77.0
-53.0
-79.0
-35.0
9.0
35.0
6.0
57.0
66.0
2.0
38.0
50.0
69.0
70.0
50.0
2.0
26.0
35.0
37.0
26.0
10.0
9.0
18.0
15.0
-4.0
43.0
-45.0
-30.0
-33.0
-30.0
5.0
-42.0
-33.0
-18.0
-36.0
-16.0
-18.0
-16.0
-20.0
4.0
-5.0
-1.0
-5.0
-13.0
-59.0
-64.0
-79.0
-88.0
-89.0
-103.0
-77.0
-61.0
-36.0
-41.0
10.0
-2.0
-6.0
-17.0
-13.0
-22.0
-32.0
2.0
22.0
57.0
39.0
62.0
71.0
77.0
82.0
32.0
56.0
38.0
46.0
38.0
59.0
33.0
49.0
51.0
55.0
34.0
-49.0
-47.0
-18.0
-56.0
-64.0
-63.0
-62.0
-106.0
-102.0
-44.0
-46.0
-36.0
-10.0
-1.0
28.0
2.0
-16.0
11.0
9.0
29.0
45.0
-1.0
7.0
77.0
18.0
-2.0
-70.0
-55.0
-60.0
-11.0
-51.0
-34.0
-32.0
-31.0
0.0
-13.0
-1.0
-12.0
-18.0
-35.0
18.0
53.0
38.0
2.0
31.0
35.0
20.0
41.0
44.0
14.0
23.0
22.0
15.0
10.0
8.0
-24.0
-5.0
-27.0
-29.0
-58.0
-72.0
-58.0
-62.0
-75.0
-64.0
-81.0
-79.0
-18.0
-13.0
3.0
44.0
39.0
53.0
42.0
77.0
53.0
43.0
29.0
27.0
20.0
27.0
14.0
3.0
3.0
-18.0
-1.0
1.0
36.0
23.0
21.0
-10.0
-29.0
-16.0
-16.0
0.0
37.0
9.0
-43.0
-47.0
-14.0
-44.0
-22.0
-46.0
-47.0
-54.0
-67.0
-35.0
-45.0
-46.0
-67.0
-47.0
-110.0
-140.0
-45.0
-40.0
-20.0
4.0
63.0
57.0
29.0
15.0
34.0
71.0
100.0
86.0
98.0
80.0
48.0
48.0
28.0
46.0
19.0
32.0
2.0
-17.0
-9.0
-38.0
-69.0
-70.0
-87.0
-97.0
-109.0
-90.0
-84.0
-91.0
-59.0
-35.0
4.0
5.0
19.0
45.0
52.0
58.0
72.0
85.0
62.0
65.0
61.0
59.0
62.0
30.0
29.0
21.0
-28.0
-55.0
-18.0
-10.0
0.0
0.0
49.0
-9.0
-31.0
-9.0
22.0
24.0
29.0
1.0
-40.0
-46.0
-11.0
-92.0
-27.0
26.0
-19.0
-24.0
-55.0
-3.0
-12.0
-13.0
-9.0
-76.0
-78.0
-57.0
-75.0
-35.0
6.0
-3.0
-5.0
0.0
11.0
20.0
55.0
56.0
43.0
71.0
55.0
51.0
36.0
37.0
13.0
57.0
20.0
24.0
1.0
-15.0
-9.0
-23.0
-44.0
-43.0
-31.0
-61.0
-46.0
-13.0
-38.0
-15.0
-27.0
1.0
14.0
20.0
-1.0
-44.0
-82.0
-62.0
-63.0
-67.0
-59.0
-12.0
-19.0
-15.0
5.0
33.0
29.0
57.0
105.0
69.0
55.0
67.0
87.0
85.0
58.0
17.0
15.0
-6.0
-13.0
15.0
-13.0
-9.0
24.0
22.0
13.0
18.0
29.0
43.0
16.0
12.0
6.0
-37.0
-79.0
-75.0
-39.0
-96.0
-109.0
-77.0
-95.0
-121.0
-126.0
-61.0
-15.0
-19.0
-34.0
30.0
68.0
65.0
65.0
72.0
52.0
70.0
46.0
42.0
28.0
67.0
52.0
25.0
16.0
8.0
31.0
-40.0
-75.0
-73.0
-101.0
-118.0
-140.0
-132.0
-78.0
-59.0
-38.0
-14.0
8.0
17.0
22.0
2.0
-3.0
9.0
52.0
53.0
45.0
50.0
42.0
45.0
76.0
26.0
22.0
64.0
-21.0
14.0
-13.0
-35.0
-39.0
-35.0
-11.0
-15.0
-30.0
17.0
10.0
-24.0
-13.0
-25.0
-38.0
-38.0
18.0
34.0
27.0
39.0
30.0
20.0
8.0
13.0
22.0
14.0
12.0
12.0
11.0
-33.0
-46.0
-79.0
-79.0
-81.0
-123.0
-118.0
-149.0
-117.0
-77.0
-48.0
1.0
4.0
27.0
63.0
47.0
49.0
41.0
21.0
62.0
92.0
70.0
51.0
-10.0
45.0
15.0
20.0
3.0
41.0
14.0
3.0
2.0
-20.0
-6.0
-33.0
-12.0
-13.0
-7.0
-17.0
-54.0
-105.0
-113.0
-116.0
-119.0
-67.0
-69.0
-66.0
-26.0
-22.0
-7.0
-27.0
31.0
-1.0
-3.0
11.0
30.0
37.0
58.0
112.0
83.0
55.0
38.0
26.0
9.0
1.0
0.0
2.0
4.0
-20.0
-36.0
-36.0
-31.0
-27.0
-7.0
-44.0
-31.0
-35.0
-12.0
9.0
6.0
31.0
27.0
14.0
7.0
11.0
-15.0
-9.0
-21.0
-12.0
15.0
26.0
-4.0
-42.0
-5.0
55.0
70.0
68.0
-11.0
-72.0
-88.0
-101.0
-63.0
-54.0
-75.0
-52.0
-22.0
-18.0
24.0
29.0
42.0
44.0
24.0
2.0
0.0
22.0
0.0
-1.0
22.0
64.0
42.0
-18.0
-32.0
76.0
76.0
41.0
60.0
58.0
23.0
-7.0
-37.0
-20.0
-16.0
-10.0
29.0
29.0
1.0
2.0
11.0
-14.0
-19.0
-9.0
-13.0
0.0
-44.0
-28.0
-26.0
-25.0
-32.0
-16.0
-69.0
-125.0
25.0
11.0
79.0
-21.0
-52.0
-53.0
-37.0
-53.0
-14.0
-17.0
-7.0
10.0
-18.0
-1.0
24.0
24.0
63.0
-6.0
8.0
22.0
45.0
39.0
25.0
44.0
-20.0
-19.0
5.0
-58.0
17.0
38.0
-20.0
5.0
-26.0
-52.0
-74.0
-76.0
-109.0
-102.0
-59.0
-51.0
-64.0
-94.0
39.0
1.0
6.0
14.0
64.0
40.0
51.0
55.0
97.0
89.0
120.0
65.0
6.0
3.0
-28.0
6.0
1.0
-58.0
-62.0
-112.0
-85.0
-84.0
-74.0
-74.0
-39.0
-3.0
10.0
17.0
5.0
3.0
15.0
-68.0
-149.0
-142.0
-7.0
99.0
147.0
58.0
67.0
85.0
70.0
52.0
22.0
18.0
11.0
-7.0
34.0
26.0
-16.0
-46.0
-96.0
-141.0
-103.0
-102.0
-61.0
-80.0
-73.0
-24.0
11.0
26.0
19.0
25.0
31.0
30.0
29.0
53.0
-12.0
22.0
56.0
23.0
-20.0
-24.0
-52.0
-48.0
-59.0
-49.0
-53.0
2.0
34.0
21.0
12.0
39.0
42.0
43.0
21.0
19.0
-23.0
-56.0
-32.0
-39.0
-15.0
-20.0
-64.0
-66.0
-28.0
-28.0
-11.0
24.0
-3.0
33.0
21.0
48.0
38.0
35.0
25.0
7.0
-20.0
-22.0
6.0
-16.0
-64.0
-93.0
-71.0
-69.0
-16.0
-19.0
-2.0
29.0
29.0
17.0
24.0
-6.0
-11.0
-12.0
27.0
-40.0
5.0
3.0
-24.0
-69.0
-85.0
-50.0
-118.0
-120.0
-123.0
-96.0
-81.0
-40.0
-15.0
43.0
44.0
78.0
100.0
103.0
115.0
107.0
114.0
115.0
58.0
40.0
31.0
21.0
10.0
5.0
-22.0
-18.0
4.0
-11.0
-13.0
-14.0
-45.0
-43.0
-79.0
-74.0
-94.0
-71.0
-81.0
-74.0
-33.0
-21.0
-8.0
-2.0
13.0
17.0
56.0
66.0
54.0
94.0
62.0
50.0
49.0
73.0
10.0
9.0
13.0
17.0
-14.0
-6.0
-27.0
-21.0
-22.0
-46.0
-79.0
-80.0
-52.0
-75.0
-45.0
-48.0
-58.0
-27.0
-45.0
-35.0
-29.0
-34.0
-83.0
-59.0
-40.0
-35.0
-6.0
13.0
50.0
99.0
57.0
59.0
49.0
91.0
91.0
63.0
81.0
57.0
91.0
5.0
-11.0
-5.0
-62.0
-79.0
-59.0
-48.0
-7.0
24.0
8.0
-2.0
34.0
31.0
80.0
32.0
47.0
68.0
24.0
10.0
-49.0
-43.0
-19.0
-25.0
-38.0
-95.0
-90.0
-72.0
-73.0
-67.0
-31.0
-79.0
-88.0
-77.0
-49.0
-44.0
27.0
27.0
69.0
42.0
66.0
63.0
50.0
57.0
58.0
36.0
-2.0
-66.0
-133.0
-142.0
-182.0
-170.0
-117.0
-115.0
-105.0
-70.0
-3.0
84.0
108.0
74.0
90.0
106.0
78.0
76.0
67.0
79.0
82.0
29.0
16.0
54.0
48.0
19.0
-6.0
-12.0
-21.0
-53.0
-74.0
-48.0
-55.0
-46.0
-46.0
-51.0
-37.0
-34.0
0.0
-9.0
16.0
35.0
26.0
-19.0
-6.0
30.0
4.0
5.0
-3.0
6.0
0.0
-6.0
39.0
14.0
37.0
63.0
11.0
8.0
-51.0
-112.0
-168.0
-129.0
-101.0
-49.0
-42.0
-14.0
24.0
18.0
70.0
88.0
78.0
30.0
5.0
42.0
77.0
67.0
36.0
31.0
16.0
44.0
-19.0
0.0
-19.0
32.0
28.0
46.0
15.0
6.0
-24.0
-40.0
-44.0
-50.0
-57.0
-67.0
-42.0
-45.0
-42.0
-44.0
-29.0
-15.0
-14.0
-9.0
-15.0
10.0
-30.0
8.0
-7.0
-6.0
-15.0
-27.0
-25.0
-26.0
-42.0
-17.0
17.0
12.0
-21.0
-30.0
-16.0
-33.0
-9.0
29.0
-8.0
39.0
34.0
19.0
25.0
23.0
23.0
37.0
26.0
-9.0
4.0
-13.0
11.0
3.0
19.0
19.0
14.0
-16.0
11.0
-18.0
25.0
-17.0
32.0
33.0
3.0
-5.0
-37.0
-5.0
-30.0
-106.0
-63.0
0.0
22.0
59.0
22.0
26.0
-42.0
-30.0
13.0
66.0
23.0
9.0
-6.0
-7.0
18.0
17.0
9.0
-23.0
-36.0
-39.0
-41.0
-60.0
-23.0
-6.0
32.0
30.0
20.0
-29.0
18.0
-22.0
31.0
45.0
23.0
-48.0
-19.0
-13.0
11.0
-11.0
-13.0
-20.0
-31.0
9.0
12.0
-1.0
14.0
18.0
19.0
56.0
35.0
33.0
46.0
22.0
26.0
9.0
18.0
11.0
25.0
41.0
-1.0
4.0
-18.0
-29.0
-38.0
-63.0
-58.0
-54.0
2.0
18.0
15.0
-1.0
-31.0
8.0
1.0
-4.0
-28.0
-33.0
-48.0
-96.0
-109.0
-91.0
-122.0
-191.0
-101.0
-71.0
0.0
-2.0
18.0
47.0
30.0
43.0
76.0
58.0
86.0
56.0
136.0
136.0
69.0
25.0
7.0
-27.0
-93.0
-85.0
-51.0
-15.0
38.0
35.0
39.0
51.0
57.0
64.0
92.0
113.0
78.0
36.0
55.0
58.0
30.0
60.0
37.0
26.0
-33.0
-30.0
-70.0
-98.0
-74.0
-79.0
-65.0
-55.0
-29.0
17.0
-15.0
11.0
9.0
1.0
30.0
30.0
10.0
-9.0
-1.0
5.0
-54.0
-105.0
-114.0
-127.0
-101.0
-105.0
-54.0
-45.0
-36.0
-33.0
48.0
9.0
25.0
-12.0
-7.0
0.0
44.0
22.0
66.0
74.0
96.0
63.0
52.0
80.0
63.0
63.0
84.0
31.0
47.0
26.0
22.0
13.0
22.0
-2.0
-41.0
-42.0
-74.0
-81.0
-120.0
-154.0
-181.0
-196.0
-190.0
-149.0
-34.0
-32.0
-9.0
30.0
46.0
82.0
68.0
94.0
122.0
112.0
127.0
126.0
88.0
58.0
60.0
40.0
2.0
18.0
-8.0
-45.0
-50.0
-54.0
-129.0
-144.0
-154.0
-175.0
-138.0
-100.0
-55.0
-8.0
9.0
3.0
36.0
69.0
87.0
108.0
101.0
96.0
78.0
92.0
58.0
56.0
66.0
31.0
24.0
-14.0
-18.0
-56.0
-46.0
-66.0
-88.0
-88.0
-68.0
-68.0
-65.0
-67.0
-36.0
14.0
39.0
23.0
25.0
26.0
18.0
17.0
28.0
-15.0
-62.0
-21.0
-29.0
-13.0
-4.0
2.0
-9.0
-26.0
-31.0
-10.0
-18.0
-1.0
6.0
-32.0
-4.0
-2.0
-20.0
-9.0
-8.0
6.0
-39.0
-26.0
-38.0
-31.0
-55.0
-58.0
-79.0
-30.0
-31.0
-82.0
-52.0
27.0
73.0
66.0
51.0
44.0
72.0
52.0
0.0
45.0
32.0
42.0
25.0
-22.0
-18.0
-13.0
-17.0
13.0
10.0
50.0
49.0
20.0
43.0
1.0
21.0
24.0
33.0
-41.0
-61.0
-82.0
-69.0
-46.0
-25.0
43.0
31.0
31.0
65.0
101.0
71.0
79.0
56.0
54.0
48.0
55.0
63.0
55.0
-3.0
9.0
0.0
2.0
-52.0
-69.0
-59.0
-29.0
-13.0
-18.0
-31.0
-31.0
-23.0
-19.0
-6.0
-22.0
0.0
23.0
-7.0
-7.0
-11.0
37.0
-33.0
-49.0
-19.0
-17.0
-17.0
-34.0
-20.0
-27.0
-30.0
-10.0
-31.0
-14.0
-31.0
-55.0
-38.0
-16.0
-10.0
-13.0
-13.0
-59.0
-43.0
-60.0
-47.0
7.0
33.0
17.0
18.0
20.0
79.0
34.0
69.0
110.0
64.0
24.0
-6.0
24.0
85.0
83.0
42.0
40.0
6.0
0.0
-6.0
-11.0
-27.0
19.0
-4.0
-8.0
-5.0
-7.0
-67.0
-75.0
-75.0
-30.0
6.0
1.0
0.0
1.0
-47.0
-87.0
-127.0
-156.0
-165.0
-120.0
-103.0
-59.0
-32.0
-29.0
41.0
81.0
103.0
133.0
94.0
120.0
133.0
94.0
114.0
116.0
111.0
124.0
68.0
43.0
8.0
-17.0
-87.0
-13.0
30.0
27.0
-25.0
-28.0
-32.0
-91.0
-119.0
-97.0
-69.0
-53.0
-28.0
-36.0
-12.0
-9.0
10.0
24.0
42.0
33.0
15.0
58.0
54.0
52.0
6.0
-48.0
-61.0
-110.0
-89.0
-91.0
-80.0
-84.0
0.0
-3.0
12.0
55.0
28.0
72.0
85.0
111.0
123.0
62.0
65.0
66.0
31.0
1.0
15.0
2.0
-12.0
-5.0
-3.0
-22.0
-39.0
-45.0
-23.0
-13.0
-31.0
-12.0
-51.0
-121.0
-120.0
-115.0
-131.0
-131.0
-164.0
-203.0
-180.0
-153.0
-17.0
33.0
44.0
60.0
85.0
83.0
118.0
149.0
143.0
155.0
144.0
94.0
68.0
32.0
35.0
35.0
55.0
27.0
18.0
0.0
-76.0
-90.0
-140.0
-157.0
-151.0
-156.0
-142.0
-84.0
-49.0
-24.0
-27.0
27.0
56.0
35.0
64.0
70.0
80.0
68.0
65.0
27.0
-28.0
-42.0
-95.0
-86.0
-92.0
-91.0
-92.0
-67.0
2.0
50.0
57.0
71.0
78.0
60.0
108.0
113.0
40.0
50.0
47.0
31.0
60.0
74.0
65.0
52.0
33.0
39.0
4.0
-2.0
23.0
-6.0
-66.0
-64.0
-139.0
-137.0
-141.0
-139.0
-153.0
-108.0
-118.0
-89.0
-19.0
44.0
58.0
68.0
47.0
46.0
100.0
18.0
81.0
22.0
-1.0
-30.0
-6.0
-13.0
0.0
0.0
-59.0
2.0
-12.0
8.0
0.0
45.0
32.0
6.0
-5.0
-9.0
-29.0
-56.0
0.0
-18.0
-22.0
0.0
1.0
0.0
8.0
11.0
-7.0
-35.0
-43.0
-17.0
-34.0
-63.0
-28.0
-46.0
-6.0
-6.0
32.0
-42.0
-7.0
-24.0
-2.0
2.0
9.0
-3.0
-36.0
-35.0
-24.0
-18.0
1.0
25.0
5.0
-17.0
-42.0
-75.0
-55.0
-59.0
-40.0
-42.0
-27.0
-6.0
-10.0
-5.0
-5.0
-53.0
-88.0
-91.0
-106.0
-94.0
-118.0
-79.0
-13.0
89.0
119.0
167.0
159.0
163.0
179.0
155.0
153.0
192.0
166.0
157.0
120.0
83.0
56.0
55.0
-12.0
-42.0
-80.0
-143.0
-126.0
-134.0
-104.0
-35.0
-38.0
-33.0
19.0
14.0
58.0
50.0
22.0
36.0
47.0
50.0
43.0
46.0
52.0
7.0
21.0
-17.0
-34.0
-61.0
-51.0
-67.0
-83.0
-83.0
-75.0
-99.0
-59.0
-36.0
-71.0
-69.0
-42.0
-21.0
-13.0
-16.0
-43.0
-29.0
-27.0
-6.0
-12.0
-15.0
13.0
-21.0
12.0
7.0
34.0
18.0
6.0
4.0
-17.0
-26.0
-50.0
-20.0
37.0
39.0
44.0
9.0
11.0
-14.0
-31.0
-31.0
-14.0
12.0
-24.0
-25.0
-36.0
-41.0
-28.0
-27.0
-10.0
-3.0
19.0
12.0
-5.0
-3.0
9.0
7.0
-18.0
-77.0
-38.0
-36.0
-84.0
-60.0
-63.0
-64.0
-55.0
-34.0
1.0
14.0
37.0
73.0
111.0
129.0
110.0
112.0
107.0
109.0
83.0
34.0
5.0
-65.0
-116.0
-122.0
-96.0
-94.0
-90.0
-46.0
-50.0
-8.0
-3.0
23.0
80.0
27.0
19.0
19.0
85.0
68.0
64.0
47.0
-16.0
-35.0
3.0
10.0
-1.0
-1.0
-11.0
52.0
92.0
115.0
33.0
35.0
12.0
21.0
25.0
22.0
-11.0
33.0
-15.0
-45.0
-107.0
-137.0
-166.0
-201.0
-188.0
-186.0
-154.0
-126.0
-72.0
-24.0
-14.0
45.0
111.0
141.0
163.0
162.0
137.0
134.0
91.0
57.0
62.0
69.0
75.0
40.0
35.0
28.0
22.0
-28.0
-36.0
-44.0
-70.0
-110.0
-100.0
-99.0
-101.0
-100.0
-84.0
-80.0
-107.0
-59.0
-19.0
-29.0
-40.0
23.0
39.0
36.0
76.0
94.0
15.0
57.0
-13.0
-54.0
-53.0
-31.0
-67.0
-69.0
-41.0
-26.0
34.0
33.0
42.0
79.0
116.0
70.0
73.0
73.0
79.0
81.0
85.0
74.0
31.0
20.0
18.0
16.0
-19.0
-26.0
-68.0
-58.0
-41.0
-87.0
-73.0
-84.0
-98.0
-77.0
-32.0
-27.0
-37.0
-29.0
-30.0
-42.0
-40.0
-88.0
20.0
14.0
-10.0
-9.0
-8.0
28.0
39.0
38.0
20.0
-18.0
4.0
-4.0
-26.0
-29.0
-68.0
-102.0
-170.0
-213.0
-244.0
-206.0
-149.0
-110.0
-26.0
-29.0
4.0
71.0
132.0
187.0
189.0
191.0
197.0
186.0
150.0
143.0
188.0
112.0
120.0
117.0
84.0
73.0
11.0
-69.0
-65.0
-68.0
-80.0
-114.0
-117.0
-102.0
-132.0
-50.0
2.0
-11.0
3.0
13.0
26.0
4.0
19.0
22.0
33.0
16.0
-6.0
47.0
14.0
13.0
-3.0
-2.0
16.0
-20.0
13.0
-8.0
-15.0
-33.0
-27.0
-18.0
-7.0
-73.0
-85.0
-73.0
-62.0
-52.0
-33.0
-69.0
-44.0
-44.0
-39.0
6.0
33.0
5.0
33.0
30.0
14.0
24.0
25.0
28.0
18.0
13.0
13.0
31.0
-1.0
-23.0
-45.0
-14.0
-15.0
-15.0
-7.0
-25.0
-39.0
-64.0
-60.0
4.0
16.0
-1.0
-24.0
-21.0
-37.0
-74.0
-81.0
-77.0
-103.0
-58.0
-70.0
-23.0
-1.0
6.0
31.0
58.0
84.0
103.0
135.0
104.0
91.0
72.0
48.0
53.0
46.0
49.0
45.0
5.0
-78.0
-80.0
-109.0
-129.0
-117.0
-127.0
-90.0
-44.0
-16.0
4.0
39.0
75.0
47.0
45.0
33.0
30.0
17.0
32.0
103.0
56.0
43.0
43.0
39.0
29.0
70.0
79.0
65.0
61.0
101.0
33.0
8.0
0.0
2.0
29.0
-41.0
-46.0
-45.0
-67.0
-56.0
-44.0
-53.0
-67.0
-60.0
-44.0
-40.0
-40.0
-42.0
-104.0
-67.0
-30.0
28.0
48.0
-8.0
-33.0
-17.0
-17.0
-49.0
-40.0
-17.0
-80.0
-134.0
-200.0
-215.0
-241.0
-179.0
-173.0
-95.0
-33.0
17.0
79.0
101.0
136.0
146.0
137.0
129.0
129.0
158.0
185.0
210.0
154.0
138.0
107.0
62.0
59.0
28.0
30.0
5.0
-25.0
-70.0
-88.0
-137.0
-188.0
-202.0
-237.0
-182.0
-179.0
-116.0
-92.0
-35.0
30.0
77.0
111.0
112.0
123.0
141.0
138.0
130.0
112.0
114.0
107.0
94.0
62.0
13.0
22.0
17.0
16.0
-7.0
-29.0
5.0
-24.0
-15.0
-35.0
-50.0
-46.0
-78.0
-81.0
-97.0
-81.0
-39.0
-28.0
-3.0
-73.0
-82.0
-101.0
-98.0
-94.0
-95.0
-93.0
-111.0
-139.0
-58.0
-30.0
-19.0
-15.0
-11.0
-12.0
94.0
98.0
34.0
-3.0
5.0
27.0
27.0
35.0
51.0
47.0
20.0
-161.0
20.0
120.0
167.0
112.0
58.0
-14.0
-103.0
-103.0
-70.0
-113.0
-63.0
-44.0
25.0
91.0
83.0
77.0
65.0
64.0
66.0
102.0
81.0
60.0
76.0
50.0
65.0
52.0
13.0
8.0
15.0
-17.0
-10.0
7.0
-51.0
-55.0
-41.0
-115.0
-152.0
-150.0
-155.0
-96.0
-109.0
-71.0
-72.0
-32.0
-12.0
-1.0
-60.0
-64.0
-18.0
-55.0
-22.0
-56.0
-66.0
-44.0
-118.0
73.0
35.0
37.0
26.0
49.0
98.0
162.0
80.0
52.0
53.0
26.0
-68.0
-79.0
-85.0
-62.0
-109.0
-105.0
-41.0
-51.0
-36.0
34.0
68.0
67.0
115.0
100.0
119.0
113.0
94.0
118.0
39.0
48.0
48.0
41.0
34.0
24.0
-6.0
-4.0
-6.0
-34.0
-20.0
-33.0
-30.0
-29.0
-33.0
-82.0
-74.0
-170.0
-151.0
-185.0
-206.0
-175.0
-123.0
-115.0
-20.0
-5.0
32.0
54.0
61.0
79.0
69.0
112.0
100.0
104.0
67.0
25.0
48.0
37.0
22.0
16.0
13.0
4.0
-35.0
-32.0
6.0
34.0
21.0
32.0
37.0
40.0
16.0
28.0
-23.0
-41.0
-16.0
15.0
65.0
23.0
3.0
12.0
-33.0
-92.0
-79.0
-88.0
-103.0
-104.0
-112.0
-115.0
9.0
37.0
29.0
8.0
48.0
51.0
45.0
67.0
53.0
76.0
37.0
19.0
36.0
-1.0
-17.0
-28.0
-19.0
-90.0
-72.0
-67.0
-92.0
-58.0
-13.0
6.0
2.0
0.0
-20.0
18.0
3.0
22.0
26.0
26.0
35.0
52.0
22.0
23.0
51.0
39.0
-1.0
7.0
13.0
21.0
8.0
-45.0
-51.0
-55.0
-52.0
-56.0
-41.0
-1.0
-54.0
-54.0
-41.0
-89.0
-35.0
-40.0
-77.0
-67.0
-34.0
-50.0
-30.0
-20.0
-37.0
6.0
36.0
42.0
58.0
53.0
42.0
39.0
62.0
90.0
47.0
22.0
9.0
13.0
3.0
-93.0
-84.0
-159.0
-174.0
-138.0
-57.0
-27.0
-3.0
-1.0
34.0
59.0
95.0
118.0
152.0
160.0
118.0
139.0
132.0
136.0
106.0
91.0
67.0
56.0
6.0
28.0
-13.0
-48.0
-35.0
-37.0
-40.0
-48.0
-34.0
-44.0
-68.0
-63.0
-71.0
-50.0
-29.0
-29.0
-28.0
-43.0
-41.0
-59.0
-61.0
-85.0
-116.0
-153.0
-155.0
-155.0
-151.0
-155.0
-80.0
-56.0
-32.0
0.0
66.0
106.0
91.0
94.0
67.0
99.0
74.0
79.0
62.0
35.0
18.0
-17.0
-1.0
-1.0
60.0
55.0
65.0
75.0
67.0
29.0
24.0
34.0
26.0
19.0
32.0
33.0
-5.0
-12.0
-12.0
-54.0
-38.0
-97.0
-103.0
-96.0
-71.0
-83.0
-49.0
-32.0
-39.0
-1.0
-3.0
-3.0
7.0
10.0
9.0
11.0
9.0
-4.0
-13.0
-3.0
-15.0
-33.0
-78.0
-79.0
-85.0
-60.0
-49.0
-66.0
-42.0
-38.0
-22.0
-6.0
13.0
19.0
35.0
70.0
27.0
51.0
61.0
48.0
31.0
-17.0
-11.0
-9.0
-15.0
-2.0
15.0
-21.0
-23.0
51.0
28.0
18.0
-26.0
-30.0
-45.0
-88.0
-80.0
-37.0
-95.0
-92.0
-76.0
-72.0
-52.0
-53.0
1.0
27.0
78.0
77.0
105.0
71.0
112.0
116.0
106.0
98.0
40.0
36.0
-6.0
-37.0
-59.0
-126.0
-109.0
-86.0
-76.0
-73.0
-80.0
-47.0
-13.0
16.0
37.0
34.0
40.0
62.0
86.0
89.0
125.0
120.0
56.0
69.0
57.0
-33.0
8.0
35.0
33.0
29.0
46.0
12.0
-23.0
-68.0
-34.0
8.0
17.0
-37.0
-19.0
-18.0
-51.0
-186.0
-209.0
-78.0
-85.0
-54.0
-50.0
-139.0
-147.0
-148.0
-169.0
-115.0
-62.0
-80.0
-22.0
136.0
152.0
137.0
141.0
148.0
133.0
138.0
137.0
90.0
131.0
124.0
84.0
65.0
7.0
7.0
13.0
25.0
-9.0
-15.0
-31.0
-45.0
-31.0
-19.0
37.0
41.0
-25.0
3.0
-14.0
-40.0
-81.0
-110.0
-133.0
-138.0
-150.0
-149.0
-104.0
-77.0
-36.0
-95.0
14.0
60.0
88.0
54.0
45.0
40.0
62.0
62.0
42.0
23.0
45.0
-46.0
-72.0
-80.0
-85.0
-76.0
-90.0
-83.0
-16.0
41.0
28.0
22.0
36.0
97.0
-119.0
-121.0
-19.0
2.0
27.0
-6.0
-1.0
30.0
30.0
49.0
21.0
19.0
35.0
17.0
-18.0
53.0
14.0
39.0
62.0
17.0
-18.0
-18.0
-33.0
-10.0
-21.0
-59.0
-76.0
-98.0
-92.0
-49.0
-38.0
-40.0
-21.0
-30.0
-54.0
6.0
-24.0
49.0
24.0
9.0
18.0
15.0
-1.0
32.0
61.0
31.0
-33.0
-31.0
-66.0
-23.0
-2.0
1.0
-3.0
11.0
16.0
60.0
32.0
44.0
12.0
30.0
11.0
17.0
-9.0
-16.0
-55.0
-48.0
-21.0
-62.0
-25.0
-15.0
7.0
9.0
7.0
-7.0
1.0
-62.0
-20.0
-13.0
-11.0
5.0
0.0
-4.0
23.0
21.0
27.0
4.0
18.0
49.0
33.0
31.0
21.0
30.0
-20.0
10.0
9.0
-54.0
-7.0
-30.0
-61.0
-38.0
-60.0
-60.0
-99.0
-107.0
-82.0
-101.0
-114.0
-82.0
-14.0
31.0
70.0
70.0
115.0
114.0
120.0
159.0
115.0
96.0
107.0
51.0
50.0
48.0
7.0
21.0
33.0
6.0
30.0
6.0
-33.0
-40.0
-63.0
-65.0
-64.0
-77.0
-87.0
-38.0
-66.0
-58.0
-9.0
-39.0
-26.0
-14.0
-36.0
-21.0
-4.0
11.0
26.0
-4.0
-14.0
-22.0
-18.0
-19.0
-38.0
-34.0
-11.0
-32.0
-35.0
-77.0
-65.0
-33.0
20.0
23.0
39.0
9.0
-75.0
-138.0
-174.0
-133.0
-87.0
-43.0
-38.0
-38.0
41.0
114.0
107.0
138.0
137.0
127.0
130.0
89.0
195.0
204.0
208.0
146.0
107.0
45.0
-1.0
-85.0
-129.0
-164.0
-200.0
-194.0
-101.0
-60.0
-18.0
-53.0
17.0
42.0
62.0
69.0
71.0
80.0
49.0
39.0
2.0
28.0
62.0
41.0
16.0
-7.0
-24.0
-22.0
-22.0
-51.0
-50.0
-33.0
-56.0
-29.0
-102.0
-111.0
-85.0
-88.0
-108.0
-86.0
-37.0
-37.0
-24.0
-25.0
2.0
16.0
4.0
6.0
20.0
-3.0
42.0
-19.0
-9.0
-8.0
-52.0
-120.0
-139.0
-147.0
-164.0
-158.0
-116.0
-40.0
-11.0
47.0
98.0
118.0
186.0
178.0
118.0
44.0
86.0
118.0
83.0
92.0
76.0
119.0
81.0
67.0
88.0
25.0
82.0
-17.0
-1.0
33.0
-25.0
-65.0
-73.0
-74.0
-102.0
-96.0
-98.0
-115.0
-66.0
-35.0
-11.0
-35.0
-10.0
-13.0
22.0
-4.0
24.0
31.0
58.0
-6.0
-19.0
-36.0
-72.0
-72.0
-98.0
-57.0
-64.0
-32.0
8.0
44.0
17.0
94.0
82.0
72.0
6.0
8.0
43.0
85.0
80.0
16.0
4.0
-33.0
-21.0
-17.0
-91.0
-91.0
-14.0
-40.0
-77.0
-44.0
-17.0
4.0
-1.0
0.0
17.0
28.0
41.0
56.0
79.0
37.0
12.0
-23.0
-35.0
-32.0
-13.0
-49.0
-55.0
-66.0
-28.0
-13.0
-16.0
2.0
-1.0
0.0
-5.0
23.0
35.0
-44.0
24.0
64.0
16.0
26.0
44.0
37.0
3.0
-76.0
-66.0
-154.0
-174.0
-134.0
-110.0
-45.0
29.0
21.0
57.0
106.0
99.0
93.0
105.0
88.0
100.0
72.0
69.0
70.0
47.0
56.0
-2.0
4.0
-3.0
17.0
29.0
11.0
20.0
21.0
3.0
22.0
-45.0
-117.0
-192.0
-200.0
-196.0
-17.0
26.0
26.0
26.0
66.0
20.0
20.0
80.0
114.0
86.0
85.0
56.0
60.0
29.0
28.0
0.0
-18.0
-4.0
-10.0
17.0
-20.0
-13.0
-9.0
-23.0
-15.0
25.0
46.0
3.0
-31.0
-24.0
-54.0
-116.0
-114.0
-127.0
-139.0
-97.0
-92.0
-36.0
-11.0
7.0
50.0
68.0
63.0
79.0
99.0
67.0
63.0
45.0
70.0
10.0
-2.0
-3.0
4.0
18.0
20.0
-39.0
-9.0
-2.0
-52.0
-70.0
-46.0
-33.0
-28.0
-13.0
-51.0
-61.0
-78.0
-63.0
-43.0
-62.0
-72.0
-75.0
-73.0
-55.0
-55.0
-78.0
6.0
5.0
33.0
36.0
29.0
19.0
24.0
31.0
23.0
8.0
-9.0
-18.0
-74.0
-120.0
-113.0
-148.0
-144.0
-159.0
-95.0
-48.0
-17.0
35.0
49.0
81.0
144.0
162.0
158.0
155.0
194.0
122.0
140.0
91.0
118.0
103.0
76.0
72.0
71.0
60.0
-16.0
-10.0
0.0
18.0
-16.0
-22.0
-52.0
-64.0
-58.0
-53.0
-53.0
-42.0
-53.0
-47.0
-70.0
-129.0
-162.0
-182.0
-178.0
-193.0
-182.0
-182.0
-182.0
-68.0
53.0
134.0
116.0
136.0
129.0
112.0
113.0
111.0
96.0
123.0
168.0
151.0
92.0
69.0
64.0
63.0
43.0
57.0
34.0
31.0
-7.0
-31.0
-18.0
-4.0
-5.0
-21.0
-54.0
-92.0
-117.0
-111.0
-155.0
-88.0
-105.0
-103.0
-79.0
-116.0
-74.0
-46.0
-45.0
-12.0
27.0
-75.0
-103.0
-127.0
-127.0
-124.0
-46.0
20.0
63.0
26.0
69.0
113.0
170.0
140.0
132.0
107.0
80.0
2.0
128.0
249.0
161.0
69.0
-57.0
-122.0
-121.0
-147.0
-91.0
-97.0
32.0
-20.0
-125.0
-75.0
48.0
107.0
104.0
60.0
71.0
81.0
61.0
-8.0
-40.0
-42.0
-55.0
-82.0
-84.0
-56.0
-58.0
-2.0
6.0
36.0
42.0
2.0
10.0
-11.0
-6.0
-13.0
-11.0
21.0
-66.0
-156.0
-168.0
-124.0
-56.0
-22.0
-21.0
21.0
57.0
50.0
50.0
74.0
63.0
8.0
17.0
11.0
0.0
11.0
-36.0
61.0
87.0
33.0
72.0
71.0
14.0
7.0
11.0
-2.0
18.0
-14.0
-25.0
-29.0
-57.0
-68.0
-85.0
-97.0
-97.0
-87.0
-83.0
-93.0
-45.0
-44.0
-38.0
-42.0
-14.0
9.0
14.0
13.0
-35.0
15.0
-51.0
-73.0
-108.0
-98.0
-76.0
-38.0
-43.0
-38.0
3.0
35.0
45.0
91.0
91.0
38.0
98.0
73.0
72.0
94.0
54.0
38.0
18.0
48.0
13.0
18.0
-24.0
-27.0
-34.0
-33.0
-25.0
-19.0
-40.0
-63.0
-77.0
-116.0
-152.0
-140.0
-153.0
-147.0
-81.0
-97.0
-47.0
-17.0
14.0
105.0
154.0
157.0
154.0
112.0
134.0
86.0
56.0
-39.0
-21.0
-20.0
-17.0
41.0
39.0
43.0
54.0
105.0
123.0
99.0
91.0
56.0
58.0
62.0
62.0
35.0
4.0
41.0
17.0
22.0
-1.0
-14.0
-11.0
-35.0
-32.0
-33.0
-73.0
-44.0
-61.0
-74.0
-91.0
-84.0
-93.0
-90.0
-90.0
-93.0
-107.0
-125.0
-91.0
-113.0
-150.0
-181.0
-139.0
-51.0
-42.0
-31.0
-12.0
-7.0
17.0
106.0
105.0
122.0
116.0
128.0
124.0
136.0
94.0
63.0
55.0
43.0
7.0
-10.0
1.0
-31.0
-35.0
-16.0
-40.0
-23.0
-77.0
-70.0
-71.0
-9.0
41.0
7.0
10.0
11.0
-21.0
8.0
27.0
25.0
26.0
9.0
-10.0
-35.0
-48.0
-61.0
-124.0
-186.0
-147.0
-105.0
-74.0
-38.0
-12.0
13.0
22.0
40.0
49.0
51.0
76.0
105.0
80.0
83.0
48.0
14.0
21.0
74.0
41.0
29.0
5.0
-1.0
-32.0
-42.0
-92.0
-103.0
-91.0
-86.0
-77.0
-16.0
22.0
28.0
14.0
4.0
19.0
51.0
53.0
81.0
16.0
30.0
-16.0
-42.0
-29.0
-22.0
-33.0
-45.0
-44.0
20.0
43.0
67.0
54.0
7.0
-50.0
-31.0
-1.0
-46.0
-50.0
-20.0
0.0
13.0
2.0
18.0
34.0
55.0
59.0
47.0
55.0
8.0
-24.0
-29.0
6.0
-46.0
-83.0
-70.0
-78.0
-99.0
-97.0
-9.0
39.0
23.0
-19.0
-25.0
-81.0
-33.0
7.0
41.0
47.0
28.0
66.0
105.0
112.0
92.0
69.0
71.0
52.0
51.0
52.0
9.0
-10.0
-17.0
8.0
-12.0
-35.0
-46.0
0.0
-8.0
-11.0
-17.0
-15.0
-56.0
-73.0
-86.0
-111.0
-174.0
-200.0
-219.0
-221.0
-172.0
-103.0
-62.0
17.0
99.0
149.0
119.0
137.0
207.0
212.0
148.0
107.0
113.0
53.0
20.0
-14.0
-44.0
-35.0
-4.0
-7.0
12.0
-4.0
18.0
35.0
37.0
59.0
-15.0
-13.0
8.0
8.0
41.0
-14.0
-84.0
-90.0
-110.0
-67.0
-70.0
-78.0
-90.0
-86.0
-92.0
-65.0
-73.0
-59.0
-69.0
-73.0
-83.0
-71.0
-46.0
-56.0
-40.0
14.0
19.0
22.0
32.0
64.0
45.0
92.0
127.0
121.0
84.0
54.0
42.0
36.0
-9.0
-95.0
-70.0
-7.0
-25.0
-20.0
50.0
-23.0
16.0
87.0
20.0
46.0
-11.0
-9.0
17.0
17.0
17.0
-20.0
-28.0
-19.0
-19.0
-12.0
26.0
11.0
35.0
35.0
57.0
74.0
24.0
18.0
21.0
8.0
-13.0
-5.0
6.0
4.0
-30.0
-47.0
-94.0
-118.0
-176.0
-197.0
-155.0
-108.0
-69.0
-70.0
-11.0
24.0
45.0
61.0
98.0
119.0
139.0
105.0
72.0
72.0
103.0
96.0
92.0
61.0
50.0
-8.0
-43.0
-56.0
-22.0
-23.0
-68.0
-100.0
-86.0
-143.0
-168.0
-127.0
-129.0
-89.0
-64.0
-67.0
-42.0
-34.0
13.0
-27.0
-2.0
66.0
70.0
113.0
85.0
86.0
64.0
93.0
108.0
88.0
80.0
32.0
43.0
27.0
24.0
27.0
-37.0
-74.0
-86.0
-53.0
-109.0
-69.0
-50.0
30.0
27.0
30.0
29.0
27.0
-23.0
28.0
54.0
28.0
34.0
30.0
-33.0
-36.0
-38.0
-19.0
-12.0
-26.0
-48.0
-30.0
21.0
32.0
8.0
17.0
-16.0
-27.0
-9.0
-40.0
-39.0
-13.0
-10.0
30.0
14.0
17.0
53.0
60.0
35.0
85.0
49.0
16.0
-5.0
-21.0
-16.0
-20.0
0.0
-66.0
-45.0
-77.0
-129.0
-19.0
-48.0
-85.0
-24.0
-30.0
-27.0
-19.0
-27.0
-17.0
-71.0
-18.0
15.0
-10.0
-33.0
-35.0
-64.0
-68.0
-123.0
-66.0
-60.0
0.0
5.0
66.0
109.0
107.0
94.0
112.0
114.0
84.0
69.0
45.0
51.0
25.0
16.0
13.0
30.0
30.0
13.0
11.0
-19.0
-68.0
-40.0
-24.0
-24.0
-32.0
40.0
2.0
-11.0
-29.0
-45.0
-65.0
-69.0
-68.0
-87.0
-83.0
-116.0
-85.0
-52.0
2.0
-33.0
-39.0
-35.0
-5.0
16.0
15.0
38.0
64.0
38.0
62.0
29.0
23.0
46.0
38.0
-16.0
-15.0
20.0
-1.0
8.0
17.0
-25.0
-23.0
-50.0
-30.0
7.0
7.0
-7.0
-10.0
-18.0
-44.0
-26.0
-31.0
-24.0
-36.0
-39.0
-42.0
1.0
-57.0
-44.0
-51.0
-37.0
-12.0
-17.0
-22.0
1.0
2.0
11.0
45.0
37.0
42.0
76.0
70.0
-3.0
-29.0
-68.0
-65.0
-99.0
-92.0
-118.0
-125.0
-73.0
-26.0
10.0
59.0
79.0
87.0
146.0
120.0
152.0
127.0
160.0
93.0
104.0
89.0
18.0
13.0
-37.0
-52.0
-81.0
-64.0
-70.0
-9.0
-25.0
48.0
18.0
16.0
54.0
58.0
53.0
35.0
20.0
20.0
-4.0
10.0
-15.0
-20.0
-111.0
-75.0
-31.0
-39.0
-25.0
-18.0
2.0
-19.0
55.0
55.0
55.0
43.0
37.0
66.0
57.0
3.0
-53.0
-111.0
-170.0
-173.0
-209.0
-258.0
-149.0
-83.0
-46.0
-15.0
16.0
55.0
69.0
70.0
124.0
160.0
156.0
81.0
77.0
100.0
54.0
-27.0
1.0
12.0
49.0
2.0
-59.0
-134.0
-46.0
-1.0
-15.0
-40.0
-49.0
-49.0
-68.0
-81.0
-79.0
-82.0
-36.0
-7.0
-10.0
-10.0
-36.0
-34.0
33.0
31.0
47.0
87.0
105.0
149.0
130.0
119.0
69.0
69.0
45.0
-15.0
-6.0
-59.0
-45.0
-18.0
-95.0
-211.0
-299.0
-295.0
-220.0
-156.0
-119.0
-143.0
-84.0
7.0
51.0
98.0
134.0
135.0
132.0
141.0
157.0
155.0
120.0
89.0
28.0
-7.0
3.0
4.0
-24.0
-18.0
9.0
58.0
66.0
76.0
57.0
73.0
83.0
77.0
91.0
49.0
33.0
62.0
23.0
-15.0
-36.0
-77.0
-76.0
-69.0
-69.0
-77.0
-92.0
-110.0
-141.0
-116.0
-103.0
-77.0
-107.0
-114.0
-159.0
-181.0
-213.0
-197.0
-141.0
-122.0
-51.0
-24.0
20.0
20.0
39.0
64.0
111.0
113.0
119.0
83.0
65.0
63.0
74.0
67.0
86.0
97.0
67.0
51.0
32.0
40.0
-3.0
-8.0
-50.0
-49.0
-82.0
-101.0
-102.0
-56.0
-50.0
-52.0
19.0
11.0
48.0
44.0
-39.0
-18.0
-34.0
-33.0
-41.0
-29.0
28.0
49.0
56.0
61.0
83.0
64.0
72.0
65.0
72.0
72.0
86.0
81.0
35.0
38.0
-1.0
-28.0
-57.0
-88.0
-79.0
-57.0
-47.0
-42.0
-35.0
-34.0
-5.0
-18.0
-11.0
-5.0
-2.0
3.0
-8.0
19.0
17.0
21.0
12.0
32.0
15.0
7.0
-11.0
-8.0
-7.0
-43.0
-10.0
-16.0
-60.0
-81.0
-96.0
-123.0
-109.0
-107.0
-44.0
-101.0
-25.0
-17.0
9.0
22.0
39.0
53.0
83.0
72.0
115.0
106.0
85.0
84.0
66.0
34.0
-23.0
-8.0
2.0
-40.0
-21.0
25.0
35.0
39.0
56.0
32.0
31.0
16.0
-9.0
22.0
78.0
52.0
28.0
36.0
13.0
3.0
-7.0
-16.0
-3.0
15.0
-45.0
-68.0
-39.0
-44.0
-69.0
-109.0
-120.0
-157.0
-154.0
-125.0
-44.0
-29.0
47.0
47.0
84.0
46.0
53.0
72.0
124.0
139.0
112.0
110.0
66.0
65.0
71.0
41.0
44.0
10.0
-28.0
-16.0
-20.0
-34.0
-37.0
-35.0
-42.0
-59.0
-77.0
-70.0
-142.0
-65.0
-48.0
-8.0
22.0
30.0
-8.0
-118.0
-141.0
-199.0
-198.0
-131.0
-76.0
5.0
39.0
31.0
69.0
112.0
136.0
172.0
196.0
196.0
150.0
149.0
132.0
140.0
111.0
80.0
68.0
47.0
48.0
-25.0
-39.0
-49.0
-84.0
-82.0
-118.0
-149.0
-154.0
-145.0
-175.0
-114.0
-35.0
5.0
60.0
61.0
38.0
72.0
70.0
85.0
117.0
92.0
12.0
33.0
-2.0
-2.0
-18.0
-27.0
-64.0
-69.0
-56.0
-55.0
-37.0
-9.0
-29.0
-31.0
-50.0
-38.0
-50.0
-36.0
-18.0
-43.0
22.0
13.0
-4.0
-2.0
10.0
-13.0
4.0
-42.0
-46.0
-67.0
-84.0
-48.0
-22.0
-10.0
-18.0
2.0
33.0
11.0
50.0
48.0
76.0
78.0
50.0
53.0
72.0
110.0
35.0
-35.0
-39.0
-27.0
-47.0
-37.0
-36.0
-34.0
-26.0
-29.0
-14.0
8.0
23.0
57.0
79.0
35.0
20.0
18.0
4.0
-5.0
-39.0
-45.0
-7.0
-76.0
-63.0
-48.0
-47.0
-40.0
22.0
50.0
31.0
7.0
-35.0
-66.0
-33.0
-63.0
-51.0
-48.0
0.0
50.0
26.0
36.0
-30.0
6.0
31.0
63.0
52.0
45.0
-7.0
-43.0
-71.0
-64.0
10.0
-1.0
5.0
24.0
13.0
17.0
-10.0
67.0
22.0
42.0
14.0
-1.0
-32.0
58.0
2.0
-4.0
-6.0
-1.0
-45.0
-82.0
-92.0
-88.0
-69.0
-50.0
4.0
9.0
-29.0
-2.0
28.0
22.0
13.0
-1.0
42.0
28.0
-20.0
-29.0
-67.0
-84.0
-58.0
-86.0
-75.0
-3.0
24.0
60.0
53.0
57.0
60.0
60.0
58.0
78.0
80.0
73.0
56.0
36.0
18.0
22.0
30.0
35.0
-26.0
2.0
9.0
-16.0
-30.0
-34.0
-51.0
-52.0
-96.0
-110.0
-109.0
-66.0
-45.0
-8.0
-22.0
-50.0
-100.0
-112.0
-138.0
-197.0
-157.0
-177.0
-105.0
-33.0
22.0
34.0
43.0
41.0
101.0
37.0
112.0
196.0
170.0
145.0
90.0
25.0
28.0
31.0
61.0
55.0
103.0
123.0
90.0
106.0
52.0
7.0
-20.0
-21.0
-56.0
-35.0
-46.0
-64.0
-103.0
-125.0
-139.0
-124.0
-124.0
-125.0
-149.0
-117.0
-102.0
-81.0
-45.0
1.0
-12.0
-20.0
19.0
14.0
26.0
83.0
109.0
102.0
114.0
81.0
37.0
23.0
0.0
3.0
-32.0
-41.0
-45.0
-36.0
-61.0
-75.0
-3.0
31.0
55.0
57.0
28.0
4.0
-10.0
-5.0
-8.0
0.0
28.0
24.0
-4.0
-4.0
-9.0
-21.0
-6.0
-26.0
3.0
-9.0
86.0
114.0
109.0
111.0
122.0
102.0
55.0
50.0
30.0
8.0
12.0
24.0
-23.0
-27.0
-41.0
-39.0
-20.0
-61.0
-53.0
-83.0
-98.0
-109.0
-75.0
-75.0
-89.0
-66.0
-37.0
-38.0
-34.0
-42.0
-36.0
-20.0
-16.0
-13.0
-49.0
-50.0
-26.0
-49.0
-38.0
-73.0
-69.0
-22.0
-3.0
-5.0
14.0
-13.0
8.0
-17.0
62.0
50.0
11.0
17.0
0.0
-1.0
25.0
22.0
-9.0
0.0
24.0
-14.0
18.0
-25.0
-70.0
-68.0
7.0
-7.0
-17.0
-20.0
6.0
-4.0
19.0
-34.0
-59.0
-60.0
-82.0
-61.0
-12.0
-48.0
-50.0
-17.0
6.0
35.0
37.0
37.0
28.0
31.0
44.0
42.0
42.0
46.0
47.0
85.0
68.0
68.0
67.0
113.0
138.0
72.0
59.0
5.0
-81.0
-48.0
3.0
5.0
62.0
83.0
72.0
55.0
81.0
122.0
86.0
84.0
47.0
45.0
52.0
49.0
30.0
0.0
-23.0
-41.0
-71.0
-54.0
-55.0
-56.0
-107.0
-83.0
-103.0
-71.0
-97.0
-117.0
-80.0
-130.0
-153.0
-149.0
-202.0
-148.0
-127.0
-27.0
-18.0
-58.0
-51.0
7.0
23.0
23.0
62.0
44.0
59.0
71.0
103.0
87.0
70.0
92.0
77.0
74.0
37.0
-2.0
3.0
-24.0
-5.0
5.0
-16.0
-39.0
5.0
8.0
18.0
-29.0
-27.0
-4.0
-51.0
-72.0
-13.0
-47.0
-35.0
-38.0
-57.0
-35.0
16.0
11.0
11.0
-19.0
-55.0
-233.0
-313.0
-309.0
-215.0
77.0
121.0
11.0
54.0
-5.0
-56.0
51.0
58.0
61.0
116.0
94.0
88.0
65.0
-1.0
-34.0
10.0
63.0
47.0
50.0
25.0
11.0
33.0
16.0
41.0
11.0
9.0
59.0
51.0
49.0
47.0
58.0
24.0
43.0
-1.0
24.0
-10.0
28.0
-4.0
-4.0
0.0
-22.0
-54.0
-51.0
-33.0
-42.0
-33.0
-22.0
-24.0
-25.0
-42.0
-7.0
16.0
3.0
-36.0
-33.0
-81.0
-126.0
-126.0
-122.0
-39.0
-52.0
-18.0
-36.0
-18.0
2.0
-44.0
-73.0
-51.0
-50.0
22.0
60.0
27.0
-36.0
-2.0
-1.0
11.0
3.0
-18.0
-21.0
-12.0
18.0
-2.0
-14.0
-28.0
-11.0
18.0
7.0
32.0
25.0
64.0
46.0
23.0
15.0
8.0
20.0
4.0
21.0
-17.0
-22.0
-7.0
7.0
6.0
17.0
-3.0
46.0
30.0
38.0
61.0
61.0
44.0
-20.0
-47.0
-70.0
-95.0
-67.0
-34.0
31.0
58.0
51.0
47.0
68.0
98.0
101.0
75.0
11.0
-24.0
-53.0
-54.0
-52.0
-60.0
-48.0
-25.0
3.0
63.0
71.0
60.0
56.0
75.0
82.0
96.0
107.0
94.0
30.0
1.0
-27.0
-75.0
-89.0
-118.0
-120.0
-146.0
-92.0
-112.0
-96.0
-134.0
-143.0
-118.0
-86.0
2.0
-2.0
42.0
25.0
28.0
-18.0
-74.0
-79.0
-119.0
-149.0
-54.0
-47.0
36.0
49.0
84.0
76.0
150.0
142.0
92.0
67.0
103.0
103.0
146.0
81.0
11.0
-11.0
-113.0
-109.0
-1.0
14.0
24.0
28.0
45.0
28.0
23.0
1.0
-37.0
-74.0
-113.0
-132.0
-114.0
-114.0
-174.0
-117.0
-72.0
12.0
36.0
85.0
69.0
87.0
85.0
84.0
77.0
88.0
96.0
84.0
60.0
3.0
-39.0
-51.0
-49.0
-46.0
-62.0
-14.0
-57.0
-116.0
-146.0
-186.0
-139.0
-199.0
-114.0
-97.0
-73.0
-65.0
4.0
3.0
40.0
40.0
69.0
54.0
71.0
74.0
64.0
42.0
27.0
11.0
-6.0
4.0
2.0
-8.0
-31.0
-35.0
-8.0
42.0
-9.0
1.0
35.0
-65.0
-102.0
-172.0
-176.0
-179.0
-93.0
-73.0
-20.0
55.0
115.0
134.0
132.0
133.0
98.0
92.0
116.0
109.0
100.0
123.0
77.0
71.0
16.0
-29.0
-50.0
-50.0
-25.0
-140.0
-144.0
-143.0
-113.0
-94.0
-47.0
-15.0
38.0
34.0
40.0
80.0
109.0
148.0
140.0
96.0
58.0
60.0
52.0
53.0
60.0
-29.0
-11.0
-40.0
-34.0
-75.0
-72.0
-50.0
-39.0
-33.0
-29.0
-38.0
-9.0
-43.0
-52.0
-74.0
-104.0
-33.0
-75.0
-70.0
-65.0
-6.0
-19.0
-56.0
-96.0
-75.0
-95.0
-146.0
-183.0
-185.0
-203.0
-141.0
-102.0
-67.0
-38.0
-27.0
66.0
208.0
313.0
313.0
292.0
246.0
214.0
119.0
104.0
37.0
28.0
32.0
32.0
30.0
12.0
35.0
40.0
60.0
-16.0
8.0
-4.0
11.0
2.0
-1.0
10.0
13.0
7.0
-52.0
-70.0
5.0
-61.0
-99.0
-138.0
-127.0
-133.0
-69.0
-60.0
-97.0
-37.0
-94.0
-166.0
-103.0
-94.0
-92.0
-116.0
-123.0
-98.0
-69.0
12.0
65.0
130.0
119.0
63.0
64.0
83.0
72.0
63.0
80.0
98.0
100.0
76.0
3.0
-68.0
-71.0
-77.0
-51.0
9.0
-21.0
-45.0
-11.0
-22.0
14.0
60.0
61.0
62.0
51.0
19.0
19.0
48.0
66.0
47.0
-6.0
-84.0
-84.0
-1.0
18.0
24.0
38.0
3.0
9.0
-39.0
-8.0
-41.0
-46.0
-17.0
13.0
56.0
3.0
-37.0
-48.0
-27.0
-54.0
-109.0
-110.0
-120.0
-160.0
-128.0
-78.0
-38.0
-56.0
28.0
68.0
58.0
53.0
85.0
89.0
131.0
71.0
108.0
108.0
100.0
89.0
9.0
5.0
1.0
-39.0
1.0
16.0
12.0
-32.0
-69.0
-74.0
-49.0
-47.0
-104.0
-58.0
12.0
-36.0
-39.0
-62.0
-35.0
-75.0
-80.0
-82.0
-120.0
-122.0
-124.0
-40.0
-16.0
28.0
68.0
83.0
99.0
103.0
76.0
90.0
80.0
124.0
91.0
47.0
42.0
40.0
36.0
32.0
-25.0
-22.0
-46.0
-98.0
-60.0
-19.0
-32.0
-21.0
0.0
4.0
25.0
40.0
13.0
24.0
58.0
53.0
18.0
11.0
15.0
11.0
24.0
39.0
10.0
-6.0
-22.0
-31.0
-69.0
-89.0
-80.0
-76.0
-96.0
-85.0
-106.0
-99.0
-53.0
-33.0
2.0
23.0
-27.0
-26.0
-11.0
58.0
63.0
49.0
-7.0
-27.0
-48.0
11.0
9.0
14.0
23.0
23.0
41.0
5.0
37.0
70.0
31.0
23.0
118.0
119.0
56.0
-3.0
-46.0
-92.0
-82.0
-110.0
-111.0
-87.0
-87.0
-83.0
-52.0
47.0
78.0
70.0
78.0
62.0
54.0
65.0
55.0
50.0
58.0
47.0
50.0
0.0
-7.0
-8.0
19.0
5.0
-14.0
-10.0
-15.0
-40.0
-40.0
-50.0
-99.0
-109.0
-192.0
-188.0
-166.0
-165.0
-90.0
-68.0
-15.0
32.0
58.0
88.0
78.0
151.0
110.0
105.0
111.0
60.0
80.0
72.0
55.0
52.0
56.0
39.0
8.0
14.0
-14.0
-24.0
-10.0
-34.0
-50.0
-37.0
-71.0
-41.0
-127.0
-134.0
-69.0
-79.0
-97.0
-103.0
-101.0
-62.0
-40.0
-12.0
-14.0
-13.0
-11.0
-49.0
-8.0
56.0
31.0
26.0
52.0
57.0
21.0
22.0
57.0
-54.0
-20.0
1.0
9.0
41.0
44.0
48.0
49.0
48.0
53.0
44.0
-23.0
-71.0
-44.0
-36.0
-27.0
2.0
12.0
13.0
10.0
74.0
86.0
70.0
119.0
85.0
40.0
51.0
6.0
3.0
-9.0
-28.0
-2.0
2.0
3.0
-37.0
23.0
24.0
-17.0
-17.0
1.0
-27.0
-79.0
-8.0
-34.0
-97.0
-147.0
-176.0
-147.0
-153.0
-115.0
-92.0
-18.0
-18.0
3.0
3.0
-59.0
-52.0
0.0
-3.0
-17.0
-4.0
20.0
71.0
61.0
87.0
54.0
46.0
21.0
23.0
-9.0
-6.0
-27.0
-37.0
-26.0
-32.0
-60.0
6.0
6.0
7.0
-36.0
-3.0
-25.0
-40.0
-49.0
-23.0
-43.0
-59.0
-38.0
-38.0
-21.0
-16.0
-70.0
-122.0
-127.0
-69.0
-36.0
-22.0
28.0
31.0
26.0
23.0
89.0
142.0
140.0
147.0
113.0
131.0
112.0
116.0
125.0
100.0
65.0
38.0
-4.0
-26.0
-10.0
-17.0
-63.0
-62.0
-48.0
-67.0
-58.0
-80.0
-68.0
-77.0
-8.0
-6.0
-42.0
-43.0
-117.0
-102.0
-85.0
-78.0
-38.0
4.0
-14.0
16.0
-5.0
-5.0
-5.0
10.0
9.0
7.0
-70.0
-118.0
-115.0
-154.0
-130.0
-130.0
-116.0
-126.0
-17.0
29.0
58.0
125.0
127.0
163.0
155.0
162.0
166.0
163.0
154.0
105.0
65.0
39.0
25.0
33.0
-40.0
-42.0
-3.0
9.0
-24.0
-93.0
-96.0
-83.0
-35.0
3.0
8.0
5.0
50.0
52.0
91.0
75.0
37.0
20.0
-13.0
-20.0
-88.0
-107.0
-131.0
-88.0
-72.0
-58.0
37.0
31.0
26.0
5.0
9.0
4.0
59.0
45.0
95.0
38.0
51.0
54.0
-5.0
-4.0
-20.0
-16.0
-23.0
-77.0
-21.0
34.0
62.0
31.0
19.0
-24.0
2.0
-1.0
30.0
-30.0
-52.0
-16.0
-29.0
-89.0
-109.0
-114.0
-129.0
-132.0
-146.0
-86.0
-64.0
-51.0
7.0
28.0
136.0
-109.0
23.0
31.0
25.0
64.0
119.0
50.0
-65.0
-31.0
-14.0
-63.0
27.0
38.0
13.0
13.0
77.0
133.0
88.0
122.0
114.0
127.0
97.0
99.0
25.0
9.0
32.0
4.0
-19.0
13.0
-25.0
-24.0
0.0
-7.0
-70.0
-72.0
-86.0
-88.0
-91.0
-69.0
-101.0
-100.0
-108.0
-104.0
-73.0
-63.0
-87.0
-111.0
-110.0
-152.0
-178.0
-180.0
-151.0
-148.0
-120.0
-75.0
8.0
103.0
142.0
166.0
143.0
151.0
133.0
134.0
109.0
101.0
97.0
107.0
93.0
51.0
46.0
12.0
6.0
1.0
-6.0
-8.0
-46.0
-109.0
-59.0
-99.0
-42.0
-39.0
-56.0
-60.0
-27.0
-50.0
-15.0
-21.0
-33.0
-45.0
-46.0
-49.0
-60.0
-64.0
-34.0
-49.0
-35.0
-39.0
-77.0
-101.0
-46.0
-72.0
-13.0
-8.0
31.0
41.0
63.0
83.0
103.0
101.0
78.0
73.0
33.0
36.0
39.0
-8.0
-39.0
-47.0
-15.0
-91.0
-73.0
-46.0
-22.0
-17.0
-7.0
22.0
100.0
101.0
123.0
110.0
65.0
47.0
39.0
41.0
44.0
17.0
1.0
11.0
-25.0
-33.0
-24.0
-39.0
-46.0
-47.0
-15.0
-56.0
-21.0
-72.0
-44.0
-46.0
-85.0
-111.0
-111.0
-117.0
-151.0
-94.0
-86.0
-68.0
-64.0
-46.0
-5.0
52.0
82.0
85.0
65.0
108.0
128.0
155.0
78.0
33.0
20.0
-26.0
-44.0
-44.0
-1.0
-24.0
-85.0
-114.0
-116.0
-90.0
-20.0
-29.0
43.0
43.0
98.0
95.0
113.0
117.0
72.0
118.0
122.0
111.0
67.0
65.0
66.0
32.0
-3.0
-26.0
0.0
-43.0
-52.0
-73.0
-37.0
-33.0
-26.0
-82.0
-106.0
-85.0
-101.0
-56.0
-30.0
-19.0
-14.0
-11.0
-4.0
-6.0
13.0
-32.0
-19.0
28.0
44.0
-29.0
-34.0
-33.0
-24.0
-13.0
-2.0
-39.0
-45.0
-33.0
-26.0
-48.0
-98.0
-97.0
-155.0
-122.0
-93.0
-80.0
19.0
87.0
85.0
123.0
147.0
147.0
140.0
130.0
159.0
139.0
74.0
100.0
0.0
23.0
62.0
63.0
38.0
17.0
29.0
-6.0
-39.0
-29.0
-68.0
-111.0
-114.0
-115.0
-87.0
-28.0
-16.0
-16.0
-66.0
-65.0
-63.0
-146.0
-102.0
-98.0
-49.0
-34.0
-17.0
-64.0
-68.0
-91.0
-130.0
29.0
26.0
20.0
24.0
41.0
88.0
73.0
81.0
14.0
21.0
-4.0
20.0
12.0
-17.0
-57.0
-77.0
0.0
52.0
96.0
75.0
86.0
98.0
103.0
70.0
41.0
-250.0
-244.0
-110.0
113.0
183.0
161.0
125.0
125.0
54.0
63.0
72.0
4.0
12.0
-27.0
-41.0
-49.0
-117.0
-120.0
-138.0
-126.0
-165.0
-127.0
-97.0
-66.0
-35.0
11.0
1.0
1.0
101.0
80.0
103.0
146.0
109.0
128.0
85.0
65.0
-23.0
-12.0
52.0
4.0
26.0
38.0
30.0
17.0
14.0
13.0
-15.0
-10.0
21.0
34.0
-4.0
-56.0
-151.0
-118.0
-166.0
-101.0
-61.0
-61.0
-20.0
21.0
25.0
11.0
38.0
92.0
128.0
103.0
71.0
68.0
55.0
24.0
-11.0
-66.0
-61.0
-42.0
-18.0
-61.0
7.0
7.0
-50.0
-93.0
-35.0
-36.0
26.0
3.0
-21.0
-95.0
-53.0
-55.0
-107.0
-127.0
-99.0
-83.0
-9.0
83.0
75.0
74.0
37.0
38.0
26.0
23.0
53.0
51.0
23.0
-4.0
17.0
19.0
16.0
16.0
10.0
-5.0
-16.0
-13.0
0.0
-4.0
-81.0
-87.0
-44.0
-49.0
-102.0
-49.0
-71.0
-66.0
-29.0
65.0
45.0
8.0
-21.0
-14.0
-62.0
-73.0
-81.0
-20.0
30.0
49.0
90.0
114.0
168.0
169.0
94.0
110.0
89.0
81.0
52.0
32.0
37.0
-104.0
-131.0
-141.0
-105.0
-55.0
-9.0
20.0
44.0
2.0
-12.0
24.0
-44.0
-40.0
13.0
10.0
-59.0
-83.0
-33.0
-15.0
-46.0
-77.0
-96.0
-95.0
-163.0
-200.0
-200.0
-170.0
-120.0
-76.0
-12.0
25.0
95.0
98.0
143.0
151.0
122.0
122.0
171.0
213.0
207.0
149.0
109.0
111.0
99.0
63.0
55.0
12.0
-43.0
-93.0
-129.0
-149.0
-162.0
-162.0
-121.0
-141.0
-120.0
-131.0
-192.0
-76.0
-20.0
-23.0
112.0
110.0
176.0
80.0
1.0
-77.0
-179.0
-70.0
-22.0
68.0
81.0
77.0
37.0
76.0
103.0
172.0
146.0
125.0
161.0
157.0
117.0
117.0
87.0
64.0
60.0
17.0
12.0
17.0
-25.0
-67.0
-91.0
-94.0
-70.0
-31.0
-42.0
-66.0
-107.0
-74.0
-86.0
-82.0
-84.0
-89.0
-141.0
-149.0
-170.0
-146.0
-82.0
-30.0
-2.0
20.0
48.0
50.0
81.0
62.0
86.0
68.0
59.0
37.0
42.0
41.0
3.0
2.0
-9.0
-14.0
-41.0
-44.0
-26.0
0.0
-27.0
-48.0
-39.0
-39.0
-68.0
-54.0
-94.0
-60.0
-99.0
-145.0
-112.0
-90.0
-75.0
-75.0
-40.0
39.0
89.0
81.0
115.0
133.0
135.0
96.0
124.0
121.0
60.0
83.0
54.0
87.0
104.0
32.0
29.0
33.0
65.0
74.0
24.0
24.0
-6.0
-20.0
-26.0
-11.0
-106.0
-101.0
-82.0
-83.0
-86.0
-46.0
-79.0
-57.0
-62.0
-14.0
-25.0
-24.0
-19.0
-17.0
-39.0
-49.0
-39.0
7.0
67.0
20.0
-8.0
-39.0
-133.0
-136.0
-135.0
-98.0
-30.0
26.0
71.0
47.0
52.0
34.0
61.0
67.0
5.0
-38.0
12.0
0.0
10.0
63.0
-44.0
-4.0
23.0
22.0
22.0
37.0
-36.0
-7.0
25.0
7.0
10.0
9.0
-4.0
-12.0
4.0
-23.0
-91.0
-90.0
-96.0
-85.0
-19.0
35.0
53.0
56.0
97.0
104.0
111.0
77.0
46.0
22.0
-27.0
-56.0
0.0
0.0
30.0
13.0
38.0
72.0
67.0
55.0
29.0
60.0
49.0
48.0
55.0
46.0
28.0
-10.0
-38.0
-42.0
-63.0
-102.0
-111.0
-121.0
-121.0
-95.0
-61.0
-43.0
9.0
50.0
28.0
2.0
50.0
49.0
73.0
7.0
13.0
-8.0
-36.0
-22.0
21.0
-23.0
-1.0
2.0
-28.0
20.0
53.0
72.0
42.0
-30.0
-31.0
-5.0
-40.0
-33.0
-16.0
-15.0
-78.0
-91.0
3.0
-7.0
51.0
-9.0
8.0
7.0
-33.0
-77.0
-91.0
-38.0
-55.0
-51.0
-51.0
-35.0
0.0
3.0
11.0
28.0
30.0
38.0
-50.0
10.0
23.0
26.0
38.0
39.0
8.0
-13.0
-7.0
-12.0
-39.0
4.0
5.0
-5.0
-40.0
-45.0
-98.0
-111.0
-119.0
-106.0
-77.0
-57.0
-100.0
-12.0
74.0
76.0
74.0
50.0
49.0
61.0
46.0
42.0
72.0
94.0
95.0
89.0
103.0
46.0
-20.0
-18.0
-62.0
-68.0
-46.0
-26.0
69.0
81.0
38.0
20.0
-3.0
-40.0
-61.0
-4.0
30.0
53.0
58.0
53.0
13.0
72.0
19.0
18.0
16.0
19.0
23.0
-1.0
-21.0
-27.0
-66.0
-47.0
-66.0
-29.0
-14.0
5.0
-7.0
-29.0
18.0
30.0
62.0
52.0
76.0
43.0
40.0
5.0
22.0
-36.0
-46.0
-53.0
-78.0
-60.0
-106.0
-57.0
-27.0
-23.0
24.0
70.0
44.0
38.0
90.0
129.0
121.0
77.0
70.0
62.0
-18.0
34.0
-24.0
-21.0
-19.0
36.0
-67.0
-198.0
-182.0
-133.0
-113.0
-50.0
-83.0
-81.0
-59.0
-4.0
7.0
44.0
31.0
112.0
141.0
120.0
95.0
99.0
84.0
92.0
65.0
6.0
-55.0
-84.0
-64.0
-108.0
-53.0
-51.0
-27.0
-8.0
-22.0
-31.0
-29.0
-18.0
-6.0
39.0
16.0
20.0
42.0
-1.0
24.0
33.0
2.0
-4.0
-11.0
-59.0
-59.0
-63.0
-59.0
-67.0
-59.0
-40.0
-19.0
-3.0
8.0
-16.0
-12.0
-14.0
22.0
8.0
-18.0
-36.0
-43.0
13.0
28.0
38.0
-5.0
-7.0
-46.0
-71.0
-104.0
-96.0
-60.0
-34.0
23.0
80.0
96.0
89.0
45.0
59.0
57.0
44.0
13.0
25.0
44.0
56.0
40.0
43.0
24.0
2.0
-68.0
-55.0
-33.0
-74.0
-76.0
-35.0
-24.0
-21.0
4.0
-2.0
-8.0
-10.0
47.0
59.0
47.0
20.0
-38.0
-39.0
-28.0
-26.0
-15.0
-33.0
-17.0
-22.0
-1.0
-95.0
-67.0
-74.0
-125.0
-152.0
-82.0
-6.0
-28.0
9.0
39.0
18.0
4.0
3.0
42.0
17.0
60.0
64.0
123.0
74.0
6.0
6.0
12.0
12.0
25.0
31.0
32.0
68.0
96.0
79.0
84.0
89.0
66.0
66.0
29.0
22.0
37.0
34.0
3.0
-35.0
-43.0
-51.0
-69.0
-60.0
-107.0
-146.0
-143.0
-230.0
-166.0
-69.0
-18.0
-28.0
-16.0
-13.0
37.0
32.0
-21.0
-7.0
-2.0
2.0
95.0
91.0
65.0
72.0
3.0
47.0
14.0
39.0
-37.0
-58.0
-63.0
-28.0
-33.0
-31.0
-51.0
-73.0
-112.0
-147.0
-117.0
-112.0
-69.0
8.0
12.0
2.0
15.0
16.0
38.0
20.0
16.0
27.0
68.0
55.0
60.0
54.0
49.0
37.0
34.0
22.0
27.0
-27.0
-34.0
-54.0
-50.0
-51.0
23.0
20.0
28.0
-1.0
33.0
15.0
-2.0
0.0
-30.0
-20.0
-16.0
-51.0
-49.0
-81.0
-105.0
-105.0
-87.0
-66.0
-29.0
-26.0
-25.0
52.0
51.0
28.0
40.0
73.0
97.0
79.0
60.0
62.0
61.0
48.0
70.0
60.0
64.0
5.0
-5.0
4.0
9.0
15.0
44.0
29.0
13.0
-5.0
-12.0
17.0
1.0
-52.0
-41.0
-43.0
-41.0
-57.0
-35.0
-57.0
-60.0
-89.0
-81.0
-108.0
-109.0
-107.0
-89.0
-26.0
67.0
44.0
27.0
-5.0
-78.0
-149.0
-82.0
-80.0
-40.0
-46.0
-20.0
2.0
58.0
72.0
77.0
155.0
132.0
141.0
151.0
143.0
112.0
95.0
72.0
10.0
-29.0
-68.0
-58.0
-60.0
-47.0
20.0
19.0
38.0
37.0
59.0
56.0
81.0
29.0
26.0
63.0
24.0
9.0
-35.0
-68.0
-53.0
-40.0
-18.0
-88.0
-88.0
-91.0
-87.0
-88.0
-120.0
-126.0
-163.0
-169.0
-113.0
-87.0
-84.0
-83.0
-46.0
-89.0
13.0
5.0
1.0
72.0
73.0
62.0
68.0
71.0
52.0
112.0
76.0
9.0
-48.0
36.0
60.0
2.0
11.0
57.0
66.0
-85.0
2.0
93.0
34.0
-4.0
-15.0
-39.0
-35.0
-29.0
-6.0
-15.0
11.0
-35.0
-15.0
-116.0
-155.0
-237.0
-241.0
-144.0
-123.0
-51.0
-2.0
80.0
106.0
109.0
113.0
133.0
130.0
142.0
132.0
170.0
140.0
143.0
123.0
49.0
9.0
-34.0
-33.0
-39.0
-21.0
14.0
11.0
-43.0
-44.0
-81.0
-75.0
-49.0
-47.0
-94.0
-78.0
-125.0
-101.0
-83.0
-112.0
-107.0
-104.0
-100.0
-94.0
-92.0
-55.0
-43.0
-2.0
50.0
81.0
81.0
20.0
8.0
10.0
-20.0
-4.0
-7.0
-41.0
5.0
37.0
44.0
30.0
72.0
77.0
52.0
75.0
50.0
92.0
105.0
10.0
-13.0
-22.0
-70.0
-73.0
-104.0
-95.0
-61.0
-25.0
-52.0
-14.0
-21.0
-37.0
-20.0
-17.0
-22.0
7.0
20.0
-17.0
17.0
72.0
88.0
98.0
70.0
69.0
26.0
26.0
28.0
7.0
-45.0
-9.0
-46.0
-21.0
-25.0
-31.0
-17.0
-48.0
-82.0
-70.0
-51.0
-68.0
-69.0
-123.0
-147.0
-143.0
-151.0
-121.0
-38.0
-53.0
-23.0
33.0
95.0
124.0
118.0
122.0
148.0
116.0
82.0
62.0
50.0
-12.0
-75.0
-30.0
-48.0
-52.0
-40.0
-40.0
-24.0
13.0
46.0
92.0
87.0
93.0
43.0
41.0
29.0
-28.0
39.0
56.0
38.0
41.0
-26.0
-13.0
11.0
8.0
-25.0
18.0
-6.0
22.0
15.0
13.0
36.0
-29.0
-37.0
-35.0
-31.0
-33.0
-63.0
-41.0
-32.0
-36.0
-81.0
-78.0
-49.0
-51.0
-62.0
-60.0
-56.0
-57.0
-65.0
-71.0
-39.0
-14.0
12.0
20.0
-20.0
12.0
-22.0
11.0
69.0
68.0
70.0
-7.0
77.0
77.0
62.0
-4.0
-15.0
-44.0
-52.0
37.0
-217.0
-114.0
22.0
30.0
-4.0
25.0
71.0
103.0
-84.0
-153.0
-79.0
87.0
103.0
103.0
5.0
-43.0
-37.0
-44.0
1.0
-28.0
-26.0
57.0
53.0
54.0
71.0
-16.0
4.0
19.0
38.0
59.0
81.0
50.0
-17.0
-18.0
-24.0
-34.0
-26.0
55.0
72.0
32.0
25.0
22.0
29.0
32.0
52.0
26.0
-12.0
-86.0
-53.0
5.0
3.0
-4.0
-24.0
-22.0
9.0
69.0
113.0
91.0
42.0
38.0
13.0
24.0
-94.0
-95.0
-82.0
-83.0
-46.0
13.0
-16.0
-49.0
-126.0
-161.0
-186.0
-191.0
-119.0
-48.0
-29.0
-33.0
-11.0
22.0
39.0
56.0
16.0
22.0
27.0
-3.0
0.0
-28.0
30.0
32.0
56.0
40.0
32.0
26.0
30.0
9.0
-13.0
-35.0
17.0
-28.0
-39.0
32.0
30.0
37.0
-8.0
-8.0
-113.0
-72.0
-46.0
-54.0
-32.0
-65.0
-30.0
-34.0
-10.0
14.0
2.0
28.0
49.0
67.0
-23.0
-3.0
25.0
28.0
-34.0
-49.0
-45.0
-16.0
2.0
4.0
66.0
62.0
73.0
74.0
50.0
93.0
88.0
18.0
35.0
17.0
15.0
-50.0
-24.0
-26.0
1.0
-38.0
-47.0
-13.0
13.0
25.0
35.0
50.0
37.0
41.0
33.0
-19.0
-13.0
-28.0
-35.0
-21.0
-114.0
-100.0
-103.0
-109.0
-141.0
-141.0
-143.0
-71.0
-79.0
-17.0
5.0
25.0
11.0
8.0
75.0
55.0
40.0
56.0
17.0
25.0
11.0
3.0
57.0
55.0
40.0
55.0
37.0
1.0
8.0
0.0
-32.0
-43.0
-43.0
-44.0
-23.0
13.0
4.0
-48.0
-52.0
-36.0
-85.0
-33.0
-22.0
-24.0
-7.0
3.0
26.0
18.0
32.0
45.0
10.0
-5.0
-40.0
-44.0
-34.0
-19.0
-39.0
-16.0
-37.0
-42.0
11.0
46.0
-2.0
2.0
-12.0
-35.0
-26.0
0.0
23.0
14.0
42.0
96.0
91.0
88.0
112.0
78.0
76.0
72.0
80.0
-1.0
-36.0
18.0
-2.0
-11.0
-1.0
-34.0
-27.0
-45.0
-89.0
-41.0
-54.0
-103.0
-165.0
-159.0
-105.0
-89.0
-93.0
-81.0
-57.0
33.0
100.0
89.0
57.0
60.0
67.0
46.0
49.0
43.0
57.0
54.0
80.0
39.0
47.0
41.0
17.0
-27.0
-10.0
-5.0
-5.0
-3.0
-21.0
-19.0
-46.0
-45.0
-99.0
-66.0
-135.0
-106.0
-54.0
-24.0
-25.0
10.0
100.0
94.0
119.0
139.0
93.0
82.0
10.0
62.0
101.0
89.0
65.0
65.0
20.0
-29.0
7.0
-9.0
-28.0
-78.0
-73.0
-84.0
-67.0
-60.0
-19.0
30.0
32.0
-14.0
-16.0
-74.0
-28.0
-54.0
-92.0
-95.0
-100.0
-98.0
-60.0
-96.0
-99.0
-64.0
6.0
-17.0
-39.0
-47.0
-18.0
-44.0
-101.0
-89.0
-142.0
-140.0
-47.0
-24.0
9.0
2.0
-38.0
-5.0
69.0
89.0
133.0
110.0
112.0
57.0
92.0
93.0
130.0
73.0
45.0
-11.0
-40.0
0.0
79.0
79.0
-20.0
-25.0
-114.0
-185.0
-140.0
-95.0
-92.0
-4.0
-1.0
31.0
65.0
62.0
114.0
126.0
141.0
120.0
152.0
156.0
212.0
199.0
74.0
71.0
13.0
-56.0
-77.0
-65.0
-118.0
-142.0
-107.0
-97.0
-107.0
-100.0
-11.0
16.0
33.0
93.0
89.0
53.0
38.0
58.0
49.0
55.0
45.0
46.0
26.0
8.0
-38.0
-31.0
-56.0
-53.0
-66.0
-67.0
-100.0
-89.0
-51.0
-33.0
-33.0
-68.0
-175.0
-181.0
-169.0
-175.0
-214.0
-171.0
-119.0
-87.0
-37.0
38.0
98.0
125.0
96.0
89.0
142.0
119.0
166.0
78.0
48.0
60.0
47.0
20.0
31.0
29.0
0.0
33.0
-7.0
14.0
37.0
38.0
52.0
16.0
33.0
34.0
9.0
-6.0
-10.0
5.0
-78.0
-57.0
-104.0
-121.0
-138.0
-140.0
-104.0
-28.0
-48.0
-11.0
35.0
-28.0
-27.0
-46.0
-20.0
-21.0
-111.0
-37.0
0.0
-11.0
30.0
-15.0
3.0
2.0
35.0
34.0
45.0
39.0
42.0
28.0
15.0
8.0
-1.0
5.0
37.0
39.0
47.0
7.0
-2.0
-26.0
-70.0
-56.0
-22.0
-18.0
-12.0
-15.0
18.0
-7.0
25.0
27.0
36.0
75.0
53.0
45.0
30.0
31.0
30.0
-34.0
-79.0
-60.0
-77.0
-95.0
-101.0
-7.0
80.0
79.0
43.0
48.0
83.0
144.0
155.0
141.0
30.0
15.0
86.0
82.0
22.0
35.0
-39.0
-47.0
-33.0
-50.0
-77.0
-75.0
-64.0
-60.0
-20.0
21.0
-6.0
-18.0
-36.0
-17.0
-6.0
-76.0
-72.0
-70.0
-66.0
-62.0
-67.0
-78.0
-44.0
-82.0
-170.0
-131.0
-88.0
-89.0
-57.0
31.0
60.0
86.0
116.0
18.0
-21.0
-20.0
-45.0
-43.0
-60.0
-39.0
18.0
26.0
-11.0
48.0
81.0
105.0
98.0
97.0
82.0
75.0
94.0
81.0
74.0
22.0
35.0
-12.0
-40.0
-38.0
-74.0
-71.0
-72.0
-69.0
-132.0
-72.0
-27.0
43.0
74.0
71.0
-40.0
-41.0
17.0
47.0
51.0
46.0
24.0
97.0
78.0
70.0
86.0
39.0
29.0
27.0
37.0
19.0
0.0
-8.0
-47.0
-40.0
-27.0
-29.0
-44.0
-71.0
-127.0
-180.0
-155.0
-148.0
-115.0
-119.0
-107.0
-5.0
3.0
30.0
88.0
104.0
70.0
95.0
131.0
132.0
119.0
91.0
75.0
36.0
87.0
-8.0
9.0
-28.0
-44.0
-44.0
-42.0
-26.0
-39.0
-46.0
-57.0
-96.0
-79.0
-65.0
-69.0
-66.0
-29.0
-87.0
-90.0
-91.0
-105.0
-48.0
-22.0
-33.0
-24.0
-20.0
92.0
90.0
40.0
7.0
13.0
59.0
16.0
24.0
6.0
3.0
-9.0
9.0
4.0
-38.0
-3.0
49.0
31.0
-19.0
19.0
15.0
22.0
60.0
-11.0
-75.0
-20.0
-15.0
-28.0
1.0
0.0
5.0
62.0
79.0
53.0
18.0
42.0
35.0
35.0
65.0
29.0
30.0
17.0
-31.0
-54.0
-63.0
-126.0
-124.0
-130.0
-25.0
-19.0
-18.0
-60.0
8.0
-11.0
-7.0
83.0
127.0
66.0
35.0
-10.0
-4.0
-41.0
-63.0
7.0
33.0
-13.0
-12.0
62.0
74.0
51.0
52.0
42.0
15.0
-97.0
-62.0
-23.0
40.0
-6.0
-60.0
-41.0
-34.0
-46.0
-52.0
7.0
44.0
81.0
43.0
28.0
2.0
6.0
7.0
-14.0
-93.0
-51.0
-32.0
-18.0
-11.0
-5.0
24.0
-21.0
-16.0
45.0
95.0
55.0
19.0
9.0
2.0
-5.0
-36.0
-32.0
-26.0
-51.0
-72.0
-118.0
-140.0
-138.0
-110.0
-73.0
17.0
5.0
2.0
26.0
38.0
40.0
127.0
93.0
87.0
91.0
55.0
42.0
48.0
14.0
-55.0
-106.0
-86.0
-40.0
-81.0
-91.0
43.0
26.0
25.0
11.0
33.0
68.0
98.0
-1.0
-61.0
-48.0
-22.0
-22.0
-17.0
-47.0
-46.0
-90.0
-108.0
-123.0
-238.0
-220.0
-105.0
-69.0
-69.0
-18.0
7.0
117.0
82.0
121.0
142.0
136.0
132.0
175.0
174.0
200.0
164.0
81.0
63.0
29.0
-13.0
10.0
-19.0
-39.0
-42.0
-71.0
-91.0
-84.0
-153.0
-143.0
-93.0
-62.0
-51.0
-89.0
-83.0
27.0
53.0
74.0
65.0
54.0
48.0
22.0
-14.0
7.0
8.0
-9.0
0.0
-24.0
20.0
13.0
0.0
-82.0
-78.0
-49.0
-49.0
-34.0
-84.0
-126.0
-123.0
-108.0
-25.0
-74.0
41.0
48.0
48.0
37.0
34.0
46.0
60.0
68.0
48.0
10.0
-7.0
47.0
45.0
23.0
-1.0
-7.0
-37.0
50.0
101.0
54.0
53.0
-72.0
-72.0
-7.0
-17.0
-65.0
-142.0
-147.0
-139.0
-105.0
-33.0
60.0
62.0
79.0
88.0
93.0
63.0
74.0
60.0
108.0
151.0
129.0
123.0
52.0
27.0
14.0
14.0
14.0
-70.0
-72.0
-75.0
-78.0
-82.0
-110.0
-78.0
-49.0
-35.0
-46.0
-41.0
-37.0
-65.0
-60.0
-57.0
-20.0
24.0
31.0
-39.0
-50.0
-49.0
-46.0
-137.0
-124.0
-127.0
-106.0
-68.0
-180.0
-83.0
41.0
57.0
58.0
32.0
39.0
38.0
73.0
89.0
112.0
100.0
71.0
70.0
39.0
30.0
-7.0
-7.0
-18.0
-19.0
-45.0
-75.0
-66.0
-75.0
-81.0
-17.0
1.0
0.0
46.0
-20.0
-113.0
29.0
41.0
66.0
158.0
58.0
47.0
51.0
52.0
-29.0
-54.0
48.0
15.0
-10.0
-25.0
-20.0
-15.0
-14.0
-17.0
-25.0
-24.0
-21.0
14.0
-4.0
6.0
40.0
49.0
54.0
57.0
11.0
82.0
45.0
58.0
36.0
13.0
26.0
-24.0
-21.0
-44.0
-52.0
-57.0
-61.0
-66.0
-83.0
-22.0
-46.0
-28.0
-26.0
-16.0
7.0
1.0
23.0
14.0
4.0
53.0
95.0
-29.0
-26.0
-53.0
4.0
37.0
47.0
52.0
52.0
-24.0
-80.0
-7.0
-7.0
4.0
13.0
-30.0
41.0
-21.0
-28.0
-47.0
-16.0
38.0
42.0
41.0
-10.0
-69.0
-41.0
-66.0
-74.0
-134.0
-94.0
-67.0
-61.0
0.0
3.0
29.0
-18.0
-9.0
-1.0
46.0
75.0
134.0
133.0
71.0
64.0
92.0
52.0
36.0
30.0
29.0
26.0
-35.0
-35.0
-59.0
-71.0
-38.0
-75.0
-20.0
-29.0
-1.0
-14.0
-30.0
-32.0
2.0
-47.0
-13.0
-25.0
-14.0
-42.0
-37.0
-61.0
-45.0
-45.0
-74.0
-36.0
-11.0
-23.0
15.0
2.0
-22.0
-35.0
29.0
31.0
2.0
29.0
-9.0
30.0
47.0
51.0
102.0
65.0
37.0
41.0
36.0
-7.0
-25.0
0.0
15.0
21.0
-9.0
31.0
20.0
21.0
27.0
3.0
-29.0
24.0
-20.0
-14.0
-65.0
-85.0
-59.0
-63.0
-5.0
-43.0
-98.0
-50.0
-74.0
-52.0
0.0
-9.0
-20.0
-28.0
5.0
14.0
41.0
84.0
45.0
35.0
31.0
29.0
12.0
10.0
20.0
-28.0
-77.0
-53.0
-45.0
-69.0
-105.0
-42.0
4.0
10.0
23.0
7.0
48.0
37.0
36.0
66.0
10.0
15.0
14.0
14.0
-12.0
10.0
8.0
9.0
-32.0
-69.0
-94.0
-87.0
-78.0
-82.0
-137.0
-43.0
57.0
96.0
141.0
128.0
88.0
144.0
122.0
130.0
67.0
-60.0
-36.0
-24.0
45.0
76.0
95.0
78.0
54.0
46.0
23.0
44.0
-9.0
-5.0
-35.0
-77.0
-112.0
-120.0
-94.0
-92.0
-13.0
-21.0
17.0
39.0
3.0
-29.0
27.0
28.0
11.0
9.0
-43.0
-89.0
-114.0
-119.0
-115.0
-103.0
-57.0
11.0
40.0
39.0
86.0
75.0
48.0
59.0
8.0
11.0
48.0
6.0
-61.0
-66.0
-135.0
-85.0
-60.0
-57.0
-66.0
-9.0
-4.0
-52.0
-51.0
-50.0
-22.0
-18.0
37.0
32.0
-35.0
-5.0
-11.0
-48.0
-92.0
-89.0
-90.0
-153.0
-144.0
-154.0
-71.0
-1.0
25.0
-16.0
7.0
4.0
50.0
66.0
45.0
24.0
11.0
-9.0
-10.0
3.0
15.0
18.0
35.0
7.0
3.0
45.0
63.0
48.0
44.0
56.0
38.0
43.0
37.0
27.0
-34.0
-39.0
-64.0
-134.0
-114.0
-71.0
-59.0
-53.0
-31.0
3.0
29.0
110.0
107.0
116.0
132.0
167.0
158.0
157.0
109.0
29.0
18.0
3.0
-26.0
3.0
-23.0
-73.0
-68.0
-57.0
-34.0
-11.0
-46.0
-58.0
-64.0
-67.0
-119.0
-164.0
-164.0
-159.0
-145.0
-144.0
-102.0
-38.0
100.0
152.0
147.0
142.0
142.0
143.0
82.0
98.0
65.0
64.0
82.0
52.0
98.0
33.0
42.0
46.0
47.0
39.0
71.0
110.0
65.0
-2.0
-35.0
-43.0
-95.0
-92.0
-47.0
-79.0
-77.0
-41.0
-74.0
-56.0
-49.0
-46.0
-67.0
-62.0
-28.0
-64.0
-101.0
-136.0
-172.0
-212.0
-121.0
-14.0
-11.0
-9.0
-10.0
-41.0
38.0
8.0
-73.0
-82.0
41.0
52.0
-2.0
-11.0
37.0
66.0
57.0
-30.0
-3.0
76.0
24.0
69.0
56.0
48.0
43.0
26.0
-4.0
-51.0
-19.0
-7.0
21.0
13.0
-2.0
-2.0
-60.0
-72.0
15.0
7.0
4.0
-26.0
-20.0
15.0
-19.0
-22.0
-37.0
-38.0
-16.0
-6.0
36.0
44.0
22.0
6.0
-13.0
-17.0
-3.0
-26.0
-75.0
-66.0
-60.0
-30.0
-34.0
-17.0
0.0
1.0
14.0
-68.0
-45.0
-61.0
7.0
-5.0
39.0
69.0
78.0
86.0
14.0
69.0
111.0
20.0
98.0
118.0
79.0
28.0
5.0
-4.0
-4.0
6.0
26.0
8.0
18.0
-38.0
-34.0
-24.0
-64.0
-63.0
-17.0
-61.0
17.0
18.0
3.0
-19.0
-45.0
55.0
109.0
107.0
60.0
37.0
-30.0
27.0
70.0
18.0
6.0
1.0
-32.0
-29.0
-47.0
-51.0
-35.0
-9.0
-18.0
-43.0
-57.0
-68.0
6.0
12.0
53.0
59.0
19.0
-4.0
18.0
3.0
-22.0
31.0
-58.0
-66.0
-63.0
-45.0
-9.0
-17.0
21.0
43.0
-18.0
-23.0
-30.0
-34.0
-56.0
-36.0
-80.0
-72.0
-79.0
-48.0
-66.0
-62.0
17.0
23.0
-50.0
-75.0
-39.0
17.0
86.0
150.0
115.0
71.0
19.0
16.0
13.0
21.0
-89.0
-77.0
-83.0
-79.0
-63.0
-29.0
-59.0
-51.0
-31.0
-15.0
-36.0
12.0
34.0
118.0
167.0
157.0
17.0
12.0
22.0
44.0
52.0
9.0
54.0
64.0
115.0
70.0
37.0
35.0
23.0
-8.0
-21.0
-10.0
-2.0
-34.0
-70.0
-96.0
-108.0
-103.0
-68.0
-70.0
-64.0
-29.0
-42.0
-60.0
-123.0
-156.0
-135.0
-125.0
-68.0
-70.0
-79.0
-42.0
-24.0
21.0
48.0
67.0
86.0
93.0
88.0
71.0
52.0
64.0
67.0
-167.0
-174.0
-138.0
44.0
51.0
113.0
121.0
80.0
89.0
20.0
-37.0
-65.0
-48.0
-90.0
-83.0
6.0
4.0
-30.0
26.0
25.0
52.0
-2.0
-133.0
-127.0
-134.0
-153.0
-14.0
155.0
186.0
129.0
126.0
127.0
101.0
95.0
95.0
17.0
-102.0
-143.0
-70.0
-2.0
-16.0
28.0
66.0
44.0
51.0
94.0
82.0
55.0
59.0
8.0
-8.0
-81.0
-126.0
-84.0
-80.0
-79.0
-24.0
-17.0
-86.0
-60.0
-36.0
-11.0
-20.0
-16.0
-12.0
-2.0
-41.0
-37.0
-45.0
-44.0
-63.0
-87.0
-87.0
-102.0
-100.0
-91.0
-85.0
-40.0
-17.0
24.0
20.0
23.0
5.0
21.0
21.0
4.0
10.0
2.0
-22.0
-24.0
-15.0
-2.0
56.0
68.0
70.0
60.0
57.0
67.0
95.0
118.0
103.0
88.0
68.0
27.0
23.0
14.0
-11.0
-85.0
-51.0
-36.0
-29.0
-24.0
-41.0
-77.0
-79.0
-53.0
18.0
-12.0
-16.0
-46.0
-28.0
-16.0
9.0
16.0
14.0
25.0
-51.0
-29.0
-37.0
-60.0
-63.0
-85.0
-112.0
-84.0
-83.0
-46.0
-49.0
-39.0
13.0
44.0
29.0
83.0
78.0
99.0
100.0
81.0
58.0
41.0
41.0
41.0
17.0
9.0
-27.0
-27.0
-34.0
-86.0
-89.0
-111.0
20.0
65.0
29.0
-19.0
11.0
8.0
15.0
6.0
-2.0
-66.0
22.0
53.0
62.0
58.0
76.0
28.0
18.0
-3.0
18.0
-18.0
20.0
0.0
29.0
28.0
10.0
-52.0
-58.0
-43.0
-77.0
-142.0
-142.0
-115.0
-70.0
-69.0
14.0
38.0
43.0
33.0
-8.0
6.0
51.0
65.0
73.0
55.0
70.0
-24.0
-19.0
-37.0
-28.0
-64.0
-61.0
-31.0
-99.0
-44.0
-19.0
18.0
25.0
23.0
114.0
107.0
50.0
107.0
53.0
12.0
-17.0
10.0
10.0
-13.0
-74.0
-108.0
-72.0
-5.0
-30.0
-44.0
-22.0
1.0
5.0
70.0
66.0
59.0
73.0
71.0
42.0
15.0
6.0
76.0
83.0
48.0
-36.0
-47.0
-59.0
-67.0
-73.0
-126.0
-108.0
-104.0
-103.0
-99.0
-107.0
-63.0
-12.0
-20.0
8.0
30.0
3.0
-13.0
-18.0
-10.0
-124.0
-97.0
-38.0
41.0
34.0
30.0
37.0
58.0
54.0
66.0
98.0
165.0
130.0
96.0
50.0
55.0
30.0
-43.0
-45.0
-97.0
-38.0
-57.0
-33.0
-7.0
-41.0
-17.0
64.0
76.0
68.0
26.0
-77.0
-84.0
-87.0
-98.0
-123.0
-67.0
-39.0
-50.0
-53.0
5.0
105.0
68.0
53.0
52.0
39.0
1.0
22.0
-16.0
-19.0
-12.0
-9.0
-68.0
-81.0
-45.0
-8.0
-23.0
-16.0
-29.0
-31.0
-9.0
-17.0
-45.0
-59.0
-143.0
-86.0
-90.0
-103.0
-84.0
-77.0
-27.0
5.0
11.0
68.0
99.0
90.0
121.0
107.0
32.0
35.0
20.0
28.0
32.0
-3.0
4.0
3.0
-20.0
-65.0
-38.0
-34.0
-7.0
12.0
-64.0
-40.0
13.0
6.0
26.0
23.0
37.0
33.0
-4.0
-38.0
-108.0
-81.0
-41.0
17.0
57.0
46.0
67.0
63.0
60.0
65.0
1.0
5.0
41.0
25.0
0.0
37.0
-49.0
-47.0
-63.0
-37.0
-26.0
-15.0
-11.0
-33.0
-112.0
-122.0
-132.0
-129.0
-98.0
-10.0
-27.0
-29.0
-65.0
-28.0
7.0
-53.0
63.0
64.0
123.0
97.0
74.0
75.0
73.0
-9.0
-11.0
-4.0
-14.0
-13.0
19.0
-11.0
34.0
-53.0
-70.0
-82.0
-46.0
-37.0
-22.0
-25.0
-18.0
-47.0
-62.0
-74.0
-18.0
39.0
57.0
72.0
95.0
96.0
89.0
129.0
52.0
15.0
18.0
21.0
-23.0
-60.0
-32.0
-32.0
-16.0
7.0
-8.0
-22.0
-32.0
-18.0
-20.0
-39.0
-27.0
-22.0
-58.0
-64.0
-21.0
-41.0
-58.0
-84.0
-65.0
-38.0
-51.0
-60.0
-37.0
-34.0
50.0
27.0
17.0
3.0
37.0
54.0
81.0
81.0
42.0
50.0
48.0
57.0
-3.0
15.0
71.0
48.0
29.0
24.0
28.0
-2.0
-17.0
10.0
-21.0
-100.0
-83.0
-128.0
-207.0
-221.0
-249.0
-123.0
-31.0
28.0
83.0
98.0
98.0
144.0
143.0
147.0
134.0
137.0
118.0
105.0
52.0
32.0
49.0
36.0
41.0
43.0
32.0
-4.0
17.0
55.0
31.0
39.0
22.0
11.0
-51.0
-51.0
-89.0
-142.0
-134.0
-150.0
-114.0
-126.0
-90.0
-99.0
-61.0
-66.0
-24.0
6.0
51.0
65.0
24.0
11.0
-67.0
-23.0
73.0
78.0
50.0
36.0
-11.0
-65.0
-65.0
-54.0
-47.0
-71.0
-25.0
-22.0
10.0
-8.0
-39.0
-74.0
-89.0
-112.0
-98.0
-25.0
-32.0
-34.0
-41.0
-3.0
15.0
56.0
41.0
33.0
57.0
76.0
115.0
119.0
112.0
70.0
49.0
45.0
57.0
26.0
-10.0
19.0
-24.0
-17.0
-26.0
-1.0
-35.0
-107.0
-131.0
-41.0
-24.0
-54.0
-9.0
-2.0
26.0
39.0
14.0
35.0
-13.0
-75.0
-60.0
-26.0
-68.0
-72.0
-11.0
-101.0
-139.0
-82.0
-38.0
-35.0
-71.0
-13.0
35.0
24.0
17.0
-13.0
13.0
112.0
204.0
168.0
155.0
127.0
65.0
66.0
67.0
132.0
113.0
59.0
65.0
37.0
-35.0
-24.0
-4.0
-3.0
-13.0
-5.0
-52.0
-95.0
-104.0
-73.0
-72.0
-60.0
-62.0
-61.0
-56.0
-99.0
-97.0
-77.0
-79.0
-65.0
-67.0
-39.0
-22.0
-25.0
-34.0
22.0
20.0
11.0
-17.0
35.0
39.0
31.0
-27.0
-31.0
-16.0
-15.0
-20.0
-25.0
29.0
-16.0
-6.0
34.0
15.0
7.0
-26.0
2.0
-14.0
-18.0
12.0
-3.0
40.0
43.0
84.0
79.0
87.0
-4.0
28.0
46.0
34.0
-4.0
-20.0
-20.0
-6.0
-4.0
11.0
-18.0
-14.0
-28.0
-61.0
-15.0
-57.0
-21.0
1.0
4.0
22.0
8.0
14.0
20.0
11.0
43.0
7.0
31.0
-23.0
-29.0
-69.0
-63.0
-84.0
-69.0
-43.0
1.0
5.0
40.0
73.0
70.0
81.0
82.0
7.0
-37.0
-42.0
-13.0
15.0
32.0
-21.0
-19.0
-36.0
-26.0
-45.0
-29.0
-17.0
33.0
23.0
47.0
37.0
36.0
20.0
13.0
-8.0
-1.0
-8.0
18.0
-13.0
49.0
-29.0
-26.0
-65.0
-72.0
-101.0
-91.0
-76.0
-101.0
-63.0
-16.0
20.0
22.0
44.0
2.0
83.0
105.0
103.0
119.0
83.0
70.0
83.0
83.0
64.0
8.0
-30.0
-45.0
-60.0
-146.0
-180.0
-185.0
-239.0
-242.0
-175.0
-27.0
42.0
80.0
69.0
72.0
30.0
108.0
175.0
177.0
171.0
170.0
135.0
71.0
43.0
65.0
21.0
31.0
16.0
16.0
-22.0
-35.0
-50.0
-90.0
-92.0
-88.0
-54.0
-70.0
-77.0
-78.0
-106.0
-92.0
-105.0
-90.0
-146.0
-129.0
-110.0
-128.0
-156.0
-155.0
-144.0
-99.0
-15.0
31.0
92.0
68.0
61.0
69.0
112.0
113.0
88.0
78.0
107.0
102.0
98.0
102.0
113.0
49.0
22.0
26.0
6.0
-6.0
1.0
-40.0
-74.0
-64.0
-72.0
-50.0
-59.0
-62.0
-34.0
-52.0
-29.0
-19.0
15.0
31.0
52.0
30.0
30.0
30.0
-20.0
-36.0
-48.0
-39.0
-50.0
-26.0
-65.0
-3.0
50.0
46.0
37.0
50.0
74.0
98.0
28.0
-13.0
36.0
46.0
0.0
4.0
9.0
22.0
21.0
30.0
34.0
-22.0
-41.0
-16.0
-35.0
-31.0
14.0
-28.0
-28.0
-87.0
-97.0
-98.0
-93.0
-114.0
-65.0
-61.0
-60.0
-34.0
-50.0
-26.0
-25.0
16.0
20.0
18.0
50.0
62.0
134.0
151.0
147.0
97.0
13.0
-51.0
-66.0
-52.0
-91.0
-91.0
-84.0
-40.0
-20.0
16.0
20.0
12.0
-14.0
24.0
24.0
17.0
-6.0
-19.0
-34.0
-53.0
1.0
11.0
73.0
103.0
90.0
82.0
61.0
29.0
47.0
42.0
9.0
-3.0
-20.0
-23.0
-18.0
-16.0
-41.0
-25.0
-34.0
-46.0
-61.0
-80.0
-70.0
-2.0
9.0
6.0
-14.0
-20.0
-40.0
-28.0
-45.0
-57.0
-48.0
-91.0
-20.0
-21.0
-18.0
-20.0
-2.0
-12.0
-24.0
-2.0
5.0
8.0
-21.0
-20.0
-19.0
-30.0
-12.0
-12.0
-11.0
-2.0
-27.0
30.0
-7.0
-8.0
33.0
80.0
12.0
-31.0
-33.0
-58.0
-52.0
39.0
58.0
57.0
13.0
28.0
70.0
48.0
14.0
-4.0
-13.0
11.0
46.0
41.0
-48.0
-117.0
-49.0
-38.0
31.0
39.0
8.0
26.0
47.0
33.0
104.0
63.0
49.0
71.0
59.0
72.0
73.0
41.0
-10.0
-9.0
3.0
30.0
-12.0
-44.0
-105.0
-120.0
-193.0
-170.0
-182.0
-181.0
-181.0
-90.0
-6.0
111.0
120.0
139.0
56.0
33.0
109.0
110.0
145.0
182.0
135.0
179.0
61.0
-18.0
-23.0
-27.0
-46.0
-40.0
-58.0
-100.0
-70.0
-40.0
-8.0
-2.0
-151.0
-104.0
-23.0
-20.0
-43.0
-18.0
43.0
-1.0
-27.0
-35.0
-29.0
-47.0
-77.0
-77.0
-64.0
-67.0
-31.0
-46.0
-36.0
-29.0
-33.0
-22.0
-12.0
-17.0
-14.0
-40.0
-56.0
-51.0
-42.0
-39.0
-79.0
-3.0
8.0
5.0
11.0
47.0
51.0
44.0
46.0
50.0
2.0
-6.0
-17.0
-20.0
-84.0
-52.0
-44.0
-7.0
-75.0
30.0
68.0
80.0
91.0
94.0
110.0
66.0
92.0
89.0
-49.0
-150.0
-126.0
7.0
166.0
169.0
30.0
-2.0
67.0
37.0
-98.0
-111.0
-159.0
-114.0
-35.0
-39.0
-79.0
-29.0
-50.0
16.0
145.0
124.0
73.0
77.0
90.0
92.0
15.0
27.0
21.0
30.0
-3.0
12.0
10.0
-42.0
-23.0
-15.0
-62.0
-21.0
-17.0
-9.0
5.0
39.0
37.0
8.0
-18.0
-19.0
-38.0
-43.0
19.0
-2.0
-50.0
-56.0
-48.0
-55.0
-54.0
-58.0
-21.0
2.0
39.0
14.0
-3.0
-44.0
-39.0
-53.0
-63.0
-55.0
-43.0
-57.0
13.0
-2.0
18.0
28.0
-24.0
92.0
91.0
91.0
53.0
11.0
28.0
-65.0
-119.0
-121.0
-56.0
65.0
5.0
6.0
6.0
18.0
86.0
92.0
106.0
61.0
2.0
16.0
-3.0
-14.0
10.0
-36.0
-40.0
-34.0
-18.0
47.0
-21.0
-57.0
-18.0
-29.0
-79.0
-48.0
23.0
-15.0
-29.0
-103.0
-55.0
-35.0
0.0
-1.0
-57.0
-109.0
-28.0
10.0
26.0
14.0
-20.0
-51.0
-78.0
-79.0
-142.0
-112.0
-108.0
-77.0
7.0
27.0
34.0
67.0
129.0
138.0
138.0
91.0
61.0
116.0
107.0
90.0
-47.0
6.0
3.0
5.0
11.0
38.0
-38.0
-16.0
16.0
9.0
-39.0
-65.0
-110.0
-113.0
-190.0
-136.0
-179.0
-135.0
-125.0
-77.0
-24.0
68.0
121.0
125.0
99.0
126.0
140.0
119.0
92.0
67.0
91.0
99.0
106.0
103.0
80.0
11.0
-11.0
6.0
-59.0
-140.0
-83.0
-52.0
-48.0
-51.0
-55.0
-25.0
-22.0
-13.0
-52.0
-123.0
-145.0
-128.0
-187.0
-189.0
-81.0
12.0
-24.0
26.0
-23.0
-89.0
-66.0
-46.0
31.0
34.0
41.0
88.0
68.0
32.0
80.0
104.0
82.0
96.0
96.0
101.0
139.0
143.0
20.0
36.0
8.0
18.0
-18.0
21.0
-7.0
0.0
31.0
31.0
16.0
-30.0
16.0
6.0
-14.0
-25.0
-72.0
-69.0
-112.0
-187.0
-151.0
-133.0
-103.0
-111.0
-48.0
-13.0
11.0
7.0
-14.0
-5.0
79.0
153.0
200.0
179.0
119.0
67.0
70.0
76.0
-1.0
-9.0
18.0
-35.0
18.0
26.0
-39.0
-94.0
-61.0
-63.0
-38.0
-45.0
-20.0
-53.0
-55.0
-35.0
5.0
-92.0
-131.0
-129.0
-84.0
-57.0
-69.0
-69.0
-98.0
-64.0
26.0
8.0
13.0
4.0
28.0
26.0
19.0
-17.0
-36.0
-8.0
18.0
11.0
-7.0
-5.0
50.0
39.0
63.0
43.0
9.0
60.0
59.0
56.0
50.0
48.0
33.0
3.0
0.0
-36.0
-67.0
-112.0
-129.0
-101.0
-90.0
-90.0
-68.0
-47.0
-34.0
-5.0
27.0
47.0
36.0
70.0
87.0
85.0
70.0
81.0
75.0
66.0
62.0
39.0
25.0
35.0
61.0
57.0
-35.0
-14.0
-53.0
-36.0
-40.0
-31.0
-28.0
-78.0
-35.0
-34.0
-12.0
-40.0
-39.0
-74.0
-55.0
-44.0
-30.0
-59.0
-28.0
-21.0
-27.0
-98.0
-70.0
-87.0
-95.0
-86.0
-60.0
17.0
41.0
39.0
77.0
48.0
32.0
103.0
120.0
134.0
130.0
65.0
26.0
27.0
23.0
-34.0
-59.0
-70.0
-37.0
-41.0
-45.0
-23.0
-8.0
-13.0
-31.0
-28.0
54.0
51.0
75.0
92.0
70.0
-27.0
-36.0
-28.0
-34.0
46.0
35.0
60.0
58.0
-1.0
-27.0
-61.0
-28.0
-32.0
-13.0
10.0
3.0
-29.0
-77.0
-111.0
-165.0
-162.0
-151.0
-147.0
-69.0
-50.0
-43.0
-11.0
16.0
72.0
61.0
27.0
29.0
32.0
84.0
109.0
107.0
157.0
114.0
81.0
33.0
10.0
-19.0
-18.0
-77.0
-61.0
-58.0
-40.0
-3.0
-31.0
-5.0
13.0
2.0
10.0
13.0
-30.0
-35.0
4.0
-3.0
0.0
-28.0
0.0
-6.0
-9.0
1.0
-30.0
-8.0
-3.0
-18.0
-7.0
-25.0
-42.0
-57.0
-53.0
-47.0
-99.0
-95.0
-59.0
-41.0
-58.0
-22.0
45.0
-5.0
0.0
4.0
14.0
7.0
-10.0
-22.0
-47.0
-51.0
27.0
66.0
74.0
69.0
67.0
16.0
23.0
36.0
27.0
7.0
74.0
65.0
67.0
4.0
28.0
32.0
-12.0
-69.0
8.0
-5.0
-11.0
-21.0
-17.0
-79.0
-77.0
-45.0
-19.0
-27.0
-2.0
72.0
28.0
-15.0
-20.0
24.0
25.0
41.0
20.0
-27.0
-76.0
-55.0
-44.0
-103.0
-101.0
-17.0
-39.0
6.0
23.0
-10.0
-1.0
23.0
39.0
90.0
84.0
63.0
71.0
38.0
65.0
73.0
91.0
1.0
14.0
30.0
24.0
2.0
39.0
-43.0
-51.0
-44.0
-1.0
-14.0
-121.0
-164.0
-167.0
-130.0
-76.0
-85.0
-40.0
-59.0
-84.0
-64.0
-34.0
-16.0
-8.0
75.0
56.0
65.0
120.0
83.0
19.0
-15.0
1.0
-19.0
-24.0
26.0
61.0
45.0
40.0
3.0
-42.0
-36.0
-53.0
-64.0
-67.0
-47.0
-66.0
-128.0
-120.0
-7.0
-18.0
15.0
22.0
22.0
21.0
47.0
40.0
36.0
33.0
19.0
50.0
62.0
45.0
42.0
41.0
-18.0
-88.0
-125.0
-147.0
-138.0
-55.0
-11.0
-14.0
12.0
19.0
46.0
75.0
78.0
95.0
95.0
115.0
112.0
96.0
72.0
74.0
77.0
28.0
-6.0
4.0
-30.0
-40.0
-69.0
-30.0
-28.0
-27.0
-39.0
-60.0
-15.0
-44.0
-31.0
-97.0
-88.0
-178.0
-118.0
-120.0
-104.0
-155.0
-65.0
-92.0
49.0
72.0
66.0
81.0
118.0
115.0
103.0
35.0
128.0
184.0
38.0
-40.0
-66.0
-16.0
10.0
17.0
34.0
30.0
39.0
4.0
41.0
41.0
41.0
42.0
74.0
72.0
50.0
56.0
16.0
29.0
10.0
-55.0
-32.0
-48.0
-119.0
-119.0
-65.0
-49.0
-54.0
-43.0
-84.0
-91.0
-101.0
-74.0
-90.0
-92.0
-47.0
-73.0
-8.0
-13.0
22.0
39.0
63.0
31.0
83.0
86.0
68.0
95.0
79.0
24.0
65.0
63.0
66.0
38.0
-8.0
-12.0
-15.0
-33.0
-43.0
-55.0
-62.0
-40.0
-52.0
-32.0
-50.0
-51.0
-114.0
-107.0
-78.0
-58.0
-107.0
-160.0
-159.0
-150.0
-114.0
-114.0
-53.0
-18.0
28.0
94.0
100.0
116.0
173.0
155.0
119.0
118.0
104.0
126.0
95.0
31.0
16.0
38.0
25.0
39.0
4.0
5.0
-28.0
-4.0
-10.0
8.0
4.0
12.0
23.0
18.0
9.0
12.0
16.0
12.0
0.0
-42.0
-44.0
-75.0
-81.0
-40.0
-99.0
-107.0
-133.0
-135.0
-185.0
-117.0
-17.0
0.0
-21.0
-25.0
5.0
4.0
14.0
22.0
33.0
11.0
-16.0
12.0
7.0
20.0
-44.0
-48.0
31.0
51.0
68.0
31.0
0.0
-58.0
-146.0
-110.0
-50.0
-48.0
-21.0
10.0
36.0
52.0
38.0
118.0
123.0
118.0
90.0
90.0
59.0
31.0
22.0
11.0
22.0
-11.0
-24.0
-19.0
-48.0
-47.0
-131.0
-114.0
-49.0
-23.0
-44.0
-30.0
21.0
66.0
47.0
53.0
-13.0
18.0
63.0
57.0
36.0
50.0
1.0
26.0
36.0
39.0
43.0
19.0
-31.0
-22.0
-48.0
-11.0
-3.0
33.0
-35.0
-35.0
-122.0
-144.0
-98.0
-159.0
-107.0
-10.0
-81.0
-44.0
-14.0
-10.0
79.0
62.0
96.0
62.0
67.0
111.0
-45.0
-60.0
3.0
-2.0
73.0
9.0
-37.0
20.0
-8.0
9.0
91.0
87.0
16.0
16.0
45.0
-38.0
-55.0
16.0
54.0
18.0
-19.0
-81.0
-67.0
-70.0
-47.0
-14.0
-50.0
-21.0
29.0
-3.0
-87.0
-49.0
-19.0
-14.0
5.0
-40.0
-95.0
-110.0
-97.0
-74.0
-42.0
-23.0
-63.0
-68.0
-15.0
-9.0
51.0
55.0
89.0
91.0
72.0
17.0
45.0
45.0
1.0
7.0
31.0
11.0
33.0
38.0
12.0
-22.0
-4.0
-7.0
54.0
39.0
93.0
43.0
78.0
39.0
-92.0
-74.0
-139.0
-142.0
-158.0
-92.0
-80.0
-17.0
-24.0
33.0
51.0
40.0
80.0
74.0
47.0
0.0
-3.0
2.0
-83.0
-57.0
-9.0
16.0
45.0
46.0
45.0
38.0
32.0
33.0
23.0
32.0
51.0
21.0
57.0
60.0
31.0
37.0
21.0
2.0
8.0
20.0
17.0
2.0
-22.0
-22.0
-31.0
-52.0
-78.0
-69.0
-62.0
-48.0
-13.0
-16.0
-21.0
-20.0
-42.0
-60.0
-64.0
-45.0
-54.0
-9.0
25.0
-3.0
39.0
39.0
36.0
39.0
33.0
2.0
52.0
31.0
18.0
22.0
-37.0
-41.0
-51.0
-128.0
-145.0
-161.0
-135.0
-77.0
-102.0
-6.0
27.0
29.0
17.0
-4.0
40.0
47.0
9.0
2.0
30.0
82.0
70.0
69.0
-31.0
27.0
86.0
93.0
67.0
101.0
148.0
131.0
68.0
67.0
60.0
1.0
-54.0
-96.0
-72.0
-72.0
-79.0
-41.0
-27.0
-30.0
-33.0
-26.0
35.0
46.0
24.0
21.0
-13.0
-19.0
-5.0
-9.0
-37.0
-42.0
-43.0
-72.0
-57.0
-2.0
-94.0
-107.0
-61.0
-66.0
-15.0
-4.0
31.0
13.0
36.0
69.0
55.0
66.0
69.0
66.0
45.0
4.0
-47.0
-76.0
-66.0
-57.0
-100.0
-95.0
-90.0
-90.0
-66.0
-15.0
1.0
22.0
27.0
49.0
41.0
48.0
93.0
90.0
74.0
75.0
21.0
26.0
-24.0
-30.0
-8.0
-41.0
-55.0
-56.0
-31.0
-12.0
-24.0
-125.0
-44.0
-75.0
-25.0
16.0
17.0
22.0
39.0
63.0
67.0
35.0
29.0
6.0
-43.0
-86.0
-40.0
-42.0
1.0
6.0
54.0
57.0
38.0
53.0
12.0
-89.0
-72.0
-82.0
-64.0
-84.0
-38.0
-10.0
59.0
11.0
16.0
-26.0
2.0
2.0
36.0
63.0
72.0
102.0
16.0
59.0
32.0
6.0
-48.0
-55.0
-83.0
-19.0
-51.0
-42.0
-16.0
-16.0
47.0
47.0
27.0
24.0
64.0
88.0
99.0
56.0
43.0
8.0
28.0
-68.0
-98.0
-105.0
-199.0
-90.0
-75.0
-59.0
-23.0
37.0
9.0
65.0
22.0
24.0
15.0
28.0
2.0
36.0
40.0
12.0
-88.0
-96.0
-13.0
-18.0
-38.0
-67.0
-142.0
-131.0
-114.0
-129.0
-97.0
-186.0
-134.0
-138.0
-39.0
74.0
138.0
153.0
159.0
209.0
151.0
137.0
79.0
71.0
53.0
57.0
-9.0
-2.0
12.0
24.0
7.0
-24.0
8.0
10.0
43.0
44.0
-17.0
35.0
85.0
64.0
-23.0
0.0
-23.0
-22.0
-55.0
38.0
-5.0
1.0
-25.0
-43.0
-79.0
-120.0
-77.0
-74.0
-129.0
-132.0
-103.0
-80.0
-101.0
-74.0
-27.0
-18.0
-26.0
-27.0
-5.0
22.0
17.0
5.0
-38.0
-102.0
-56.0
11.0
-64.0
-57.0
-57.0
-39.0
42.0
79.0
68.0
47.0
53.0
124.0
113.0
109.0
99.0
114.0
92.0
68.0
5.0
48.0
9.0
-63.0
-55.0
-65.0
-33.0
-69.0
-61.0
-26.0
-9.0
-2.0
-20.0
-24.0
-9.0
-8.0
35.0
-4.0
-24.0
1.0
13.0
-3.0
6.0
-8.0
10.0
15.0
30.0
49.0
-49.0
-25.0
-55.0
-149.0
-138.0
-15.0
46.0
50.0
121.0
55.0
-15.0
-31.0
-15.0
-123.0
-10.0
74.0
24.0
19.0
37.0
14.0
-10.0
28.0
21.0
56.0
21.0
-4.0
29.0
22.0
-9.0
-5.0
-8.0
4.0
-13.0
-67.0
-55.0
-190.0
-72.0
-64.0
13.0
20.0
26.0
59.0
-25.0
-28.0
24.0
-64.0
4.0
7.0
18.0
71.0
84.0
51.0
16.0
-6.0
-59.0
-6.0
-8.0
-11.0
36.0
32.0
27.0
17.0
9.0
18.0
24.0
-23.0
-18.0
-13.0
16.0
46.0
38.0
28.0
-28.0
-62.0
-50.0
-67.0
-66.0
-69.0
-81.0
-95.0
-103.0
-76.0
-51.0
-18.0
37.0
53.0
85.0
81.0
65.0
103.0
49.0
17.0
41.0
39.0
-55.0
-11.0
-31.0
-33.0
39.0
-23.0
20.0
-1.0
-12.0
-28.0
-63.0
-42.0
-26.0
-29.0
-4.0
-25.0
-8.0
11.0
-25.0
4.0
-14.0
-35.0
-44.0
-42.0
-13.0
-28.0
-14.0
12.0
-222.0
-279.0
60.0
63.0
85.0
79.0
-11.0
32.0
42.0
-13.0
-82.0
-22.0
23.0
-53.0
-70.0
-61.0
-36.0
-54.0
-19.0
36.0
139.0
29.0
-48.0
-42.0
-38.0
-38.0
2.0
-34.0
-50.0
-36.0
35.0
20.0
69.0
73.0
22.0
23.0
26.0
33.0
37.0
30.0
-31.0
-22.0
59.0
58.0
106.0
113.0
94.0
65.0
73.0
64.0
75.0
27.0
-22.0
-12.0
24.0
27.0
-23.0
-71.0
-27.0
-66.0
-63.0
-50.0
-40.0
-79.0
-98.0
-95.0
-23.0
-18.0
-6.0
2.0
11.0
35.0
12.0
38.0
53.0
52.0
-42.0
-46.0
-47.0
-16.0
-31.0
-64.0
-91.0
-103.0
-39.0
-36.0
4.0
96.0
50.0
34.0
73.0
40.0
116.0
55.0
41.0
44.0
85.0
59.0
49.0
61.0
-30.0
-90.0
-66.0
-110.0
-150.0
-154.0
-179.0
-143.0
-126.0
-27.0
0.0
18.0
7.0
28.0
90.0
92.0
106.0
112.0
125.0
142.0
127.0
110.0
43.0
30.0
21.0
14.0
-18.0
-98.0
-115.0
-104.0
-117.0
-45.0
10.0
-28.0
-30.0
-25.0
-55.0
-57.0
-18.0
-98.0
-172.0
-75.0
48.0
41.0
54.0
49.0
14.0
33.0
69.0
83.0
50.0
46.0
37.0
49.0
55.0
50.0
54.0
-6.0
1.0
24.0
9.0
-69.0
-29.0
-67.0
-52.0
-56.0
-19.0
-36.0
-42.0
-91.0
-112.0
-118.0
-76.0
-76.0
-91.0
-90.0
-58.0
-28.0
-62.0
-45.0
25.0
46.0
24.0
79.0
93.0
97.0
57.0
62.0
80.0
19.0
-13.0
11.0
-11.0
-14.0
-34.0
-29.0
-26.0
-5.0
2.0
-37.0
-143.0
-33.0
-55.0
313.0
313.0
313.0
313.0
313.0
313.0
313.0
211.0
-246.0
-313.0
-285.0
-238.0
-239.0
-313.0
-313.0
-313.0
-313.0
-313.0
-302.0
-313.0
-221.0
-70.0
-146.0
-134.0
-124.0
-84.0
-121.0
-132.0
-125.0
-143.0
-113.0
-151.0
-176.0
-257.0
-196.0
-179.0
-70.0
18.0
-59.0
-33.0
-172.0
-105.0
-124.0
-127.0
-68.0
-27.0
28.0
-68.0
-55.0
-60.0
-11.0
19.0
9.0
-30.0
-40.0
-19.0
8.0
69.0
-24.0
-1.0
-8.0
47.0
42.0
85.0
11.0
51.0
47.0
55.0
-9.0
-18.0
-14.0
-86.0
-82.0
22.0
-1.0
7.0
41.0
13.0
50.0
-41.0
-88.0
-88.0
-99.0
-105.0
13.0
46.0
-22.0
-75.0
-61.0
14.0
91.0
160.0
152.0
52.0
35.0
-77.0
-110.0
-82.0
-80.0
-83.0
-55.0
-41.0
-35.0
33.0
-72.0
-151.0
24.0
107.0
154.0
39.0
129.0
144.0
134.0
73.0
77.0
114.0
54.0
56.0
77.0
81.0
16.0
43.0
44.0
94.0
46.0
43.0
50.0
-33.0
7.0
-93.0
-45.0
62.0
46.0
6.0
-28.0
-72.0
-42.0
31.0
-5.0
-100.0
-136.0
-164.0
-165.0
-216.0
-153.0
-43.0
-29.0
26.0
28.0
-50.0
-34.0
-6.0
-4.0
-26.0
-31.0
-4.0
25.0
78.0
127.0
118.0
10.0
-52.0
-59.0
-51.0
-12.0
90.0
169.0
222.0
179.0
123.0
-3.0
-13.0
-13.0
81.0
66.0
61.0
54.0
-33.0
-47.0
-79.0
-94.0
-107.0
-104.0
-83.0
-38.0
11.0
-41.0
-106.0
-71.0
-49.0
-19.0
-50.0
-44.0
-59.0
18.0
51.0
88.0
79.0
57.0
78.0
73.0
70.0
71.0
72.0
48.0
30.0
10.0
-24.0
-15.0
-18.0
17.0
-17.0
-10.0
-7.0
21.0
-35.0
-86.0
-109.0
-57.0
-41.0
-17.0
-44.0
-39.0
-32.0
57.0
20.0
2.0
-99.0
-61.0
-63.0
-63.0
-3.0
1.0
-32.0
-62.0
-95.0
-82.0
-96.0
-73.0
-44.0
-78.0
7.0
13.0
30.0
35.0
70.0
52.0
32.0
16.0
84.0
73.0
40.0
39.0
58.0
53.0
53.0
88.0
89.0
51.0
24.0
-23.0
-93.0
-89.0
-11.0
74.0
80.0
25.0
20.0
-28.0
-80.0
-90.0
-109.0
-112.0
-81.0
-78.0
-74.0
-27.0
-1.0
17.0
18.0
66.0
66.0
67.0
52.0
20.0
-30.0
-45.0
-46.0
-62.0
-28.0
-10.0
-31.0
-36.0
4.0
33.0
10.0
63.0
-2.0
14.0
9.0
-4.0
-2.0
-5.0
-28.0
-12.0
2.0
23.0
34.0
15.0
12.0
13.0
-11.0
-2.0
-11.0
-29.0
-41.0
-18.0
-31.0
-51.0
-32.0
0.0
43.0
35.0
36.0
29.0
39.0
31.0
12.0
3.0
-24.0
-16.0
9.0
7.0
3.0
-8.0
-6.0
-4.0
-27.0
-48.0
-90.0
-59.0
-55.0
-55.0
8.0
4.0
5.0
15.0
-7.0
-43.0
11.0
5.0
32.0
31.0
-4.0
-9.0
-13.0
44.0
5.0
-28.0
-15.0
-1.0
-36.0
-45.0
-59.0
-51.0
-90.0
-59.0
-39.0
-3.0
33.0
65.0
25.0
24.0
71.0
71.0
70.0
55.0
51.0
19.0
66.0
27.0
-47.0
-49.0
-15.0
16.0
-18.0
-24.0
-54.0
-30.0
-15.0
-69.0
-92.0
-95.0
-72.0
-54.0
-35.0
-43.0
-24.0
-8.0
2.0
14.0
21.0
23.0
13.0
-9.0
-6.0
-12.0
-58.0
-31.0
-27.0
32.0
0.0
3.0
4.0
52.0
71.0
83.0
61.0
57.0
24.0
33.0
-1.0
-1.0
13.0
20.0
10.0
-7.0
-45.0
-53.0
-77.0
-93.0
-96.0
-87.0
-76.0
-61.0
-29.0
-19.0
4.0
29.0
23.0
11.0
16.0
18.0
35.0
44.0
14.0
25.0
7.0
-1.0
-17.0
6.0
11.0
17.0
12.0
10.0
-11.0
-23.0
-33.0
-14.0
-40.0
-9.0
-16.0
-15.0
-37.0
-85.0
-90.0
-94.0
-85.0
-58.0
-28.0
-61.0
-47.0
-44.0
28.0
38.0
24.0
42.0
82.0
60.0
69.0
50.0
81.0
83.0
72.0
24.0
-30.0
-119.0
-120.0
-102.0
-78.0
-93.0
-65.0
-58.0
-31.0
-14.0
-15.0
61.0
109.0
146.0
117.0
107.0
87.0
91.0
77.0
40.0
38.0
54.0
31.0
48.0
16.0
5.0
-24.0
-16.0
-59.0
-51.0
-59.0
-41.0
-73.0
-74.0
-33.0
-11.0
4.0
9.0
1.0
3.0
-8.0
-12.0
21.0
16.0
19.0
-19.0
-26.0
-24.0
-81.0
-74.0
-83.0
-86.0
-64.0
-61.0
-23.0
-44.0
-15.0
-9.0
47.0
90.0
62.0
30.0
56.0
18.0
12.0
-18.0
9.0
4.0
3.0
-19.0
-14.0
-13.0
1.0
-10.0
-18.0
-15.0
18.0
16.0
16.0
23.0
40.0
-25.0
-48.0
-54.0
-61.0
-36.0
5.0
8.0
-19.0
-9.0
-15.0
-12.0
36.0
7.0
7.0
31.0
66.0
65.0
59.0
61.0
-8.0
29.0
7.0
-19.0
-15.0
-31.0
1.0
1.0
14.0
35.0
-20.0
-46.0
-60.0
-88.0
-132.0
-133.0
-90.0
-96.0
-99.0
-71.0
-19.0
38.0
37.0
74.0
103.0
83.0
70.0
72.0
112.0
114.0
67.0
72.0
26.0
-17.0
-67.0
-76.0
-84.0
-86.0
-87.0
-42.0
42.0
-5.0
21.0
9.0
13.0
3.0
74.0
67.0
2.0
34.0
51.0
66.0
17.0
35.0
14.0
2.0
-28.0
-20.0
-53.0
-101.0
-65.0
-46.0
-15.0
-24.0
-41.0
11.0
11.0
18.0
22.0
0.0
-36.0
13.0
-4.0
12.0
20.0
-41.0
-44.0
-39.0
-11.0
-57.0
-43.0
-10.0
-55.0
-45.0
-17.0
-36.0
-28.0
-33.0
-62.0
-98.0
-63.0
-9.0
-6.0
-16.0
-59.0
-21.0
18.0
27.0
36.0
29.0
-13.0
17.0
59.0
32.0
43.0
91.0
83.0
76.0
26.0
41.0
-86.0
-105.0
-39.0
-13.0
-2.0
-6.0
-28.0
-21.0
68.0
47.0
36.0
-3.0
-18.0
-38.0
-38.0
1.0
-12.0
-17.0
-10.0
2.0
22.0
43.0
43.0
24.0
39.0
-11.0
5.0
5.0
3.0
-1.0
32.0
-22.0
7.0
-19.0
43.0
5.0
16.0
15.0
-22.0
-42.0
-28.0
-61.0
-21.0
-6.0
4.0
7.0
18.0
9.0
-12.0
-13.0
-10.0
13.0
-5.0
12.0
0.0
1.0
-61.0
-65.0
-78.0
-36.0
7.0
-8.0
-25.0
-43.0
-66.0
-46.0
-49.0
-43.0
-50.0
15.0
54.0
28.0
39.0
30.0
44.0
53.0
67.0
68.0
67.0
52.0
41.0
5.0
-35.0
-15.0
41.0
25.0
31.0
32.0
17.0
9.0
-16.0
-69.0
-75.0
-50.0
-57.0
-81.0
-94.0
-86.0
-77.0
-48.0
-25.0
34.0
13.0
43.0
61.0
40.0
50.0
53.0
39.0
18.0
48.0
62.0
36.0
43.0
-15.0
-23.0
-78.0
-77.0
-157.0
-106.0
-68.0
-98.0
-69.0
-40.0
-31.0
-28.0
17.0
24.0
34.0
49.0
57.0
73.0
71.0
95.0
100.0
75.0
67.0
70.0
10.0
-96.0
-122.0
-98.0
-91.0
-33.0
-19.0
34.0
-2.0
-2.0
25.0
51.0
63.0
6.0
44.0
14.0
45.0
46.0
71.0
68.0
75.0
38.0
49.0
15.0
29.0
-20.0
-23.0
-52.0
-98.0
-101.0
-97.0
-134.0
-154.0
-149.0
-166.0
-176.0
-112.0
-69.0
-28.0
-30.0
26.0
-9.0
24.0
83.0
98.0
81.0
44.0
50.0
20.0
14.0
37.0
73.0
76.0
63.0
82.0
61.0
69.0
62.0
25.0
28.0
2.0
-19.0
-57.0
-85.0
-54.0
-52.0
-32.0
-80.0
-80.0
-78.0
-73.0
-24.0
10.0
18.0
22.0
24.0
18.0
22.0
-19.0
-27.0
-1.0
-2.0
24.0
28.0
-20.0
-33.0
13.0
8.0
-11.0
-15.0
-69.0
-50.0
-53.0
-59.0
-1.0
24.0
-6.0
-36.0
-53.0
-51.0
-98.0
-114.0
-131.0
-151.0
-142.0
-70.0
27.0
36.0
58.0
52.0
57.0
84.0
126.0
135.0
147.0
121.0
85.0
122.0
88.0
81.0
37.0
27.0
6.0
-50.0
-45.0
17.0
-46.0
12.0
13.0
14.0
14.0
-5.0
6.0
-3.0
-80.0
-149.0
-150.0
-84.0
18.0
21.0
64.0
59.0
-9.0
-51.0
-79.0
-93.0
-100.0
-90.0
-56.0
-50.0
-64.0
-25.0
13.0
56.0
89.0
98.0
90.0
81.0
60.0
62.0
74.0
31.0
25.0
10.0
22.0
32.0
5.0
14.0
16.0
4.0
7.0
54.0
74.0
61.0
18.0
-4.0
-38.0
-115.0
-189.0
-188.0
-232.0
-152.0
-86.0
2.0
42.0
16.0
29.0
27.0
42.0
40.0
76.0
63.0
81.0
64.0
47.0
30.0
34.0
18.0
6.0
0.0
-14.0
-47.0
-58.0
-63.0
-66.0
-56.0
-78.0
-73.0
-37.0
-40.0
-53.0
-2.0
12.0
16.0
26.0
47.0
40.0
44.0
-11.0
-11.0
0.0
-68.0
-99.0
-115.0
-104.0
-63.0
-35.0
2.0
56.0
56.0
53.0
79.0
63.0
65.0
138.0
96.0
65.0
70.0
53.0
50.0
31.0
34.0
3.0
-15.0
-9.0
-37.0
-74.0
-37.0
-63.0
-70.0
-40.0
-56.0
-40.0
17.0
33.0
59.0
20.0
4.0
21.0
13.0
-5.0
-35.0
-40.0
-5.0
-73.0
-89.0
-61.0
-75.0
-90.0
-81.0
-76.0
-68.0
-28.0
-1.0
-10.0
32.0
36.0
74.0
41.0
40.0
37.0
28.0
24.0
16.0
-12.0
10.0
17.0
21.0
23.0
20.0
-9.0
-64.0
-62.0
-40.0
-13.0
-13.0
-21.0
7.0
-40.0
-37.0
-48.0
-13.0
16.0
15.0
16.0
15.0
12.0
0.0
17.0
16.0
-1.0
-20.0
-13.0
-59.0
-20.0
23.0
40.0
25.0
28.0
31.0
5.0
-3.0
7.0
-19.0
23.0
24.0
-27.0
-17.0
-31.0
-39.0
-60.0
-35.0
-29.0
-34.0
-29.0
-15.0
2.0
17.0
-7.0
-14.0
-10.0
-12.0
-10.0
36.0
57.0
37.0
53.0
17.0
2.0
5.0
-19.0
13.0
7.0
-11.0
-12.0
-61.0
-98.0
-153.0
-114.0
-106.0
-127.0
-92.0
-28.0
-52.0
-15.0
6.0
50.0
45.0
80.0
83.0
121.0
188.0
166.0
108.0
109.0
81.0
37.0
23.0
48.0
40.0
9.0
9.0
-10.0
-14.0
-35.0
-37.0
-40.0
-85.0
-66.0
-58.0
-47.0
-36.0
-68.0
-104.0
-147.0
-117.0
-95.0
-77.0
-48.0
-48.0
-30.0
-11.0
21.0
59.0
61.0
78.0
99.0
98.0
77.0
76.0
60.0
51.0
74.0
58.0
66.0
40.0
-8.0
-20.0
18.0
19.0
-3.0
-37.0
-20.0
-56.0
-65.0
-53.0
-34.0
-58.0
-4.0
-6.0
-9.0
-2.0
-5.0
-34.0
-23.0
-44.0
-37.0
-51.0
-43.0
-48.0
-2.0
6.0
28.0
-25.0
-37.0
-28.0
-51.0
-37.0
-30.0
-31.0
-36.0
-67.0
-44.0
7.0
16.0
26.0
7.0
3.0
-14.0
-6.0
47.0
61.0
42.0
42.0
36.0
12.0
12.0
26.0
45.0
46.0
25.0
32.0
28.0
-21.0
-29.0
-35.0
28.0
-23.0
-37.0
-43.0
-38.0
-16.0
-35.0
-31.0
-45.0
-50.0
-35.0
-41.0
-1.0
-3.0
-20.0
33.0
44.0
50.0
16.0
16.0
-26.0
-5.0
-57.0
-54.0
-29.0
45.0
24.0
4.0
34.0
24.0
-49.0
-40.0
-55.0
-59.0
-78.0
-67.0
-1.0
-2.0
-43.0
7.0
41.0
20.0
46.0
45.0
28.0
-31.0
-20.0
-39.0
-51.0
-38.0
-16.0
-1.0
16.0
11.0
7.0
14.0
44.0
56.0
55.0
43.0
63.0
59.0
64.0
60.0
45.0
11.0
1.0
-25.0
17.0
-23.0
-46.0
-12.0
8.0
-4.0
-19.0
-58.0
-70.0
-44.0
-50.0
-42.0
-13.0
-14.0
4.0
-2.0
5.0
-23.0
-30.0
-27.0
-47.0
-65.0
-42.0
-35.0
-10.0
-16.0
-9.0
-8.0
31.0
70.0
58.0
61.0
36.0
77.0
35.0
35.0
43.0
13.0
-23.0
-1.0
-39.0
-61.0
-17.0
-22.0
19.0
29.0
11.0
-28.0
-50.0
-51.0
8.0
24.0
4.0
-6.0
0.0
1.0
-6.0
-10.0
-27.0
-4.0
-17.0
43.0
1.0
3.0
40.0
41.0
4.0
-13.0
-41.0
-28.0
-55.0
-68.0
-46.0
-68.0
-87.0
-98.0
-75.0
-55.0
48.0
35.0
52.0
34.0
29.0
46.0
48.0
42.0
62.0
35.0
41.0
27.0
33.0
14.0
-35.0
-44.0
-75.0
-70.0
-171.0
-143.0
-101.0
-56.0
-15.0
42.0
48.0
11.0
9.0
4.0
44.0
45.0
2.0
-15.0
-35.0
25.0
-40.0
-88.0
-103.0
-102.0
-28.0
9.0
31.0
77.0
38.0
-101.0
-36.0
71.0
143.0
142.0
121.0
122.0
101.0
83.0
24.0
24.0
-13.0
2.0
11.0
19.0
-6.0
-12.0
-5.0
-39.0
-54.0
-58.0
-71.0
-88.0
-44.0
-36.0
3.0
-20.0
-20.0
-12.0
-7.0
-41.0
-76.0
-39.0
-12.0
-14.0
-1.0
-14.0
8.0
-21.0
-14.0
-42.0
-21.0
21.0
22.0
17.0
9.0
24.0
32.0
28.0
13.0
17.0
37.0
-26.0
-23.0
-32.0
-11.0
-31.0
-12.0
-19.0
1.0
-26.0
-22.0
-31.0
17.0
20.0
-1.0
-14.0
-17.0
70.0
3.0
-6.0
-7.0
-22.0
2.0
-1.0
-11.0
-2.0
6.0
10.0
4.0
-16.0
7.0
-4.0
23.0
29.0
20.0
-15.0
-3.0
-22.0
19.0
30.0
28.0
8.0
-13.0
-5.0
-33.0
-14.0
-15.0
4.0
-15.0
-28.0
-38.0
-4.0
-25.0
-17.0
10.0
-13.0
-13.0
-10.0
-6.0
20.0
-12.0
3.0
-28.0
-28.0
-38.0
-49.0
-5.0
-36.0
-14.0
-17.0
-3.0
7.0
-13.0
-4.0
35.0
51.0
-24.0
-33.0
6.0
3.0
-7.0
10.0
18.0
13.0
29.0
41.0
36.0
-11.0
-24.0
-8.0
19.0
-7.0
-23.0
-29.0
-46.0
-45.0
-82.0
-57.0
-30.0
6.0
46.0
49.0
-2.0
-4.0
-11.0
9.0
64.0
17.0
8.0
7.0
-19.0
6.0
21.0
27.0
33.0
14.0
27.0
5.0
26.0
-30.0
10.0
0.0
-6.0
-5.0
-30.0
-1.0
-25.0
-45.0
-11.0
-16.0
-35.0
-41.0
-89.0
-85.0
-98.0
-63.0
-35.0
-27.0
-37.0
-49.0
-34.0
16.0
-2.0
3.0
36.0
52.0
57.0
100.0
66.0
44.0
45.0
56.0
43.0
33.0
29.0
36.0
33.0
-2.0
2.0
4.0
-40.0
-46.0
-75.0
-83.0
-91.0
-77.0
-98.0
-102.0
-60.0
-46.0
-35.0
-35.0
-18.0
-14.0
16.0
14.0
86.0
58.0
74.0
76.0
66.0
78.0
62.0
61.0
36.0
48.0
4.0
19.0
31.0
55.0
45.0
4.0
-134.0
-131.0
-154.0
-120.0
-35.0
102.0
98.0
-110.0
-200.0
-120.0
-115.0
-103.0
4.0
40.0
21.0
-108.0
-70.0
-43.0
73.0
82.0
54.0
48.0
82.0
41.0
74.0
58.0
131.0
111.0
37.0
-23.0
84.0
82.0
88.0
61.0
-25.0
-68.0
-46.0
-29.0
-23.0
-46.0
-54.0
-54.0
-57.0
-70.0
-93.0
-85.0
-51.0
-16.0
5.0
26.0
-18.0
-28.0
9.0
15.0
44.0
37.0
57.0
27.0
30.0
-3.0
-25.0
-24.0
-49.0
-66.0
-46.0
-31.0
-24.0
-10.0
17.0
1.0
-22.0
-16.0
-51.0
-33.0
-35.0
-73.0
-49.0
44.0
13.0
8.0
2.0
7.0
7.0
-9.0
54.0
73.0
59.0
25.0
38.0
37.0
13.0
19.0
-1.0
-7.0
18.0
4.0
-16.0
0.0
-7.0
-32.0
-32.0
-40.0
0.0
-27.0
-12.0
-35.0
-24.0
-25.0
-55.0
13.0
2.0
2.0
-48.0
-29.0
-7.0
-22.0
-31.0
-59.0
-68.0
-147.0
-154.0
-159.0
-177.0
-214.0
-162.0
-88.0
-48.0
7.0
108.0
165.0
163.0
155.0
163.0
155.0
148.0
157.0
127.0
131.0
143.0
110.0
57.0
64.0
27.0
10.0
6.0
-30.0
-5.0
-10.0
-50.0
-81.0
-49.0
-42.0
-22.0
-46.0
-59.0
-30.0
-42.0
9.0
-36.0
-25.0
-34.0
-24.0
-36.0
-47.0
-25.0
-42.0
-20.0
-2.0
-19.0
-17.0
-54.0
-48.0
-27.0
-6.0
-22.0
-57.0
-93.0
-94.0
-83.0
-68.0
-57.0
-64.0
-64.0
-40.0
8.0
33.0
43.0
69.0
80.0
77.0
74.0
80.0
57.0
39.0
49.0
35.0
41.0
41.0
16.0
7.0
0.0
4.0
-7.0
-25.0
-12.0
-70.0
-110.0
8.0
36.0
-28.0
-17.0
-19.0
-37.0
-27.0
-55.0
-73.0
-50.0
-5.0
13.0
-17.0
-2.0
6.0
37.0
22.0
11.0
23.0
53.0
72.0
82.0
-7.0
313.0
313.0
313.0
313.0
313.0
313.0
313.0
313.0
313.0
313.0
313.0
298.0
213.0
109.0
55.0
-25.0
-157.0
-135.0
-194.0
-192.0
-227.0
-241.0
-266.0
-165.0
-209.0
-213.0
-229.0
-187.0
-257.0
-244.0
-305.0
-299.0
-179.0
-113.0
-87.0
-85.0
-39.0
-17.0
-103.0
-166.0
-246.0
-232.0
-262.0
-313.0
-262.0
-195.0
-248.0
-167.0
-232.0
-275.0
-241.0
-249.0
-215.0
-195.0
-180.0
-187.0
-198.0
-141.0
-168.0
-148.0
-135.0
-140.0
-88.0
-102.0
-128.0
-113.0
-99.0
-59.0
-66.0
-56.0
-52.0
-67.0
-41.0
-52.0
-49.0
-35.0
-28.0
-15.0
-7.0
-7.0
34.0
21.0
-7.0
-8.0
-2.0
-2.0
-8.0
4.0
38.0
35.0
-9.0
-12.0
-2.0
-11.0
-3.0
13.0
-7.0
17.0
32.0
14.0
20.0
28.0
18.0
19.0
27.0
18.0
41.0
-9.0
20.0
3.0
7.0
7.0
13.0
-9.0
-33.0
-55.0
1.0
11.0
12.0
5.0
28.0
16.0
11.0
-42.0
-109.0
-75.0
-23.0
-32.0
-18.0
11.0
40.0
50.0
40.0
74.0
53.0
47.0
86.0
54.0
57.0
20.0
29.0
27.0
34.0
68.0
13.0
45.0
67.0
77.0
38.0
68.0
86.0
92.0
41.0
43.0
-9.0
22.0
-6.0
2.0
15.0
26.0
11.0
0.0
-5.0
-18.0
-8.0
-40.0
-13.0
5.0
43.0
41.0
25.0
30.0
6.0
-19.0
-37.0
-76.0
-57.0
-37.0
-36.0
-22.0
-4.0
-11.0
-7.0
9.0
34.0
46.0
46.0
41.0
41.0
40.0
-3.0
-14.0
10.0
-3.0
9.0
46.0
50.0
44.0
32.0
14.0
38.0
44.0
33.0
19.0
44.0
61.0
33.0
13.0
-5.0
3.0
-43.0
-52.0
5.0
-15.0
-54.0
-22.0
-31.0
-25.0
-32.0
-60.0
-70.0
-70.0
-79.0
-84.0
-82.0
-90.0
-88.0
-80.0
-63.0
-92.0
-19.0
-9.0
11.0
48.0
85.0
91.0
88.0
81.0
78.0
83.0
53.0
49.0
66.0
42.0
10.0
-38.0
-54.0
-95.0
-138.0
-90.0
-100.0
-89.0
-89.0
-34.0
-7.0
42.0
78.0
91.0
89.0
77.0
73.0
86.0
56.0
74.0
31.0
19.0
44.0
10.0
-6.0
-67.0
-123.0
-113.0
-160.0
-142.0
-107.0
-57.0
-46.0
-15.0
-6.0
4.0
43.0
36.0
80.0
84.0
85.0
-3.0
8.0
-3.0
-24.0
19.0
94.0
85.0
12.0
30.0
33.0
9.0
5.0
-7.0
-38.0
-51.0
-52.0
-45.0
-15.0
-40.0
-55.0
-88.0
-91.0
-100.0
-119.0
-96.0
-76.0
-76.0
-62.0
-53.0
-36.0
-59.0
-37.0
-39.0
-20.0
-24.0
-13.0
-34.0
-13.0
-71.0
-41.0
-33.0
-35.0
-34.0
-16.0
7.0
46.0
42.0
94.0
69.0
48.0
59.0
52.0
65.0
63.0
93.0
87.0
85.0
66.0
62.0
61.0
27.0
43.0
32.0
-7.0
-35.0
-42.0
-48.0
-60.0
-42.0
-74.0
-85.0
-2.0
32.0
68.0
88.0
48.0
41.0
65.0
49.0
29.0
21.0
-22.0
-40.0
-45.0
-119.0
-143.0
-143.0
-123.0
-110.0
-95.0
-43.0
6.0
25.0
95.0
94.0
93.0
98.0
76.0
53.0
87.0
97.0
113.0
53.0
22.0
5.0
17.0
27.0
11.0
15.0
19.0
-17.0
-7.0
4.0
-17.0
-15.0
-8.0
-16.0
10.0
-9.0
11.0
1.0
-15.0
-62.0
-65.0
-104.0
-138.0
-135.0
-84.0
-55.0
-29.0
-29.0
-13.0
-8.0
-1.0
19.0
4.0
20.0
7.0
3.0
1.0
28.0
20.0
28.0
49.0
13.0
-20.0
-25.0
-19.0
-3.0
-17.0
-13.0
-20.0
-14.0
5.0
-7.0
-11.0
-9.0
18.0
32.0
12.0
-17.0
-25.0
-40.0
-57.0
-37.0
-36.0
-35.0
-83.0
-94.0
-83.0
-58.0
-49.0
-28.0
17.0
66.0
62.0
64.0
41.0
123.0
92.0
88.0
76.0
58.0
53.0
46.0
37.0
45.0
11.0
-6.0
13.0
10.0
12.0
4.0
-11.0
14.0
2.0
12.0
24.0
18.0
31.0
14.0
15.0
3.0
-36.0
-43.0
-67.0
-60.0
-10.0
2.0
-29.0
-59.0
-39.0
-38.0
-51.0
-51.0
-57.0
-60.0
-74.0
-50.0
-41.0
-44.0
-19.0
12.0
-15.0
-62.0
-42.0
-40.0
0.0
23.0
-20.0
-24.0
-61.0
-6.0
49.0
81.0
76.0
67.0
45.0
38.0
11.0
22.0
23.0
9.0
1.0
7.0
31.0
25.0
-35.0
-40.0
-19.0
-9.0
-28.0
-2.0
-12.0
-23.0
18.0
3.0
1.0
-32.0
-33.0
-50.0
-102.0
-117.0
-93.0
-90.0
-47.0
-32.0
40.0
72.0
68.0
57.0
64.0
60.0
92.0
122.0
77.0
80.0
102.0
95.0
66.0
63.0
42.0
9.0
15.0
-13.0
-42.0
-40.0
-50.0
-55.0
-14.0
-55.0
-66.0
-23.0
-12.0
-7.0
-39.0
-34.0
-63.0
-79.0
-105.0
-93.0
-60.0
-32.0
-29.0
-28.0
10.0
4.0
24.0
33.0
39.0
27.0
13.0
-7.0
-6.0
-6.0
-13.0
-23.0
-11.0
-3.0
-9.0
-28.0
9.0
24.0
28.0
13.0
9.0
6.0
8.0
-4.0
-36.0
-85.0
-103.0
-142.0
-102.0
-59.0
-26.0
-33.0
-24.0
39.0
65.0
72.0
78.0
75.0
67.0
35.0
51.0
64.0
22.0
-6.0
7.0
17.0
38.0
12.0
19.0
17.0
0.0
8.0
-20.0
-34.0
-75.0
-106.0
-128.0
-122.0
-105.0
-59.0
-24.0
-21.0
36.0
68.0
90.0
77.0
83.0
73.0
73.0
69.0
60.0
65.0
43.0
12.0
28.0
16.0
38.0
3.0
-49.0
-50.0
-26.0
-39.0
10.0
-27.0
-53.0
-39.0
-53.0
-68.0
-78.0
-55.0
-47.0
-51.0
-85.0
-40.0
-44.0
-43.0
-74.0
-59.0
-74.0
-105.0
-133.0
-127.0
-79.0
-46.0
-9.0
-4.0
15.0
46.0
59.0
83.0
61.0
52.0
77.0
66.0
70.0
95.0
44.0
62.0
32.0
4.0
2.0
0.0
-4.0
22.0
19.0
-12.0
-17.0
-14.0
0.0
-20.0
-40.0
-29.0
-46.0
-57.0
-26.0
-15.0
-26.0
-35.0
-66.0
-83.0
-132.0
-137.0
-154.0
-112.0
-65.0
-62.0
23.0
53.0
110.0
113.0
141.0
136.0
107.0
97.0
124.0
121.0
113.0
77.0
42.0
62.0
46.0
37.0
13.0
-43.0
-40.0
-7.0
24.0
71.0
126.0
225.0
313.0
313.0
313.0
313.0
313.0
313.0
313.0
313.0
298.0
218.0
98.0
80.0
14.0
-37.0
-84.0
-112.0
-162.0
-204.0
-192.0
-237.0
-270.0
-262.0
-244.0
-273.0
-256.0
-216.0
-227.0
-235.0
-206.0
-181.0
-155.0
-156.0
-125.0
-111.0
-128.0
-179.0
-177.0
-184.0
-215.0
-180.0
-149.0
-140.0
-112.0
-89.0
-94.0
-86.0
-53.0
-52.0
-75.0
-101.0
-116.0
-120.0
-152.0
-201.0
-227.0
-178.0
-193.0
-177.0
-121.0
-66.0
-77.0
-74.0
-62.0
-60.0
-59.0
-75.0
-46.0
-61.0
-38.0
-23.0
-13.0
-6.0
-4.0
-24.0
-54.0
-80.0
-63.0
5.0
93.0
178.0
204.0
199.0
221.0
202.0
219.0
255.0
241.0
219.0
176.0
92.0
67.0
64.0
23.0
11.0
11.0
17.0
-17.0
14.0
11.0
24.0
12.0
8.0
-35.0
-28.0
-39.0
-51.0
-50.0
-22.0
-29.0
-3.0
15.0
27.0
47.0
53.0
70.0
39.0
61.0
91.0
78.0
56.0
42.0
44.0
28.0
0.0
-56.0
-53.0
-50.0
-41.0
37.0
71.0
60.0
50.0
60.0
47.0
16.0
27.0
24.0
31.0
-15.0
-2.0
-40.0
-44.0
-50.0
-59.0
-37.0
-11.0
-31.0
-25.0
-33.0
-48.0
-49.0
-43.0
-42.0
-35.0
-9.0
-24.0
-37.0
-22.0
-30.0
-23.0
-6.0
-7.0
-5.0
-13.0
-28.0
-11.0
16.0
29.0
31.0
-7.0
-36.0
-43.0
-33.0
-14.0
-22.0
-24.0
-56.0
-39.0
-76.0
-36.0
-53.0
-57.0
-16.0
-49.0
2.0
26.0
42.0
52.0
58.0
50.0
35.0
44.0
18.0
19.0
-1.0
-14.0
-46.0
-57.0
-43.0
-7.0
-9.0
-4.0
-7.0
-17.0
-48.0
-47.0
-30.0
-24.0
-36.0
-73.0
-38.0
-43.0
-71.0
-81.0
-59.0
-67.0
-66.0
-10.0
30.0
51.0
53.0
40.0
45.0
36.0
53.0
61.0
32.0
37.0
54.0
19.0
17.0
16.0
24.0
10.0
-67.0
-59.0
-25.0
21.0
60.0
34.0
4.0
-8.0
-23.0
1.0
7.0
5.0
-4.0
-7.0
23.0
18.0
10.0
17.0
-16.0
-17.0
-27.0
27.0
-4.0
-29.0
-29.0
-20.0
-30.0
-22.0
-24.0
4.0
-29.0
-30.0
-13.0
-10.0
-55.0
-66.0
-96.0
-97.0
-113.0
-111.0
-76.0
-80.0
-21.0
11.0
-16.0
47.0
90.0
85.0
125.0
128.0
127.0
132.0
122.0
119.0
84.0
46.0
75.0
75.0
63.0
19.0
2.0
-22.0
-37.0
-31.0
-48.0
-87.0
-103.0
-112.0
-168.0
-147.0
-101.0
-102.0
-82.0
-50.0
-19.0
-34.0
5.0
6.0
20.0
-12.0
-26.0
-8.0
-21.0
-7.0
31.0
33.0
54.0
52.0
19.0
-22.0
-30.0
4.0
-47.0
-10.0
-50.0
-48.0
-69.0
-74.0
-48.0
4.0
18.0
17.0
24.0
37.0
63.0
23.0
38.0
45.0
17.0
12.0
21.0
41.0
4.0
-34.0
-17.0
-20.0
-44.0
-37.0
-34.0
-37.0
-21.0
-20.0
-24.0
6.0
-30.0
-28.0
-32.0
-46.0
-17.0
-35.0
-13.0
-38.0
0.0
3.0
-21.0
-2.0
42.0
48.0
37.0
73.0
51.0
69.0
65.0
83.0
51.0
42.0
24.0
24.0
-22.0
-24.0
-8.0
-43.0
-42.0
-38.0
4.0
78.0
69.0
69.0
80.0
72.0
55.0
22.0
28.0
20.0
-12.0
-10.0
-46.0
-52.0
-63.0
-50.0
-48.0
-51.0
-33.0
28.0
55.0
30.0
5.0
4.0
-9.0
-13.0
3.0
6.0
24.0
-30.0
-5.0
-22.0
-49.0
-44.0
-28.0
20.0
1.0
36.0
22.0
34.0
40.0
44.0
5.0
9.0
14.0
23.0
-25.0
-39.0
-19.0
-33.0
-16.0
-17.0
-23.0
-19.0
21.0
14.0
-11.0
12.0
12.0
4.0
-31.0
-11.0
9.0
7.0
-48.0
-26.0
-39.0
-35.0
-75.0
-74.0
-84.0
-71.0
-51.0
-53.0
-14.0
-24.0
10.0
19.0
-2.0
50.0
34.0
-2.0
10.0
6.0
15.0
3.0
8.0
0.0
-8.0
-24.0
-20.0
-26.0
1.0
3.0
-11.0
-34.0
-18.0
-53.0
-59.0
-80.0
-61.0
-56.0
-8.0
-3.0
20.0
9.0
30.0
31.0
57.0
59.0
41.0
64.0
54.0
55.0
63.0
32.0
-11.0
12.0
-6.0
-24.0
-38.0
11.0
5.0
1.0
-35.0
-46.0
-29.0
-25.0
-21.0
-17.0
-30.0
-18.0
-45.0
-48.0
-83.0
-53.0
13.0
6.0
-7.0
-7.0
-5.0
-28.0
-21.0
-18.0
-24.0
-38.0
-5.0
-23.0
-48.0
-18.0
-28.0
-48.0
-56.0
-53.0
-32.0
-35.0
-7.0
37.0
72.0
84.0
86.0
68.0
85.0
80.0
59.0
66.0
75.0
45.0
31.0
21.0
17.0
-21.0
-9.0
-18.0
-16.0
-49.0
-50.0
-15.0
-26.0
-67.0
-114.0
-130.0
-108.0
-100.0
-97.0
-64.0
-55.0
-12.0
13.0
30.0
107.0
99.0
103.0
101.0
96.0
107.0
67.0
106.0
50.0
43.0
10.0
-4.0
-17.0
-17.0
-43.0
-50.0
-56.0
-51.0
-40.0
-104.0
-97.0
-94.0
-92.0
-85.0
-26.0
-11.0
-28.0
-60.0
-36.0
-19.0
-40.0
-43.0
-59.0
-65.0
-5.0
-23.0
8.0
-42.0
-51.0
-45.0
-38.0
-29.0
-42.0
-39.0
-50.0
-25.0
-40.0
-22.0
17.0
11.0
41.0
37.0
52.0
55.0
30.0
48.0
34.0
23.0
27.0
55.0
55.0
82.0
59.0
45.0
13.0
-39.0
-14.0
9.0
2.0
-28.0
-26.0
-12.0
-13.0
-13.0
-28.0
-55.0
-46.0
-37.0
-53.0
-85.0
-80.0
-74.0
-56.0
-54.0
-51.0
-39.0
16.0
18.0
52.0
36.0
43.0
29.0
40.0
34.0
61.0
64.0
54.0
77.0
65.0
57.0
25.0
9.0
23.0
15.0
-7.0
15.0
21.0
-9.0
-41.0
-26.0
-36.0
-45.0
-27.0
-39.0
-31.0
-31.0
5.0
-3.0
-25.0
-35.0
-45.0
-31.0
-72.0
-71.0
-40.0
-1.0
-49.0
-31.0
1.0
10.0
12.0
30.0
-1.0
3.0
-18.0
31.0
58.0
79.0
74.0
72.0
47.0
7.0
20.0
29.0
-11.0
7.0
-30.0
-38.0
-95.0
-105.0
-111.0
-89.0
-100.0
-94.0
-50.0
-33.0
-11.0
41.0
57.0
54.0
59.0
26.0
-20.0
-19.0
-46.0
-60.0
-39.0
-43.0
-11.0
-36.0
0.0
34.0
108.0
101.0
101.0
124.0
139.0
143.0
171.0
158.0
125.0
91.0
91.0
89.0
37.0
35.0
-3.0
-26.0
-17.0
-10.0
-32.0
-72.0
-87.0
-85.0
-43.0
-7.0
-93.0
-66.0
-47.0
-54.0
-75.0
-100.0
-128.0
-133.0
-127.0
-54.0
-9.0
24.0
32.0
23.0
38.0
49.0
37.0
39.0
38.0
-22.0
-8.0
-31.0
-37.0
-21.0
-9.0
-13.0
45.0
47.0
23.0
37.0
5.0
19.0
37.0
-3.0
4.0
-16.0
9.0
11.0
-9.0
-24.0
-3.0
-26.0
-29.0
-40.0
-29.0
-42.0
-95.0
-94.0
-82.0
-83.0
-43.0
-15.0
9.0
16.0
14.0
21.0
-1.0
-5.0
-20.0
-19.0
32.0
47.0
10.0
17.0
-15.0
8.0
9.0
16.0
6.0
-12.0
-21.0
-7.0
-52.0
-50.0
-27.0
-36.0
-47.0
-43.0
-12.0
11.0
17.0
22.0
-4.0
7.0
-2.0
18.0
14.0
12.0
15.0
-14.0
-32.0
-46.0
-42.0
-43.0
-51.0
-45.0
0.0
-3.0
25.0
23.0
52.0
42.0
52.0
52.0
46.0
-11.0
34.0
36.0
30.0
22.0
46.0
10.0
-34.0
-74.0
-73.0
-25.0
-29.0
-28.0
-5.0
-7.0
-33.0
-52.0
6.0
12.0
18.0
-1.0
-29.0
-44.0
-87.0
-54.0
-10.0
-10.0
41.0
35.0
2.0
23.0
1.0
0.0
27.0
51.0
21.0
-19.0
-11.0
-35.0
-4.0
-6.0
10.0
-5.0
28.0
-32.0
-50.0
-39.0
-20.0
-27.0
-16.0
-8.0
33.0
33.0
1.0
34.0
21.0
25.0
-13.0
-28.0
10.0
-13.0
-10.0
-7.0
-15.0
-43.0
8.0
28.0
29.0
-9.0
-32.0
9.0
26.0
24.0
17.0
-9.0
33.0
8.0
-7.0
-34.0
-37.0
-64.0
-48.0
-55.0
-44.0
-55.0
-29.0
-8.0
7.0
3.0
44.0
69.0
28.0
30.0
-18.0
-57.0
-90.0
-26.0
68.0
125.0
52.0
-75.0
2.0
-1.0
92.0
101.0
63.0
10.0
-50.0
10.0
-26.0
-68.0
35.0
33.0
-34.0
-50.0
-65.0
-65.0
1.0
-9.0
-63.0
-22.0
-34.0
-19.0
21.0
52.0
55.0
38.0
20.0
48.0
63.0
22.0
20.0
25.0
28.0
21.0
12.0
-8.0
-23.0
-38.0
-48.0
-42.0
-25.0
-23.0
-29.0
-45.0
-42.0
-16.0
12.0
15.0
11.0
9.0
18.0
12.0
4.0
0.0
19.0
4.0
-26.0
-29.0
-43.0
-71.0
-77.0
-82.0
-49.0
-17.0
-27.0
3.0
47.0
46.0
39.0
41.0
57.0
51.0
50.0
55.0
30.0
41.0
22.0
11.0
-25.0
-40.0
-34.0
-30.0
-48.0
-35.0
9.0
17.0
21.0
39.0
28.0
42.0
44.0
43.0
15.0
37.0
27.0
45.0
-24.0
20.0
19.0
-5.0
-39.0
-43.0
-55.0
-49.0
-34.0
-24.0
-55.0
-99.0
-75.0
-66.0
-47.0
-51.0
-46.0
-21.0
10.0
-7.0
12.0
22.0
9.0
-28.0
-25.0
-31.0
-62.0
-34.0
-39.0
-68.0
-9.0
26.0
2.0
19.0
47.0
46.0
66.0
26.0
37.0
-6.0
-11.0
16.0
65.0
63.0
20.0
21.0
-3.0
-41.0
-40.0
-10.0
-33.0
-50.0
-32.0
-60.0
-27.0
-30.0
-39.0
-39.0
-21.0
-20.0
-1.0
-17.0
-6.0
-16.0
-15.0
-14.0
-4.0
-20.0
-9.0
-28.0
-15.0
-23.0
-29.0
4.0
14.0
20.0
-42.0
-37.0
-20.0
-9.0
29.0
17.0
22.0
5.0
14.0
5.0
-1.0
11.0
1.0
-50.0
-52.0
-75.0
-53.0
-61.0
-15.0
-13.0
0.0
8.0
-31.0
-4.0
39.0
68.0
87.0
78.0
35.0
38.0
58.0
57.0
34.0
45.0
34.0
25.0
-4.0
4.0
17.0
23.0
8.0
-17.0
-3.0
-29.0
2.0
-12.0
-36.0
-40.0
-21.0
-20.0
-11.0
-28.0
-55.0
-82.0
-45.0
-18.0
-8.0
8.0
31.0
27.0
33.0
12.0
5.0
11.0
-6.0
-18.0
1.0
-15.0
-41.0
-35.0
-23.0
-18.0
-9.0
-21.0
1.0
-13.0
-24.0
-22.0
-16.0
-7.0
21.0
6.0
14.0
9.0
48.0
69.0
39.0
49.0
59.0
72.0
12.0
-30.0
18.0
20.0
41.0
4.0
8.0
-19.0
-9.0
-10.0
7.0
14.0
6.0
5.0
40.0
19.0
-18.0
-81.0
-45.0
-48.0
-42.0
-18.0
-32.0
-12.0
-43.0
-55.0
3.0
-28.0
-15.0
-13.0
-20.0
10.0
-12.0
7.0
-14.0
2.0
-10.0
0.0
-16.0
-10.0
-3.0
8.0
31.0
2.0
10.0
3.0
-11.0
-42.0
17.0
27.0
-11.0
-44.0
-53.0
-75.0
-113.0
-69.0
-31.0
-34.0
-18.0
-10.0
20.0
26.0
50.0
31.0
49.0
85.0
81.0
100.0
65.0
70.0
45.0
46.0
56.0
63.0
30.0
-21.0
3.0
-23.0
-5.0
-5.0
-21.0
-31.0
-53.0
-33.0
-17.0
9.0
-7.0
8.0
-28.0
-26.0
-29.0
-33.0
-7.0
-4.0
5.0
-8.0
-29.0
-30.0
3.0
10.0
-3.0
-9.0
-31.0
-42.0
-44.0
-25.0
-34.0
-9.0
-13.0
-14.0
-1.0
13.0
17.0
9.0
27.0
14.0
40.0
35.0
2.0
18.0
-15.0
-8.0
0.0
0.0
-23.0
-21.0
-53.0
-48.0
-8.0
-14.0
-2.0
5.0
-19.0
-18.0
-21.0
-28.0
-21.0
-24.0
-9.0
-6.0
-23.0
-33.0
-19.0
1.0
-19.0
-11.0
10.0
10.0
-9.0
-12.0
1.0
8.0
-9.0
-25.0
-66.0
-92.0
-59.0
-39.0
-24.0
-20.0
-4.0
15.0
35.0
26.0
18.0
40.0
41.0
65.0
88.0
79.0
62.0
70.0
61.0
62.0
35.0
2.0
-5.0
-12.0
-27.0
-34.0
-31.0
-17.0
-13.0
-10.0
-34.0
-2.0
-8.0
19.0
1.0
6.0
-33.0
-36.0
21.0
15.0
-5.0
12.0
2.0
-35.0
-41.0
-42.0
-32.0
-55.0
-78.0
-85.0
-24.0
-15.0
-5.0
0.0
33.0
31.0
8.0
29.0
9.0
20.0
29.0
24.0
-12.0
27.0
28.0
30.0
7.0
1.0
3.0
-7.0
-11.0
5.0
9.0
15.0
1.0
0.0
-15.0
8.0
-44.0
-39.0
-30.0
-24.0
-39.0
-39.0
-11.0
-8.0
-18.0
-28.0
-25.0
-17.0
-25.0
-7.0
6.0
-15.0
-16.0
-26.0
-15.0
-12.0
-18.0
12.0
-26.0
-6.0
-11.0
-24.0
-11.0
-29.0
15.0
7.0
-19.0
-23.0
3.0
-4.0
-7.0
5.0
-3.0
-6.0
-28.0
-23.0
-32.0
-52.0
-58.0
-42.0
-48.0
-35.0
-50.0
-60.0
-44.0
-30.0
6.0
32.0
42.0
24.0
34.0
19.0
43.0
48.0
43.0
66.0
23.0
35.0
2.0
-13.0
13.0
32.0
17.0
14.0
-16.0
-42.0
-46.0
-72.0
-86.0
-92.0
-85.0
-58.0
-33.0
-29.0
38.0
70.0
47.0
81.0
63.0
90.0
102.0
92.0
70.0
76.0
69.0
49.0
56.0
26.0
1.0
17.0
-10.0
-21.0
-17.0
-17.0
-54.0
-45.0
2.0
-30.0
-55.0
-60.0
-68.0
-71.0
-67.0
-78.0
-86.0
-89.0
-87.0
-55.0
-5.0
25.0
41.0
43.0
32.0
28.0
25.0
47.0
24.0
27.0
7.0
-20.0
-24.0
-2.0
-24.0
-37.0
-35.0
-28.0
-14.0
-26.0
-9.0
13.0
5.0
4.0
-15.0
-6.0
-50.0
-34.0
-25.0
-7.0
-35.0
-34.0
9.0
6.0
6.0
5.0
-2.0
9.0
45.0
28.0
3.0
-3.0
0.0
-6.0
12.0
8.0
-7.0
-6.0
-17.0
-19.0
-6.0
-19.0
-20.0
-11.0
26.0
23.0
-6.0
8.0
-30.0
-8.0
-48.0
-30.0
-15.0
-45.0
-33.0
-28.0
-11.0
-23.0
-20.0
15.0
-8.0
19.0
10.0
-7.0
26.0
26.0
-7.0
9.0
-18.0
-12.0
-22.0
-12.0
6.0
3.0
8.0
14.0
37.0
41.0
41.0
11.0
25.0
34.0
58.0
13.0
13.0
14.0
31.0
-4.0
-2.0
-31.0
-29.0
4.0
9.0
6.0
-6.0
-13.0
-26.0
7.0
-31.0
-40.0
-63.0
-78.0
-102.0
-79.0
-94.0
-96.0
-46.0
-39.0
-7.0
18.0
15.0
20.0
30.0
33.0
37.0
40.0
34.0
18.0
-4.0
26.0
-24.0
27.0
17.0
38.0
17.0
24.0
44.0
66.0
84.0
72.0
51.0
37.0
66.0
7.0
-23.0
-24.0
-8.0
6.0
-33.0
-5.0
-7.0
-31.0
-44.0
-48.0
-74.0
-74.0
-42.0
-56.0
-31.0
-22.0
-40.0
-53.0
-30.0
21.0
-33.0
-30.0
-56.0
-55.0
-56.0
-35.0
-44.0
-19.0
3.0
10.0
43.0
43.0
42.0
33.0
41.0
52.0
40.0
6.0
7.0
2.0
19.0
17.0
17.0
-1.0
12.0
-9.0
-60.0
-40.0
-78.0
-54.0
-64.0
-70.0
-39.0
-23.0
-39.0
-79.0
-34.0
-1.0
40.0
23.0
13.0
11.0
12.0
24.0
19.0
47.0
59.0
53.0
26.0
0.0
1.0
5.0
-6.0
-4.0
-18.0
-35.0
-46.0
-51.0
-82.0
-45.0
-62.0
-67.0
-93.0
-119.0
-95.0
-43.0
23.0
41.0
64.0
77.0
34.0
35.0
63.0
69.0
63.0
64.0
54.0
57.0
41.0
28.0
48.0
44.0
15.0
-17.0
6.0
-9.0
-71.0
-48.0
-68.0
-75.0
-63.0
-59.0
-55.0
-34.0
-17.0
-2.0
14.0
61.0
60.0
76.0
72.0
78.0
75.0
46.0
55.0
46.0
19.0
26.0
14.0
-37.0
-10.0
-4.0
-11.0
-63.0
-84.0
-82.0
-55.0
-50.0
-22.0
-28.0
-26.0
-24.0
-24.0
5.0
25.0
31.0
11.0
-4.0
-11.0
-27.0
-13.0
-3.0
11.0
-10.0
-4.0
-23.0
-5.0
-27.0
-48.0
-42.0
-4.0
-17.0
-21.0
-39.0
-18.0
-31.0
-44.0
-45.0
-44.0
-68.0
-47.0
-50.0
-26.0
7.0
1.0
-9.0
30.0
-15.0
24.0
42.0
58.0
62.0
42.0
16.0
-2.0
7.0
-15.0
-14.0
-4.0
-16.0
-13.0
-20.0
-12.0
-20.0
-50.0
-37.0
-11.0
-10.0
-18.0
19.0
8.0
9.0
19.0
12.0
6.0
28.0
1.0
-23.0
-12.0
-25.0
-46.0
-41.0
-53.0
-9.0
-11.0
-8.0
-9.0
-34.0
-22.0
-6.0
-36.0
-40.0
-4.0
-40.0
-58.0
-24.0
-76.0
-70.0
-55.0
-11.0
53.0
63.0
30.0
64.0
91.0
154.0
146.0
123.0
81.0
104.0
116.0
110.0
89.0
93.0
31.0
-20.0
-28.0
1.0
-26.0
-30.0
-52.0
-60.0
-27.0
-72.0
-43.0
-52.0
-50.0
-70.0
-46.0
-48.0
-66.0
-57.0
-84.0
-45.0
-18.0
2.0
-18.0
-24.0
-12.0
-28.0
-39.0
-39.0
-23.0
13.0
13.0
3.0
-37.0
-61.0
-54.0
-32.0
-37.0
-39.0
-71.0
-77.0
-45.0
-32.0
6.0
17.0
39.0
44.0
68.0
73.0
76.0
101.0
96.0
78.0
97.0
52.0
46.0
63.0
25.0
32.0
10.0
-14.0
2.0
-5.0
-22.0
-44.0
-64.0
-63.0
-53.0
-47.0
-32.0
-27.0
-63.0
-20.0
16.0
-15.0
-47.0
-37.0
-13.0
-15.0
-38.0
-57.0
-32.0
-65.0
-66.0
-21.0
-21.0
-1.0
-2.0
-2.0
14.0
57.0
70.0
48.0
19.0
34.0
36.0
2.0
-20.0
-21.0
-18.0
7.0
24.0
-23.0
-48.0
-30.0
-44.0
-60.0
-31.0
-29.0
-5.0
-7.0
13.0
43.0
77.0
43.0
55.0
42.0
65.0
55.0
61.0
48.0
10.0
30.0
8.0
42.0
29.0
16.0
-30.0
-34.0
-60.0
-72.0
-58.0
-58.0
-54.0
-21.0
-3.0
-39.0
-28.0
-26.0
-19.0
-21.0
-53.0
-10.0
-53.0
-10.0
-15.0
23.0
-4.0
-3.0
-25.0
-26.0
-3.0
18.0
15.0
0.0
0.0
-32.0
-18.0
-17.0
-3.0
2.0
1.0
27.0
-25.0
-27.0
1.0
-12.0
-35.0
-40.0
-42.0
-43.0
-15.0
-24.0
-44.0
-74.0
-6.0
37.0
95.0
97.0
74.0
44.0
24.0
5.0
-7.0
-18.0
-24.0
-27.0
-34.0
-34.0
1.0
-43.0
-42.0
-28.0
43.0
36.0
-18.0
-17.0
33.0
22.0
54.0
14.0
25.0
31.0
15.0
8.0
-2.0
-28.0
-20.0
-24.0
-6.0
-14.0
24.0
28.0
-15.0
-34.0
-35.0
-69.0
-57.0
-56.0
-63.0
-48.0
7.0
-18.0
27.0
42.0
18.0
51.0
76.0
79.0
72.0
43.0
18.0
48.0
79.0
47.0
26.0
18.0
41.0
42.0
13.0
8.0
2.0
-2.0
2.0
-4.0
-22.0
-60.0
-43.0
-51.0
-19.0
-62.0
-68.0
-26.0
-37.0
16.0
21.0
4.0
-12.0
-12.0
-20.0
-29.0
-19.0
-41.0
-22.0
-53.0
-57.0
-121.0
-112.0
-116.0
-28.0
-26.0
-26.0
30.0
11.0
37.0
57.0
40.0
50.0
48.0
42.0
45.0
39.0
27.0
23.0
2.0
11.0
4.0
2.0
1.0
26.0
-6.0
-21.0
-32.0
-57.0
-73.0
-115.0
-66.0
-78.0
-84.0
-87.0
-83.0
-53.0
8.0
45.0
33.0
57.0
60.0
62.0
67.0
94.0
88.0
46.0
45.0
16.0
-15.0
1.0
0.0
15.0
8.0
25.0
55.0
20.0
31.0
20.0
-3.0
-12.0
-9.0
8.0
4.0
-23.0
-49.0
-18.0
-36.0
-8.0
-15.0
-35.0
-75.0
-36.0
-37.0
-25.0
-28.0
-55.0
-38.0
-36.0
1.0
-1.0
-29.0
-20.0
-20.0
-24.0
11.0
26.0
10.0
-28.0
-24.0
-6.0
10.0
-20.0
-19.0
-7.0
-6.0
21.0
1.0
-21.0
-7.0
-61.0
-125.0
-64.0
-57.0
2.0
33.0
7.0
-17.0
21.0
53.0
-21.0
-12.0
16.0
14.0
-8.0
-8.0
5.0
3.0
-8.0
14.0
12.0
15.0
10.0
4.0
51.0
55.0
16.0
12.0
15.0
12.0
-9.0
-20.0
-52.0
-41.0
-21.0
-90.0
-181.0
-112.0
-75.0
-10.0
52.0
23.0
7.0
0.0
-23.0
24.0
65.0
88.0
104.0
108.0
75.0
67.0
35.0
45.0
20.0
17.0
6.0
-24.0
-32.0
-66.0
-34.0
7.0
-5.0
0.0
0.0
-16.0
-12.0
-25.0
-67.0
-42.0
-64.0
-74.0
-59.0
-61.0
-63.0
-14.0
-29.0
-15.0
26.0
-3.0
10.0
26.0
37.0
35.0
-1.0
16.0
44.0
56.0
24.0
6.0
-12.0
-9.0
-4.0
-2.0
-9.0
-22.0
3.0
-7.0
-7.0
0.0
6.0
-4.0
-18.0
-21.0
6.0
-17.0
-29.0
-43.0
-39.0
-20.0
-29.0
-30.0
-49.0
-51.0
-60.0
-26.0
-4.0
-14.0
2.0
35.0
13.0
-6.0
14.0
18.0
45.0
35.0
4.0
-27.0
-3.0
-1.0
-2.0
24.0
-2.0
-7.0
11.0
34.0
23.0
24.0
-2.0
-14.0
-32.0
-21.0
-28.0
-16.0
-34.0
-43.0
-7.0
6.0
13.0
20.0
-25.0
-20.0
25.0
38.0
39.0
48.0
15.0
32.0
23.0
25.0
-2.0
-5.0
-26.0
-26.0
-40.0
-79.0
-32.0
-37.0
-24.0
9.0
-9.0
16.0
10.0
14.0
-13.0
-18.0
16.0
31.0
49.0
40.0
29.0
26.0
2.0
-10.0
11.0
23.0
-17.0
-20.0
-15.0
-8.0
-51.0
-38.0
-19.0
-16.0
-18.0
-67.0
-60.0
-48.0
4.0
1.0
24.0
46.0
11.0
17.0
-11.0
-15.0
3.0
14.0
6.0
7.0
-2.0
28.0
21.0
24.0
5.0
-1.0
5.0
-14.0
-22.0
-14.0
-5.0
-10.0
8.0
11.0
0.0
7.0
41.0
37.0
37.0
3.0
-25.0
6.0
9.0
4.0
-13.0
-18.0
-56.0
-59.0
-27.0
-27.0
-41.0
-38.0
16.0
19.0
11.0
35.0
20.0
6.0
-23.0
-12.0
4.0
11.0
30.0
31.0
15.0
-10.0
-13.0
-29.0
-54.0
-99.0
-121.0
-72.0
32.0
25.0
53.0
40.0
-6.0
28.0
14.0
21.0
5.0
-20.0
-4.0
-9.0
19.0
13.0
26.0
6.0
3.0
11.0
28.0
1.0
-44.0
-40.0
-54.0
-85.0
-54.0
-7.0
-34.0
-55.0
-24.0
37.0
-21.0
-16.0
27.0
40.0
24.0
31.0
41.0
42.0
38.0
6.0
-33.0
-31.0
2.0
30.0
-2.0
-16.0
8.0
-27.0
-10.0
-31.0
-23.0
-28.0
-4.0
-17.0
-39.0
-64.0
-46.0
-60.0
-46.0
-42.0
-35.0
-31.0
7.0
64.0
30.0
32.0
48.0
62.0
28.0
11.0
-1.0
1.0
2.0
6.0
20.0
29.0
15.0
24.0
1.0
-73.0
-40.0
-42.0
43.0
43.0
47.0
21.0
2.0
-16.0
-61.0
-78.0
-17.0
-14.0
-8.0
-9.0
-76.0
-122.0
-85.0
-3.0
38.0
21.0
39.0
41.0
-13.0
4.0
-10.0
-16.0
-56.0
-105.0
-61.0
-26.0
7.0
10.0
13.0
1.0
14.0
33.0
67.0
59.0
50.0
14.0
17.0
17.0
41.0
46.0
48.0
-21.0
-93.0
-106.0
13.0
70.0
68.0
69.0
50.0
5.0
-61.0
-16.0
-8.0
-42.0
-27.0
-41.0
-46.0
-47.0
-45.0
-63.0
-29.0
-34.0
-18.0
-18.0
-40.0
-56.0
1.0
5.0
32.0
-11.0
-8.0
-37.0
-13.0
-30.0
-5.0
-43.0
-50.0
-49.0
-27.0
-11.0
20.0
38.0
39.0
81.0
74.0
45.0
49.0
51.0
28.0
38.0
80.0
8.0
9.0
8.0
-19.0
-2.0
0.0
-6.0
15.0
8.0
-19.0
-62.0
-101.0
2.0
-32.0
-9.0
34.0
36.0
22.0
6.0
-31.0
-79.0
-61.0
-91.0
-62.0
-57.0
-11.0
-10.0
-9.0
-38.0
31.0
31.0
60.0
42.0
21.0
34.0
12.0
12.0
-12.0
-4.0
-7.0
-15.0
0.0
-35.0
-53.0
-33.0
-31.0
-30.0
0.0
-39.0
-12.0
30.0
-18.0
10.0
-2.0
-81.0
-91.0
-91.0
-33.0
16.0
22.0
42.0
18.0
34.0
41.0
24.0
28.0
26.0
13.0
-2.0
11.0
-7.0
4.0
-36.0
-16.0
-54.0
-57.0
-58.0
-122.0
-26.0
13.0
6.0
46.0
51.0
47.0
10.0
36.0
38.0
-4.0
7.0
-9.0
5.0
23.0
22.0
41.0
40.0
22.0
25.0
-23.0
-14.0
-31.0
-82.0
-40.0
-3.0
-11.0
-11.0
-23.0
-21.0
-24.0
-17.0
-1.0
-3.0
26.0
9.0
47.0
39.0
28.0
31.0
31.0
-9.0
24.0
12.0
1.0
-5.0
-40.0
-2.0
-24.0
-20.0
23.0
0.0
2.0
-34.0
18.0
82.0
-10.0
-31.0
-8.0
-10.0
-27.0
-23.0
-41.0
-65.0
-77.0
-161.0
-132.0
-84.0
-52.0
-50.0
20.0
116.0
93.0
34.0
11.0
57.0
69.0
81.0
103.0
100.0
73.0
41.0
47.0
2.0
13.0
-23.0
-6.0
1.0
-3.0
-4.0
-35.0
-48.0
-53.0
-86.0
-47.0
15.0
10.0
-22.0
11.0
8.0
-7.0
19.0
10.0
-18.0
-20.0
-15.0
22.0
16.0
-36.0
-42.0
-60.0
-21.0
3.0
-5.0
23.0
8.0
-38.0
-30.0
23.0
21.0
16.0
2.0
-24.0
-24.0
-16.0
-39.0
-4.0
-6.0
6.0
4.0
9.0
20.0
0.0
-6.0
-35.0
-22.0
-40.0
-16.0
-2.0
-2.0
-14.0
46.0
6.0
17.0
-30.0
-42.0
-4.0
-14.0
-9.0
-15.0
5.0
-25.0
-6.0
-1.0
-4.0
14.0
-10.0
-6.0
8.0
2.0
0.0
-9.0
4.0
9.0
12.0
13.0
12.0
-3.0
-4.0
-3.0
-1.0
-29.0
-70.0
-35.0
-14.0
-30.0
30.0
-6.0
-8.0
-8.0
-8.0
-10.0
9.0
6.0
11.0
37.0
24.0
44.0
-5.0
-4.0
-14.0
-9.0
-44.0
32.0
-19.0
-38.0
-34.0
31.0
-3.0
-4.0
21.0
18.0
2.0
18.0
4.0
-19.0
-18.0
-18.0
4.0
0.0
-13.0
-5.0
-50.0
-26.0
9.0
-29.0
-48.0
9.0
13.0
7.0
9.0
-17.0
-16.0
7.0
-5.0
16.0
-6.0
-39.0
16.0
13.0
25.0
13.0
6.0
-13.0
-2.0
2.0
-6.0
-1.0
14.0
16.0
1.0
-14.0
-3.0
-5.0
20.0
-5.0
-23.0
-7.0
-29.0
-35.0
-25.0
-11.0
-7.0
-9.0
-17.0
2.0
9.0
-1.0
-13.0
-14.0
-26.0
2.0
-31.0
-6.0
-22.0
16.0
14.0
28.0
-5.0
-11.0
3.0
21.0
21.0
13.0
-12.0
-12.0
-38.0
-15.0
-20.0
-19.0
4.0
-8.0
-14.0
-17.0
2.0
2.0
-2.0
-2.0
-21.0
-18.0
-55.0
-36.0
16.0
-5.0
-2.0
-37.0
-24.0
8.0
-39.0
-35.0
-29.0
7.0
18.0
34.0
56.0
4.0
-2.0
-56.0
-25.0
-24.0
-23.0
-15.0
9.0
7.0
-19.0
-12.0
7.0
8.0
-10.0
-4.0
11.0
-36.0
-38.0
-36.0
-39.0
2.0
21.0
0.0
0.0
-2.0
-2.0
3.0
37.0
47.0
53.0
39.0
36.0
20.0
-38.0
-39.0
1.0
15.0
-17.0
2.0
18.0
-14.0
-61.0
21.0
-1.0
-4.0
-37.0
13.0
0.0
-11.0
-9.0
-47.0
-12.0
-22.0
5.0
-2.0
-4.0
-4.0
25.0
6.0
-45.0
-8.0
15.0
-4.0
-10.0
-4.0
-5.0
22.0
31.0
11.0
1.0
-2.0
-24.0
-100.0
-58.0
-53.0
-41.0
-36.0
10.0
6.0
29.0
0.0
8.0
33.0
16.0
18.0
3.0
1.0
-13.0
-5.0
-43.0
-29.0
-19.0
-5.0
-8.0
-7.0
-24.0
-56.0
-28.0
-14.0
-2.0
-15.0
-5.0
33.0
-10.0
-15.0
-18.0
10.0
10.0
-21.0
39.0
-10.0
-31.0
46.0
13.0
16.0
24.0
-7.0
-10.0
-69.0
1.0
-1.0
17.0
19.0
5.0
1.0
8.0
7.0
8.0
-2.0
21.0
4.0
30.0
9.0
-11.0
-9.0
-40.0
-7.0
0.0
-8.0
-18.0
7.0
-22.0
-33.0
-20.0
-11.0
1.0
37.0
-14.0
-47.0
-34.0
-20.0
-9.0
-10.0
2.0
1.0
-1.0
8.0
0.0
33.0
14.0
10.0
37.0
6.0
2.0
-2.0
-18.0
10.0
20.0
14.0
11.0
-7.0
0.0
-35.0
-38.0
-39.0
11.0
-2.0
0.0
-2.0
-18.0
-12.0
3.0
-2.0
-9.0
-16.0
14.0
26.0
-21.0
-18.0
-61.0
-60.0
-51.0
-16.0
8.0
5.0
-17.0
-20.0
5.0
-3.0
-7.0
-3.0
30.0
38.0
39.0
37.0
17.0
-13.0
-19.0
-50.0
-61.0
38.0
17.0
44.0
5.0
2.0
11.0
-8.0
12.0
-31.0
-24.0
3.0
-8.0
-10.0
4.0
8.0
1.0
-22.0
-38.0
-29.0
-15.0
0.0
5.0
39.0
10.0
11.0
11.0
1.0
-5.0
-28.0
-35.0
-56.0
-131.0
-50.0
45.0
53.0
81.0
36.0
18.0
3.0
4.0
32.0
26.0
15.0
-8.0
-4.0
-2.0
-3.0
6.0
4.0
-33.0
3.0
16.0
-4.0
27.0
30.0
-5.0
9.0
-28.0
-4.0
-3.0
-29.0
-41.0
-58.0
-28.0
-28.0
5.0
21.0
15.0
14.0
-7.0
-7.0
-2.0
-18.0
-11.0
-13.0
-28.0
3.0
30.0
17.0
5.0
3.0
-14.0
-14.0
-7.0
-11.0
-24.0
-28.0
-22.0
-52.0
4.0
-13.0
-19.0
15.0
34.0
30.0
40.0
21.0
23.0
20.0
18.0
-9.0
8.0
12.0
-1.0
-2.0
-8.0
-35.0
-14.0
-20.0
4.0
-11.0
-7.0
-6.0
-30.0
-27.0
-2.0
0.0
-16.0
-10.0
0.0
-6.0
-8.0
-19.0
-8.0
-13.0
14.0
-12.0
-28.0
-10.0
-44.0
50.0
24.0
20.0
56.0
54.0
6.0
-13.0
6.0
-10.0
5.0
-4.0
-7.0
19.0
-7.0
-5.0
11.0
-26.0
-55.0
-31.0
-14.0
-29.0
6.0
-19.0
-31.0
-31.0
-40.0
6.0
37.0
30.0
35.0
24.0
-12.0
10.0
3.0
8.0
-2.0
-11.0
-4.0
-7.0
21.0
-5.0
-11.0
-18.0
-44.0
-37.0
6.0
-12.0
-13.0
-7.0
16.0
8.0
38.0
-53.0
-40.0
-36.0
-21.0
-22.0
-12.0
-34.0
-10.0
-9.0
22.0
40.0
39.0
31.0
11.0
8.0
4.0
-10.0
-26.0
-54.0
-50.0
-19.0
-16.0
-15.0
5.0
77.0
15.0
24.0
29.0
-7.0
16.0
35.0
4.0
10.0
-3.0
-40.0
-73.0
29.0
40.0
30.0
-10.0
-21.0
-12.0
-5.0
-2.0
22.0
7.0
-18.0
-23.0
5.0
-8.0
-14.0
-22.0
-17.0
-36.0
-72.0
-53.0
15.0
16.0
19.0
-5.0
-25.0
-10.0
-11.0
-38.0
-4.0
6.0
7.0
7.0
28.0
15.0
3.0
-35.0
-35.0
-18.0
41.0
15.0
5.0
30.0
2.0
-33.0
-28.0
-1.0
0.0
-18.0
-14.0
-29.0
-42.0
-25.0
-16.0
6.0
13.0
0.0
-1.0
21.0
18.0
-7.0
3.0
-32.0
-55.0
-25.0
-46.0
-19.0
-15.0
19.0
-7.0
23.0
10.0
18.0
13.0
2.0
4.0
-20.0
-21.0
-1.0
-10.0
7.0
2.0
-4.0
4.0
7.0
1.0
5.0
6.0
7.0
-20.0
-16.0
-34.0
-24.0
-7.0
13.0
12.0
12.0
9.0
-17.0
6.0
-5.0
-12.0
-30.0
-16.0
-2.0
-13.0
4.0
0.0
16.0
25.0
6.0
-8.0
-7.0
-2.0
26.0
16.0
24.0
16.0
-1.0
-10.0
6.0
-9.0
-62.0
-46.0
-32.0
6.0
26.0
23.0
2.0
46.0
-36.0
-36.0
-2.0
-48.0
-22.0
22.0
48.0
47.0
19.0
20.0
19.0
-3.0
7.0
-7.0
-34.0
-11.0
-63.0
-59.0
-7.0
-22.0
-6.0
-37.0
4.0
-1.0
33.0
20.0
35.0
36.0
23.0
11.0
-2.0
18.0
-2.0
18.0
6.0
-2.0
-9.0
0.0
22.0
-1.0
-13.0
-4.0
-22.0
-27.0
-27.0
-11.0
-28.0
-30.0
-41.0
-66.0
-42.0
-16.0
-40.0
-4.0
33.0
8.0
3.0
8.0
19.0
4.0
31.0
-2.0
-18.0
11.0
-8.0
2.0
0.0
-4.0
4.0
-24.0
0.0
-22.0
-28.0
-11.0
-18.0
14.0
6.0
7.0
23.0
2.0
-7.0
-23.0
-38.0
-18.0
-11.0
5.0
60.0
61.0
17.0
18.0
18.0
11.0
-9.0
9.0
-29.0
-6.0
-21.0
-22.0
-3.0
-40.0
-31.0
-16.0
-42.0
-22.0
14.0
33.0
6.0
1.0
7.0
-18.0
20.0
-33.0
-37.0
-42.0
13.0
2.0
12.0
15.0
-3.0
22.0
6.0
-15.0
-12.0
19.0
-4.0
-4.0
-42.0
-40.0
-35.0
-16.0
-1.0
-2.0
-4.0
-7.0
-8.0
-15.0
-9.0
-8.0
10.0
25.0
12.0
20.0
12.0
5.0
-4.0
-6.0
-43.0
-46.0
-30.0
-2.0
43.0
47.0
-22.0
-33.0
-28.0
-12.0
-2.0
-4.0
-18.0
-21.0
-12.0
2.0
-19.0
-3.0
-42.0
-34.0
-16.0
-22.0
-1.0
-11.0
-1.0
-7.0
11.0
-10.0
6.0
-27.0
-18.0
-23.0
-2.0
7.0
0.0
15.0
30.0
16.0
23.0
-9.0
-13.0
-12.0
-2.0
13.0
8.0
15.0
19.0
7.0
22.0
-17.0
-17.0
-15.0
1.0
-42.0
-38.0
-23.0
7.0
9.0
17.0
-4.0
6.0
4.0
30.0
32.0
26.0
32.0
-2.0
-10.0
-13.0
-21.0
-13.0
-12.0
-18.0
-36.0
31.0
0.0
-5.0
-33.0
-1.0
-5.0
-6.0
-7.0
-22.0
-44.0
-40.0
-64.0
-38.0
-12.0
7.0
25.0
22.0
22.0
23.0
-3.0
-7.0
-7.0
-1.0
-11.0
-25.0
-5.0
-11.0
-13.0
17.0
-44.0
-3.0
5.0
7.0
0.0
4.0
-4.0
-19.0
-16.0
22.0
-11.0
-11.0
-3.0
-26.0
-12.0
-32.0
-24.0
-1.0
1.0
-26.0
-5.0
-3.0
-25.0
-10.0
-6.0
16.0
10.0
-3.0
2.0
-5.0
-1.0
-4.0
11.0
42.0
19.0
8.0
6.0
-10.0
-10.0
-6.0
0.0
-30.0
-22.0
-4.0
20.0
1.0
3.0
-31.0
-33.0
-28.0
-5.0
5.0
6.0
-19.0
-13.0
-26.0
1.0
-16.0
-14.0
-1.0
-5.0
12.0
-1.0
-9.0
13.0
26.0
15.0
1.0
2.0
13.0
-15.0
-22.0
-15.0
-5.0
-39.0
-37.0
-28.0
10.0
11.0
-6.0
-24.0
-28.0
-15.0
-10.0
4.0
-26.0
-29.0
0.0
-4.0
-33.0
-33.0
-7.0
9.0
44.0
56.0
35.0
58.0
14.0
12.0
27.0
9.0
-33.0
-50.0
-23.0
-8.0
-11.0
-4.0
-33.0
-31.0
-35.0
-28.0
-29.0
-8.0
-11.0
0.0
-2.0
-20.0
-22.0
-17.0
-19.0
43.0
9.0
-26.0
11.0
3.0
2.0
54.0
2.0
2.0
-13.0
-30.0
-63.0
-62.0
-70.0
-25.0
37.0
28.0
8.0
5.0
-2.0
-27.0
-20.0
-7.0
-31.0
28.0
37.0
-13.0
-5.0
-1.0
-10.0
-24.0
-18.0
4.0
-25.0
16.0
16.0
13.0
-4.0
-5.0
-31.0
-2.0
-20.0
23.0
-9.0
-2.0
11.0
13.0
22.0
22.0
19.0
15.0
12.0
11.0
-9.0
6.0
-21.0
-10.0
21.0
21.0
4.0
-31.0
-29.0
-21.0
0.0
14.0
-32.0
-54.0
-7.0
-5.0
-24.0
13.0
-5.0
22.0
32.0
20.0
27.0
31.0
0.0
0.0
-17.0
-9.0
-14.0
-2.0
-42.0
-36.0
9.0
6.0
37.0
38.0
-14.0
10.0
-15.0
-8.0
-49.0
-36.0
-21.0
-82.0
-31.0
-25.0
12.0
26.0
37.0
33.0
61.0
12.0
7.0
11.0
13.0
15.0
20.0
-14.0
-4.0
-15.0
-14.0
2.0
-15.0
2.0
-27.0
-29.0
-41.0
-60.0
-25.0
-16.0
12.0
-5.0
12.0
-9.0
-52.0
-48.0
-58.0
-28.0
-14.0
-42.0
42.0
16.0
17.0
1.0
-24.0
-22.0
24.0
29.0
-15.0
-24.0
-17.0
-17.0
-13.0
2.0
27.0
21.0
26.0
47.0
21.0
26.0
-20.0
-13.0
-9.0
-25.0
-15.0
-17.0
-6.0
7.0
18.0
-72.0
-115.0
-19.0
-5.0
-16.0
-11.0
-14.0
48.0
61.0
26.0
56.0
36.0
11.0
-10.0
-13.0
0.0
-6.0
-18.0
-3.0
13.0
-29.0
-9.0
8.0
20.0
9.0
-26.0
-25.0
-27.0
-28.0
-31.0
-8.0
4.0
-23.0
-3.0
-9.0
52.0
46.0
40.0
4.0
-11.0
-11.0
-12.0
-28.0
-3.0
-10.0
0.0
4.0
-6.0
1.0
-7.0
23.0
-11.0
10.0
-38.0
-24.0
-18.0
-19.0
18.0
20.0
-4.0
5.0
4.0
25.0
6.0
-34.0
-7.0
-7.0
-11.0
-7.0
-40.0
-3.0
-34.0
-7.0
-10.0
-23.0
10.0
12.0
-4.0
-44.0
-10.0
-5.0
-18.0
29.0
-7.0
-12.0
-1.0
2.0
-14.0
10.0
-18.0
16.0
-5.0
11.0
-4.0
-11.0
-31.0
-30.0
-14.0
-4.0
-1.0
2.0
12.0
8.0
-2.0
-15.0
-5.0
0.0
-17.0
-36.0
10.0
8.0
11.0
-9.0
12.0
-4.0
-3.0
-6.0
9.0
-48.0
-27.0
-2.0
38.0
-14.0
-48.0
-81.0
-5.0
-5.0
38.0
37.0
32.0
7.0
-6.0
-31.0
-22.0
-15.0
-14.0
-12.0
-12.0
-35.0
19.0
52.0
6.0
-46.0
-41.0
1.0
-59.0
-59.0
-22.0
-9.0
-34.0
19.0
24.0
2.0
-54.0
-71.0
21.0
16.0
19.0
21.0
-23.0
24.0
23.0
29.0
24.0
0.0
-4.0
2.0
6.0
-14.0
8.0
-4.0
-5.0
-20.0
11.0
-1.0
4.0
-2.0
-20.0
-29.0
-39.0
-9.0
-23.0
-27.0
0.0
35.0
15.0
13.0
32.0
23.0
48.0
12.0
21.0
7.0
-26.0
-7.0
7.0
4.0
-7.0
-25.0
-21.0
-30.0
-14.0
-44.0
-23.0
-10.0
-13.0
-6.0
-9.0
-60.0
-24.0
-25.0
-18.0
-18.0
25.0
13.0
5.0
1.0
4.0
14.0
32.0
58.0
32.0
20.0
6.0
46.0
11.0
6.0
3.0
1.0
-14.0
-15.0
-10.0
-45.0
-45.0
-31.0
-19.0
-15.0
-35.0
-40.0
-65.0
-24.0
-46.0
-7.0
-43.0
-13.0
-18.0
-21.0
-17.0
18.0
6.0
4.0
26.0
18.0
29.0
12.0
62.0
57.0
59.0
41.0
-9.0
-46.0
-57.0
18.0
-14.0
-22.0
-8.0
-7.0
-5.0
-33.0
-15.0
1.0
31.0
-10.0
-7.0
-18.0
-31.0
-32.0
-32.0
-69.0
-58.0
-15.0
29.0
23.0
24.0
-11.0
-13.0
-14.0
-23.0
-12.0
-27.0
-21.0
-18.0
-26.0
-20.0
12.0
21.0
26.0
35.0
29.0
25.0
30.0
-27.0
52.0
55.0
22.0
26.0
25.0
35.0
6.0
-2.0
-40.0
-72.0
-51.0
-42.0
-40.0
-58.0
-55.0
-5.0
12.0
-9.0
1.0
9.0
7.0
1.0
5.0
3.0
-1.0
-8.0
-16.0
7.0
7.0
13.0
-26.0
22.0
-1.0
-12.0
-1.0
-33.0
4.0
-48.0
-29.0
-13.0
-30.0
8.0
-1.0
-24.0
-24.0
-7.0
15.0
-2.0
12.0
12.0
2.0
-23.0
-6.0
-18.0
-13.0
-4.0
-1.0
2.0
-18.0
-2.0
1.0
-6.0
-28.0
-18.0
-16.0
-14.0
-22.0
-18.0
-54.0
-25.0
-15.0
31.0
19.0
36.0
35.0
43.0
33.0
57.0
24.0
46.0
7.0
28.0
14.0
4.0
-6.0
0.0
-11.0
-12.0
-9.0
-42.0
-24.0
-30.0
-42.0
-20.0
-20.0
-25.0
14.0
23.0
17.0
27.0
-7.0
41.0
47.0
37.0
40.0
0.0
-13.0
5.0
-4.0
-17.0
-2.0
8.0
-11.0
-13.0
-11.0
-23.0
-21.0
-38.0
-22.0
-71.0
-33.0
-20.0
-20.0
-8.0
-5.0
-16.0
-17.0
-25.0
-54.0
-38.0
3.0
3.0
-8.0
2.0
2.0
17.0
26.0
8.0
30.0
-14.0
-14.0
41.0
16.0
6.0
4.0
18.0
11.0
-21.0
-49.0
-24.0
-8.0
-15.0
-18.0
-40.0
-42.0
-48.0
6.0
9.0
37.0
31.0
13.0
35.0
29.0
30.0
27.0
45.0
41.0
7.0
3.0
19.0
-21.0
-17.0
-34.0
-25.0
-30.0
-41.0
-2.0
34.0
15.0
22.0
20.0
-17.0
-25.0
-43.0
-44.0
-36.0
-7.0
-21.0
29.0
19.0
11.0
1.0
16.0
-7.0
-1.0
0.0
0.0
-6.0
-5.0
8.0
25.0
17.0
-5.0
-18.0
-23.0
-34.0
-40.0
-42.0
-29.0
-45.0
-15.0
-23.0
-42.0
-51.0
-44.0
-14.0
-15.0
0.0
-21.0
-32.0
-19.0
19.0
27.0
-3.0
-5.0
1.0
35.0
32.0
48.0
-8.0
-12.0
21.0
16.0
6.0
6.0
23.0
11.0
11.0
-11.0
-6.0
-19.0
-7.0
-33.0
-40.0
-44.0
-28.0
-14.0
-35.0
-39.0
-21.0
-10.0
0.0
-8.0
1.0
0.0
-20.0
-9.0
-32.0
-31.0
-17.0
-13.0
-23.0
-15.0
-40.0
-37.0
-10.0
-2.0
-4.0
-4.0
12.0
19.0
34.0
8.0
-28.0
-28.0
-22.0
-2.0
12.0
4.0
16.0
-11.0
1.0
14.0
0.0
4.0
-3.0
15.0
30.0
18.0
-2.0
-1.0
-12.0
-23.0
62.0
24.0
-20.0
4.0
-36.0
9.0
9.0
3.0
-7.0
41.0
41.0
44.0
15.0
-24.0
-26.0
-29.0
-16.0
-32.0
-49.0
17.0
-38.0
-51.0
-36.0
-1.0
4.0
-26.0
-105.0
-107.0
-99.0
-92.0
-84.0
-55.0
-29.0
-53.0
-43.0
-44.0
-11.0
7.0
31.0
43.0
64.0
47.0
48.0
42.0
17.0
29.0
34.0
69.0
61.0
31.0
24.0
33.0
47.0
35.0
38.0
11.0
26.0
5.0
54.0
14.0
8.0
30.0
15.0
15.0
27.0
5.0
2.0
27.0
3.0
17.0
2.0
10.0
0.0
-3.0
-13.0
-10.0
-16.0
9.0
-10.0
-18.0
-19.0
-25.0
-20.0
1.0
-15.0
12.0
-1.0
-14.0
-31.0
-16.0
-39.0
-42.0
-27.0
2.0
-15.0
-10.0
-11.0
-21.0
-12.0
-17.0
-8.0
-7.0
-4.0
4.0
0.0
5.0
-28.0
-8.0
15.0
9.0
22.0
31.0
21.0
11.0
19.0
11.0
-6.0
3.0
1.0
-29.0
7.0
2.0
-3.0
-13.0
-27.0
-13.0
19.0
1.0
32.0
25.0
4.0
10.0
-4.0
-26.0
-42.0
-52.0
-19.0
-26.0
-45.0
-36.0
-21.0
-13.0
0.0
29.0
4.0
11.0
24.0
13.0
-1.0
28.0
9.0
3.0
19.0
6.0
30.0
29.0
28.0
16.0
-15.0
-1.0
-29.0
-32.0
-27.0
-47.0
-30.0
-53.0
-52.0
-29.0
-44.0
-70.0
-68.0
-68.0
-15.0
-12.0
3.0
19.0
34.0
11.0
48.0
24.0
39.0
34.0
30.0
22.0
6.0
-25.0
-21.0
-35.0
-2.0
9.0
1.0
4.0
-5.0
0.0
38.0
8.0
75.0
26.0
22.0
5.0
-28.0
-17.0
-5.0
-23.0
-13.0
-25.0
-33.0
-31.0
-32.0
-11.0
-16.0
-2.0
21.0
12.0
-11.0
-39.0
-8.0
-38.0
-14.0
10.0
-22.0
-21.0
-26.0
-9.0
-30.0
-41.0
-32.0
-32.0
-30.0
-23.0
-24.0
-25.0
-29.0
-28.0
-41.0
-36.0
-19.0
-47.0
-23.0
-1.0
0.0
4.0
17.0
-15.0
-7.0
15.0
0.0
-3.0
-4.0
2.0
-3.0
-1.0
-7.0
-16.0
-9.0
-30.0
-25.0
5.0
-3.0
-27.0
-22.0
-30.0
-41.0
-38.0
-16.0
22.0
39.0
44.0
35.0
37.0
24.0
25.0
15.0
21.0
28.0
-3.0
3.0
-44.0
-11.0
-12.0
5.0
9.0
-16.0
1.0
16.0
2.0
-11.0
-10.0
2.0
-8.0
-10.0
-4.0
12.0
0.0
-8.0
-22.0
-36.0
-11.0
-29.0
-26.0
-27.0
-29.0
-48.0
-31.0
-2.0
6.0
4.0
2.0
22.0
14.0
2.0
10.0
7.0
-26.0
-6.0
-5.0
-7.0
-14.0
-8.0
21.0
-12.0
-6.0
-13.0
-17.0
-56.0
-37.0
-4.0
0.0
5.0
-1.0
-18.0
-12.0
-5.0
14.0
-8.0
2.0
8.0
-3.0
-19.0
2.0
-1.0
15.0
3.0
-4.0
-18.0
-6.0
-12.0
1.0
11.0
12.0
3.0
2.0
18.0
12.0
-3.0
3.0
31.0
18.0
24.0
43.0
-16.0
-6.0
9.0
4.0
9.0
4.0
3.0
5.0
-4.0
-17.0
-39.0
-33.0
-14.0
6.0
4.0
5.0
-4.0
12.0
22.0
5.0
21.0
9.0
19.0
22.0
38.0
33.0
68.0
-50.0
-108.0
-43.0
-17.0
-22.0
-50.0
-108.0
-186.0
-313.0
-143.0
267.0
313.0
75.0
116.0
107.0
134.0
121.0
40.0
3.0
116.0
-38.0
44.0
176.0
108.0
175.0
225.0
194.0
261.0
264.0
313.0
305.0
313.0
-181.0
313.0
313.0
313.0
313.0
313.0
313.0
313.0
313.0
313.0
313.0
313.0
313.0
313.0
219.0
-45.0
-295.0
-313.0
-313.0
-313.0
-313.0
-313.0
-313.0
-313.0
-313.0
-313.0
-313.0
-313.0
-313.0
-313.0
-313.0
-313.0
-313.0
-313.0
-313.0
-313.0
-313.0
-313.0
-313.0
-313.0
-313.0
-313.0
-313.0
-313.0
-313.0
-313.0
-313.0
-313.0
-313.0
-290.0
-278.0
-258.0
-254.0
-254.0
-201.0
-186.0
-149.0
-151.0
-147.0
-120.0
-107.0
-118.0
-110.0
-99.0
-84.0
-75.0
-49.0
-81.0
-108.0
-49.0
-48.0
-69.0
-59.0
-74.0
-48.0
-49.0
-74.0
-105.0
-74.0
-62.0
-56.0
-52.0
-46.0
-29.0
-55.0
-65.0
-77.0
-60.0
-90.0
-69.0
-88.0
-66.0
-70.0
-59.0
-45.0
-70.0
-74.0
-80.0
-102.0
-129.0
-137.0
-137.0
-134.0
-125.0
-108.0
-95.0
-199.0
-59.0
-47.0
-48.0
-56.0
-70.0
-67.0
-31.0
0.0
24.0
42.0
35.0
-11.0
38.0
43.0
62.0
60.0
50.0
44.0
30.0
37.0
41.0
60.0
72.0
43.0
21.0
33.0
69.0
37.0
24.0
-14.0
-40.0
-57.0
-103.0
-95.0
-119.0
-117.0
-117.0
-90.0
-73.0
-61.0
-38.0
-44.0
3.0
29.0
59.0
57.0
86.0
72.0
82.0
81.0
84.0
64.0
63.0
34.0
39.0
47.0
48.0
42.0
37.0
44.0
54.0
63.0
60.0
64.0
92.0
94.0
83.0
77.0
91.0
74.0
87.0
92.0
64.0
25.0
-4.0
-10.0
-5.0
-25.0
-35.0
-17.0
-2.0
-10.0
-10.0
20.0
24.0
22.0
47.0
50.0
50.0
52.0
34.0
36.0
52.0
43.0
42.0
43.0
47.0
58.0
46.0
3.0
18.0
-35.0
-42.0
-24.0
-4.0
-3.0
-7.0
36.0
52.0
84.0
82.0
66.0
53.0
65.0
30.0
27.0
16.0
7.0
14.0
8.0
6.0
15.0
-38.0
-65.0
-90.0
-95.0
-99.0
-113.0
-135.0
-101.0
-88.0
-100.0
-81.0
-83.0
-52.0
-53.0
-7.0
28.0
51.0
29.0
56.0
34.0
37.0
48.0
58.0
63.0
0.0
14.0
39.0
68.0
45.0
60.0
74.0
52.0
90.0
85.0
73.0
42.0
26.0
38.0
54.0
59.0
33.0
23.0
21.0
28.0
4.0
-11.0
11.0
11.0
10.0
16.0
24.0
-22.0
-56.0
-50.0
-27.0
-67.0
-46.0
-62.0
-88.0
-44.0
-77.0
-45.0
-10.0
-6.0
-11.0
-20.0
-5.0
31.0
37.0
58.0
62.0
62.0
44.0
47.0
30.0
33.0
17.0
19.0
-12.0
-49.0
-1.0
-23.0
11.0
11.0
20.0
1.0
0.0
-35.0
-35.0
-54.0
-46.0
-38.0
-17.0
-24.0
3.0
-16.0
-6.0
-28.0
-8.0
9.0
14.0
0.0
14.0
13.0
10.0
24.0
37.0
-27.0
16.0
31.0
17.0
-25.0
-58.0
-57.0
-29.0
19.0
16.0
49.0
20.0
21.0
37.0
28.0
-23.0
-22.0
-15.0
26.0
36.0
24.0
10.0
10.0
23.0
4.0
27.0
41.0
16.0
-9.0
4.0
21.0
-25.0
-27.0
-1.0
-2.0
-30.0
-21.0
-54.0
-33.0
9.0
3.0
3.0
-14.0
11.0
-8.0
-12.0
-7.0
19.0
15.0
-15.0
-13.0
11.0
4.0
17.0
25.0
19.0
13.0
-6.0
0.0
-45.0
-43.0
-3.0
-21.0
12.0
-3.0
-55.0
-59.0
-88.0
-67.0
-82.0
-73.0
-65.0
-72.0
-41.0
-42.0
-30.0
-28.0
-35.0
-10.0
-26.0
-15.0
9.0
7.0
6.0
16.0
22.0
24.0
25.0
26.0
24.0
48.0
65.0
71.0
27.0
46.0
6.0
2.0
10.0
-9.0
-7.0
-25.0
-12.0
-12.0
-87.0
-67.0
-37.0
-42.0
-12.0
5.0
-9.0
-10.0
-27.0
-9.0
-4.0
12.0
20.0
21.0
-3.0
19.0
2.0
-7.0
10.0
23.0
24.0
18.0
-3.0
-1.0
-3.0
-17.0
-2.0
-1.0
2.0
-26.0
-10.0
-21.0
-28.0
-26.0
0.0
5.0
15.0
26.0
28.0
11.0
-6.0
15.0
10.0
13.0
23.0
8.0
-7.0
-6.0
-16.0
-66.0
-34.0
-49.0
-30.0
-35.0
-22.0
-19.0
-14.0
-40.0
-15.0
18.0
14.0
15.0
1.0
-7.0
21.0
23.0
15.0
-6.0
18.0
46.0
-24.0
-48.0
-34.0
-27.0
-55.0
-28.0
-28.0
-35.0
-9.0
2.0
-1.0
24.0
25.0
21.0
15.0
27.0
20.0
29.0
35.0
24.0
21.0
31.0
32.0
30.0
27.0
13.0
-1.0
-12.0
-24.0
0.0
2.0
-14.0
-19.0
-25.0
-15.0
-14.0
-11.0
-24.0
-59.0
-66.0
-100.0
-99.0
-102.0
-102.0
-61.0
-55.0
-15.0
-37.0
-13.0
-13.0
-11.0
45.0
51.0
44.0
61.0
36.0
41.0
60.0
55.0
61.0
39.0
63.0
56.0
56.0
20.0
-13.0
-1.0
-18.0
-18.0
0.0
-12.0
-14.0
-20.0
-21.0
-41.0
-35.0
1.0
-4.0
-22.0
-43.0
-53.0
-43.0
-16.0
-17.0
-28.0
-53.0
-35.0
-34.0
-50.0
-21.0
-15.0
-7.0
15.0
15.0
30.0
17.0
15.0
37.0
11.0
9.0
10.0
10.0
-1.0
-5.0
-40.0
-24.0
24.0
15.0
20.0
29.0
15.0
6.0
9.0
4.0
-55.0
-17.0
-5.0
-28.0
-39.0
5.0
-3.0
8.0
-7.0
-4.0
-19.0
-7.0
21.0
-3.0
-7.0
-23.0
-67.0
-56.0
-54.0
-53.0
-46.0
-31.0
-61.0
-46.0
-19.0
9.0
-16.0
-38.0
-22.0
-17.0
21.0
44.0
61.0
61.0
39.0
65.0
57.0
33.0
25.0
20.0
12.0
2.0
8.0
3.0
-18.0
-12.0
-12.0
-8.0
4.0
4.0
-9.0
-14.0
-15.0
-48.0
-53.0
-20.0
-6.0
-25.0
-63.0
-63.0
-71.0
-22.0
-12.0
-35.0
-30.0
2.0
-12.0
28.0
24.0
24.0
39.0
40.0
50.0
29.0
25.0
21.0
-8.0
-21.0
-39.0
-37.0
1.0
5.0
3.0
4.0
1.0
-6.0
-6.0
-11.0
2.0
2.0
10.0
8.0
-14.0
-35.0
8.0
-10.0
-12.0
3.0
-10.0
-8.0
-2.0
-8.0
9.0
-15.0
-16.0
-48.0
-60.0
-33.0
-5.0
-5.0
-8.0
-8.0
7.0
-7.0
-11.0
2.0
-11.0
-35.0
-7.0
-12.0
-11.0
-14.0
23.0
-16.0
-5.0
7.0
13.0
12.0
37.0
41.0
31.0
27.0
29.0
4.0
-5.0
-11.0
-27.0
10.0
-20.0
-28.0
7.0
-3.0
-13.0
-27.0
-38.0
-2.0
-17.0
-12.0
-20.0
-27.0
-34.0
-35.0
-45.0
-7.0
-8.0
-22.0
28.0
-1.0
20.0
21.0
31.0
18.0
13.0
12.0
1.0
0.0
-12.0
-28.0
-33.0
-30.0
8.0
18.0
7.0
-9.0
23.0
16.0
10.0
4.0
-7.0
-11.0
-17.0
-32.0
-22.0
-6.0
1.0
12.0
26.0
1.0
-5.0
-4.0
2.0
-17.0
-7.0
1.0
-15.0
-27.0
-34.0
-7.0
27.0
25.0
6.0
24.0
-12.0
-26.0
-10.0
-21.0
-5.0
-15.0
-36.0
-37.0
-9.0
1.0
-10.0
-17.0
-13.0
-25.0
-48.0
-37.0
-44.0
-40.0
-27.0
-17.0
-23.0
-6.0
16.0
14.0
-3.0
38.0
15.0
19.0
4.0
11.0
23.0
11.0
26.0
36.0
49.0
23.0
15.0
13.0
-2.0
-1.0
-12.0
-4.0
9.0
-5.0
-12.0
10.0
6.0
6.0
-14.0
-8.0
-3.0
-34.0
-16.0
-2.0
-24.0
-5.0
-5.0
-3.0
-17.0
-24.0
-37.0
-17.0
-7.0
-12.0
1.0
-10.0
-24.0
-27.0
-45.0
-48.0
-69.0
-18.0
-20.0
-24.0
-11.0
-6.0
13.0
15.0
-1.0
24.0
14.0
7.0
12.0
21.0
11.0
-11.0
1.0
0.0
14.0
13.0
-17.0
-11.0
11.0
-18.0
20.0
-16.0
10.0
8.0
13.0
-15.0
-16.0
-10.0
-13.0
22.0
-2.0
-1.0
15.0
10.0
-8.0
-23.0
-18.0
-5.0
15.0
-4.0
-7.0
-10.0
-3.0
-2.0
3.0
-26.0
2.0
16.0
2.0
-4.0
-7.0
-10.0
-15.0
-8.0
-9.0
1.0
31.0
4.0
-10.0
-34.0
-26.0
-17.0
24.0
20.0
13.0
16.0
-26.0
-4.0
-4.0
-16.0
-20.0
-17.0
-9.0
-6.0
-4.0
-14.0
-1.0
4.0
0.0
-4.0
3.0
-2.0
-18.0
-15.0
1.0
14.0
2.0
-3.0
7.0
15.0
6.0
1.0
-8.0
-5.0
-8.0
-21.0
0.0
0.0
-3.0
-27.0
-49.0
-13.0
24.0
22.0
-10.0
-7.0
22.0
7.0
16.0
6.0
26.0
-21.0
-1.0
3.0
0.0
-18.0
-25.0
-12.0
-47.0
-64.0
-44.0
-51.0
-42.0
-41.0
-16.0
-15.0
14.0
0.0
31.0
18.0
11.0
-4.0
5.0
8.0
22.0
15.0
-17.0
-16.0
28.0
31.0
8.0
-3.0
-15.0
-11.0
-13.0
0.0
13.0
9.0
-19.0
-33.0
-69.0
-7.0
21.0
19.0
48.0
24.0
21.0
13.0
-5.0
-10.0
-45.0
-67.0
-71.0
-75.0
-63.0
-38.0
-36.0
-25.0
-4.0
2.0
5.0
18.0
20.0
25.0
25.0
26.0
5.0
16.0
25.0
25.0
34.0
2.0
9.0
7.0
-11.0
1.0
1.0
-4.0
-21.0
-4.0
-7.0
7.0
36.0
29.0
12.0
-7.0
-1.0
-37.0
-31.0
-19.0
-36.0
-20.0
-13.0
-10.0
12.0
-20.0
4.0
-14.0
-40.0
-10.0
-12.0
0.0
25.0
23.0
27.0
28.0
39.0
24.0
21.0
25.0
15.0
0.0
13.0
11.0
34.0
1.0
1.0
-2.0
3.0
-40.0
-46.0
-78.0
-106.0
-96.0
-92.0
-69.0
-29.0
-8.0
12.0
2.0
16.0
40.0
36.0
31.0
27.0
35.0
30.0
37.0
25.0
35.0
24.0
4.0
5.0
15.0
-17.0
-19.0
-28.0
-7.0
18.0
-2.0
-17.0
11.0
-18.0
-21.0
-24.0
-39.0
-42.0
-78.0
-52.0
-28.0
-35.0
-30.0
-5.0
-4.0
13.0
1.0
20.0
30.0
52.0
29.0
54.0
47.0
38.0
36.0
7.0
-3.0
-11.0
-6.0
-11.0
-17.0
1.0
-2.0
-12.0
-9.0
-17.0
-16.0
-8.0
0.0
-32.0
-50.0
-31.0
-45.0
-37.0
-37.0
-25.0
1.0
10.0
4.0
4.0
29.0
-20.0
-17.0
14.0
19.0
-4.0
13.0
34.0
44.0
45.0
27.0
21.0
6.0
8.0
9.0
17.0
-9.0
11.0
17.0
28.0
0.0
-17.0
-28.0
-38.0
-40.0
-40.0
8.0
9.0
10.0
31.0
34.0
-2.0
0.0
-4.0
-9.0
22.0
-3.0
-11.0
-15.0
-1.0
3.0
-11.0
0.0
-29.0
-21.0
-2.0
-7.0
-19.0
-12.0
-26.0
-8.0
-10.0
-28.0
-16.0
-15.0
-16.0
-49.0
-36.0
-12.0
-3.0
7.0
26.0
-6.0
-3.0
2.0
-8.0
1.0
11.0
10.0
8.0
-16.0
-11.0
-3.0
-22.0
-26.0
-40.0
21.0
-13.0
-23.0
18.0
33.0
40.0
32.0
-11.0
-12.0
-11.0
-2.0
-16.0
-26.0
-18.0
-18.0
-1.0
-8.0
-33.0
-34.0
-41.0
-17.0
-12.0
2.0
-6.0
2.0
1.0
10.0
3.0
3.0
-2.0
-3.0
-2.0
8.0
41.0
31.0
5.0
-16.0
-30.0
-13.0
18.0
36.0
17.0
10.0
-54.0
-73.0
-25.0
-43.0
-28.0
-27.0
-4.0
7.0
-29.0
-14.0
-17.0
-34.0
-26.0
-28.0
2.0
1.0
2.0
-36.0
-19.0
-12.0
-7.0
0.0
-5.0
12.0
-2.0
6.0
10.0
34.0
28.0
36.0
34.0
38.0
45.0
20.0
43.0
38.0
20.0
-3.0
13.0
-22.0
7.0
27.0
28.0
16.0
2.0
0.0
14.0
-1.0
29.0
29.0
17.0
35.0
-35.0
-51.0
-99.0
-104.0
-107.0
-173.0
-205.0
-263.0
-16.0
-225.0
313.0
313.0
313.0
313.0
313.0
313.0
313.0
313.0
313.0
251.0
236.0
87.0
-46.0
22.0
-5.0
-101.0
-159.0
-82.0
-44.0
-38.0
-85.0
1.0
-68.0
-91.0
-78.0
-119.0
-135.0
-152.0
-162.0
-197.0
-158.0
-138.0
-79.0
-238.0
-207.0
-203.0
-200.0
-123.0
-221.0
-160.0
-251.0
-206.0
-78.0
-167.0
-268.0
-80.0
-83.0
-133.0
-166.0
-174.0
-82.0
-58.0
-38.0
-5.0
-9.0
-9.0
-13.0
64.0
11.0
48.0
68.0
68.0
28.0
72.0
70.0
83.0
72.0
140.0
105.0
143.0
140.0
114.0
120.0
122.0
143.0
98.0
92.0
91.0
56.0
22.0
10.0
33.0
22.0
15.0
2.0
-28.0
1.0
-17.0
-34.0
-59.0
-24.0
-40.0
-44.0
-45.0
-47.0
-43.0
-60.0
-64.0
-51.0
-34.0
-62.0
-67.0
-74.0
-94.0
-59.0
-45.0
-43.0
-44.0
-74.0
-33.0
-30.0
-54.0
-44.0
-46.0
-30.0
-29.0
-50.0
-32.0
-28.0
-20.0
-13.0
-38.0
-37.0
-27.0
-13.0
-38.0
-21.0
-18.0
-11.0
-17.0
-3.0
-2.0
-3.0
-2.0
-29.0
-17.0
-29.0
-3.0
-4.0
-19.0
38.0
-17.0
-11.0
-20.0
-24.0
4.0
28.0
14.0
42.0
21.0
4.0
0.0
4.0
10.0
17.0
-9.0
-4.0
12.0
-6.0
21.0
30.0
5.0
28.0
36.0
28.0
-2.0
-13.0
14.0
20.0
10.0
40.0
24.0
23.0
11.0
20.0
28.0
-16.0
-68.0
-19.0
-17.0
-33.0
-13.0
9.0
4.0
-21.0
10.0
1.0
24.0
25.0
18.0
18.0
23.0
39.0
46.0
22.0
41.0
27.0
7.0
10.0
21.0
22.0
7.0
-17.0
-17.0
-9.0
8.0
-52.0
-53.0
6.0
7.0
-18.0
0.0
-18.0
-13.0
-20.0
-30.0
-2.0
-6.0
18.0
-1.0
18.0
18.0
-15.0
-5.0
23.0
0.0
-7.0
5.0
-33.0
-39.0
-2.0
10.0
3.0
3.0
-24.0
-4.0
-5.0
-12.0
3.0
-5.0
10.0
50.0
-3.0
7.0
18.0
16.0
36.0
49.0
19.0
-4.0
-39.0
-8.0
11.0
1.0
-13.0
-33.0
-38.0
-25.0
17.0
-1.0
-9.0
-39.0
-15.0
-17.0
-26.0
-4.0
-15.0
2.0
-6.0
1.0
4.0
24.0
4.0
4.0
0.0
-15.0
-47.0
-52.0
-13.0
-46.0
-29.0
-38.0
13.0
11.0
-9.0
6.0
13.0
22.0
29.0
30.0
12.0
19.0
15.0
15.0
12.0
6.0
-2.0
9.0
-9.0
4.0
-1.0
-4.0
-9.0
-14.0
-34.0
-17.0
2.0
18.0
16.0
4.0
20.0
25.0
11.0
7.0
24.0
-3.0
3.0
-19.0
-64.0
-38.0
-45.0
-44.0
-19.0
-6.0
-19.0
-25.0
-2.0
9.0
19.0
-22.0
1.0
15.0
29.0
20.0
36.0
-20.0
-2.0
-16.0
-37.0
-31.0
18.0
14.0
25.0
28.0
19.0
46.0
27.0
48.0
1.0
15.0
18.0
12.0
0.0
-6.0
6.0
-10.0
-15.0
8.0
-3.0
-41.0
-13.0
-7.0
-11.0
-12.0
-18.0
-38.0
-20.0
-17.0
10.0
-33.0
-50.0
-28.0
-6.0
-8.0
-3.0
-13.0
-39.0
-6.0
-14.0
6.0
23.0
27.0
25.0
23.0
-9.0
-17.0
-15.0
-16.0
-3.0
-26.0
11.0
9.0
1.0
-7.0
-7.0
3.0
7.0
2.0
20.0
5.0
4.0
-23.0
-30.0
-32.0
9.0
-3.0
-11.0
-5.0
7.0
13.0
13.0
12.0
-17.0
-15.0
-17.0
-4.0
1.0
-2.0
-7.0
25.0
20.0
-40.0
-35.0
-37.0
-5.0
-21.0
-28.0
-40.0
-25.0
-1.0
16.0
-11.0
-34.0
-38.0
-30.0
-22.0
-9.0
17.0
0.0
-34.0
26.0
-5.0
-13.0
-13.0
24.0
-10.0
-18.0
-21.0
6.0
26.0
22.0
41.0
29.0
24.0
27.0
33.0
10.0
-16.0
-16.0
-11.0
0.0
-6.0
-37.0
-30.0
-17.0
-46.0
-3.0
7.0
-1.0
6.0
0.0
13.0
21.0
25.0
-5.0
0.0
-3.0
12.0
7.0
7.0
1.0
6.0
21.0
23.0
9.0
1.0
-10.0
-23.0
1.0
-17.0
8.0
-39.0
-48.0
-50.0
-19.0
-29.0
-25.0
-24.0
-7.0
-11.0
-8.0
-41.0
-28.0
-32.0
4.0
-20.0
17.0
4.0
23.0
29.0
33.0
38.0
20.0
8.0
11.0
-17.0
5.0
13.0
-10.0
-6.0
-2.0
0.0
-3.0
-5.0
12.0
13.0
16.0
18.0
-21.0
-42.0
-17.0
-20.0
-25.0
-30.0
-10.0
22.0
-3.0
1.0
-10.0
-23.0
11.0
2.0
8.0
-7.0
-5.0
10.0
4.0
16.0
17.0
-32.0
-16.0
-13.0
-4.0
-2.0
-20.0
-15.0
-23.0
-30.0
-1.0
-14.0
-29.0
-10.0
-51.0
-48.0
-15.0
-2.0
9.0
-5.0
31.0
12.0
32.0
26.0
24.0
18.0
31.0
20.0
1.0
8.0
-7.0
-18.0
-21.0
-12.0
-26.0
-29.0
-19.0
-41.0
-52.0
-16.0
-4.0
-19.0
-4.0
2.0
-23.0
-40.0
-20.0
-4.0
18.0
24.0
4.0
1.0
4.0
-25.0
-5.0
-4.0
2.0
3.0
-8.0
13.0
-8.0
4.0
-27.0
9.0
-21.0
-19.0
-5.0
7.0
29.0
8.0
5.0
1.0
-17.0
-5.0
20.0
9.0
5.0
-6.0
-2.0
-9.0
-22.0
-13.0
-29.0
-12.0
-9.0
-8.0
0.0
14.0
-1.0
-34.0
28.0
-14.0
7.0
18.0
-12.0
-8.0
-20.0
-29.0
-33.0
-17.0
-21.0
-27.0
-6.0
25.0
-5.0
2.0
-3.0
5.0
-37.0
-36.0
-39.0
-26.0
-15.0
14.0
17.0
19.0
5.0
-11.0
-3.0
-18.0
-2.0
17.0
-13.0
8.0
-22.0
-21.0
1.0
16.0
-3.0
-25.0
-19.0
0.0
7.0
21.0
-11.0
-8.0
-10.0
-21.0
-27.0
-6.0
-41.0
-20.0
-14.0
-26.0
-43.0
-34.0
-35.0
3.0
11.0
0.0
-13.0
-28.0
-3.0
-27.0
-7.0
-9.0
-9.0
-20.0
-2.0
8.0
-17.0
12.0
31.0
6.0
21.0
21.0
21.0
36.0
5.0
-9.0
-31.0
2.0
-60.0
-36.0
-11.0
-10.0
-4.0
25.0
11.0
19.0
4.0
2.0
-29.0
-6.0
9.0
17.0
17.0
19.0
6.0
4.0
-16.0
-18.0
-14.0
-31.0
-67.0
-59.0
-53.0
-61.0
-23.0
-8.0
-10.0
-4.0
27.0
30.0
33.0
33.0
25.0
23.0
37.0
17.0
5.0
-8.0
0.0
-3.0
-23.0
-24.0
3.0
20.0
13.0
-6.0
-43.0
-21.0
-27.0
-25.0
-28.0
-26.0
-34.0
-30.0
-28.0
-24.0
-4.0
-21.0
-12.0
-10.0
-18.0
-16.0
-29.0
-9.0
16.0
-11.0
-13.0
-40.0
-21.0
-13.0
-11.0
-14.0
-33.0
-21.0
-13.0
11.0
36.0
30.0
13.0
18.0
-3.0
-4.0
-1.0
2.0
-6.0
11.0
11.0
-5.0
-9.0
-2.0
-3.0
-8.0
-36.0
-17.0
-11.0
-7.0
4.0
7.0
-20.0
-8.0
24.0
21.0
7.0
-2.0
12.0
19.0
2.0
-5.0
-11.0
-17.0
-25.0
-17.0
-9.0
-17.0
-11.0
0.0
-9.0
-2.0
14.0
-21.0
-37.0
-38.0
-8.0
-4.0
-21.0
7.0
22.0
61.0
43.0
-10.0
-40.0
-46.0
-17.0
-27.0
-6.0
-10.0
-8.0
13.0
8.0
1.0
-5.0
-5.0
-2.0
-66.0
-47.0
-6.0
4.0
9.0
2.0
0.0
6.0
9.0
-10.0
6.0
20.0
20.0
20.0
16.0
-11.0
26.0
-13.0
-9.0
1.0
-1.0
-14.0
3.0
3.0
18.0
-20.0
-28.0
-19.0
-16.0
-8.0
-17.0
-13.0
1.0
8.0
-9.0
-5.0
26.0
9.0
12.0
9.0
6.0
-6.0
30.0
10.0
-4.0
12.0
-9.0
-9.0
-6.0
-25.0
-22.0
-13.0
-15.0
-6.0
-13.0
-39.0
-42.0
-37.0
-37.0
-58.0
-50.0
-58.0
-35.0
-5.0
2.0
33.0
55.0
52.0
47.0
50.0
56.0
41.0
41.0
56.0
27.0
31.0
27.0
-1.0
-12.0
-14.0
-10.0
-25.0
-5.0
-18.0
-35.0
-40.0
-60.0
-51.0
-47.0
-62.0
-20.0
-7.0
-38.0
-13.0
-11.0
-25.0
-37.0
-2.0
-7.0
-29.0
-27.0
26.0
23.0
-7.0
-5.0
-34.0
3.0
2.0
1.0
7.0
2.0
-13.0
-32.0
-31.0
-23.0
-24.0
-15.0
-6.0
-2.0
-3.0
-12.0
-8.0
-21.0
-18.0
-16.0
-8.0
14.0
30.0
35.0
16.0
22.0
-2.0
33.0
-10.0
-13.0
-7.0
-28.0
-20.0
-17.0
7.0
-23.0
4.0
-14.0
27.0
-5.0
-3.0
-3.0
-10.0
-12.0
-21.0
-7.0
-15.0
-17.0
-54.0
-29.0
5.0
-82.0
-45.0
-39.0
-21.0
-3.0
5.0
34.0
26.0
70.0
72.0
53.0
-6.0
11.0
58.0
25.0
27.0
49.0
19.0
40.0
7.0
-19.0
4.0
5.0
7.0
-27.0
-13.0
11.0
-6.0
-25.0
-61.0
-47.0
-43.0
-40.0
-42.0
-11.0
-19.0
-23.0
-7.0
2.0
10.0
16.0
-1.0
4.0
-17.0
0.0
5.0
15.0
-6.0
-8.0
0.0
4.0
29.0
28.0
17.0
15.0
6.0
11.0
-22.0
-25.0
-24.0
-27.0
-13.0
-4.0
-13.0
-24.0
6.0
31.0
-1.0
5.0
-25.0
5.0
9.0
2.0
5.0
-13.0
-14.0
-18.0
-19.0
-17.0
4.0
28.0
5.0
8.0
-3.0
-2.0
-6.0
13.0
6.0
-2.0
-4.0
-3.0
-7.0
-9.0
-2.0
20.0
-2.0
-22.0
-25.0
-14.0
-2.0
-6.0
-27.0
-36.0
-7.0
8.0
3.0
10.0
22.0
1.0
-9.0
-26.0
-42.0
-42.0
-29.0
-26.0
-57.0
-40.0
-37.0
-11.0
6.0
11.0
27.0
32.0
42.0
57.0
37.0
8.0
-9.0
18.0
13.0
30.0
19.0
7.0
-5.0
-22.0
-2.0
5.0
-32.0
-12.0
-7.0
9.0
7.0
9.0
-7.0
10.0
-28.0
-7.0
-7.0
-21.0
-21.0
-35.0
-21.0
-30.0
-29.0
-5.0
5.0
12.0
21.0
-47.0
-33.0
5.0
20.0
15.0
16.0
12.0
8.0
-12.0
10.0
3.0
-6.0
-17.0
-12.0
-10.0
-27.0
-34.0
-13.0
-17.0
-14.0
-1.0
5.0
-7.0
25.0
26.0
-24.0
4.0
-11.0
20.0
-6.0
50.0
23.0
21.0
0.0
0.0
6.0
19.0
17.0
-8.0
-21.0
-18.0
-31.0
-28.0
-11.0
-13.0
-33.0
-35.0
-8.0
14.0
-9.0
-20.0
-16.0
-10.0
-6.0
-11.0
-10.0
6.0
13.0
12.0
12.0
13.0
-2.0
-17.0
-16.0
-15.0
-6.0
-29.0
-9.0
15.0
-23.0
-33.0
-17.0
-7.0
5.0
-6.0
-11.0
-12.0
13.0
13.0
16.0
20.0
-12.0
-20.0
-37.0
-38.0
0.0
27.0
2.0
4.0
6.0
-12.0
-2.0
-12.0
-28.0
-30.0
-23.0
-30.0
-21.0
12.0
-13.0
-13.0
15.0
5.0
23.0
18.0
1.0
18.0
10.0
26.0
-18.0
-3.0
-21.0
-9.0
-19.0
-11.0
-3.0
3.0
23.0
-24.0
-23.0
-14.0
10.0
2.0
3.0
8.0
2.0
-6.0
-5.0
5.0
-11.0
-1.0
26.0
17.0
18.0
12.0
-14.0
-16.0
0.0
-39.0
-38.0
-57.0
-46.0
6.0
-2.0
-12.0
-24.0
22.0
32.0
17.0
16.0
25.0
20.0
8.0
39.0
43.0
28.0
6.0
4.0
-22.0
-26.0
9.0
-29.0
-20.0
-22.0
-21.0
-3.0
-2.0
-11.0
-14.0
-23.0
-43.0
5.0
-2.0
7.0
5.0
-15.0
-27.0
27.0
-1.0
3.0
-3.0
-13.0
2.0
-22.0
-23.0
-28.0
11.0
23.0
1.0
-4.0
-13.0
-74.0
-35.0
2.0
9.0
5.0
-17.0
-40.0
-15.0
-11.0
11.0
-6.0
13.0
-4.0
-5.0
-23.0
-23.0
-5.0
-13.0
-46.0
9.0
-1.0
32.0
17.0
12.0
-5.0
-23.0
6.0
30.0
10.0
-16.0
-14.0
-33.0
-26.0
-27.0
-8.0
-37.0
14.0
5.0
-1.0
14.0
3.0
-13.0
-7.0
-8.0
-22.0
-11.0
-23.0
-48.0
-25.0
-4.0
-13.0
-8.0
12.0
11.0
-4.0
-16.0
3.0
18.0
24.0
26.0
2.0
7.0
-8.0
-2.0
-1.0
-10.0
-4.0
-29.0
-55.0
-17.0
-26.0
-41.0
-3.0
6.0
26.0
7.0
41.0
27.0
37.0
20.0
6.0
-16.0
-11.0
-7.0
12.0
17.0
5.0
-13.0
-6.0
-26.0
13.0
0.0
5.0
7.0
-37.0
-56.0
-13.0
-31.0
-15.0
-7.0
-19.0
-8.0
-3.0
4.0
3.0
-2.0
-36.0
-30.0
-10.0
7.0
-2.0
-10.0
-24.0
-21.0
-24.0
-40.0
-30.0
-12.0
6.0
-11.0
-5.0
-5.0
9.0
9.0
-14.0
-16.0
-11.0
-11.0
-6.0
-8.0
-33.0
-45.0
-37.0
-36.0
9.0
-12.0
-30.0
-5.0
-9.0
17.0
55.0
46.0
52.0
52.0
53.0
28.0
23.0
21.0
13.0
3.0
25.0
-16.0
-32.0
-38.0
-52.0
-33.0
-34.0
-28.0
-10.0
-10.0
7.0
20.0
33.0
32.0
27.0
19.0
-1.0
12.0
3.0
-12.0
12.0
20.0
14.0
9.0
-3.0
-30.0
-45.0
-37.0
-51.0
-55.0
-35.0
-39.0
-9.0
-17.0
-29.0
-11.0
10.0
-2.0
20.0
29.0
8.0
5.0
38.0
49.0
21.0
-1.0
-2.0
-2.0
5.0
0.0
-26.0
-28.0
-24.0
-24.0
-8.0
-31.0
-15.0
2.0
0.0
-40.0
-24.0
-33.0
-76.0
-78.0
-55.0
-38.0
2.0
-38.0
-2.0
25.0
14.0
25.0
4.0
7.0
-12.0
-15.0
-61.0
-26.0
27.0
14.0
5.0
8.0
-7.0
-7.0
16.0
9.0
9.0
29.0
7.0
11.0
7.0
35.0
23.0
21.0
5.0
7.0
22.0
2.0
1.0
-15.0
-3.0
-3.0
7.0
10.0
2.0
4.0
-1.0
-3.0
-20.0
-45.0
-39.0
-33.0
1.0
0.0
-19.0
-15.0
-31.0
-11.0
22.0
41.0
40.0
11.0
15.0
9.0
22.0
-33.0
-49.0
-63.0
-80.0
-57.0
-26.0
-8.0
39.0
41.0
77.0
84.0
87.0
95.0
88.0
63.0
90.0
65.0
36.0
34.0
28.0
17.0
-4.0
-6.0
-20.0
-46.0
-56.0
-91.0
-67.0
-68.0
-40.0
-50.0
-79.0
-61.0
-44.0
-61.0
-42.0
-42.0
-68.0
-72.0
-44.0
-41.0
-46.0
-56.0
-50.0
-41.0
-30.0
42.0
57.0
66.0
76.0
58.0
39.0
52.0
49.0
4.0
28.0
0.0
-11.0
-1.0
-2.0
-21.0
-14.0
-37.0
-50.0
-22.0
-2.0
-29.0
-38.0
-43.0
-30.0
-40.0
-21.0
-32.0
-20.0
7.0
-8.0
-18.0
-25.0
-18.0
-18.0
-10.0
-7.0
33.0
-13.0
-9.0
-5.0
-49.0
-34.0
-24.0
-28.0
2.0
-1.0
41.0
-22.0
11.0
10.0
25.0
15.0
24.0
30.0
52.0
46.0
19.0
18.0
3.0
-4.0
-24.0
-6.0
-7.0
-53.0
-24.0
-13.0
-43.0
-56.0
-31.0
-39.0
-12.0
-6.0
0.0
-15.0
15.0
16.0
13.0
9.0
0.0
7.0
1.0
-3.0
6.0
39.0
41.0
35.0
52.0
18.0
-7.0
3.0
5.0
-21.0
-16.0
-4.0
-26.0
-45.0
-21.0
-34.0
-24.0
-22.0
7.0
-2.0
-7.0
-8.0
-14.0
-16.0
0.0
-40.0
-9.0
-5.0
-42.0
-58.0
-60.0
-59.0
-68.0
-24.0
-23.0
26.0
43.0
80.0
103.0
79.0
79.0
53.0
40.0
60.0
53.0
31.0
21.0
-7.0
9.0
3.0
0.0
-15.0
-2.0
-50.0
-43.0
-71.0
-61.0
-46.0
-76.0
-71.0
-65.0
-47.0
-58.0
-20.0
-24.0
-34.0
-26.0
-46.0
-63.0
-53.0
-66.0
35.0
52.0
39.0
50.0
22.0
35.0
34.0
28.0
44.0
47.0
79.0
55.0
13.0
0.0
-26.0
-52.0
-25.0
-36.0
-9.0
-3.0
-7.0
3.0
35.0
9.0
-9.0
16.0
32.0
45.0
13.0
14.0
-19.0
-80.0
-147.0
-96.0
-36.0
26.0
22.0
19.0
72.0
76.0
88.0
83.0
46.0
46.0
19.0
27.0
32.0
41.0
17.0
18.0
-13.0
-17.0
-4.0
-26.0
-35.0
-40.0
-58.0
-63.0
-37.0
-48.0
-20.0
-26.0
-24.0
-46.0
-74.0
-69.0
-69.0
-44.0
-60.0
-53.0
-111.0
-72.0
-76.0
-39.0
7.0
25.0
41.0
48.0
96.0
95.0
90.0
97.0
68.0
48.0
36.0
40.0
34.0
2.0
-8.0
-5.0
-20.0
-39.0
-19.0
-21.0
-13.0
-20.0
-27.0
-72.0
-84.0
-86.0
-67.0
-54.0
-27.0
-11.0
47.0
-7.0
-4.0
3.0
-33.0
-31.0
13.0
26.0
24.0
17.0
6.0
-3.0
22.0
-38.0
-52.0
-52.0
-65.0
-59.0
-36.0
-5.0
13.0
40.0
53.0
66.0
49.0
54.0
54.0
31.0
24.0
-21.0
-4.0
11.0
-25.0
-12.0
-35.0
-25.0
-44.0
-22.0
-14.0
27.0
6.0
44.0
21.0
20.0
11.0
6.0
1.0
20.0
21.0
27.0
4.0
-6.0
-37.0
-24.0
-37.0
-32.0
-35.0
-25.0
-20.0
-22.0
1.0
25.0
23.0
10.0
-7.0
1.0
28.0
2.0
-4.0
5.0
-4.0
26.0
-7.0
-24.0
-22.0
-27.0
-25.0
-40.0
-42.0
-24.0
-29.0
-36.0
-10.0
-32.0
-41.0
-35.0
9.0
-7.0
-25.0
-7.0
-35.0
-24.0
-37.0
-41.0
9.0
9.0
19.0
4.0
-42.0
-39.0
-34.0
-18.0
-23.0
-21.0
8.0
16.0
59.0
72.0
111.0
87.0
107.0
82.0
78.0
58.0
39.0
39.0
44.0
7.0
30.0
-6.0
-25.0
-36.0
-50.0
-58.0
-43.0
-31.0
-37.0
-54.0
-81.0
-34.0
-48.0
-78.0
-51.0
-85.0
-56.0
-58.0
-36.0
-48.0
-11.0
36.0
44.0
47.0
39.0
21.0
19.0
27.0
38.0
57.0
60.0
32.0
31.0
29.0
1.0
15.0
7.0
9.0
-19.0
-33.0
-19.0
-32.0
-47.0
-42.0
-50.0
-48.0
-29.0
-28.0
-27.0
-69.0
-53.0
-43.0
-52.0
-21.0
-30.0
-22.0
34.0
38.0
53.0
37.0
86.0
61.0
70.0
52.0
33.0
12.0
8.0
9.0
-1.0
13.0
-1.0
-14.0
-26.0
-18.0
-61.0
-29.0
-39.0
-40.0
-48.0
-11.0
10.0
-6.0
-43.0
-34.0
-21.0
-17.0
-30.0
-30.0
-63.0
-46.0
-70.0
-42.0
-73.0
-46.0
15.0
45.0
24.0
29.0
90.0
87.0
89.0
96.0
87.0
93.0
76.0
67.0
45.0
51.0
27.0
41.0
-17.0
-22.0
-38.0
-16.0
-39.0
-24.0
-26.0
-35.0
-50.0
-37.0
-68.0
-78.0
-83.0
-68.0
-64.0
-31.0
1.0
-1.0
7.0
59.0
62.0
51.0
40.0
22.0
48.0
26.0
34.0
37.0
29.0
-17.0
33.0
-10.0
-28.0
-16.0
-30.0
-53.0
-54.0
-50.0
-81.0
-76.0
-87.0
-99.0
-66.0
-36.0
22.0
71.0
99.0
98.0
93.0
115.0
92.0
71.0
96.0
120.0
90.0
59.0
6.0
-1.0
-24.0
-64.0
-34.0
-34.0
-45.0
-34.0
-51.0
-52.0
-58.0
-62.0
-43.0
-66.0
-32.0
-18.0
-17.0
-51.0
-67.0
-72.0
-60.0
-56.0
-37.0
-12.0
-28.0
-21.0
-1.0
-21.0
-16.0
-16.0
-15.0
-7.0
29.0
31.0
-12.0
10.0
-11.0
-39.0
-9.0
10.0
25.0
26.0
-10.0
13.0
1.0
1.0
-39.0
13.0
-19.0
-28.0
-30.0
-32.0
-21.0
-21.0
53.0
53.0
4.0
-21.0
-30.0
-25.0
-39.0
-45.0
-32.0
-27.0
-6.0
14.0
30.0
34.0
44.0
64.0
73.0
67.0
80.0
50.0
72.0
47.0
37.0
9.0
-2.0
-27.0
-13.0
-13.0
-26.0
-50.0
-22.0
-9.0
-15.0
20.0
12.0
20.0
24.0
17.0
18.0
21.0
10.0
2.0
4.0
-29.0
-32.0
-28.0
-21.0
-18.0
-45.0
-44.0
-50.0
-35.0
0.0
-37.0
-30.0
-12.0
-26.0
-22.0
-55.0
-46.0
-24.0
-12.0
-22.0
-15.0
-9.0
-6.0
-11.0
-17.0
-7.0
5.0
-22.0
-16.0
-15.0
-9.0
-15.0
-1.0
-11.0
-12.0
-21.0
-8.0
25.0
4.0
-4.0
-2.0
-17.0
-25.0
-26.0
-15.0
-4.0
-8.0
19.0
16.0
8.0
-1.0
-97.0
-16.0
30.0
26.0
35.0
44.0
30.0
8.0
5.0
-22.0
-13.0
-24.0
0.0
-9.0
-4.0
-5.0
-26.0
-21.0
-16.0
-19.0
18.0
36.0
34.0
26.0
33.0
-3.0
-7.0
-13.0
12.0
8.0
20.0
-11.0
-3.0
-1.0
-62.0
-59.0
-38.0
-15.0
-18.0
7.0
-18.0
11.0
6.0
-6.0
12.0
-18.0
14.0
4.0
14.0
-6.0
6.0
21.0
30.0
37.0
15.0
21.0
33.0
34.0
22.0
-52.0
-65.0
-119.0
-131.0
-129.0
-72.0
-88.0
-76.0
-13.0
8.0
1.0
47.0
49.0
69.0
63.0
70.0
61.0
81.0
70.0
55.0
75.0
44.0
69.0
8.0
8.0
6.0
39.0
-4.0
28.0
-5.0
-33.0
-37.0
6.0
-21.0
-19.0
-11.0
-32.0
-58.0
-38.0
-29.0
-25.0
-16.0
-22.0
3.0
-1.0
-23.0
2.0
-1.0
-39.0
-50.0
-47.0
-40.0
-47.0
-39.0
-43.0
-19.0
-63.0
-37.0
16.0
11.0
11.0
33.0
27.0
21.0
24.0
27.0
12.0
11.0
29.0
40.0
7.0
-8.0
-19.0
-18.0
-15.0
-5.0
-8.0
-6.0
-26.0
-5.0
9.0
9.0
-22.0
-31.0
-32.0
-47.0
-38.0
-13.0
-43.0
4.0
11.0
-19.0
-18.0
-30.0
-31.0
-12.0
-53.0
-40.0
-21.0
14.0
-16.0
-7.0
6.0
22.0
22.0
31.0
20.0
51.0
-5.0
22.0
38.0
-8.0
15.0
7.0
-1.0
-27.0
-27.0
-10.0
23.0
27.0
-4.0
-15.0
-7.0
-17.0
-11.0
-43.0
-48.0
-10.0
-14.0
-11.0
21.0
0.0
-32.0
-20.0
-14.0
-7.0
-12.0
-21.0
-44.0
4.0
-25.0
-8.0
-37.0
-29.0
-33.0
-22.0
-11.0
-23.0
-6.0
-5.0
-6.0
28.0
31.0
31.0
31.0
65.0
51.0
46.0
16.0
17.0
16.0
8.0
4.0
32.0
27.0
30.0
10.0
-10.0
-11.0
2.0
-29.0
-71.0
-41.0
-61.0
-58.0
-35.0
-52.0
-37.0
-5.0
10.0
12.0
-12.0
5.0
11.0
10.0
32.0
23.0
40.0
-1.0
-4.0
-9.0
-20.0
-6.0
-21.0
-24.0
21.0
12.0
-10.0
-24.0
4.0
-36.0
-17.0
-1.0
-11.0
-13.0
-25.0
-17.0
11.0
36.0
1.0
6.0
31.0
6.0
14.0
19.0
15.0
-3.0
1.0
-18.0
-17.0
-8.0
-37.0
-64.0
-62.0
-61.0
-96.0
-60.0
-41.0
-37.0
-33.0
51.0
50.0
15.0
48.0
54.0
66.0
42.0
29.0
30.0
10.0
18.0
28.0
48.0
25.0
22.0
-10.0
-23.0
-30.0
-57.0
-75.0
-61.0
-50.0
-33.0
-55.0
-55.0
-56.0
-69.0
-51.0
-70.0
-54.0
-53.0
-35.0
6.0
22.0
21.0
18.0
26.0
15.0
-10.0
32.0
-11.0
-42.0
-45.0
-77.0
-76.0
-71.0
-89.0
-71.0
18.0
68.0
84.0
96.0
78.0
82.0
83.0
77.0
60.0
53.0
30.0
28.0
3.0
44.0
11.0
-19.0
-16.0
-17.0
-41.0
-12.0
-44.0
-74.0
-109.0
-112.0
-81.0
-47.0
-55.0
-21.0
-24.0
15.0
20.0
27.0
56.0
58.0
36.0
10.0
19.0
64.0
30.0
1.0
-16.0
-18.0
-25.0
-59.0
-53.0
-26.0
-28.0
-46.0
-13.0
13.0
10.0
8.0
16.0
20.0
35.0
6.0
-3.0
-20.0
-20.0
-13.0
19.0
-27.0
-59.0
-24.0
8.0
30.0
33.0
-1.0
-10.0
-21.0
17.0
-40.0
-22.0
-3.0
-52.0
-71.0
-73.0
-80.0
-109.0
-98.0
-86.0
-27.0
8.0
36.0
69.0
115.0
108.0
159.0
165.0
166.0
118.0
105.0
87.0
83.0
53.0
17.0
19.0
34.0
-30.0
-68.0
-73.0
-91.0
-99.0
-66.0
-22.0
-37.0
-34.0
1.0
-9.0
3.0
-10.0
-22.0
2.0
-18.0
-12.0
-29.0
-35.0
-21.0
-21.0
13.0
-10.0
-9.0
-26.0
-61.0
-63.0
-55.0
-56.0
-30.0
-10.0
-41.0
-47.0
-22.0
-40.0
-38.0
-39.0
-34.0
-38.0
-5.0
5.0
-2.0
-27.0
0.0
-9.0
13.0
-5.0
-11.0
-20.0
-31.0
-56.0
-47.0
-78.0
-28.0
47.0
38.0
56.0
56.0
58.0
19.0
89.0
79.0
41.0
49.0
14.0
5.0
21.0
11.0
9.0
18.0
-28.0
-47.0
-72.0
-83.0
-66.0
-78.0
-76.0
-75.0
-73.0
-63.0
-37.0
39.0
42.0
55.0
38.0
47.0
52.0
52.0
49.0
29.0
-14.0
-18.0
4.0
28.0
20.0
17.0
55.0
19.0
26.0
59.0
84.0
46.0
30.0
20.0
5.0
3.0
-6.0
-5.0
-10.0
-18.0
-23.0
2.0
-25.0
-45.0
-24.0
-13.0
-27.0
-48.0
-50.0
-54.0
-25.0
-58.0
-43.0
-68.0
-60.0
-40.0
-31.0
-46.0
-52.0
-57.0
-75.0
-55.0
-17.0
-3.0
12.0
17.0
53.0
27.0
24.0
35.0
38.0
58.0
77.0
77.0
43.0
27.0
15.0
35.0
28.0
-16.0
1.0
7.0
-23.0
-29.0
12.0
-4.0
3.0
-46.0
-43.0
-20.0
-32.0
-49.0
-53.0
-42.0
-96.0
-72.0
-77.0
-38.0
-30.0
-1.0
17.0
53.0
70.0
73.0
76.0
68.0
83.0
72.0
77.0
24.0
86.0
39.0
-6.0
-31.0
-32.0
-40.0
-58.0
-51.0
-49.0
-30.0
-9.0
-36.0
-6.0
-41.0
-76.0
-52.0
-47.0
-30.0
-21.0
-16.0
-42.0
-16.0
-39.0
-27.0
-14.0
-51.0
-69.0
-48.0
-43.0
11.0
-4.0
5.0
-44.0
-21.0
0.0
24.0
18.0
45.0
41.0
21.0
23.0
13.0
15.0
5.0
29.0
8.0
15.0
-20.0
-19.0
-24.0
-7.0
-28.0
14.0
-23.0
-79.0
-65.0
-50.0
-29.0
-31.0
-83.0
-30.0
22.0
40.0
47.0
49.0
69.0
99.0
89.0
86.0
103.0
89.0
83.0
78.0
29.0
12.0
21.0
10.0
-15.0
-18.0
-29.0
-52.0
-66.0
-96.0
-86.0
-95.0
-29.0
5.0
32.0
34.0
20.0
12.0
42.0
37.0
38.0
44.0
10.0
34.0
7.0
5.0
-4.0
-17.0
-18.0
-37.0
-47.0
-22.0
-33.0
-36.0
-24.0
-28.0
-46.0
-41.0
-40.0
-19.0
-16.0
-4.0
-20.0
-9.0
0.0
-7.0
19.0
-10.0
-29.0
-38.0
-34.0
-44.0
-31.0
-3.0
-21.0
-17.0
-45.0
-64.0
-55.0
-46.0
-32.0
2.0
-9.0
29.0
61.0
55.0
31.0
58.0
47.0
58.0
66.0
67.0
70.0
42.0
13.0
19.0
11.0
4.0
-16.0
-22.0
-34.0
-45.0
-49.0
-25.0
-43.0
-42.0
-39.0
-16.0
-16.0
-43.0
-39.0
-79.0
-83.0
-59.0
-42.0
-44.0
-33.0
-51.0
-13.0
1.0
17.0
65.0
75.0
100.0
80.0
78.0
42.0
42.0
20.0
25.0
17.0
21.0
15.0
-1.0
6.0
12.0
-6.0
-20.0
-4.0
-33.0
-49.0
-32.0
-61.0
-69.0
-64.0
-63.0
-124.0
-110.0
-83.0
-48.0
-20.0
28.0
33.0
85.0
101.0
107.0
128.0
102.0
59.0
96.0
109.0
84.0
55.0
34.0
2.0
6.0
-53.0
-16.0
-36.0
-16.0
-31.0
-38.0
-15.0
-52.0
-32.0
-27.0
-53.0
-37.0
-15.0
-36.0
-17.0
-1.0
6.0
-25.0
-46.0
-46.0
-52.0
-48.0
-50.0
-65.0
-46.0
-14.0
-15.0
3.0
-24.0
-26.0
-41.0
-37.0
-64.0
3.0
-3.0
12.0
4.0
-27.0
-30.0
-35.0
1.0
19.0
-14.0
6.0
-37.0
-87.0
-86.0
-78.0
-109.0
-102.0
-44.0
-31.0
1.0
28.0
77.0
98.0
76.0
78.0
77.0
82.0
63.0
49.0
55.0
69.0
46.0
48.0
49.0
44.0
39.0
39.0
59.0
24.0
10.0
-23.0
-39.0
-68.0
-53.0
-23.0
-55.0
-48.0
0.0
-39.0
-35.0
28.0
6.0
19.0
-38.0
-31.0
-44.0
-46.0
-39.0
-26.0
-2.0
-16.0
-35.0
-19.0
4.0
23.0
12.0
2.0
-5.0
-15.0
-31.0
-38.0
-34.0
-53.0
-77.0
-57.0
-76.0
-85.0
-106.0
-93.0
-41.0
-25.0
22.0
58.0
97.0
115.0
107.0
107.0
129.0
111.0
123.0
121.0
111.0
62.0
87.0
53.0
57.0
56.0
48.0
13.0
-9.0
-18.0
-40.0
-47.0
-56.0
-58.0
-48.0
-51.0
-42.0
-62.0
-92.0
-97.0
-77.0
-71.0
-57.0
-59.0
-49.0
-57.0
-70.0
-48.0
-53.0
-51.0
-14.0
-24.0
-22.0
-55.0
-35.0
-35.0
-37.0
-86.0
-13.0
26.0
41.0
58.0
66.0
66.0
67.0
75.0
62.0
46.0
21.0
61.0
72.0
32.0
-7.0
3.0
-29.0
-36.0
-8.0
-1.0
6.0
-12.0
-10.0
-24.0
-30.0
-22.0
-21.0
-24.0
-17.0
-21.0
-19.0
-9.0
-20.0
-66.0
-21.0
-35.0
-8.0
-3.0
21.0
-17.0
19.0
-17.0
29.0
46.0
38.0
29.0
-15.0
-10.0
9.0
-47.0
30.0
-23.0
-62.0
-68.0
-49.0
-68.0
-7.0
-7.0
-14.0
-14.0
15.0
31.0
73.0
75.0
57.0
22.0
51.0
50.0
33.0
33.0
59.0
51.0
2.0
-3.0
5.0
15.0
0.0
-7.0
-9.0
-49.0
-40.0
-48.0
-45.0
-39.0
-31.0
-28.0
-72.0
-70.0
-123.0
-109.0
-61.0
-60.0
-71.0
-27.0
16.0
-8.0
-22.0
-15.0
-34.0
13.0
4.0
4.0
27.0
22.0
11.0
2.0
11.0
10.0
16.0
5.0
8.0
0.0
-34.0
-60.0
-11.0
3.0
-12.0
-5.0
-57.0
4.0
-20.0
-17.0
-1.0
-24.0
-15.0
1.0
27.0
26.0
43.0
29.0
16.0
27.0
26.0
42.0
15.0
40.0
45.0
43.0
33.0
24.0
-2.0
-23.0
-31.0
-16.0
-45.0
11.0
4.0
13.0
-32.0
-36.0
-79.0
-58.0
-51.0
-9.0
-6.0
9.0
54.0
44.0
56.0
56.0
39.0
47.0
60.0
62.0
39.0
21.0
6.0
1.0
-4.0
31.0
34.0
30.0
13.0
10.0
52.0
35.0
2.0
4.0
-14.0
-3.0
-27.0
-71.0
-23.0
6.0
-42.0
-45.0
-31.0
-30.0
-12.0
9.0
-25.0
-38.0
-49.0
-35.0
-21.0
-5.0
-45.0
-47.0
-92.0
-63.0
-49.0
-40.0
-45.0
-35.0
-44.0
-31.0
-3.0
2.0
-14.0
-6.0
-13.0
25.0
19.0
38.0
37.0
53.0
24.0
20.0
23.0
-10.0
28.0
-31.0
-33.0
-36.0
-30.0
-55.0
-40.0
-41.0
-43.0
-14.0
0.0
13.0
22.0
37.0
21.0
50.0
46.0
47.0
29.0
33.0
7.0
-19.0
1.0
3.0
22.0
48.0
12.0
6.0
-3.0
-33.0
-52.0
-119.0
-92.0
-10.0
-59.0
-64.0
18.0
11.0
11.0
42.0
44.0
66.0
74.0
51.0
47.0
70.0
42.0
39.0
17.0
10.0
0.0
-3.0
23.0
-47.0
-66.0
-20.0
-6.0
-5.0
-14.0
-37.0
-47.0
-32.0
-36.0
-47.0
-39.0
-28.0
-63.0
-66.0
-49.0
-86.0
-66.0
-46.0
-57.0
-38.0
-25.0
-43.0
-61.0
-67.0
-48.0
-72.0
-39.0
-21.0
-12.0
84.0
130.0
173.0
164.0
162.0
130.0
115.0
124.0
127.0
121.0
103.0
91.0
96.0
48.0
44.0
18.0
-5.0
-13.0
-49.0
-49.0
-76.0
-86.0
-114.0
-102.0
-98.0
-81.0
-74.0
-85.0
-81.0
-81.0
-75.0
-90.0
-72.0
-65.0
-59.0
-44.0
-33.0
-31.0
-20.0
-19.0
-19.0
-8.0
-3.0
-9.0
1.0
-13.0
-12.0
2.0
-8.0
-30.0
-60.0
-63.0
-60.0
-33.0
-34.0
40.0
26.0
39.0
30.0
46.0
35.0
23.0
45.0
53.0
57.0
79.0
52.0
37.0
4.0
-58.0
-20.0
-4.0
-2.0
44.0
38.0
48.0
28.0
7.0
13.0
52.0
88.0
84.0
67.0
73.0
75.0
59.0
-1.0
-30.0
-8.0
-35.0
-72.0
-56.0
-43.0
-37.0
-36.0
-63.0
-57.0
-72.0
-83.0
-108.0
-89.0
-46.0
-47.0
-53.0
-55.0
1.0
19.0
26.0
45.0
79.0
46.0
58.0
46.0
52.0
52.0
50.0
42.0
45.0
28.0
-33.0
-19.0
-2.0
-28.0
-45.0
-43.0
-90.0
-97.0
-121.0
-66.0
-31.0
15.0
41.0
46.0
71.0
70.0
103.0
120.0
116.0
72.0
50.0
29.0
68.0
25.0
32.0
29.0
36.0
50.0
42.0
40.0
20.0
-44.0
-57.0
-34.0
-47.0
-42.0
-52.0
-35.0
-55.0
-68.0
-69.0
-82.0
-81.0
-100.0
-105.0
-104.0
-98.0
-113.0
-126.0
-138.0
-134.0
-104.0
-92.0
-47.0
-10.0
-1.0
48.0
92.0
138.0
160.0
119.0
140.0
140.0
69.0
73.0
74.0
63.0
34.0
38.0
-1.0
19.0
-20.0
-53.0
-61.0
-58.0
-57.0
-90.0
-94.0
-81.0
-36.0
-68.0
-81.0
-86.0
-92.0
-90.0
-92.0
-80.0
-68.0
-125.0
-75.0
-19.0
-35.0
-37.0
11.0
-12.0
-13.0
-2.0
-13.0
-24.0
-44.0
-73.0
-60.0
-11.0
8.0
-1.0
8.0
78.0
67.0
79.0
73.0
71.0
69.0
50.0
28.0
36.0
28.0
19.0
27.0
36.0
17.0
37.0
29.0
13.0
24.0
30.0
29.0
15.0
4.0
3.0
-8.0
-6.0
-32.0
-33.0
-35.0
-48.0
-56.0
-57.0
-37.0
-62.0
-13.0
-13.0
-6.0
-40.0
-27.0
-47.0
-48.0
-44.0
-31.0
-46.0
-23.0
-9.0
-25.0
-1.0
-13.0
-5.0
-11.0
-1.0
-9.0
-4.0
46.0
45.0
53.0
42.0
69.0
47.0
57.0
68.0
44.0
32.0
44.0
27.0
31.0
6.0
-46.0
-13.0
-11.0
22.0
-3.0
-27.0
-42.0
-37.0
-37.0
-17.0
-33.0
-10.0
-9.0
-22.0
-35.0
-20.0
-33.0
18.0
-28.0
-1.0
-16.0
-30.0
-25.0
-20.0
-11.0
-2.0
26.0
11.0
48.0
11.0
-2.0
-9.0
-10.0
-12.0
4.0
-7.0
8.0
-1.0
7.0
2.0
4.0
9.0
11.0
-6.0
-29.0
10.0
-16.0
-42.0
-35.0
-28.0
-3.0
-25.0
-28.0
-22.0
-4.0
10.0
21.0
23.0
-5.0
-20.0
-9.0
-1.0
-13.0
5.0
22.0
5.0
-43.0
16.0
-38.0
-7.0
32.0
-16.0
-6.0
19.0
9.0
21.0
-24.0
-9.0
9.0
21.0
-25.0
-4.0
-2.0
-43.0
-74.0
-71.0
-101.0
-76.0
-22.0
-18.0
-8.0
46.0
50.0
115.0
108.0
121.0
133.0
129.0
122.0
109.0
102.0
70.0
69.0
79.0
68.0
53.0
53.0
4.0
9.0
-4.0
-18.0
-27.0
-29.0
-50.0
-61.0
-67.0
-62.0
-28.0
-10.0
-14.0
-48.0
-70.0
-74.0
-79.0
-90.0
-63.0
-76.0
-79.0
-40.0
-19.0
-35.0
-22.0
-17.0
-21.0
30.0
6.0
-7.0
2.0
-5.0
-26.0
-10.0
18.0
19.0
8.0
-5.0
40.0
-5.0
-6.0
-36.0
67.0
58.0
48.0
46.0
1.0
-28.0
-16.0
-26.0
-1.0
-11.0
-4.0
-25.0
-17.0
-18.0
-1.0
15.0
7.0
-9.0
-13.0
-19.0
-26.0
-23.0
-65.0
-65.0
-99.0
-63.0
-46.0
-25.0
-4.0
23.0
29.0
28.0
41.0
36.0
58.0
62.0
53.0
24.0
37.0
-7.0
13.0
8.0
27.0
37.0
-20.0
20.0
-41.0
-56.0
-5.0
-10.0
-36.0
-25.0
-21.0
-23.0
-69.0
-79.0
-65.0
-50.0
-7.0
21.0
-16.0
-32.0
-3.0
0.0
4.0
23.0
-9.0
6.0
-4.0
-9.0
-1.0
39.0
-3.0
-1.0
-13.0
-42.0
-6.0
-21.0
7.0
-22.0
-36.0
-23.0
6.0
6.0
-9.0
-72.0
-88.0
-121.0
-99.0
-109.0
-34.0
-2.0
25.0
32.0
63.0
84.0
84.0
94.0
145.0
143.0
111.0
118.0
114.0
120.0
50.0
32.0
26.0
43.0
39.0
-13.0
-32.0
-43.0
-61.0
-50.0
-98.0
-91.0
-133.0
-89.0
-76.0
-81.0
-31.0
-3.0
8.0
9.0
30.0
50.0
31.0
39.0
41.0
24.0
8.0
17.0
51.0
47.0
79.0
59.0
24.0
1.0
-52.0
-70.0
-41.0
-42.0
-87.0
-86.0
-74.0
-28.0
-18.0
-4.0
-15.0
-41.0
-46.0
-51.0
-45.0
-40.0
-37.0
-94.0
-42.0
-13.0
-14.0
-59.0
-25.0
-35.0
5.0
9.0
-4.0
31.0
-17.0
-13.0
18.0
33.0
8.0
0.0
15.0
11.0
11.0
17.0
-4.0
-7.0
-60.0
-71.0
-58.0
-108.0
-87.0
-94.0
-86.0
-8.0
-4.0
63.0
90.0
121.0
115.0
116.0
141.0
140.0
131.0
119.0
120.0
118.0
108.0
83.0
68.0
23.0
16.0
14.0
-11.0
-37.0
-49.0
-85.0
-86.0
-81.0
-67.0
-49.0
-70.0
-63.0
-100.0
-103.0
-82.0
-106.0
-74.0
-67.0
-6.0
22.0
1.0
8.0
26.0
62.0
66.0
41.0
77.0
74.0
78.0
61.0
46.0
47.0
39.0
15.0
6.0
-37.0
-5.0
-42.0
-35.0
-55.0
-39.0
-45.0
-40.0
-30.0
-35.0
-46.0
-64.0
-72.0
-86.0
-79.0
-102.0
-107.0
-97.0
-45.0
-39.0
6.0
17.0
44.0
73.0
84.0
73.0
75.0
95.0
72.0
73.0
44.0
39.0
-7.0
14.0
-7.0
6.0
11.0
-28.0
-29.0
-10.0
-19.0
-43.0
-53.0
-52.0
-40.0
-48.0
-52.0
-64.0
-75.0
-39.0
-6.0
-90.0
-42.0
-67.0
-118.0
-111.0
-108.0
-49.0
5.0
19.0
-15.0
22.0
66.0
86.0
79.0
99.0
98.0
105.0
85.0
85.0
78.0
65.0
65.0
33.0
7.0
-1.0
2.0
-4.0
-17.0
2.0
-35.0
-43.0
-21.0
-43.0
-35.0
-47.0
-41.0
-22.0
-39.0
-60.0
-68.0
-52.0
-55.0
-48.0
-60.0
-22.0
-21.0
-17.0
7.0
-36.0
-4.0
-18.0
21.0
20.0
-17.0
-11.0
-13.0
-1.0
-10.0
-37.0
15.0
18.0
-4.0
-1.0
5.0
9.0
7.0
2.0
9.0
-19.0
46.0
4.0
-10.0
-11.0
-42.0
-19.0
-22.0
-40.0
-54.0
-58.0
-45.0
-20.0
16.0
30.0
22.0
20.0
24.0
58.0
22.0
25.0
14.0
31.0
19.0
-26.0
28.0
9.0
14.0
39.0
8.0
24.0
9.0
-15.0
9.0
13.0
22.0
-7.0
0.0
8.0
20.0
-6.0
-13.0
32.0
35.0
18.0
2.0
10.0
13.0
-11.0
-31.0
-17.0
-23.0
-2.0
-33.0
-33.0
-32.0
-48.0
-51.0
-46.0
-41.0
-79.0
-72.0
-91.0
-55.0
-38.0
-21.0
-7.0
-5.0
67.0
94.0
64.0
64.0
91.0
89.0
90.0
74.0
87.0
87.0
74.0
87.0
65.0
6.0
-1.0
-29.0
-20.0
-49.0
-62.0
-63.0
-33.0
23.0
51.0
40.0
43.0
35.0
37.0
25.0
2.0
0.0
-2.0
-32.0
-54.0
-66.0
-47.0
-15.0
21.0
-9.0
-40.0
-37.0
-54.0
-33.0
-48.0
-41.0
-35.0
-47.0
-59.0
-64.0
-45.0
-48.0
-53.0
-50.0
-60.0
-86.0
-81.0
-55.0
-53.0
-62.0
-90.0
-90.0
-54.0
-5.0
-6.0
-12.0
-48.0
-7.0
16.0
39.0
1.0
5.0
19.0
1.0
35.0
27.0
32.0
17.0
13.0
-24.0
3.0
-2.0
-13.0
0.0
-14.0
-13.0
-12.0
-54.0
-64.0
-66.0
-90.0
-93.0
-135.0
-59.0
-21.0
50.0
57.0
69.0
77.0
120.0
119.0
115.0
122.0
89.0
68.0
83.0
74.0
52.0
21.0
40.0
23.0
10.0
-40.0
-32.0
-23.0
-29.0
-37.0
-70.0
-65.0
-89.0
-68.0
-70.0
-36.0
-56.0
-35.0
-64.0
-30.0
-3.0
-7.0
0.0
-21.0
-17.0
-64.0
-49.0
-25.0
-14.0
2.0
4.0
-1.0
1.0
25.0
28.0
61.0
75.0
35.0
65.0
66.0
62.0
28.0
24.0
17.0
11.0
-4.0
-19.0
-19.0
-38.0
-15.0
-30.0
-37.0
-24.0
2.0
7.0
-9.0
26.0
13.0
14.0
13.0
-1.0
-5.0
-55.0
-36.0
-34.0
-38.0
-12.0
38.0
-2.0
-62.0
-40.0
-3.0
-1.0
-7.0
-5.0
-5.0
-15.0
-19.0
-7.0
-27.0
-18.0
-54.0
-57.0
-59.0
-61.0
-98.0
-42.0
19.0
13.0
49.0
15.0
-4.0
21.0
32.0
36.0
48.0
56.0
31.0
19.0
18.0
10.0
-7.0
-28.0
-40.0
-40.0
-23.0
-17.0
-19.0
-64.0
-44.0
-36.0
13.0
15.0
54.0
57.0
49.0
64.0
64.0
53.0
81.0
101.0
116.0
91.0
113.0
108.0
68.0
39.0
-89.0
-64.0
-30.0
7.0
-16.0
-71.0
-54.0
-59.0
-56.0
-31.0
-11.0
-22.0
-15.0
-64.0
-51.0
-43.0
-79.0
-71.0
-65.0
-76.0
-75.0
-35.0
-6.0
-25.0
20.0
36.0
16.0
23.0
47.0
22.0
39.0
-13.0
-1.0
0.0
19.0
30.0
27.0
20.0
-33.0
-40.0
-15.0
-16.0
-42.0
-17.0
-9.0
23.0
5.0
6.0
-15.0
-29.0
-29.0
-20.0
-56.0
-14.0
-41.0
-81.0
-22.0
-29.0
-8.0
-6.0
-23.0
17.0
-35.0
-6.0
-6.0
-4.0
-26.0
-24.0
-4.0
-1.0
12.0
22.0
33.0
34.0
-4.0
8.0
-7.0
-11.0
-12.0
-20.0
-31.0
-28.0
-49.0
-18.0
30.0
24.0
15.0
14.0
-11.0
13.0
31.0
-31.0
-48.0
-22.0
20.0
20.0
19.0
26.0
-14.0
-21.0
-56.0
-18.0
12.0
-5.0
-7.0
16.0
-11.0
-3.0
-5.0
-6.0
-7.0
-2.0
3.0
31.0
-16.0
-20.0
-22.0
-19.0
-28.0
-20.0
-15.0
-25.0
-21.0
-69.0
-82.0
-63.0
-68.0
-66.0
-33.0
-32.0
14.0
32.0
53.0
24.0
60.0
56.0
100.0
103.0
133.0
113.0
79.0
86.0
58.0
45.0
35.0
33.0
-4.0
-8.0
-44.0
-68.0
-69.0
-82.0
-57.0
-48.0
-22.0
-51.0
-19.0
-15.0
-18.0
20.0
0.0
-22.0
-14.0
-14.0
-35.0
6.0
-11.0
-8.0
-28.0
11.0
-6.0
5.0
-6.0
8.0
-4.0
-15.0
-30.0
-29.0
-49.0
-59.0
-59.0
-44.0
-90.0
-55.0
-12.0
-12.0
2.0
2.0
27.0
65.0
50.0
48.0
57.0
58.0
58.0
22.0
-1.0
-4.0
2.0
6.0
4.0
-1.0
-12.0
-41.0
-28.0
-13.0
-10.0
-4.0
-19.0
-37.0
-16.0
-13.0
-3.0
-22.0
1.0
-7.0
-3.0
-4.0
-28.0
5.0
-11.0
-20.0
-5.0
-52.0
-62.0
-18.0
-9.0
-8.0
-20.0
-2.0
25.0
13.0
11.0
17.0
-19.0
-6.0
-26.0
-21.0
2.0
25.0
-2.0
24.0
37.0
37.0
20.0
-15.0
-15.0
-21.0
1.0
-29.0
-5.0
-78.0
-77.0
-62.0
-74.0
-62.0
-11.0
1.0
21.0
11.0
-15.0
-2.0
-45.0
4.0
-33.0
18.0
59.0
57.0
88.0
69.0
38.0
49.0
68.0
45.0
-16.0
-63.0
-94.0
-88.0
-111.0
-29.0
-82.0
-86.0
-83.0
-71.0
-11.0
-19.0
1.0
4.0
-18.0
22.0
62.0
78.0
103.0
99.0
89.0
85.0
66.0
61.0
31.0
25.0
-32.0
-38.0
-33.0
-27.0
-15.0
1.0
38.0
40.0
21.0
26.0
33.0
29.0
13.0
-19.0
-16.0
-27.0
-3.0
4.0
16.0
44.0
9.0
-3.0
-6.0
-12.0
-5.0
-18.0
-32.0
-41.0
-40.0
-44.0
-50.0
-72.0
-66.0
-96.0
-95.0
-99.0
-63.0
-62.0
-49.0
-62.0
-61.0
-28.0
-62.0
-57.0
-36.0
-24.0
-5.0
2.0
13.0
13.0
18.0
26.0
31.0
46.0
32.0
2.0
-2.0
-5.0
10.0
22.0
26.0
0.0
-32.0
-11.0
-34.0
-44.0
-52.0
-43.0
-39.0
7.0
4.0
9.0
20.0
48.0
54.0
58.0
67.0
67.0
67.0
71.0
77.0
94.0
76.0
65.0
12.0
3.0
11.0
16.0
-14.0
-40.0
-62.0
-70.0
-73.0
-46.0
-68.0
-58.0
-78.0
-77.0
-64.0
-36.0
-61.0
-60.0
-71.0
-45.0
-48.0
-14.0
31.0
35.0
40.0
49.0
67.0
28.0
18.0
40.0
45.0
67.0
48.0
49.0
35.0
19.0
-4.0
-26.0
-20.0
-20.0
-10.0
-61.0
-103.0
-92.0
-66.0
-64.0
-31.0
-46.0
-91.0
-48.0
-17.0
-1.0
-23.0
-19.0
-48.0
-72.0
-74.0
-75.0
-51.0
-23.0
8.0
33.0
77.0
80.0
94.0
136.0
136.0
159.0
146.0
134.0
115.0
99.0
87.0
93.0
65.0
55.0
46.0
25.0
-15.0
-24.0
-34.0
-85.0
-60.0
-64.0
-25.0
-45.0
-42.0
-37.0
-77.0
-73.0
-61.0
-54.0
-65.0
-67.0
-67.0
-52.0
-53.0
-60.0
-54.0
-70.0
-78.0
-44.0
-40.0
-49.0
-39.0
-28.0
15.0
25.0
13.0
-7.0
30.0
26.0
26.0
32.0
15.0
11.0
5.0
-24.0
-18.0
27.0
-15.0
50.0
100.0
92.0
57.0
33.0
-16.0
-18.0
15.0
2.0
-16.0
-5.0
6.0
1.0
-23.0
-9.0
-3.0
-43.0
-71.0
-80.0
-83.0
-71.0
-17.0
-19.0
-25.0
0.0
6.0
2.0
45.0
24.0
36.0
44.0
25.0
34.0
31.0
18.0
25.0
33.0
46.0
25.0
-60.0
-63.0
-73.0
-81.0
-55.0
-44.0
-37.0
-19.0
-11.0
-17.0
15.0
-8.0
-60.0
-59.0
-65.0
-62.0
-21.0
-10.0
13.0
-12.0
-7.0
-26.0
-51.0
-55.0
-40.0
-44.0
-62.0
-29.0
-26.0
6.0
3.0
27.0
68.0
67.0
72.0
55.0
51.0
51.0
55.0
46.0
15.0
21.0
-12.0
-20.0
-62.0
-45.0
-25.0
-50.0
24.0
17.0
34.0
42.0
60.0
63.0
58.0
77.0
85.0
80.0
74.0
47.0
63.0
69.0
76.0
74.0
28.0
11.0
-26.0
-47.0
-43.0
-55.0
-22.0
-45.0
-56.0
-58.0
-77.0
-72.0
-71.0
-59.0
-51.0
-52.0
-76.0
-104.0
-47.0
-41.0
5.0
-15.0
-19.0
-5.0
-9.0
-29.0
23.0
10.0
-20.0
-17.0
-20.0
-10.0
10.0
11.0
40.0
27.0
34.0
30.0
36.0
34.0
14.0
23.0
6.0
10.0
-7.0
-35.0
-40.0
-47.0
-45.0
-42.0
-23.0
-22.0
-20.0
-22.0
-42.0
-10.0
39.0
-2.0
-16.0
-12.0
-19.0
9.0
-4.0
-33.0
4.0
26.0
13.0
33.0
-26.0
-34.0
7.0
-4.0
-2.0
-14.0
7.0
-21.0
-17.0
-18.0
-26.0
-17.0
-35.0
-12.0
11.0
-11.0
-7.0
-19.0
-44.0
-44.0
22.0
25.0
26.0
18.0
40.0
8.0
-3.0
-15.0
-1.0
32.0
24.0
16.0
6.0
29.0
-14.0
-28.0
-33.0
-56.0
-5.0
-13.0
-6.0
-20.0
-18.0
14.0
-2.0
56.0
31.0
25.0
35.0
22.0
-2.0
4.0
1.0
8.0
0.0
-24.0
-34.0
-31.0
-44.0
-38.0
-36.0
-33.0
11.0
12.0
35.0
16.0
-23.0
3.0
27.0
13.0
19.0
16.0
12.0
31.0
41.0
23.0
-13.0
-2.0
12.0
-6.0
-27.0
-23.0
-9.0
-15.0
-37.0
-50.0
-31.0
-68.0
-45.0
-36.0
-79.0
-74.0
-34.0
-14.0
-5.0
-25.0
-35.0
-9.0
-5.0
26.0
-2.0
0.0
-30.0
-34.0
-11.0
-39.0
-37.0
5.0
39.0
8.0
-36.0
-35.0
-44.0
-75.0
-54.0
-53.0
-62.0
-64.0
-51.0
-22.0
-19.0
-22.0
7.0
54.0
145.0
140.0
136.0
141.0
87.0
72.0
104.0
117.0
101.0
123.0
81.0
2.0
7.0
-23.0
-38.0
-51.0
-29.0
-32.0
-15.0
-36.0
-5.0
4.0
-8.0
-5.0
26.0
27.0
-18.0
-21.0
-4.0
11.0
-10.0
-7.0
-55.0
-80.0
-67.0
-83.0
-87.0
-89.0
-85.0
-61.0
-70.0
-44.0
12.0
-12.0
-24.0
-38.0
20.0
13.0
13.0
3.0
3.0
54.0
-11.0
-24.0
10.0
-6.0
-17.0
-18.0
-2.0
-16.0
-24.0
-5.0
-24.0
-44.0
-1.0
9.0
-32.0
-35.0
-67.0
-20.0
0.0
5.0
14.0
6.0
-17.0
2.0
-1.0
5.0
19.0
11.0
6.0
-4.0
-4.0
-21.0
-28.0
-34.0
-1.0
4.0
-29.0
-58.0
-9.0
-24.0
-2.0
15.0
19.0
41.0
27.0
22.0
5.0
0.0
6.0
-9.0
-24.0
6.0
-15.0
-44.0
-41.0
-39.0
-92.0
-88.0
-75.0
-33.0
-13.0
17.0
10.0
44.0
43.0
44.0
34.0
30.0
52.0
57.0
92.0
61.0
44.0
-7.0
-23.0
-18.0
-13.0
-27.0
-26.0
22.0
31.0
42.0
14.0
28.0
3.0
6.0
6.0
-37.0
-2.0
-36.0
-12.0
-20.0
-64.0
-45.0
-32.0
-41.0
-41.0
-27.0
-39.0
-17.0
-42.0
-66.0
-54.0
-36.0
-44.0
-44.0
-33.0
-24.0
-16.0
-34.0
30.0
48.0
27.0
48.0
25.0
24.0
20.0
17.0
67.0
36.0
28.0
6.0
-21.0
2.0
9.0
11.0
3.0
-8.0
26.0
-17.0
-20.0
-15.0
-24.0
-54.0
-25.0
-26.0
28.0
-11.0
-8.0
-7.0
-79.0
-101.0
-97.0
-20.0
-9.0
-9.0
-11.0
7.0
51.0
37.0
54.0
74.0
51.0
14.0
42.0
40.0
-6.0
0.0
-16.0
-5.0
10.0
3.0
6.0
-9.0
10.0
11.0
6.0
-24.0
-31.0
-57.0
-78.0
-42.0
-10.0
6.0
-11.0
-1.0
11.0
30.0
59.0
45.0
16.0
-7.0
-5.0
27.0
27.0
25.0
12.0
36.0
45.0
29.0
-2.0
-8.0
-3.0
6.0
-33.0
-35.0
-9.0
1.0
-3.0
-33.0
-37.0
-11.0
-42.0
-63.0
-59.0
-64.0
-57.0
-79.0
-63.0
-36.0
-13.0
2.0
31.0
3.0
18.0
15.0
27.0
38.0
38.0
26.0
15.0
55.0
70.0
29.0
32.0
33.0
57.0
41.0
7.0
7.0
-4.0
5.0
-24.0
-31.0
-57.0
-60.0
-23.0
-49.0
-23.0
-34.0
-75.0
-55.0
-38.0
-36.0
-42.0
-41.0
-40.0
-53.0
-48.0
-62.0
-19.0
-20.0
-27.0
-49.0
-32.0
-41.0
12.0
10.0
-10.0
-35.0
11.0
67.0
49.0
-77.0
-139.0
-135.0
-30.0
81.0
94.0
124.0
89.0
83.0
65.0
58.0
23.0
20.0
16.0
-14.0
14.0
-32.0
-47.0
-25.0
-32.0
11.0
5.0
14.0
8.0
-35.0
-34.0
-63.0
-70.0
-65.0
-46.0
-35.0
17.0
12.0
42.0
44.0
16.0
45.0
34.0
45.0
15.0
48.0
20.0
15.0
-15.0
-48.0
5.0
40.0
3.0
45.0
45.0
26.0
17.0
18.0
29.0
41.0
19.0
-22.0
-18.0
2.0
-23.0
-58.0
-56.0
-51.0
5.0
16.0
14.0
-39.0
-34.0
-49.0
-43.0
-26.0
-15.0
-12.0
-34.0
-17.0
-31.0
-42.0
-43.0
6.0
19.0
15.0
28.0
24.0
9.0
-36.0
-28.0
-2.0
-15.0
0.0
-1.0
5.0
0.0
-7.0
-11.0
-12.0
-26.0
-35.0
4.0
-1.0
-20.0
-14.0
4.0
2.0
-9.0
-28.0
-37.0
-20.0
4.0
45.0
48.0
22.0
4.0
6.0
-9.0
-13.0
-1.0
-10.0
-4.0
18.0
10.0
14.0
-28.0
-33.0
12.0
-30.0
-42.0
-23.0
-24.0
-31.0
-29.0
-40.0
-8.0
0.0
-17.0
-55.0
-41.0
3.0
24.0
45.0
47.0
53.0
32.0
29.0
-3.0
22.0
12.0
41.0
5.0
-14.0
20.0
-61.0
-16.0
-15.0
-64.0
-28.0
-39.0
16.0
34.0
47.0
32.0
19.0
1.0
0.0
15.0
15.0
21.0
23.0
14.0
-20.0
-48.0
-104.0
-93.0
-86.0
-58.0
-71.0
-30.0
20.0
35.0
49.0
87.0
88.0
58.0
54.0
81.0
78.0
98.0
125.0
67.0
41.0
13.0
-39.0
-65.0
-65.0
-63.0
-59.0
-49.0
-71.0
-54.0
-59.0
-91.0
-90.0
-52.0
-57.0
-40.0
-71.0
-52.0
-70.0
-55.0
-86.0
-75.0
-34.0
-10.0
-5.0
-8.0
-17.0
-41.0
-13.0
17.0
17.0
46.0
59.0
57.0
53.0
67.0
9.0
-16.0
2.0
12.0
-16.0
-9.0
-23.0
-75.0
-70.0
-39.0
-17.0
-11.0
24.0
-5.0
-24.0
-11.0
13.0
-9.0
-7.0
-51.0
-37.0
-14.0
-5.0
-8.0
-28.0
-34.0
-52.0
-81.0
-85.0
-107.0
-95.0
-87.0
-18.0
35.0
95.0
138.0
182.0
195.0
206.0
214.0
207.0
186.0
194.0
136.0
140.0
148.0
75.0
69.0
66.0
0.0
10.0
-39.0
-37.0
-57.0
-56.0
-139.0
-108.0
-134.0
-143.0
-139.0
-110.0
-141.0
-144.0
-150.0
-128.0
-113.0
-146.0
-101.0
-102.0
-114.0
-98.0
-67.0
-55.0
-77.0
-128.0
-115.0
-73.0
-33.0
-37.0
20.0
7.0
18.0
38.0
122.0
90.0
108.0
91.0
116.0
117.0
106.0
105.0
75.0
68.0
47.0
35.0
28.0
16.0
-17.0
-18.0
-52.0
-76.0
-81.0
-104.0
-72.0
-53.0
-47.0
-16.0
32.0
24.0
47.0
61.0
42.0
59.0
39.0
40.0
51.0
65.0
59.0
59.0
46.0
18.0
6.0
0.0
-33.0
-24.0
-57.0
-69.0
-47.0
-45.0
-81.0
-127.0
-143.0
-114.0
-92.0
-56.0
-27.0
-1.0
59.0
61.0
81.0
91.0
95.0
95.0
98.0
83.0
114.0
105.0
87.0
89.0
61.0
22.0
1.0
-31.0
-2.0
-18.0
-1.0
-26.0
-43.0
-44.0
-47.0
-54.0
-61.0
-67.0
-80.0
-94.0
-103.0
-111.0
-68.0
-60.0
-47.0
-33.0
-35.0
4.0
23.0
14.0
-5.0
18.0
3.0
-3.0
-20.0
-5.0
-25.0
-5.0
-48.0
-58.0
-56.0
-99.0
-75.0
-87.0
-60.0
-73.0
-58.0
53.0
89.0
129.0
134.0
138.0
140.0
143.0
150.0
132.0
131.0
138.0
75.0
80.0
42.0
20.0
2.0
8.0
-2.0
-33.0
-27.0
-27.0
-89.0
-65.0
-74.0
-55.0
-81.0
-83.0
-66.0
-91.0
-58.0
-68.0
-45.0
-25.0
-24.0
-20.0
-42.0
-46.0
-46.0
-39.0
-34.0
-39.0
-9.0
-60.0
-35.0
-49.0
-92.0
-89.0
-77.0
-120.0
-81.0
-58.0
-13.0
18.0
59.0
57.0
88.0
84.0
101.0
113.0
44.0
65.0
67.0
31.0
24.0
39.0
53.0
54.0
57.0
28.0
23.0
19.0
0.0
-5.0
13.0
-6.0
-1.0
4.0
-10.0
-44.0
-56.0
-24.0
-29.0
-36.0
-41.0
-84.0
-64.0
-69.0
-43.0
-16.0
-22.0
-25.0
-40.0
-59.0
-93.0
-63.0
-36.0
-33.0
-41.0
20.0
20.0
12.0
47.0
34.0
35.0
48.0
50.0
54.0
14.0
-3.0
-5.0
-5.0
23.0
23.0
64.0
52.0
60.0
60.0
48.0
32.0
-8.0
13.0
-19.0
15.0
-32.0
-35.0
-41.0
-42.0
0.0
-26.0
-46.0
4.0
4.0
0.0
-3.0
-11.0
-7.0
-11.0
-17.0
-24.0
-49.0
-53.0
-20.0
-20.0
-6.0
-26.0
5.0
13.0
12.0
6.0
11.0
11.0
1.0
18.0
-6.0
14.0
20.0
25.0
20.0
28.0
72.0
34.0
35.0
10.0
-13.0
-15.0
-9.0
-21.0
-23.0
-26.0
12.0
14.0
-16.0
-34.0
-3.0
-29.0
-61.0
-62.0
-84.0
-112.0
-51.0
-48.0
-33.0
24.0
43.0
15.0
-6.0
-1.0
-10.0
38.0
55.0
19.0
6.0
2.0
44.0
31.0
51.0
46.0
42.0
28.0
34.0
35.0
21.0
-9.0
-32.0
-73.0
-94.0
-100.0
-60.0
-25.0
-5.0
27.0
13.0
7.0
13.0
-21.0
0.0
8.0
-64.0
-49.0
-29.0
-15.0
29.0
37.0
105.0
103.0
31.0
21.0
-15.0
-12.0
-35.0
-12.0
-22.0
-51.0
-53.0
-56.0
-53.0
-52.0
-33.0
-51.0
-26.0
-37.0
-16.0
-45.0
-102.0
-53.0
-18.0
-12.0
-64.0
-118.0
-155.0
-169.0
-119.0
-71.0
-70.0
-29.0
62.0
63.0
41.0
137.0
154.0
125.0
149.0
155.0
133.0
64.0
104.0
108.0
66.0
51.0
58.0
77.0
85.0
48.0
42.0
43.0
-19.0
-17.0
-25.0
-57.0
-101.0
-81.0
-52.0
-57.0
-49.0
-52.0
-52.0
-63.0
-98.0
-65.0
-49.0
-24.0
-24.0
-22.0
-2.0
-18.0
-14.0
-10.0
-17.0
1.0
-35.0
-40.0
-56.0
-39.0
-14.0
-37.0
-44.0
-36.0
-55.0
-92.0
-72.0
-90.0
-79.0
-39.0
-42.0
22.0
12.0
18.0
38.0
22.0
15.0
41.0
45.0
69.0
76.0
67.0
49.0
45.0
42.0
55.0
46.0
66.0
64.0
10.0
15.0
-33.0
-25.0
-24.0
-34.0
-30.0
-23.0
-6.0
-6.0
-46.0
-22.0
-50.0
-50.0
-45.0
-15.0
-38.0
-62.0
-67.0
-67.0
-81.0
-43.0
-21.0
3.0
-4.0
-4.0
26.0
19.0
56.0
79.0
99.0
87.0
90.0
83.0
83.0
86.0
75.0
59.0
37.0
28.0
-6.0
-26.0
-33.0
-49.0
-46.0
-103.0
-96.0
-82.0
-56.0
-59.0
-61.0
-49.0
-39.0
-16.0
-16.0
-1.0
-10.0
12.0
34.0
-30.0
-71.0
3.0
11.0
43.0
47.0
8.0
-30.0
-62.0
-33.0
-34.0
5.0
20.0
43.0
53.0
45.0
56.0
68.0
70.0
71.0
31.0
46.0
30.0
15.0
46.0
45.0
18.0
3.0
2.0
-13.0
37.0
60.0
32.0
23.0
44.0
44.0
-14.0
11.0
24.0
30.0
-25.0
-29.0
-53.0
-74.0
-80.0
-73.0
-64.0
-90.0
-74.0
-57.0
-74.0
-73.0
-40.0
-36.0
-42.0
-37.0
-5.0
-52.0
-75.0
-92.0
-81.0
-67.0
-42.0
-60.0
-19.0
-18.0
7.0
105.0
134.0
157.0
175.0
122.0
66.0
26.0
14.0
20.0
65.0
155.0
129.0
28.0
-22.0
-5.0
16.0
-36.0
-92.0
-85.0
-6.0
4.0
-32.0
-66.0
-73.0
-29.0
-48.0
-85.0
-41.0
-42.0
-25.0
-24.0
-42.0
-42.0
-19.0
-20.0
-15.0
-18.0
-7.0
0.0
-37.0
-34.0
-50.0
-172.0
-124.0
-79.0
20.0
61.0
11.0
17.0
-16.0
-55.0
0.0
71.0
113.0
119.0
90.0
83.0
78.0
82.0
41.0
1.0
-2.0
-45.0
-1.0
52.0
-10.0
-1.0
-15.0
-9.0
9.0
42.0
12.0
-17.0
-25.0
-20.0
-44.0
-19.0
-29.0
-22.0
-28.0
-11.0
-25.0
-27.0
-39.0
-59.0
-34.0
-22.0
-26.0
-30.0
-35.0
-15.0
26.0
-12.0
33.0
6.0
4.0
13.0
28.0
28.0
19.0
31.0
31.0
36.0
29.0
25.0
48.0
48.0
10.0
4.0
-22.0
-20.0
-9.0
-51.0
-43.0
-55.0
-103.0
-99.0
-129.0
-129.0
-94.0
-83.0
-64.0
-54.0
-39.0
-13.0
19.0
39.0
27.0
19.0
38.0
86.0
88.0
91.0
112.0
90.0
59.0
41.0
64.0
67.0
51.0
27.0
27.0
34.0
-8.0
-53.0
-79.0
-90.0
-95.0
-93.0
-72.0
-74.0
-68.0
-41.0
-83.0
-39.0
-55.0
-28.0
-52.0
-53.0
-5.0
52.0
51.0
-26.0
42.0
-1.0
12.0
-21.0
-53.0
-62.0
22.0
43.0
8.0
13.0
32.0
9.0
11.0
40.0
-3.0
-1.0
-17.0
17.0
-2.0
32.0
-21.0
-38.0
-17.0
-16.0
-42.0
-48.0
7.0
4.0
-13.0
-28.0
-41.0
-35.0
-35.0
-50.0
-122.0
-119.0
-157.0
-147.0
-92.0
-37.0
49.0
57.0
106.0
143.0
205.0
207.0
214.0
192.0
178.0
146.0
145.0
129.0
123.0
77.0
64.0
65.0
21.0
15.0
-17.0
-59.0
-61.0
-83.0
-85.0
-100.0
-79.0
-82.0
-63.0
-79.0
-97.0
-90.0
-62.0
-67.0
-93.0
-106.0
-58.0
-64.0
-42.0
-25.0
-22.0
-23.0
-39.0
-27.0
-16.0
-25.0
-7.0
1.0
-3.0
-2.0
6.0
-3.0
-40.0
-69.0
-94.0
-72.0
-64.0
-61.0
-25.0
-20.0
-13.0
12.0
18.0
57.0
0.0
26.0
7.0
7.0
23.0
-9.0
10.0
9.0
3.0
-29.0
-31.0
-25.0
-76.0
-79.0
-47.0
-65.0
-71.0
-52.0
-48.0
-43.0
17.0
44.0
68.0
76.0
109.0
103.0
132.0
165.0
134.0
116.0
122.0
100.0
73.0
60.0
5.0
-28.0
-29.0
-27.0
-40.0
-16.0
-10.0
-16.0
-8.0
-5.0
23.0
34.0
10.0
-20.0
-39.0
-22.0
4.0
-9.0
-19.0
-18.0
-26.0
-27.0
-45.0
-51.0
-70.0
-61.0
-63.0
-70.0
-64.0
-59.0
-27.0
-40.0
-59.0
-41.0
-59.0
-34.0
-78.0
-76.0
-65.0
-74.0
-98.0
-83.0
-30.0
-46.0
21.0
11.0
-33.0
-8.0
-10.0
-5.0
0.0
44.0
25.0
37.0
42.0
29.0
29.0
27.0
20.0
9.0
11.0
29.0
7.0
-3.0
7.0
-1.0
8.0
3.0
-6.0
1.0
8.0
-40.0
-19.0
-17.0
-4.0
-18.0
-40.0
-93.0
-94.0
-88.0
-125.0
-129.0
-64.0
-14.0
29.0
105.0
132.0
132.0
143.0
139.0
134.0
77.0
97.0
96.0
101.0
93.0
77.0
53.0
54.0
55.0
23.0
-27.0
-53.0
-37.0
-34.0
-18.0
-11.0
-47.0
-64.0
-65.0
-60.0
-65.0
-71.0
-78.0
-74.0
-74.0
-141.0
-108.0
-124.0
-127.0
-102.0
-79.0
-4.0
19.0
43.0
80.0
114.0
77.0
66.0
67.0
119.0
115.0
134.0
107.0
77.0
37.0
14.0
-26.0
-27.0
-25.0
-35.0
-47.0
-30.0
2.0
26.0
6.0
-6.0
-23.0
-17.0
-27.0
-32.0
-10.0
-7.0
-28.0
-29.0
-74.0
-106.0
-72.0
-58.0
-55.0
-57.0
-24.0
-20.0
-27.0
-23.0
-37.0
-21.0
-18.0
-10.0
-9.0
-107.0
-35.0
-66.0
-34.0
-55.0
-30.0
-6.0
-29.0
3.0
12.0
56.0
21.0
22.0
23.0
28.0
12.0
24.0
83.0
37.0
35.0
37.0
35.0
0.0
-42.0
-69.0
-8.0
17.0
24.0
0.0
5.0
14.0
5.0
11.0
6.0
-20.0
-56.0
-110.0
-145.0
-118.0
-108.0
-61.0
-20.0
-20.0
1.0
57.0
53.0
93.0
110.0
102.0
105.0
139.0
141.0
78.0
109.0
82.0
105.0
92.0
69.0
42.0
42.0
9.0
-47.0
-54.0
-52.0
-49.0
-68.0
-127.0
-67.0
-35.0
-34.0
-61.0
-3.0
2.0
-4.0
-32.0
-76.0
-119.0
-75.0
-40.0
-43.0
-29.0
-33.0
-18.0
-36.0
-35.0
-68.0
-56.0
-22.0
0.0
0.0
16.0
-50.0
-33.0
-6.0
-56.0
-81.0
-110.0
-156.0
-183.0
-175.0
-179.0
-108.0
24.0
51.0
136.0
148.0
152.0
205.0
131.0
124.0
122.0
75.0
162.0
180.0
129.0
141.0
63.0
52.0
1.0
-4.0
1.0
10.0
-21.0
-24.0
-48.0
-46.0
-77.0
-84.0
-67.0
-63.0
-85.0
-59.0
-92.0
-102.0
-102.0
-160.0
-161.0
-166.0
-150.0
-154.0
-123.0
-65.0
-8.0
-23.0
7.0
35.0
82.0
79.0
79.0
74.0
66.0
102.0
116.0
80.0
61.0
76.0
40.0
27.0
30.0
31.0
-21.0
-79.0
-73.0
-91.0
-91.0
-80.0
-58.0
-23.0
-13.0
-17.0
-2.0
45.0
49.0
83.0
83.0
107.0
95.0
77.0
33.0
37.0
33.0
4.0
-12.0
11.0
-10.0
-29.0
-42.0
-36.0
-47.0
-52.0
-62.0
-60.0
-40.0
-39.0
-25.0
-36.0
-50.0
-43.0
-44.0
-38.0
-22.0
-2.0
-19.0
-25.0
-12.0
-17.0
-4.0
12.0
-16.0
-26.0
-18.0
-1.0
-24.0
-17.0
20.0
-49.0
-34.0
-54.0
-60.0
-54.0
-28.0
-31.0
-5.0
25.0
56.0
100.0
77.0
22.0
76.0
79.0
25.0
11.0
9.0
50.0
81.0
47.0
7.0
-27.0
-21.0
-20.0
21.0
37.0
12.0
-25.0
-29.0
-32.0
-17.0
-37.0
-42.0
-44.0
-34.0
-11.0
-7.0
-27.0
-11.0
11.0
-12.0
-13.0
-62.0
-61.0
-59.0
-48.0
-35.0
-51.0
-38.0
-1.0
-4.0
-8.0
1.0
-6.0
40.0
5.0
24.0
34.0
22.0
32.0
72.0
40.0
48.0
50.0
39.0
17.0
30.0
41.0
25.0
8.0
-10.0
-45.0
-38.0
-41.0
-24.0
-25.0
12.0
15.0
9.0
-5.0
-5.0
-3.0
15.0
16.0
22.0
-2.0
-2.0
7.0
32.0
5.0
23.0
-7.0
-20.0
-21.0
-5.0
-26.0
-30.0
-37.0
-15.0
-38.0
-33.0
-46.0
-57.0
-53.0
-45.0
-61.0
-42.0
-71.0
-23.0
9.0
-11.0
-7.0
-3.0
-3.0
4.0
-41.0
-20.0
-34.0
6.0
15.0
-56.0
-52.0
-21.0
-18.0
13.0
-9.0
-20.0
-34.0
26.0
52.0
88.0
22.0
16.0
15.0
30.0
11.0
36.0
20.0
28.0
32.0
3.0
-27.0
-14.0
-23.0
1.0
27.0
28.0
3.0
-1.0
-28.0
-50.0
-51.0
-48.0
-53.0
-32.0
1.0
-5.0
2.0
4.0
-19.0
8.0
33.0
3.0
0.0
1.0
14.0
-22.0
-32.0
-82.0
-62.0
-75.0
-51.0
16.0
12.0
-10.0
8.0
45.0
45.0
80.0
48.0
42.0
40.0
70.0
74.0
54.0
22.0
43.0
30.0
16.0
-20.0
-3.0
-5.0
-22.0
-29.0
-14.0
18.0
22.0
14.0
-14.0
-55.0
-59.0
-65.0
-26.0
-23.0
-15.0
-16.0
2.0
13.0
-26.0
-39.0
6.0
23.0
-14.0
-18.0
-16.0
18.0
33.0
18.0
8.0
0.0
-23.0
-14.0
-49.0
-59.0
-17.0
-95.0
-115.0
-81.0
-34.0
-14.0
-95.0
-68.0
-47.0
-47.0
-8.0
-15.0
57.0
43.0
67.0
91.0
65.0
39.0
13.0
14.0
70.0
51.0
-3.0
-1.0
28.0
38.0
75.0
53.0
53.0
50.0
-21.0
-20.0
-66.0
-78.0
-48.0
-50.0
-43.0
-48.0
-9.0
-10.0
-4.0
-22.0
13.0
15.0
-2.0
6.0
6.0
21.0
27.0
24.0
49.0
35.0
45.0
46.0
32.0
-19.0
23.0
-11.0
20.0
20.0
-29.0
-38.0
-25.0
-45.0
-53.0
-36.0
-40.0
-58.0
-85.0
-77.0
-83.0
-79.0
-85.0
-54.0
-18.0
5.0
13.0
27.0
44.0
46.0
89.0
64.0
52.0
66.0
73.0
62.0
30.0
16.0
14.0
14.0
25.0
-14.0
-29.0
-23.0
-17.0
-64.0
-93.0
-112.0
-94.0
-99.0
-124.0
-120.0
-101.0
-51.0
-26.0
-7.0
24.0
47.0
70.0
73.0
70.0
90.0
33.0
57.0
64.0
28.0
11.0
-26.0
-32.0
-34.0
-7.0
0.0
20.0
41.0
44.0
11.0
59.0
31.0
22.0
17.0
4.0
27.0
15.0
12.0
-6.0
-15.0
-16.0
-7.0
-42.0
-38.0
-30.0
-36.0
-59.0
-61.0
-68.0
-92.0
-84.0
-78.0
-52.0
-47.0
-24.0
0.0
15.0
14.0
20.0
46.0
-11.0
-37.0
-30.0
-26.0
-31.0
-10.0
-2.0
-15.0
-25.0
-18.0
-6.0
5.0
73.0
66.0
25.0
33.0
41.0
65.0
34.0
-6.0
-20.0
10.0
25.0
27.0
-18.0
-40.0
-46.0
-27.0
-56.0
-65.0
-33.0
-9.0
-1.0
0.0
9.0
29.0
23.0
35.0
0.0
25.0
2.0
22.0
7.0
0.0
-23.0
-6.0
7.0
0.0
-6.0
1.0
15.0
-16.0
19.0
20.0
-12.0
19.0
-19.0
-57.0
-80.0
-75.0
-129.0
-92.0
-81.0
-76.0
-15.0
14.0
55.0
40.0
48.0
87.0
66.0
59.0
0.0
-9.0
-33.0
-59.0
-13.0
66.0
58.0
93.0
121.0
107.0
82.0
75.0
60.0
59.0
26.0
70.0
74.0
58.0
54.0
-3.0
9.0
10.0
-18.0
-43.0
-98.0
-90.0
-56.0
-68.0
-69.0
-53.0
-68.0
-65.0
-42.0
-22.0
-52.0
-64.0
-72.0
-73.0
-89.0
-110.0
-70.0
-72.0
-1.0
9.0
2.0
24.0
38.0
37.0
12.0
3.0
23.0
27.0
17.0
8.0
-27.0
-1.0
-26.0
-35.0
-38.0
-30.0
-23.0
-26.0
-39.0
1.0
-29.0
-49.0
-57.0
-66.0
-75.0
-103.0
-147.0
-139.0
-175.0
-174.0
-135.0
-72.0
-56.0
-10.0
50.0
124.0
146.0
152.0
184.0
195.0
218.0
190.0
164.0
142.0
203.0
150.0
132.0
131.0
58.0
57.0
68.0
34.0
-27.0
-53.0
-70.0
-102.0
-110.0
-116.0
-140.0
-124.0
-83.0
-93.0
-77.0
-112.0
-126.0
-85.0
-19.0
-20.0
-37.0
-35.0
-78.0
-77.0
-68.0
-71.0
-91.0
-41.0
1.0
0.0
18.0
6.0
16.0
25.0
31.0
41.0
43.0
59.0
41.0
38.0
45.0
48.0
30.0
32.0
32.0
-3.0
-61.0
-54.0
-60.0
-61.0
-68.0
-40.0
19.0
34.0
66.0
64.0
89.0
88.0
68.0
67.0
75.0
41.0
44.0
20.0
24.0
32.0
-8.0
-5.0
-1.0
-3.0
-65.0
-79.0
-83.0
-54.0
-63.0
-69.0
-45.0
-37.0
0.0
-6.0
-5.0
9.0
28.0
32.0
1.0
-5.0
-4.0
-46.0
-29.0
-18.0
13.0
-3.0
-4.0
18.0
5.0
3.0
-28.0
-26.0
-39.0
-32.0
-18.0
-19.0
-73.0
-72.0
-69.0
-51.0
-31.0
-60.0
-16.0
-19.0
-27.0
-8.0
-37.0
14.0
-9.0
-43.0
-40.0
-24.0
-37.0
-31.0
-50.0
-11.0
-3.0
11.0
51.0
70.0
36.0
68.0
35.0
42.0
53.0
63.0
100.0
88.0
47.0
49.0
22.0
56.0
46.0
39.0
31.0
-25.0
-39.0
-40.0
-46.0
1.0
12.0
-13.0
-26.0
-22.0
-27.0
-36.0
-28.0
-54.0
-79.0
-91.0
-78.0
-51.0
-24.0
-25.0
-22.0
20.0
36.0
70.0
60.0
36.0
72.0
58.0
53.0
51.0
69.0
107.0
84.0
65.0
51.0
5.0
-50.0
-33.0
23.0
30.0
19.0
36.0
30.0
10.0
-13.0
-31.0
-71.0
-83.0
-60.0
-63.0
-56.0
-50.0
-93.0
-100.0
-95.0
-100.0
-84.0
-72.0
-23.0
-20.0
13.0
37.0
81.0
66.0
31.0
29.0
-6.0
27.0
25.0
33.0
128.0
181.0
221.0
128.0
82.0
68.0
42.0
-52.0
-80.0
-73.0
-105.0
-116.0
-105.0
-94.0
-44.0
-32.0
-8.0
4.0
-2.0
-2.0
3.0
-6.0
-21.0
62.0
68.0
72.0
47.0
31.0
37.0
43.0
-1.0
-47.0
-86.0
-99.0
-108.0
-120.0
-96.0
-75.0
-31.0
-40.0
-33.0
-30.0
59.0
70.0
65.0
105.0
131.0
110.0
98.0
95.0
63.0
35.0
18.0
-12.0
-55.0
-59.0
-43.0
-68.0
-78.0
-77.0
-58.0
-60.0
-140.0
-113.0
-83.0
-81.0
-53.0
-63.0
-86.0
-80.0
-92.0
-30.0
-46.0
-33.0
-63.0
-63.0
-80.0
-116.0
-96.0
-84.0
-41.0
-49.0
-23.0
-60.0
-38.0
-15.0
30.0
79.0
63.0
59.0
60.0
84.0
85.0
81.0
40.0
46.0
73.0
55.0
38.0
39.0
23.0
24.0
28.0
32.0
-4.0
-6.0
-21.0
-38.0
-78.0
-77.0
-91.0
-103.0
-115.0
-71.0
-79.0
-13.0
35.0
57.0
69.0
78.0
119.0
131.0
137.0
127.0
161.0
118.0
104.0
86.0
49.0
51.0
51.0
30.0
48.0
-9.0
-49.0
-58.0
-80.0
-116.0
-97.0
-99.0
-111.0
-63.0
-55.0
-86.0
-68.0
-29.0
-17.0
-39.0
-7.0
-4.0
-24.0
-63.0
-55.0
-76.0
-88.0
-155.0
-44.0
30.0
42.0
44.0
50.0
51.0
24.0
-29.0
17.0
39.0
40.0
23.0
26.0
25.0
62.0
30.0
-10.0
-17.0
-8.0
-28.0
0.0
-24.0
-15.0
-17.0
-38.0
-23.0
26.0
5.0
19.0
11.0
-16.0
-11.0
-52.0
-52.0
-41.0
-19.0
-26.0
-47.0
-38.0
-7.0
-12.0
2.0
17.0
22.0
24.0
21.0
49.0
39.0
33.0
53.0
13.0
20.0
1.0
-2.0
-38.0
-46.0
4.0
3.0
-23.0
15.0
17.0
-9.0
-25.0
-23.0
-62.0
-70.0
-85.0
-107.0
-81.0
-94.0
-49.0
-43.0
43.0
43.0
60.0
123.0
125.0
134.0
140.0
113.0
164.0
111.0
91.0
89.0
63.0
37.0
66.0
47.0
51.0
31.0
3.0
-4.0
-69.0
-68.0
-116.0
-106.0
-122.0
-117.0
-83.0
-59.0
-76.0
-55.0
-70.0
-68.0
-39.0
-62.0
-53.0
-31.0
-11.0
-16.0
38.0
-14.0
4.0
3.0
-43.0
-37.0
-14.0
-7.0
-24.0
4.0
-24.0
-13.0
11.0
13.0
33.0
-9.0
-4.0
39.0
57.0
36.0
26.0
-8.0
-31.0
-26.0
-48.0
-50.0
-77.0
-89.0
-60.0
-101.0
-35.0
-3.0
-28.0
-22.0
-67.0
18.0
88.0
50.0
88.0
139.0
152.0
173.0
130.0
129.0
100.0
85.0
51.0
4.0
-6.0
-18.0
-17.0
-20.0
-27.0
-28.0
-35.0
-57.0
-85.0
-80.0
-100.0
-122.0
-172.0
-176.0
-143.0
-137.0
-120.0
-105.0
-46.0
-46.0
7.0
50.0
84.0
108.0
141.0
144.0
144.0
122.0
113.0
97.0
86.0
57.0
47.0
-26.0
-35.0
-31.0
-36.0
-43.0
-55.0
-11.0
-28.0
-26.0
-44.0
-43.0
-13.0
-17.0
-54.0
-101.0
-84.0
-75.0
-50.0
-55.0
-55.0
-11.0
-13.0
-12.0
-5.0
6.0
-48.0
-25.0
-57.0
0.0
7.0
35.0
6.0
5.0
6.0
8.0
5.0
-5.0
-6.0
7.0
-36.0
-24.0
-51.0
-51.0
-106.0
-65.0
-16.0
-1.0
9.0
8.0
60.0
42.0
23.0
20.0
51.0
51.0
71.0
53.0
43.0
51.0
49.0
32.0
18.0
24.0
0.0
20.0
-1.0
-38.0
-59.0
-76.0
-76.0
-51.0
2.0
3.0
15.0
-8.0
12.0
38.0
2.0
8.0
-20.0
10.0
0.0
4.0
-16.0
-33.0
-8.0
26.0
-37.0
0.0
-8.0
3.0
-54.0
-60.0
-50.0
-37.0
-64.0
13.0
-27.0
-19.0
2.0
11.0
-10.0
-8.0
-8.0
-20.0
-53.0
-67.0
-37.0
-72.0
-50.0
3.0
15.0
16.0
53.0
77.0
78.0
87.0
65.0
75.0
69.0
71.0
78.0
82.0
77.0
66.0
9.0
-22.0
-28.0
-25.0
-48.0
-78.0
-52.0
-55.0
-7.0
7.0
-37.0
-36.0
-59.0
-39.0
-37.0
9.0
35.0
35.0
58.0
41.0
30.0
18.0
-7.0
-4.0
-7.0
-25.0
-26.0
-32.0
-29.0
-32.0
-80.0
-121.0
-149.0
-155.0
-103.0
-35.0
19.0
19.0
61.0
103.0
142.0
169.0
150.0
126.0
113.0
77.0
48.0
42.0
90.0
100.0
131.0
58.0
-20.0
-92.0
-95.0
-83.0
-66.0
-61.0
-92.0
-101.0
-85.0
-60.0
-30.0
-27.0
-30.0
-33.0
-10.0
-4.0
-17.0
0.0
9.0
-17.0
-8.0
-52.0
-32.0
-27.0
-56.0
-50.0
-70.0
-68.0
-63.0
-75.0
-112.0
-115.0
-125.0
-116.0
-101.0
-97.0
-54.0
-31.0
-23.0
33.0
39.0
77.0
38.0
40.0
64.0
69.0
44.0
84.0
100.0
127.0
111.0
96.0
54.0
56.0
18.0
15.0
21.0
18.0
36.0
-20.0
-27.0
-53.0
-67.0
-84.0
-87.0
-83.0
-104.0
-101.0
-69.0
-63.0
-33.0
-35.0
18.0
-9.0
0.0
6.0
31.0
38.0
74.0
40.0
-6.0
42.0
15.0
21.0
13.0
13.0
-3.0
33.0
8.0
6.0
-14.0
-21.0
-70.0
-91.0
-75.0
-76.0
-35.0
-29.0
-39.0
-69.0
-85.0
-47.0
9.0
11.0
14.0
19.0
84.0
44.0
30.0
4.0
-11.0
9.0
0.0
56.0
56.0
48.0
32.0
39.0
5.0
-3.0
-18.0
10.0
26.0
40.0
43.0
45.0
31.0
15.0
11.0
9.0
28.0
17.0
-7.0
-34.0
-23.0
-23.0
-15.0
-22.0
9.0
-18.0
3.0
-25.0
-28.0
-13.0
-56.0
-55.0
-61.0
-53.0
-86.0
-37.0
-24.0
54.0
27.0
39.0
-14.0
-21.0
6.0
-55.0
4.0
31.0
58.0
54.0
46.0
8.0
19.0
20.0
7.0
22.0
-3.0
-17.0
-45.0
-29.0
-13.0
-5.0
15.0
13.0
26.0
57.0
47.0
61.0
49.0
36.0
-17.0
-47.0
-77.0
-82.0
-55.0
-53.0
-54.0
2.0
66.0
74.0
80.0
80.0
60.0
60.0
55.0
55.0
69.0
51.0
66.0
22.0
-21.0
-22.0
-45.0
-53.0
-77.0
-79.0
-77.0
-69.0
-79.0
-103.0
-88.0
-138.0
-143.0
-136.0
-137.0
-118.0
-110.0
-74.0
-87.0
-72.0
-22.0
16.0
-7.0
-10.0
-11.0
21.0
7.0
15.0
23.0
66.0
43.0
27.0
12.0
15.0
22.0
73.0
-69.0
-91.0
-24.0
41.0
14.0
25.0
6.0
4.0
-10.0
-20.0
-68.0
-110.0
-147.0
-199.0
-154.0
-99.0
-45.0
-41.0
24.0
80.0
139.0
154.0
171.0
208.0
198.0
191.0
215.0
212.0
155.0
160.0
93.0
65.0
35.0
47.0
-13.0
-30.0
-71.0
-72.0
-43.0
-14.0
-10.0
-24.0
-36.0
-38.0
-55.0
-21.0
-68.0
-66.0
-57.0
-105.0
-118.0
-81.0
-24.0
-83.0
-80.0
-68.0
-15.0
-22.0
-32.0
-70.0
-78.0
-58.0
-60.0
-40.0
-31.0
-51.0
-70.0
-69.0
-59.0
-32.0
-29.0
-30.0
-51.0
-37.0
-75.0
-104.0
-69.0
-69.0
-90.0
-70.0
-52.0
-16.0
27.0
44.0
72.0
88.0
139.0
148.0
168.0
158.0
170.0
173.0
150.0
86.0
127.0
72.0
46.0
41.0
-24.0
-55.0
-103.0
-100.0
-80.0
-74.0
2.0
25.0
59.0
64.0
124.0
101.0
106.0
98.0
72.0
67.0
71.0
76.0
59.0
56.0
61.0
37.0
31.0
10.0
-51.0
-43.0
-50.0
-74.0
-71.0
-72.0
-85.0
-103.0
-79.0
-99.0
-122.0
-85.0
-31.0
-30.0
-58.0
-60.0
-59.0
-45.0
-52.0
-58.0
-71.0
-54.0
-26.0
-15.0
-28.0
-27.0
-17.0
-33.0
-17.0
-26.0
-44.0
-76.0
-84.0
-54.0
-45.0
-54.0
-14.0
7.0
22.0
65.0
85.0
26.0
70.0
63.0
48.0
48.0
62.0
30.0
33.0
45.0
33.0
12.0
44.0
-16.0
-18.0
-28.0
-47.0
-84.0
-117.0
-102.0
-93.0
-68.0
-16.0
7.0
14.0
17.0
42.0
76.0
76.0
60.0
83.0
128.0
86.0
55.0
5.0
7.0
46.0
49.0
-5.0
-39.0
13.0
28.0
4.0
-31.0
-8.0
-9.0
-29.0
-52.0
-40.0
-78.0
-42.0
-40.0
-55.0
-32.0
-34.0
-36.0
-27.0
-85.0
-22.0
8.0
-75.0
-105.0
-55.0
-14.0
-6.0
3.0
-16.0
-7.0
-23.0
-24.0
-8.0
15.0
-2.0
-15.0
-9.0
-11.0
-4.0
-28.0
-46.0
-23.0
-5.0
-13.0
-46.0
-17.0
-15.0
-14.0
-35.0
-8.0
94.0
127.0
119.0
70.0
70.0
26.0
36.0
33.0
67.0
40.0
29.0
7.0
-22.0
-94.0
-139.0
-90.0
-149.0
-141.0
-56.0
-24.0
40.0
2.0
53.0
-8.0
70.0
119.0
122.0
121.0
144.0
94.0
-20.0
-166.0
-92.0
101.0
48.0
100.0
57.0
54.0
35.0
18.0
37.0
41.0
63.0
11.0
-1.0
-11.0
-26.0
-28.0
-23.0
-62.0
-88.0
-99.0
-141.0
-125.0
-50.0
3.0
-16.0
-17.0
-6.0
2.0
-1.0
-2.0
31.0
28.0
25.0
49.0
46.0
48.0
45.0
26.0
-38.0
-9.0
-17.0
-32.0
-27.0
-15.0
-32.0
-38.0
-36.0
-39.0
-17.0
-15.0
-37.0
-60.0
-31.0
-43.0
-29.0
-26.0
-9.0
7.0
22.0
16.0
-21.0
-49.0
-77.0
-78.0
-80.0
-86.0
-67.0
-44.0
-50.0
12.0
47.0
113.0
118.0
108.0
122.0
121.0
107.0
47.0
8.0
99.0
93.0
60.0
46.0
31.0
38.0
32.0
41.0
21.0
3.0
-47.0
-81.0
-83.0
-117.0
-73.0
-88.0
-86.0
-71.0
-62.0
-59.0
-61.0
-43.0
-18.0
-40.0
-17.0
-35.0
-34.0
-41.0
-49.0
-35.0
-8.0
-20.0
-12.0
-62.0
-90.0
-62.0
-59.0
-30.0
-44.0
-44.0
-36.0
-36.0
-1.0
10.0
29.0
10.0
6.0
44.0
57.0
72.0
58.0
67.0
100.0
48.0
69.0
60.0
53.0
13.0
-14.0
13.0
29.0
15.0
0.0
-12.0
-33.0
-42.0
-53.0
-64.0
-77.0
-98.0
-81.0
4.0
-28.0
-56.0
-44.0
-86.0
-90.0
-60.0
-70.0
-30.0
18.0
-10.0
-74.0
-34.0
-14.0
9.0
1.0
-20.0
3.0
-73.0
-59.0
-24.0
-30.0
-35.0
-15.0
-17.0
-11.0
22.0
-17.0
35.0
44.0
12.0
17.0
16.0
35.0
45.0
37.0
10.0
-48.0
-79.0
-27.0
22.0
63.0
81.0
17.0
0.0
-4.0
14.0
11.0
26.0
16.0
9.0
-1.0
-12.0
15.0
3.0
4.0
35.0
-29.0
6.0
-34.0
-42.0
-52.0
-56.0
2.0
5.0
2.0
-26.0
16.0
44.0
26.0
-21.0
6.0
-46.0
-56.0
-139.0
-148.0
-172.0
-166.0
-97.0
-67.0
61.0
86.0
96.0
140.0
86.0
84.0
116.0
207.0
160.0
144.0
131.0
81.0
95.0
47.0
118.0
120.0
163.0
114.0
107.0
91.0
9.0
-52.0
-100.0
-98.0
-70.0
-68.0
-6.0
44.0
-2.0
-49.0
-35.0
-86.0
-94.0
-91.0
-81.0
-91.0
-110.0
-109.0
-75.0
-66.0
-92.0
-77.0
-68.0
-93.0
-78.0
-77.0
-66.0
-61.0
-12.0
-47.0
2.0
6.0
37.0
-48.0
2.0
4.0
48.0
66.0
71.0
46.0
85.0
58.0
15.0
-94.0
-86.0
-90.0
-126.0
-136.0
-106.0
-62.0
-15.0
18.0
22.0
81.0
121.0
123.0
116.0
123.0
125.0
104.0
61.0
85.0
65.0
95.0
41.0
44.0
-4.0
-14.0
38.0
17.0
1.0
-13.0
-90.0
-47.0
-49.0
-40.0
-27.0
-37.0
-10.0
-22.0
-2.0
-30.0
-46.0
-63.0
-74.0
-78.0
-45.0
-38.0
-11.0
-24.0
-35.0
-36.0
-14.0
-36.0
-37.0
-37.0
-49.0
-51.0
-32.0
-13.0
1.0
-17.0
-36.0
-55.0
-56.0
-55.0
2.0
-8.0
-5.0
7.0
-18.0
-5.0
-17.0
5.0
8.0
8.0
23.0
4.0
-21.0
-39.0
4.0
15.0
46.0
-4.0
-49.0
-47.0
-62.0
-25.0
-25.0
4.0
-27.0
-29.0
-26.0
-45.0
-11.0
-5.0
9.0
25.0
35.0
32.0
35.0
55.0
95.0
57.0
36.0
27.0
19.0
-7.0
-77.0
-37.0
3.0
26.0
98.0
48.0
13.0
9.0
-42.0
-4.0
21.0
-5.0
-40.0
-29.0
-72.0
-11.0
49.0
55.0
38.0
-40.0
15.0
-10.0
12.0
1.0
0.0
22.0
7.0
5.0
3.0
-12.0
-7.0
4.0
-3.0
-12.0
-54.0
-50.0
-18.0
-20.0
25.0
1.0
-60.0
-18.0
-45.0
-51.0
-51.0
-17.0
-40.0
-44.0
-85.0
-47.0
20.0
-39.0
29.0
20.0
99.0
78.0
57.0
48.0
43.0
29.0
33.0
41.0
9.0
11.0
26.0
18.0
2.0
5.0
-2.0
-13.0
4.0
-9.0
-27.0
-12.0
4.0
31.0
-9.0
-9.0
-26.0
-12.0
-27.0
-7.0
-3.0
17.0
-12.0
-22.0
-30.0
-23.0
-8.0
1.0
-20.0
-9.0
-6.0
11.0
-27.0
-27.0
-42.0
-38.0
-10.0
0.0
-8.0
11.0
35.0
-19.0
-12.0
-10.0
-11.0
-9.0
-16.0
-2.0
-1.0
-11.0
16.0
-2.0
2.0
-13.0
-4.0
-4.0
4.0
-14.0
28.0
-28.0
-5.0
-17.0
9.0
-47.0
2.0
1.0
-36.0
8.0
-14.0
-40.0
-22.0
8.0
24.0
30.0
21.0
31.0
24.0
13.0
2.0
-25.0
-40.0
-44.0
-79.0
-106.0
-96.0
-99.0
-84.0
-17.0
-14.0
9.0
6.0
7.0
48.0
54.0
41.0
48.0
88.0
101.0
56.0
71.0
51.0
46.0
-12.0
-7.0
-66.0
-59.0
-64.0
-40.0
-48.0
-11.0
1.0
33.0
6.0
9.0
12.0
20.0
38.0
95.0
68.0
67.0
71.0
56.0
45.0
33.0
30.0
27.0
10.0
6.0
18.0
-83.0
-38.0
-25.0
-40.0
-39.0
-46.0
-53.0
-36.0
-18.0
-14.0
-4.0
-54.0
-49.0
-54.0
-7.0
26.0
30.0
-21.0
9.0
-8.0
-37.0
-22.0
-48.0
-2.0
-7.0
8.0
11.0
-11.0
-37.0
-43.0
-5.0
-34.0
-19.0
-14.0
-7.0
12.0
16.0
-23.0
-39.0
-20.0
-55.0
-18.0
-61.0
-24.0
-13.0
12.0
12.0
0.0
-3.0
-16.0
-31.0
6.0
-46.0
-3.0
4.0
26.0
13.0
-10.0
4.0
-14.0
-14.0
2.0
8.0
19.0
-5.0
-20.0
-34.0
-22.0
73.0
87.0
75.0
-34.0
-23.0
-38.0
21.0
-17.0
-34.0
-17.0
-35.0
-32.0
-32.0
-25.0
-60.0
-23.0
-19.0
-25.0
-13.0
5.0
-8.0
-17.0
-38.0
18.0
34.0
24.0
69.0
-5.0
-15.0
-5.0
31.0
4.0
33.0
39.0
-5.0
15.0
19.0
20.0
41.0
20.0
0.0
22.0
-8.0
14.0
-11.0
32.0
-9.0
-15.0
-21.0
-44.0
-5.0
-36.0
-30.0
-15.0
-35.0
1.0
11.0
-28.0
-30.0
0.0
-59.0
-63.0
-94.0
-110.0
-136.0
-102.0
-95.0
-51.0
-51.0
-17.0
4.0
-7.0
-18.0
23.0
29.0
50.0
32.0
33.0
40.0
57.0
58.0
19.0
56.0
44.0
27.0
65.0
25.0
46.0
41.0
37.0
47.0
35.0
-7.0
33.0
52.0
38.0
25.0
-3.0
6.0
11.0
21.0
-9.0
5.0
7.0
-14.0
-13.0
-8.0
-8.0
-17.0
-30.0
-21.0
10.0
-29.0
-41.0
-30.0
-68.0
-32.0
-94.0
-93.0
-76.0
-69.0
-143.0
-151.0
-131.0
-79.0
-35.0
-13.0
44.0
36.0
34.0
67.0
82.0
77.0
85.0
95.0
80.0
92.0
81.0
80.0
99.0
103.0
86.0
38.0
10.0
45.0
19.0
19.0
0.0
1.0
-21.0
-32.0
-7.0
-27.0
-33.0
22.0
-32.0
-24.0
-61.0
-58.0
-46.0
-29.0
-43.0
-66.0
-65.0
-91.0
-103.0
-106.0
-113.0
-113.0
-74.0
-61.0
-33.0
-52.0
0.0
4.0
37.0
41.0
26.0
32.0
16.0
6.0
42.0
37.0
40.0
12.0
-27.0
-71.0
-93.0
-97.0
-133.0
-109.0
-162.0
-160.0
-116.0
-89.0
-26.0
46.0
107.0
112.0
227.0
313.0
313.0
313.0
313.0
313.0
313.0
313.0
313.0
313.0
313.0
313.0
313.0
313.0
313.0
313.0
225.0
251.0
313.0
313.0
313.0
313.0
313.0
313.0
313.0
313.0
87.0
-106.0
-165.0
-167.0
-278.0
-313.0
-313.0
-313.0
-313.0
-313.0
-313.0
-313.0
-313.0
-313.0
-313.0
-313.0
-313.0
-313.0
-313.0
-313.0
-313.0
-313.0
-313.0
-313.0
-313.0
-313.0
-313.0
-313.0
-313.0
-313.0
-313.0
-251.0
-313.0
-313.0
-313.0
-313.0
-313.0
-258.0
-210.0
-246.0
-257.0
-313.0
-234.0
-231.0
-211.0
-206.0
-185.0
-73.0
-59.0
-33.0
-43.0
-85.0
-120.0
-91.0
-90.0
-38.0
-28.0
-25.0
-63.0
-89.0
-110.0
-81.0
-72.0
-67.0
-14.0
-2.0
-13.0
1.0
7.0
-19.0
-19.0
-5.0
-12.0
8.0
-27.0
1.0
-22.0
-35.0
12.0
4.0
-40.0
-27.0
2.0
16.0
2.0
7.0
4.0
-20.0
-72.0
-164.0
-204.0
-178.0
-197.0
-202.0
-197.0
-217.0
-173.0
-110.0
-67.0
-48.0
-36.0
-14.0
89.0
46.0
74.0
49.0
72.0
111.0
57.0
92.0
67.0
130.0
83.0
73.0
50.0
123.0
112.0
83.0
108.0
123.0
103.0
96.0
63.0
66.0
60.0
82.0
83.0
145.0
123.0
55.0
82.0
47.0
173.0
76.0
-49.0
-16.0
42.0
19.0
-5.0
13.0
22.0
-26.0
56.0
16.0
18.0
67.0
30.0
33.0
-46.0
28.0
5.0
14.0
15.0
15.0
34.0
-2.0
6.0
10.0
-20.0
60.0
43.0
37.0
-20.0
-11.0
51.0
23.0
38.0
57.0
43.0
34.0
78.0
63.0
94.0
72.0
4.0
63.0
8.0
8.0
-9.0
-22.0
-18.0
-32.0
-33.0
-40.0
-27.0
-1.0
13.0
24.0
13.0
28.0
22.0
17.0
17.0
13.0
30.0
14.0
-11.0
-42.0
-42.0
-36.0
12.0
0.0
9.0
0.0
-45.0
1.0
-30.0
-5.0
-27.0
-66.0
-185.0
-158.0
-157.0
-163.0
-138.0
-124.0
-162.0
-79.0
-38.0
-30.0
-112.0
-32.0
47.0
18.0
48.0
43.0
12.0
-26.0
62.0
63.0
83.0
59.0
104.0
107.0
155.0
150.0
97.0
94.0
128.0
88.0
104.0
64.0
65.0
39.0
49.0
20.0
68.0
40.0
30.0
62.0
44.0
23.0
36.0
32.0
19.0
5.0
-9.0
9.0
-3.0
6.0
-32.0
-108.0
-151.0
-142.0
-163.0
-204.0
-213.0
-192.0
-205.0
-150.0
-155.0
-96.0
-79.0
-70.0
-51.0
-24.0
15.0
43.0
80.0
88.0
94.0
99.0
142.0
139.0
127.0
113.0
134.0
126.0
131.0
128.0
98.0
60.0
19.0
22.0
42.0
24.0
28.0
16.0
26.0
38.0
28.0
-5.0
-32.0
-30.0
18.0
-6.0
5.0
-5.0
-13.0
-24.0
-9.0
-41.0
-29.0
-35.0
-13.0
-59.0
-55.0
-1.0
-15.0
-40.0
9.0
-11.0
-27.0
-26.0
-8.0
-4.0
-1.0
9.0
23.0
-9.0
-20.0
-42.0
-32.0
-19.0
-24.0
9.0
-14.0
-9.0
-8.0
2.0
21.0
-5.0
-3.0
-7.0
2.0
-10.0
-10.0
-39.0
-42.0
-66.0
-67.0
-40.0
-14.0
-17.0
-3.0
11.0
18.0
-12.0
8.0
18.0
17.0
-2.0
16.0
11.0
-10.0
15.0
2.0
23.0
39.0
7.0
35.0
30.0
39.0
42.0
23.0
-6.0
-32.0
-37.0
-6.0
37.0
36.0
19.0
15.0
12.0
-51.0
-21.0
-51.0
-40.0
-31.0
-30.0
-53.0
-41.0
-51.0
-52.0
-64.0
-72.0
7.0
-4.0
-35.0
-3.0
-5.0
28.0
-7.0
-10.0
14.0
39.0
18.0
46.0
56.0
75.0
19.0
-2.0
24.0
21.0
17.0
-18.0
16.0
9.0
8.0
9.0
22.0
12.0
2.0
2.0
-11.0
-15.0
-30.0
-22.0
-19.0
-10.0
-19.0
-9.0
-17.0
-18.0
-12.0
-48.0
-101.0
-55.0
-64.0
-46.0
-18.0
-41.0
-17.0
-18.0
-16.0
-9.0
4.0
15.0
16.0
17.0
-11.0
29.0
27.0
31.0
47.0
40.0
48.0
60.0
45.0
61.0
2.0
-24.0
-18.0
-13.0
21.0
62.0
6.0
-20.0
27.0
19.0
2.0
-18.0
-21.0
-27.0
-58.0
-128.0
-87.0
-88.0
-77.0
-50.0
-37.0
-23.0
-4.0
3.0
13.0
1.0
7.0
40.0
52.0
35.0
-1.0
4.0
20.0
28.0
42.0
21.0
-10.0
-16.0
-35.0
-9.0
-59.0
-57.0
-47.0
-39.0
-36.0
-14.0
-20.0
-13.0
0.0
9.0
21.0
4.0
27.0
28.0
36.0
14.0
5.0
10.0
30.0
32.0
25.0
23.0
42.0
42.0
13.0
35.0
-18.0
-12.0
-9.0
-24.0
-4.0
-7.0
-26.0
-29.0
22.0
41.0
-10.0
17.0
-61.0
-55.0
-68.0
-63.0
-19.0
-20.0
-7.0
-35.0
-11.0
-5.0
-20.0
18.0
-24.0
-18.0
1.0
2.0
5.0
22.0
-24.0
-23.0
-16.0
10.0
-20.0
-9.0
23.0
20.0
69.0
63.0
55.0
46.0
43.0
36.0
21.0
12.0
12.0
18.0
13.0
19.0
19.0
20.0
20.0
29.0
35.0
36.0
30.0
31.0
-9.0
-1.0
-49.0
-36.0
-76.0
-20.0
-47.0
-32.0
-48.0
-37.0
-47.0
-51.0
-39.0
-53.0
-9.0
-28.0
-18.0
-31.0
-7.0
-9.0
-21.0
-21.0
-27.0
-2.0
-2.0
16.0
36.0
3.0
-10.0
-11.0
5.0
21.0
-4.0
2.0
-19.0
-26.0
-51.0
-56.0
-32.0
-29.0
-39.0
-40.0
-27.0
-52.0
-35.0
-41.0
-17.0
-24.0
7.0
5.0
-28.0
-16.0
-11.0
-27.0
5.0
3.0
20.0
-4.0
23.0
19.0
27.0
-4.0
5.0
11.0
34.0
-9.0
-28.0
-40.0
-15.0
-16.0
-8.0
-30.0
-128.0
-201.0
-313.0
-313.0
-189.0
-153.0
-102.0
-120.0
-127.0
7.0
231.0
128.0
228.0
-81.0
116.0
151.0
125.0
119.0
185.0
163.0
3.0
7.0
98.0
57.0
49.0
47.0
102.0
70.0
-72.0
81.0
89.0
25.0
46.0
20.0
-8.0
6.0
67.0
61.0
97.0
53.0
-4.0
-17.0
-19.0
-119.0
-57.0
-49.0
-22.0
6.0
-7.0
8.0
-36.0
-57.0
38.0
-16.0
8.0
4.0
28.0
2.0
-3.0
3.0
-22.0
-62.0
-57.0
-60.0
-113.0
-115.0
-96.0
-136.0
-130.0
-91.0
-62.0
-83.0
-55.0
-73.0
-62.0
-17.0
-67.0
-22.0
-12.0
0.0
21.0
-5.0
-1.0
19.0
12.0
14.0
51.0
17.0
-40.0
26.0
0.0
11.0
-18.0
15.0
-29.0
30.0
-16.0
-5.0
0.0
14.0
-58.0
-26.0
-28.0
-20.0
-6.0
-8.0
30.0
27.0
-13.0
38.0
46.0
26.0
2.0
59.0
49.0
65.0
72.0
60.0
76.0
80.0
93.0
68.0
90.0
0.0
38.0
51.0
6.0
7.0
-15.0
40.0
15.0
-23.0
26.0
41.0
138.0
23.0
-16.0
2.0
145.0
225.0
189.0
-102.0
313.0
313.0
313.0
313.0
313.0
313.0
313.0
313.0
313.0
313.0
278.0
148.0
73.0
47.0
-11.0
-15.0
-92.0
-83.0
-136.0
-190.0
-227.0
-229.0
-256.0
-298.0
-278.0
-256.0
-287.0
-271.0
-313.0
-300.0
-313.0
-273.0
-253.0
-238.0
-203.0
-211.0
-150.0
-118.0
-137.0
-101.0
-130.0
-40.0
-122.0
-96.0
-75.0
-75.0
-47.0
-74.0
-50.0
-63.0
-5.0
-15.0
-54.0
-48.0
-58.0
-44.0
-27.0
-34.0
-30.0
-35.0
-54.0
-84.0
-37.0
-42.0
-32.0
-48.0
-59.0
-19.0
1.0
-16.0
-22.0
-27.0
-20.0
-19.0
-33.0
-34.0
-35.0
-44.0
-48.0
-42.0
-47.0
-77.0
-89.0
-92.0
-96.0
-95.0
-86.0
-94.0
-62.0
-77.0
-54.0
-31.0
-32.0
-97.0
-44.0
-1.0
-31.0
0.0
-2.0
11.0
-11.0
-19.0
13.0
-3.0
7.0
15.0
21.0
26.0
29.0
43.0
8.0
10.0
27.0
21.0
7.0
2.0
9.0
-5.0
-23.0
-25.0
17.0
2.0
-27.0
-15.0
-16.0
-13.0
-2.0
-7.0
8.0
-20.0
-12.0
-41.0
-53.0
-57.0
-91.0
-83.0
-58.0
-74.0
-92.0
-113.0
-116.0
-98.0
-54.0
-43.0
-37.0
-46.0
-52.0
-10.0
-2.0
1.0
2.0
-5.0
-21.0
-26.0
-28.0
-37.0
-54.0
-44.0
-30.0
-10.0
-10.0
-3.0
0.0
32.0
38.0
53.0
61.0
65.0
65.0
71.0
95.0
72.0
53.0
18.0
22.0
27.0
2.0
-24.0
-71.0
-104.0
-101.0
-140.0
-144.0
-110.0
-94.0
-91.0
-69.0
-57.0
-33.0
-3.0
-1.0
16.0
31.0
40.0
47.0
42.0
92.0
94.0
73.0
89.0
53.0
73.0
90.0
88.0
45.0
43.0
79.0
67.0
33.0
42.0
24.0
37.0
41.0
2.0
-4.0
-6.0
-49.0
-64.0
-72.0
-85.0
-89.0
-56.0
-58.0
-73.0
-33.0
-28.0
-53.0
-13.0
25.0
8.0
72.0
100.0
91.0
92.0
84.0
93.0
60.0
55.0
63.0
38.0
54.0
68.0
33.0
28.0
28.0
34.0
25.0
-1.0
-21.0
-23.0
-46.0
-14.0
18.0
-45.0
-18.0
-16.0
-21.0
-38.0
-18.0
-6.0
-11.0
-32.0
-49.0
-20.0
-41.0
-31.0
7.0
7.0
-17.0
-20.0
-50.0
-41.0
-42.0
6.0
2.0
14.0
39.0
20.0
20.0
14.0
28.0
17.0
-15.0
-18.0
-27.0
-43.0
-4.0
-32.0
-67.0
-84.0
-135.0
-145.0
-128.0
-120.0
-87.0
-83.0
-81.0
-48.0
-23.0
-36.0
-14.0
22.0
56.0
66.0
-5.0
-16.0
74.0
113.0
70.0
81.0
85.0
34.0
85.0
57.0
72.0
62.0
61.0
48.0
60.0
43.0
19.0
23.0
9.0
-17.0
-67.0
-68.0
-129.0
-97.0
-70.0
-142.0
-106.0
-96.0
-54.0
-64.0
-30.0
-34.0
-7.0
-9.0
-31.0
53.0
56.0
50.0
104.0
131.0
36.0
41.0
74.0
78.0
66.0
56.0
27.0
27.0
25.0
17.0
15.0
7.0
19.0
-3.0
-21.0
-15.0
-25.0
16.0
12.0
-8.0
-4.0
3.0
-12.0
23.0
42.0
11.0
5.0
7.0
-50.0
-11.0
-17.0
-13.0
0.0
15.0
-12.0
-2.0
-7.0
-43.0
-68.0
-87.0
-94.0
-88.0
-73.0
-101.0
-97.0
-51.0
-59.0
-38.0
-40.0
-46.0
-16.0
-18.0
-7.0
48.0
26.0
-2.0
-1.0
21.0
71.0
88.0
29.0
30.0
77.0
57.0
83.0
98.0
85.0
51.0
6.0
44.0
16.0
25.0
35.0
17.0
-15.0
-40.0
-20.0
-4.0
-4.0
-23.0
-38.0
-53.0
-16.0
7.0
6.0
-15.0
-41.0
-45.0
-75.0
-115.0
-98.0
-103.0
-68.0
-80.0
-68.0
-35.0
-10.0
-18.0
-28.0
9.0
11.0
5.0
41.0
32.0
13.0
42.0
55.0
31.0
5.0
-26.0
9.0
12.0
24.0
63.0
32.0
35.0
44.0
2.0
-7.0
3.0
2.0
2.0
47.0
-3.0
-28.0
-5.0
5.0
-19.0
5.0
13.0
11.0
14.0
-21.0
-43.0
-11.0
30.0
-11.0
-23.0
-29.0
26.0
-9.0
-20.0
11.0
-2.0
3.0
-6.0
-5.0
-10.0
-11.0
-4.0
-15.0
-13.0
-18.0
-19.0
0.0
-24.0
-20.0
-27.0
-5.0
1.0
-37.0
-32.0
-83.0
-54.0
-27.0
44.0
52.0
22.0
6.0
0.0
15.0
7.0
13.0
11.0
3.0
36.0
23.0
14.0
-18.0
-24.0
-22.0
-22.0
-28.0
-15.0
-9.0
18.0
10.0
4.0
14.0
-15.0
-34.0
-32.0
-23.0
-48.0
-34.0
-33.0
-56.0
-22.0
-28.0
-16.0
-9.0
-7.0
11.0
20.0
39.0
26.0
7.0
16.0
-6.0
-13.0
-7.0
-10.0
-22.0
-20.0
-21.0
-12.0
-17.0
9.0
-15.0
-10.0
-29.0
-42.0
-19.0
-10.0
-4.0
-19.0
3.0
2.0
-2.0
-20.0
-44.0
-30.0
-3.0
-16.0
-12.0
12.0
1.0
7.0
-17.0
-15.0
-8.0
-7.0
8.0
17.0
37.0
33.0
6.0
26.0
-15.0
0.0
27.0
23.0
-10.0
-14.0
-11.0
11.0
-38.0
11.0
-13.0
10.0
12.0
1.0
2.0
-19.0
-6.0
-24.0
-20.0
-38.0
-36.0
-34.0
-33.0
-30.0
-9.0
-58.0
-60.0
-66.0
-52.0
-12.0
14.0
45.0
33.0
37.0
22.0
11.0
-31.0
-43.0
-53.0
-85.0
-91.0
-74.0
-41.0
-37.0
-25.0
-15.0
-17.0
-60.0
-48.0
-1.0
12.0
-4.0
20.0
32.0
34.0
59.0
69.0
77.0
49.0
48.0
29.0
56.0
24.0
28.0
47.0
34.0
41.0
31.0
14.0
0.0
1.0
-13.0
24.0
24.0
35.0
6.0
-15.0
2.0
-41.0
-64.0
-71.0
-93.0
-142.0
-139.0
-159.0
-109.0
-101.0
-101.0
-92.0
-81.0
-125.0
-30.0
1.0
-6.0
18.0
39.0
46.0
55.0
69.0
63.0
64.0
53.0
67.0
63.0
72.0
88.0
67.0
32.0
59.0
43.0
26.0
10.0
13.0
5.0
31.0
9.0
-10.0
12.0
-45.0
-37.0
-99.0
-104.0
-80.0
-69.0
-52.0
-7.0
-10.0
-19.0
8.0
-5.0
-38.0
-3.0
62.0
52.0
92.0
66.0
72.0
62.0
32.0
20.0
35.0
45.0
23.0
22.0
13.0
-8.0
-45.0
-57.0
-63.0
-84.0
-79.0
-78.0
-73.0
-79.0
-36.0
-9.0
-11.0
-6.0
-49.0
-67.0
-20.0
-31.0
1.0
-6.0
-69.0
3.0
49.0
58.0
88.0
102.0
109.0
99.0
108.0
108.0
109.0
92.0
112.0
70.0
72.0
90.0
47.0
37.0
40.0
44.0
26.0
25.0
20.0
40.0
44.0
59.0
49.0
-77.0
41.0
58.0
62.0
81.0
77.0
21.0
14.0
-11.0
-54.0
-63.0
-137.0
-136.0
-143.0
-164.0
-195.0
-194.0
-189.0
-138.0
-102.0
-60.0
-60.0
-65.0
-28.0
-33.0
-14.0
-6.0
-7.0
-4.0
-10.0
-7.0
7.0
7.0
-2.0
-9.0
17.0
-10.0
9.0
-8.0
-16.0
5.0
7.0
8.0
-15.0
-5.0
-31.0
-15.0
-11.0
-25.0
-12.0
1.0
-6.0
-12.0
-17.0
-15.0
-6.0
12.0
2.0
-9.0
-46.0
-133.0
-94.0
-91.0
-89.0
61.0
-27.0
10.0
-62.0
-107.0
-73.0
-74.0
-46.0
-45.0
-20.0
40.0
46.0
22.0
-4.0
11.0
-34.0
-21.0
-2.0
-8.0
7.0
18.0
34.0
15.0
3.0
13.0
-20.0
16.0
15.0
14.0
15.0
33.0
31.0
15.0
30.0
22.0
19.0
21.0
5.0
-3.0
16.0
9.0
5.0
16.0
11.0
-18.0
7.0
3.0
4.0
1.0
1.0
0.0
-15.0
-28.0
-58.0
-85.0
-104.0
-95.0
-87.0
-89.0
-53.0
-75.0
-68.0
-38.0
-28.0
5.0
-16.0
13.0
28.0
31.0
54.0
38.0
47.0
43.0
35.0
46.0
22.0
26.0
-7.0
-2.0
-4.0
12.0
0.0
-6.0
7.0
-26.0
-12.0
-27.0
0.0
0.0
-7.0
6.0
-6.0
23.0
9.0
22.0
11.0
23.0
19.0
12.0
-7.0
-43.0
-33.0
23.0
21.0
50.0
21.0
21.0
-6.0
5.0
24.0
8.0
11.0
20.0
9.0
5.0
4.0
15.0
9.0
8.0
-40.0
-88.0
-135.0
-120.0
-114.0
-101.0
-86.0
-85.0
-40.0
-42.0
-23.0
-18.0
7.0
31.0
37.0
55.0
60.0
70.0
59.0
50.0
62.0
66.0
51.0
67.0
51.0
18.0
5.0
56.0
22.0
21.0
15.0
25.0
-1.0
7.0
18.0
16.0
-20.0
-33.0
-21.0
-22.0
-85.0
-98.0
-114.0
-91.0
-70.0
-58.0
-25.0
-46.0
-16.0
-15.0
1.0
23.0
17.0
13.0
47.0
28.0
36.0
45.0
24.0
18.0
54.0
53.0
36.0
39.0
39.0
28.0
-12.0
15.0
13.0
-2.0
-11.0
21.0
32.0
10.0
57.0
17.0
37.0
20.0
11.0
6.0
-6.0
-41.0
-71.0
-55.0
-29.0
16.0
-15.0
2.0
-2.0
-4.0
14.0
-15.0
-13.0
-7.0
-22.0
-24.0
-22.0
-26.0
-14.0
-11.0
-47.0
-22.0
-57.0
-45.0
-46.0
-30.0
-21.0
-31.0
11.0
7.0
-8.0
6.0
22.0
5.0
20.0
3.0
13.0
14.0
10.0
9.0
13.0
30.0
20.0
-1.0
22.0
3.0
27.0
37.0
13.0
11.0
-11.0
-29.0
-39.0
15.0
20.0
1.0
-7.0
-7.0
7.0
2.0
-19.0
-5.0
-7.0
19.0
15.0
2.0
-19.0
-16.0
1.0
0.0
-13.0
-28.0
2.0
-8.0
-17.0
-25.0
-9.0
23.0
7.0
11.0
2.0
-6.0
-2.0
-8.0
-34.0
-10.0
-20.0
-9.0
16.0
9.0
3.0
15.0
9.0
64.0
69.0
52.0
13.0
5.0
-26.0
-23.0
-16.0
0.0
8.0
-7.0
-11.0
7.0
-3.0
-17.0
7.0
-1.0
-12.0
6.0
-1.0
-3.0
-44.0
-32.0
7.0
-9.0
-9.0
-10.0
-21.0
13.0
-7.0
12.0
-3.0
-22.0
-4.0
-38.0
-14.0
-13.0
-20.0
-1.0
-27.0
-12.0
-10.0
-8.0
0.0
-20.0
17.0
16.0
-5.0
26.0
-8.0
-8.0
-9.0
-18.0
-8.0
-13.0
-1.0
5.0
-11.0
4.0
-11.0
-6.0
12.0
-9.0
1.0
-11.0
-6.0
-6.0
8.0
-13.0
-15.0
9.0
-7.0
-5.0
-1.0
4.0
-14.0
-17.0
8.0
-5.0
-8.0
1.0
3.0
8.0
-19.0
-2.0
-26.0
-29.0
-20.0
-26.0
-22.0
-8.0
-7.0
5.0
-17.0
29.0
11.0
7.0
15.0
0.0
-14.0
-1.0
12.0
-6.0
-19.0
8.0
-7.0
-11.0
-40.0
-42.0
-11.0
-2.0
8.0
6.0
-21.0
-2.0
-3.0
-5.0
14.0
11.0
-3.0
-21.0
-10.0
-16.0
1.0
-3.0
-4.0
0.0
-8.0
-8.0
-7.0
25.0
14.0
13.0
-17.0
-3.0
-11.0
-18.0
7.0
-11.0
15.0
21.0
-4.0
-6.0
-8.0
-18.0
0.0
-4.0
-7.0
13.0
0.0
-10.0
15.0
-3.0
-6.0
-17.0
-32.0
-33.0
-50.0
-35.0
10.0
-13.0
-5.0
-5.0
7.0
15.0
9.0
4.0
4.0
11.0
3.0
10.0
-5.0
-22.0
-33.0
-27.0
-15.0
-15.0
19.0
-13.0
-4.0
-7.0
0.0
8.0
17.0
-11.0
-9.0
-13.0
-14.0
9.0
11.0
-5.0
5.0
11.0
-20.0
-11.0
1.0
-1.0
-19.0
-11.0
-16.0
-5.0
-12.0
21.0
-15.0
-7.0
1.0
0.0
-3.0
12.0
-20.0
-37.0
-29.0
-22.0
-29.0
-15.0
-16.0
-11.0
-8.0
14.0
20.0
-12.0
-11.0
-14.0
2.0
-1.0
-7.0
-4.0
0.0
13.0
12.0
11.0
-4.0
-9.0
-28.0
-7.0
-7.0
-14.0
-34.0
-13.0
-18.0
17.0
6.0
5.0
8.0
35.0
6.0
5.0
-10.0
-24.0
14.0
-20.0
3.0
-9.0
33.0
19.0
33.0
25.0
70.0
-50.0
-36.0
88.0
170.0
280.0
313.0
313.0
291.0
226.0
293.0
205.0
169.0
219.0
141.0
119.0
52.0
-9.0
-26.0
-27.0
-81.0
-97.0
-116.0
-145.0
-184.0
-155.0
-146.0
-131.0
-147.0
-107.0
-190.0
-153.0
-170.0
-164.0
-144.0
-177.0
-163.0
-201.0
-202.0
-197.0
-90.0
-109.0
-72.0
-102.0
-121.0
-137.0
-140.0
-22.0
164.0
160.0
309.0
313.0
313.0
313.0
313.0
313.0
313.0
313.0
313.0
313.0
182.0
-92.0
-221.0
-235.0
-232.0
-292.0
-260.0
-237.0
-188.0
-196.0
-193.0
-275.0
-262.0
-225.0
-207.0
-237.0
-199.0
-171.0
-106.0
-98.0
-79.0
-103.0
-108.0
-95.0
-34.0
-86.0
-102.0
-103.0
-82.0
-96.0
-68.0
-93.0
-101.0
-94.0
-105.0
-100.0
-77.0
-97.0
-73.0
-66.0
-64.0
-72.0
-91.0
-38.0
-59.0
-74.0
-79.0
-57.0
-75.0
-62.0
-66.0
-99.0
-89.0
-42.0
-24.0
-17.0
-23.0
-2.0
-7.0
-11.0
-3.0
21.0
-5.0
39.0
37.0
6.0
16.0
10.0
21.0
17.0
61.0
13.0
-9.0
-11.0
29.0
-10.0
-6.0
27.0
21.0
26.0
-11.0
18.0
0.0
33.0
31.0
34.0
21.0
31.0
-15.0
-2.0
40.0
18.0
55.0
22.0
26.0
12.0
15.0
31.0
16.0
16.0
-5.0
33.0
-2.0
18.0
17.0
-12.0
-20.0
1.0
11.0
21.0
23.0
35.0
15.0
24.0
12.0
17.0
23.0
13.0
-1.0
-2.0
17.0
-8.0
-5.0
5.0
-9.0
56.0
-1.0
4.0
2.0
3.0
12.0
-20.0
-15.0
-36.0
-38.0
-47.0
-44.0
-7.0
-19.0
-24.0
-9.0
3.0
-28.0
0.0
20.0
17.0
12.0
-5.0
15.0
20.0
37.0
3.0
20.0
-2.0
4.0
32.0
11.0
13.0
24.0
32.0
6.0
2.0
29.0
7.0
0.0
-32.0
-22.0
-22.0
-7.0
-5.0
-19.0
-2.0
9.0
38.0
-7.0
-1.0
-7.0
16.0
-19.0
-24.0
18.0
11.0
32.0
4.0
46.0
9.0
4.0
-28.0
-14.0
-3.0
-34.0
-10.0
-24.0
4.0
-4.0
-16.0
-25.0
-3.0
-38.0
-27.0
-40.0
-37.0
-66.0
-72.0
-81.0
-61.0
-59.0
-44.0
-32.0
-38.0
-18.0
-23.0
-18.0
-17.0
-18.0
7.0
9.0
31.0
22.0
3.0
43.0
-9.0
46.0
22.0
41.0
-13.0
-5.0
-7.0
-19.0
-20.0
-5.0
-17.0
10.0
-1.0
-5.0
6.0
1.0
0.0
26.0
22.0
-21.0
35.0
1.0
24.0
-12.0
2.0
1.0
50.0
1.0
4.0
-23.0
-28.0
-17.0
-38.0
1.0
1.0
-4.0
-30.0
2.0
0.0
6.0
12.0
-16.0
28.0
15.0
19.0
10.0
-6.0
-9.0
-7.0
26.0
1.0
39.0
-5.0
26.0
5.0
-4.0
-2.0
-2.0
6.0
1.0
7.0
21.0
2.0
-8.0
2.0
-49.0
-33.0
-74.0
-77.0
-70.0
-102.0
-77.0
-41.0
-25.0
-22.0
-28.0
-3.0
31.0
32.0
5.0
-11.0
8.0
21.0
6.0
32.0
33.0
28.0
-7.0
-2.0
18.0
21.0
25.0
23.0
10.0
-12.0
6.0
-1.0
-24.0
-20.0
-11.0
-62.0
-8.0
6.0
26.0
3.0
-19.0
-9.0
21.0
14.0
-24.0
6.0
-30.0
-6.0
-35.0
7.0
1.0
13.0
-29.0
-19.0
-1.0
-7.0
-13.0
26.0
-9.0
28.0
21.0
31.0
-3.0
-13.0
-3.0
-1.0
-5.0
-38.0
-14.0
19.0
37.0
11.0
-19.0
-19.0
4.0
-10.0
26.0
-63.0
-2.0
1.0
-1.0
-46.0
-40.0
-27.0
24.0
-6.0
2.0
6.0
35.0
-2.0
-2.0
1.0
5.0
8.0
17.0
49.0
-27.0
-2.0
-9.0
21.0
-16.0
18.0
-31.0
-36.0
3.0
-12.0
-6.0
-2.0
5.0
5.0
16.0
17.0
-4.0
-4.0
-20.0
-13.0
-24.0
-22.0
3.0
-19.0
5.0
-14.0
-4.0
-12.0
14.0
-2.0
14.0
16.0
6.0
-22.0
-15.0
-12.0
-12.0
-8.0
-13.0
9.0
-6.0
7.0
5.0
7.0
12.0
7.0
-34.0
-34.0
-7.0
-21.0
21.0
-24.0
28.0
-5.0
17.0
0.0
-7.0
-9.0
-13.0
15.0
0.0
-1.0
0.0
-9.0
13.0
15.0
-4.0
-6.0
3.0
-5.0
-4.0
5.0
21.0
-4.0
26.0
11.0
-3.0
-2.0
-34.0
-29.0
-7.0
-14.0
2.0
26.0
-13.0
-16.0
-13.0
-11.0
0.0
-11.0
-36.0
-25.0
-13.0
18.0
22.0
12.0
-7.0
-7.0
-7.0
-30.0
2.0
13.0
2.0
2.0
7.0
11.0
-11.0
-16.0
0.0
1.0
12.0
27.0
2.0
-14.0
-7.0
-53.0
-16.0
-14.0
-14.0
-7.0
-4.0
-16.0
-16.0
0.0
13.0
-6.0
-16.0
-17.0
4.0
-3.0
9.0
4.0
-9.0
4.0
2.0
7.0
-6.0
-6.0
-10.0
-31.0
-10.0
-18.0
-18.0
-9.0
-4.0
6.0
-26.0
-26.0
4.0
-5.0
26.0
-2.0
8.0
1.0
20.0
0.0
-8.0
-12.0
3.0
-7.0
1.0
-5.0
35.0
-1.0
20.0
-19.0
-10.0
-13.0
-41.0
-49.0
-28.0
-23.0
-26.0
-31.0
-4.0
-3.0
8.0
12.0
2.0
5.0
16.0
9.0
9.0
-12.0
-11.0
-10.0
12.0
10.0
-1.0
0.0
-4.0
15.0
-9.0
1.0
16.0
18.0
15.0
10.0
8.0
17.0
1.0
-1.0
-14.0
14.0
-3.0
-18.0
-24.0
-22.0
-12.0
-17.0
-13.0
6.0
-17.0
-2.0
1.0
9.0
11.0
12.0
1.0
0.0
13.0
8.0
6.0
-8.0
-4.0
-25.0
-16.0
-14.0
18.0
-1.0
-15.0
-12.0
-6.0
-18.0
-10.0
-15.0
-21.0
-27.0
-24.0
-32.0
-22.0
4.0
4.0
3.0
15.0
23.0
-19.0
-20.0
-9.0
-7.0
5.0
10.0
18.0
1.0
-19.0
-31.0
-10.0
-9.0
-16.0
-12.0
18.0
24.0
7.0
-4.0
-11.0
13.0
26.0
22.0
9.0
-15.0
-6.0
11.0
-1.0
-4.0
-29.0
-13.0
-30.0
-31.0
-27.0
-13.0
-15.0
8.0
2.0
0.0
-4.0
-3.0
13.0
12.0
-8.0
-12.0
-2.0
-2.0
14.0
-15.0
-1.0
-20.0
1.0
2.0
0.0
-5.0
15.0
-7.0
10.0
13.0
-6.0
-12.0
-29.0
-30.0
-36.0
-9.0
-14.0
-8.0
12.0
-9.0
-6.0
-1.0
21.0
28.0
-3.0
0.0
-3.0
12.0
-17.0
21.0
9.0
0.0
-2.0
-7.0
-9.0
-9.0
-15.0
-3.0
10.0
-3.0
-5.0
-24.0
6.0
4.0
-5.0
-1.0
-8.0
-11.0
-18.0
-10.0
-17.0
-11.0
16.0
17.0
5.0
12.0
3.0
-16.0
-22.0
-7.0
4.0
-7.0
-2.0
-1.0
-17.0
-4.0
-37.0
-48.0
-28.0
-1.0
-9.0
11.0
0.0
-1.0
-5.0
-29.0
-10.0
-21.0
17.0
-9.0
20.0
3.0
24.0
22.0
25.0
13.0
-9.0
20.0
-6.0
-5.0
-28.0
-2.0
-53.0
-59.0
-21.0
12.0
-14.0
-39.0
-30.0
-28.0
-29.0
-36.0
-11.0
-10.0
-21.0
-23.0
-31.0
-14.0
-26.0
-2.0
-4.0
12.0
-25.0
-22.0
2.0
-24.0
-5.0
-12.0
-2.0
-15.0
4.0
-17.0
-17.0
-21.0
3.0
-11.0
6.0
7.0
8.0
-7.0
-6.0
31.0
11.0
9.0
7.0
-4.0
-15.0
-21.0
-2.0
11.0
13.0
28.0
24.0
14.0
-9.0
-4.0
-13.0
13.0
0.0
-4.0
-19.0
-18.0
-20.0
-19.0
0.0
-1.0
30.0
-10.0
7.0
-25.0
-12.0
-23.0
3.0
9.0
-2.0
-9.0
-13.0
4.0
-24.0
-11.0
-21.0
-14.0
-9.0
-17.0
-45.0
-45.0
-13.0
9.0
12.0
5.0
20.0
-22.0
-32.0
-48.0
20.0
14.0
-7.0
-18.0
-12.0
19.0
-15.0
-31.0
-11.0
-12.0
-14.0
10.0
-5.0
11.0
33.0
-7.0
14.0
15.0
0.0
7.0
5.0
15.0
6.0
2.0
-10.0
7.0
-7.0
-10.0
2.0
6.0
10.0
28.0
40.0
24.0
16.0
14.0
21.0
2.0
-1.0
3.0
-16.0
-10.0
-14.0
-20.0
-61.0
-36.0
-19.0
-50.0
-57.0
-60.0
-49.0
-49.0
-13.0
-46.0
-21.0
-37.0
-11.0
-31.0
-22.0
-26.0
-27.0
-20.0
18.0
6.0
20.0
10.0
-2.0
12.0
32.0
30.0
-19.0
-25.0
-33.0
-54.0
-22.0
7.0
18.0
-15.0
50.0
51.0
25.0
43.0
23.0
13.0
25.0
-17.0
-22.0
-22.0
-79.0
-81.0
-89.0
-85.0
-32.0
-90.0
-59.0
-74.0
-7.0
-7.0
-10.0
-3.0
0.0
7.0
11.0
22.0
-10.0
-7.0
-2.0
-3.0
2.0
-2.0
16.0
5.0
-27.0
-20.0
26.0
25.0
-40.0
-25.0
-4.0
-1.0
-23.0
1.0
3.0
-9.0
-12.0
-20.0
-10.0
8.0
9.0
7.0
12.0
-6.0
-3.0
-9.0
-38.0
-24.0
-9.0
8.0
15.0
16.0
25.0
16.0
17.0
6.0
11.0
40.0
33.0
4.0
13.0
12.0
16.0
37.0
51.0
5.0
-4.0
1.0
-4.0
12.0
10.0
9.0
-3.0
14.0
31.0
30.0
21.0
-20.0
-20.0
-25.0
-20.0
-16.0
-3.0
2.0
0.0
-14.0
-6.0
-4.0
-2.0
4.0
4.0
-1.0
-13.0
-14.0
-12.0
2.0
21.0
7.0
23.0
18.0
10.0
12.0
-7.0
17.0
8.0
-6.0
17.0
5.0
35.0
-15.0
-5.0
-7.0
16.0
22.0
-8.0
6.0
6.0
-6.0
11.0
-6.0
-20.0
-19.0
-12.0
-13.0
-15.0
14.0
-5.0
3.0
6.0
8.0
-26.0
-21.0
20.0
-1.0
-9.0
2.0
-9.0
6.0
2.0
-3.0
-9.0
-14.0
26.0
9.0
0.0
-26.0
-38.0
-3.0
-15.0
2.0
17.0
18.0
17.0
17.0
13.0
2.0
-8.0
6.0
5.0
-29.0
-4.0
-2.0
-20.0
-36.0
-41.0
-18.0
6.0
-24.0
-22.0
-20.0
-1.0
-2.0
-4.0
31.0
2.0
-4.0
8.0
7.0
8.0
-5.0
-17.0
-10.0
6.0
0.0
7.0
-31.0
4.0
-27.0
-17.0
-38.0
-6.0
-17.0
-40.0
-15.0
6.0
15.0
0.0
-5.0
-13.0
4.0
-5.0
-5.0
11.0
-16.0
10.0
-13.0
29.0
3.0
26.0
-5.0
-6.0
-5.0
-26.0
-24.0
-5.0
-5.0
20.0
9.0
-1.0
-3.0
-17.0
-11.0
-4.0
11.0
25.0
8.0
8.0
-14.0
-7.0
-30.0
-20.0
-16.0
-16.0
6.0
-10.0
-18.0
-48.0
-4.0
-12.0
-3.0
-4.0
-2.0
-18.0
5.0
7.0
4.0
-11.0
4.0
-2.0
-8.0
8.0
9.0
5.0
-36.0
0.0
-9.0
-12.0
9.0
-4.0
-22.0
-9.0
-8.0
-19.0
-2.0
-8.0
-23.0
5.0
7.0
25.0
13.0
35.0
37.0
15.0
28.0
37.0
28.0
-11.0
-20.0
-32.0
-14.0
-10.0
-10.0
-23.0
-36.0
-27.0
-31.0
-6.0
-11.0
-24.0
-5.0
-12.0
-8.0
-27.0
-18.0
-35.0
-30.0
-23.0
-10.0
-13.0
-22.0
-35.0
-30.0
-8.0
-7.0
-11.0
0.0
-13.0
3.0
-4.0
-14.0
-21.0
-23.0
12.0
-21.0
2.0
2.0
5.0
-15.0
37.0
22.0
4.0
6.0
-24.0
-11.0
-20.0
15.0
-8.0
-57.0
-30.0
19.0
27.0
27.0
16.0
14.0
-6.0
23.0
-19.0
-8.0
-6.0
-20.0
-11.0
-7.0
1.0
-12.0
25.0
-8.0
24.0
4.0
-21.0
-6.0
-1.0
-3.0
20.0
40.0
-1.0
28.0
10.0
28.0
-38.0
19.0
-23.0
-26.0
2.0
-4.0
-2.0
14.0
-2.0
-1.0
-7.0
-13.0
-15.0
-18.0
-10.0
-17.0
-28.0
-23.0
-7.0
-7.0
15.0
24.0
7.0
6.0
0.0
-29.0
-30.0
-22.0
32.0
-19.0
-1.0
0.0
29.0
29.0
23.0
-2.0
18.0
-4.0
-13.0
1.0
2.0
-16.0
0.0
-4.0
1.0
8.0
-14.0
-6.0
-4.0
-3.0
7.0
17.0
-4.0
-10.0
21.0
31.0
25.0
-6.0
-18.0
-24.0
13.0
-17.0
-23.0
-20.0
-19.0
-16.0
-7.0
-12.0
-48.0
-33.0
-13.0
-21.0
-16.0
-16.0
-34.0
-8.0
29.0
23.0
17.0
16.0
-26.0
-8.0
-24.0
-25.0
-23.0
-70.0
-45.0
2.0
4.0
-13.0
-17.0
-11.0
-11.0
-4.0
36.0
9.0
-31.0
-17.0
-8.0
15.0
7.0
-11.0
-26.0
-26.0
-13.0
-17.0
10.0
-7.0
-5.0
3.0
21.0
-3.0
36.0
38.0
23.0
6.0
20.0
28.0
-11.0
0.0
21.0
21.0
11.0
9.0
-7.0
-78.0
-42.0
-59.0
-104.0
-53.0
-34.0
-48.0
-57.0
-48.0
-23.0
-29.0
-46.0
-45.0
-17.0
17.0
-40.0
-11.0
-13.0
-11.0
17.0
8.0
-6.0
-19.0
-12.0
11.0
17.0
-26.0
2.0
0.0
-18.0
-41.0
3.0
15.0
8.0
41.0
9.0
37.0
15.0
20.0
36.0
34.0
17.0
3.0
-49.0
-19.0
-12.0
41.0
36.0
31.0
12.0
9.0
1.0
6.0
-4.0
27.0
3.0
3.0
12.0
20.0
-14.0
-5.0
13.0
6.0
-29.0
-22.0
21.0
6.0
16.0
15.0
-4.0
-24.0
9.0
26.0
18.0
15.0
-21.0
-24.0
7.0
8.0
-7.0
-7.0
-2.0
9.0
4.0
-15.0
11.0
-25.0
-20.0
-23.0
-50.0
-2.0
-17.0
-32.0
-28.0
17.0
31.0
3.0
25.0
26.0
25.0
-10.0
9.0
20.0
7.0
7.0
-21.0
-27.0
-10.0
-11.0
-21.0
-33.0
7.0
-14.0
-1.0
-24.0
8.0
-45.0
-22.0
-11.0
-18.0
-11.0
3.0
-2.0
9.0
24.0
-9.0
-12.0
-17.0
-20.0
-37.0
-23.0
34.0
20.0
29.0
66.0
40.0
44.0
-31.0
-31.0
7.0
-4.0
-18.0
-41.0
-41.0
-11.0
2.0
-25.0
-26.0
-29.0
-54.0
-30.0
-30.0
27.0
-24.0
-23.0
-10.0
8.0
-3.0
-9.0
-5.0
15.0
7.0
-24.0
-15.0
-30.0
-26.0
-30.0
-32.0
-38.0
-11.0
-28.0
-26.0
-4.0
1.0
-5.0
19.0
-2.0
0.0
-5.0
-10.0
13.0
6.0
15.0
12.0
-13.0
2.0
-9.0
0.0
3.0
1.0
15.0
28.0
17.0
-1.0
5.0
4.0
18.0
-14.0
-15.0
-6.0
-12.0
-13.0
-62.0
-71.0
-16.0
0.0
10.0
25.0
26.0
34.0
17.0
27.0
11.0
-10.0
-10.0
6.0
0.0
11.0
9.0
-14.0
21.0
5.0
5.0
28.0
22.0
9.0
-5.0
-8.0
-4.0
-5.0
14.0
-51.0
-88.0
-123.0
-30.0
50.0
59.0
70.0
69.0
41.0
22.0
59.0
49.0
31.0
-8.0
-8.0
-25.0
-24.0
-26.0
-22.0
-26.0
-57.0
-34.0
-37.0
1.0
-3.0
-16.0
-25.0
-23.0
-16.0
-13.0
7.0
11.0
18.0
31.0
39.0
22.0
-14.0
-13.0
-39.0
-76.0
-126.0
-98.0
-75.0
-42.0
-13.0
11.0
1.0
-7.0
-5.0
-5.0
-10.0
-22.0
-5.0
-6.0
-7.0
-9.0
-19.0
-21.0
-26.0
-12.0
7.0
-40.0
-30.0
-4.0
12.0
15.0
7.0
12.0
3.0
-4.0
-8.0
-7.0
-10.0
6.0
24.0
55.0
36.0
39.0
33.0
31.0
4.0
14.0
58.0
22.0
21.0
-6.0
-6.0
-7.0
9.0
8.0
-11.0
-32.0
-20.0
0.0
15.0
-3.0
-10.0
-9.0
1.0
18.0
25.0
26.0
12.0
25.0
6.0
-26.0
-1.0
2.0
-9.0
-23.0
-21.0
-27.0
-45.0
-8.0
-3.0
0.0
-10.0
-13.0
-11.0
-11.0
-22.0
9.0
-40.0
14.0
-6.0
3.0
-30.0
-29.0
9.0
23.0
-21.0
-34.0
-25.0
1.0
22.0
18.0
6.0
6.0
15.0
-10.0
-30.0
-2.0
-17.0
-8.0
-35.0
-18.0
14.0
9.0
7.0
13.0
9.0
4.0
-8.0
7.0
-6.0
8.0
11.0
8.0
-21.0
-11.0
-4.0
-23.0
-25.0
0.0
21.0
10.0
29.0
26.0
5.0
-12.0
-15.0
7.0
35.0
35.0
33.0
34.0
32.0
24.0
-17.0
-9.0
-27.0
-17.0
-12.0
-16.0
-17.0
-29.0
-39.0
-40.0
-36.0
-11.0
-12.0
0.0
-5.0
-55.0
-4.0
-2.0
14.0
13.0
22.0
27.0
6.0
-1.0
-25.0
-23.0
-14.0
-20.0
-9.0
-7.0
7.0
4.0
29.0
5.0
0.0
-16.0
-12.0
-20.0
-8.0
-13.0
6.0
6.0
10.0
17.0
32.0
42.0
-9.0
-31.0
-2.0
-3.0
-12.0
-8.0
-9.0
-28.0
-18.0
4.0
29.0
-2.0
18.0
23.0
-2.0
-1.0
-24.0
-12.0
-29.0
-11.0
-4.0
11.0
4.0
5.0
-4.0
29.0
13.0
4.0
22.0
-14.0
-14.0
-8.0
-9.0
-8.0
-12.0
-11.0
-15.0
-29.0
-31.0
-4.0
-34.0
16.0
40.0
46.0
11.0
7.0
-3.0
-22.0
-52.0
-27.0
-50.0
-17.0
12.0
13.0
8.0
-8.0
12.0
26.0
12.0
25.0
35.0
0.0
-10.0
0.0
-3.0
10.0
6.0
9.0
21.0
13.0
0.0
-46.0
-26.0
-17.0
-4.0
-45.0
-64.0
-94.0
-32.0
-43.0
-56.0
11.0
40.0
45.0
20.0
30.0
66.0
48.0
29.0
15.0
2.0
7.0
7.0
10.0
14.0
19.0
-26.0
7.0
0.0
-7.0
-30.0
-32.0
-8.0
-8.0
-17.0
-11.0
9.0
-9.0
10.0
13.0
41.0
31.0
-10.0
-15.0
-49.0
-39.0
-40.0
-40.0
-35.0
-41.0
-33.0
-17.0
-26.0
-23.0
-25.0
-6.0
-3.0
-31.0
-17.0
-12.0
-14.0
-27.0
-24.0
-23.0
14.0
-20.0
-2.0
11.0
9.0
3.0
-1.0
-37.0
-17.0
-13.0
-1.0
10.0
9.0
-9.0
15.0
-27.0
-27.0
17.0
36.0
40.0
22.0
6.0
-1.0
-2.0
7.0
-14.0
-21.0
11.0
19.0
17.0
-4.0
14.0
7.0
-13.0
-17.0
-5.0
-9.0
-20.0
-14.0
-18.0
-13.0
3.0
18.0
0.0
-23.0
-39.0
-73.0
-49.0
24.0
25.0
37.0
35.0
8.0
-6.0
2.0
7.0
-4.0
-6.0
-9.0
-8.0
1.0
17.0
-2.0
-1.0
-8.0
-29.0
-14.0
-5.0
9.0
7.0
-8.0
-1.0
-23.0
-2.0
-25.0
-4.0
-1.0
-7.0
17.0
17.0
10.0
-1.0
-12.0
13.0
-6.0
-9.0
1.0
15.0
4.0
5.0
-8.0
-1.0
-1.0
45.0
13.0
36.0
4.0
23.0
-26.0
-29.0
-35.0
-13.0
-9.0
-6.0
-19.0
-17.0
-17.0
-14.0
-7.0
-9.0
-13.0
-22.0
-27.0
-50.0
-8.0
-48.0
-48.0
-10.0
-9.0
-14.0
14.0
5.0
-8.0
-22.0
20.0
23.0
-5.0
-48.0
19.0
10.0
1.0
-22.0
-23.0
17.0
-7.0
21.0
23.0
36.0
-7.0
-4.0
-35.0
-35.0
-19.0
-12.0
3.0
-4.0
-15.0
5.0
13.0
5.0
35.0
-2.0
-2.0
-11.0
-15.0
10.0
-2.0
11.0
-4.0
-5.0
7.0
20.0
13.0
-9.0
6.0
18.0
24.0
23.0
6.0
9.0
14.0
7.0
-15.0
-20.0
-22.0
-12.0
-21.0
-13.0
-46.0
-45.0
-19.0
-37.0
-1.0
-4.0
-12.0
-10.0
-17.0
-19.0
-7.0
-7.0
19.0
13.0
37.0
14.0
-13.0
-14.0
-8.0
-3.0
16.0
10.0
-4.0
21.0
-13.0
-11.0
1.0
1.0
5.0
29.0
5.0
1.0
23.0
10.0
-28.0
-16.0
15.0
-15.0
12.0
1.0
3.0
0.0
-28.0
-9.0
-40.0
-42.0
-27.0
-18.0
-26.0
-6.0
-43.0
-38.0
-70.0
-71.0
-37.0
-25.0
43.0
-22.0
2.0
-13.0
2.0
-4.0
-10.0
-32.0
-14.0
-15.0
-60.0
-21.0
9.0
28.0
19.0
12.0
26.0
36.0
-17.0
-7.0
-12.0
9.0
-11.0
-14.0
10.0
-7.0
-2.0
16.0
-4.0
-22.0
-5.0
-18.0
-2.0
-26.0
-31.0
-21.0
-25.0
3.0
-15.0
-12.0
2.0
8.0
-4.0
2.0
-13.0
-22.0
-12.0
13.0
12.0
4.0
-4.0
-12.0
5.0
32.0
8.0
10.0
34.0
-12.0
5.0
7.0
-6.0
-5.0
-8.0
21.0
22.0
27.0
23.0
17.0
12.0
28.0
21.0
-1.0
-1.0
-1.0
-36.0
-30.0
26.0
11.0
8.0
-20.0
-6.0
-21.0
-11.0
1.0
5.0
7.0
17.0
31.0
19.0
31.0
14.0
-1.0
-21.0
-6.0
-9.0
-8.0
12.0
-46.0
-35.0
-39.0
-2.0
-24.0
-10.0
-11.0
-15.0
-10.0
-30.0
13.0
-15.0
-15.0
-8.0
-18.0
-16.0
13.0
-22.0
-21.0
-26.0
-35.0
-38.0
-51.0
2.0
3.0
6.0
-3.0
-2.0
-4.0
0.0
17.0
6.0
28.0
-8.0
-5.0
2.0
0.0
-7.0
-7.0
12.0
-16.0
10.0
4.0
15.0
14.0
6.0
3.0
3.0
4.0
-9.0
6.0
7.0
-7.0
13.0
17.0
11.0
-10.0
-25.0
-26.0
-3.0
0.0
12.0
-18.0
-22.0
-9.0
14.0
22.0
15.0
16.0
-6.0
11.0
5.0
4.0
3.0
-4.0
-11.0
-14.0
-7.0
-7.0
-4.0
-12.0
-1.0
-10.0
-19.0
-14.0
-1.0
41.0
2.0
-1.0
18.0
8.0
23.0
20.0
10.0
-3.0
0.0
-18.0
-20.0
-19.0
-33.0
-81.0
-51.0
-58.0
-35.0
-24.0
0.0
-2.0
-36.0
-30.0
-38.0
-10.0
-24.0
-16.0
-4.0
-28.0
-12.0
0.0
12.0
16.0
12.0
-15.0
-17.0
-1.0
-24.0
-14.0
-6.0
-3.0
26.0
33.0
25.0
16.0
-2.0
10.0
25.0
5.0
3.0
-16.0
-13.0
-11.0
-23.0
-24.0
-29.0
-29.0
-3.0
25.0
6.0
8.0
-3.0
-7.0
-13.0
-14.0
-42.0
14.0
11.0
14.0
25.0
9.0
10.0
8.0
19.0
9.0
-11.0
4.0
33.0
-13.0
0.0
17.0
-6.0
-4.0
-18.0
1.0
9.0
0.0
4.0
-6.0
-10.0
-18.0
-23.0
-21.0
17.0
-18.0
2.0
-18.0
-36.0
-20.0
-10.0
-4.0
-6.0
-5.0
-28.0
-8.0
-17.0
7.0
-21.0
-27.0
-13.0
11.0
-20.0
-19.0
4.0
9.0
4.0
39.0
45.0
21.0
38.0
32.0
0.0
18.0
10.0
-14.0
-53.0
-65.0
-28.0
-71.0
-96.0
91.0
-3.0
-16.0
66.0
4.0
116.0
19.0
-9.0
-6.0
13.0
-22.0
89.0
32.0
-14.0
-15.0
-50.0
-39.0
-187.0
-57.0
-24.0
42.0
-41.0
-110.0
-21.0
39.0
-10.0
27.0
36.0
40.0
22.0
-46.0
35.0
44.0
-31.0
-22.0
57.0
-53.0
-58.0
-5.0
-21.0
-4.0
-33.0
-17.0
3.0
0.0
13.0
-22.0
-31.0
-25.0
-38.0
-6.0
18.0
9.0
-30.0
-30.0
-10.0
-14.0
-18.0
-9.0
-13.0
-11.0
28.0
25.0
11.0
0.0
-1.0
8.0
-3.0
2.0
-13.0
-1.0
21.0
7.0
2.0
-9.0
-12.0
-13.0
-6.0
-4.0
-4.0
-2.0
-13.0
-4.0
20.0
-20.0
-4.0
-43.0
-36.0
-9.0
-11.0
17.0
15.0
-8.0
10.0
20.0
69.0
111.0
82.0
250.0
313.0
313.0
313.0
313.0
313.0
313.0
313.0
313.0
313.0
313.0
313.0
313.0
313.0
313.0
285.0
0.0
-189.0
-296.0
-313.0
-313.0
-313.0
-313.0
-313.0
-313.0
-313.0
-313.0
-313.0
-313.0
-313.0
-313.0
-313.0
-313.0
-313.0
-313.0
-313.0
-313.0
-313.0
-313.0
-313.0
-313.0
-313.0
-313.0
-313.0
-313.0
-313.0
-297.0
-282.0
-249.0
-234.0
-240.0
-221.0
-191.0
-195.0
-213.0
-196.0
-180.0
-167.0
-175.0
-172.0
-181.0
-160.0
-156.0
-142.0
-139.0
-105.0
-112.0
-123.0
-118.0
-106.0
-91.0
-72.0
-73.0
-90.0
-89.0
-77.0
-63.0
-80.0
-38.0
-34.0
-26.0
-34.0
-54.0
-47.0
-39.0
-33.0
-51.0
-36.0
-45.0
-40.0
-54.0
-61.0
-29.0
-65.0
-58.0
-48.0
-29.0
-33.0
-35.0
-7.0
-18.0
-19.0
-30.0
-4.0
-10.0
-16.0
-35.0
-27.0
-17.0
-5.0
0.0
-44.0
-9.0
26.0
17.0
-4.0
8.0
2.0
7.0
-31.0
-5.0
-1.0
0.0
10.0
11.0
25.0
6.0
14.0
-15.0
-13.0
-24.0
2.0
23.0
6.0
8.0
-18.0
6.0
2.0
8.0
19.0
20.0
-37.0
-18.0
-9.0
-13.0
20.0
4.0
6.0
18.0
22.0
21.0
47.0
24.0
0.0
6.0
-5.0
21.0
18.0
2.0
10.0
6.0
14.0
24.0
7.0
17.0
19.0
0.0
-20.0
1.0
-5.0
5.0
-2.0
47.0
44.0
44.0
38.0
17.0
39.0
45.0
28.0
24.0
30.0
13.0
-11.0
4.0
-14.0
-5.0
18.0
13.0
-20.0
-20.0
-27.0
-22.0
-9.0
-24.0
-12.0
7.0
-11.0
24.0
20.0
13.0
17.0
10.0
-10.0
3.0
22.0
-37.0
-13.0
-18.0
-4.0
-41.0
-29.0
-17.0
11.0
22.0
29.0
2.0
24.0
11.0
-4.0
-16.0
7.0
-9.0
4.0
1.0
19.0
-23.0
17.0
-2.0
-6.0
17.0
9.0
1.0
11.0
1.0
-2.0
24.0
42.0
-20.0
-9.0
17.0
-15.0
-5.0
9.0
1.0
25.0
20.0
11.0
6.0
-13.0
11.0
-1.0
8.0
6.0
-1.0
23.0
21.0
8.0
-9.0
11.0
-21.0
-21.0
-4.0
10.0
2.0
9.0
6.0
-4.0
0.0
-8.0
-7.0
-4.0
30.0
2.0
-7.0
14.0
4.0
-11.0
-11.0
-28.0
24.0
-15.0
1.0
-2.0
3.0
-11.0
6.0
6.0
-18.0
-9.0
-54.0
-28.0
-14.0
18.0
24.0
32.0
36.0
5.0
1.0
3.0
-27.0
19.0
-40.0
-24.0
-22.0
-5.0
-22.0
-1.0
-7.0
-12.0
0.0
5.0
9.0
-16.0
-16.0
-22.0
-13.0
-2.0
-6.0
7.0
11.0
17.0
-10.0
-39.0
-39.0
-17.0
-8.0
5.0
-11.0
5.0
11.0
4.0
-12.0
-7.0
-17.0
15.0
-7.0
-16.0
-18.0
-41.0
-10.0
6.0
-43.0
6.0
-2.0
-15.0
2.0
-51.0
-17.0
-35.0
5.0
-44.0
-4.0
-51.0
-33.0
24.0
16.0
6.0
-19.0
-23.0
-1.0
15.0
5.0
1.0
4.0
-4.0
-23.0
-12.0
11.0
9.0
29.0
4.0
-10.0
-37.0
-64.0
-3.0
-6.0
-45.0
-17.0
-11.0
-10.0
-50.0
-34.0
-40.0
-55.0
-45.0
-45.0
-14.0
-9.0
-39.0
-36.0
-22.0
-42.0
-47.0
-46.0
-38.0
-9.0
-27.0
-20.0
-37.0
-30.0
-21.0
-54.0
-73.0
-83.0
-64.0
-113.0
-66.0
-59.0
-62.0
-21.0
-31.0
-46.0
-42.0
-35.0
-41.0
-40.0
18.0
60.0
37.0
22.0
54.0
30.0
54.0
47.0
56.0
93.0
107.0
58.0
66.0
88.0
103.0
85.0
85.0
83.0
59.0
72.0
81.0
55.0
54.0
49.0
33.0
18.0
7.0
19.0
20.0
22.0
9.0
-48.0
5.0
-53.0
14.0
-35.0
-8.0
-10.0
-20.0
-2.0
-36.0
-12.0
-31.0
-30.0
-29.0
-46.0
7.0
-10.0
-13.0
-9.0
5.0
-20.0
-13.0
-41.0
-45.0
-74.0
-35.0
-48.0
13.0
-11.0
-24.0
-27.0
-15.0
-4.0
-29.0
-31.0
-26.0
-34.0
-19.0
13.0
2.0
7.0
-12.0
-12.0
-54.0
-7.0
-35.0
-27.0
23.0
8.0
5.0
-22.0
-13.0
-21.0
-21.0
-21.0
-12.0
2.0
18.0
-42.0
-8.0
-12.0
17.0
62.0
122.0
158.0
197.0
192.0
189.0
179.0
160.0
127.0
82.0
52.0
14.0
8.0
4.0
4.0
-28.0
-16.0
-45.0
-19.0
-29.0
-52.0
-31.0
-54.0
-43.0
-45.0
-64.0
-29.0
-57.0
-38.0
-36.0
-31.0
-23.0
-29.0
-33.0
-28.0
-63.0
-49.0
-31.0
-39.0
-47.0
-17.0
-22.0
-36.0
-21.0
-15.0
-37.0
-1.0
-43.0
-19.0
-51.0
-37.0
-55.0
-41.0
-47.0
-37.0
2.0
-33.0
-41.0
-40.0
-13.0
-19.0
14.0
-16.0
12.0
11.0
-11.0
-15.0
0.0
-14.0
-20.0
-46.0
-28.0
-15.0
-41.0
-29.0
-52.0
-33.0
-46.0
-9.0
-10.0
-12.0
-31.0
-27.0
-39.0
-27.0
-18.0
-10.0
-14.0
8.0
12.0
9.0
2.0
-17.0
-15.0
-20.0
16.0
0.0
-8.0
-6.0
10.0
-10.0
-20.0
-13.0
-3.0
-1.0
-7.0
-11.0
-23.0
-17.0
-23.0
-26.0
-28.0
-20.0
-1.0
1.0
-16.0
18.0
3.0
11.0
7.0
13.0
29.0
18.0
12.0
18.0
1.0
-28.0
-5.0
-21.0
-21.0
-6.0
-12.0
16.0
5.0
-17.0
-12.0
-23.0
-19.0
14.0
18.0
27.0
16.0
-11.0
16.0
18.0
-11.0
21.0
-6.0
-16.0
10.0
-8.0
8.0
0.0
-9.0
-14.0
6.0
4.0
3.0
7.0
8.0
15.0
4.0
-7.0
16.0
15.0
18.0
-1.0
16.0
9.0
-4.0
-9.0
-28.0
-5.0
-26.0
-24.0
-10.0
20.0
25.0
-16.0
-5.0
-14.0
-26.0
19.0
6.0
8.0
6.0
2.0
25.0
2.0
0.0
-20.0
4.0
8.0
-30.0
-32.0
-4.0
-4.0
-14.0
-7.0
-8.0
-1.0
16.0
-25.0
-11.0
-14.0
-25.0
-27.0
-31.0
-25.0
-45.0
-8.0
-21.0
-12.0
3.0
13.0
17.0
0.0
-15.0
-21.0
-27.0
-26.0
-36.0
4.0
0.0
4.0
6.0
11.0
20.0
-27.0
-16.0
-1.0
-5.0
-4.0
-10.0
-10.0
9.0
-43.0
-8.0
-21.0
1.0
-11.0
0.0
-2.0
6.0
7.0
-23.0
13.0
-16.0
-12.0
-2.0
-5.0
-3.0
-12.0
17.0
3.0
10.0
-6.0
17.0
-31.0
-7.0
-1.0
7.0
3.0
0.0
3.0
-5.0
-16.0
-26.0
-22.0
4.0
-2.0
2.0
15.0
5.0
8.0
21.0
14.0
8.0
-19.0
19.0
26.0
32.0
4.0
-6.0
-5.0
-11.0
-7.0
6.0
-5.0
8.0
-6.0
4.0
-36.0
-47.0
-47.0
-67.0
-68.0
-50.0
-50.0
-47.0
-20.0
-17.0
2.0
7.0
9.0
7.0
18.0
9.0
-23.0
-22.0
-16.0
9.0
1.0
-26.0
-29.0
2.0
-5.0
4.0
8.0
17.0
21.0
6.0
-24.0
-4.0
-1.0
5.0
12.0
9.0
9.0
6.0
12.0
8.0
16.0
-6.0
-12.0
-7.0
-1.0
-5.0
-6.0
-9.0
-1.0
-5.0
12.0
17.0
11.0
8.0
-9.0
-16.0
17.0
13.0
-5.0
-30.0
-10.0
-26.0
-24.0
-4.0
-16.0
0.0
8.0
-13.0
-20.0
0.0
-8.0
-13.0
-12.0
-16.0
-1.0
29.0
17.0
10.0
11.0
-6.0
6.0
-24.0
-23.0
-36.0
-35.0
-11.0
11.0
15.0
9.0
12.0
15.0
40.0
41.0
11.0
18.0
-10.0
-2.0
-17.0
-25.0
12.0
-2.0
15.0
9.0
7.0
-1.0
-13.0
-26.0
-23.0
-24.0
-21.0
-30.0
-41.0
-34.0
34.0
16.0
25.0
33.0
15.0
-17.0
46.0
-89.0
32.0
-18.0
11.0
-20.0
-17.0
4.0
-18.0
17.0
-41.0
-34.0
-52.0
-59.0
-44.0
-77.0
-153.0
-229.0
-71.0
-23.0
313.0
313.0
313.0
313.0
313.0
287.0
289.0
183.0
105.0
69.0
149.0
62.0
30.0
51.0
38.0
-186.0
-46.0
-119.0
-96.0
-133.0
-313.0
-152.0
-92.0
-96.0
-74.0
-30.0
-1.0
-40.0
5.0
181.0
285.0
226.0
190.0
313.0
313.0
313.0
313.0
313.0
313.0
313.0
159.0
39.0
-69.0
-76.0
-133.0
-185.0
-238.0
-313.0
-302.0
-313.0
-313.0
-313.0
-313.0
-313.0
-313.0
-313.0
-313.0
-298.0
-285.0
-273.0
-248.0
-240.0
-200.0
-209.0
-213.0
-197.0
-178.0
-188.0
-264.0
-170.0
-170.0
-147.0
-155.0
-156.0
-99.0
-138.0
-123.0
-185.0
-135.0
-92.0
-96.0
-74.0
-34.0
-36.0
-38.0
-2.0
-14.0
-20.0
6.0
22.0
12.0
20.0
15.0
15.0
-4.0
22.0
36.0
26.0
25.0
25.0
32.0
-2.0
32.0
23.0
-2.0
13.0
-19.0
-9.0
-9.0
9.0
-27.0
-17.0
9.0
17.0
26.0
16.0
2.0
-2.0
3.0
-4.0
17.0
20.0
24.0
24.0
19.0
36.0
52.0
25.0
16.0
-16.0
-19.0
-18.0
-9.0
-13.0
12.0
22.0
36.0
19.0
14.0
30.0
9.0
29.0
3.0
2.0
17.0
24.0
18.0
18.0
12.0
-16.0
-20.0
-17.0
-40.0
-35.0
-43.0
-13.0
-6.0
26.0
33.0
25.0
28.0
2.0
13.0
22.0
13.0
13.0
6.0
6.0
22.0
25.0
3.0
3.0
17.0
14.0
30.0
24.0
3.0
15.0
34.0
46.0
28.0
3.0
7.0
6.0
9.0
15.0
1.0
33.0
4.0
-24.0
-13.0
-6.0
-6.0
-11.0
11.0
29.0
12.0
56.0
-20.0
19.0
-25.0
48.0
3.0
8.0
-3.0
-26.0
-29.0
-30.0
-41.0
-52.0
-16.0
-42.0
-34.0
-29.0
-32.0
-8.0
-16.0
-2.0
-19.0
14.0
15.0
30.0
35.0
28.0
7.0
28.0
-8.0
-9.0
-13.0
1.0
-18.0
-20.0
-10.0
-8.0
9.0
-14.0
-4.0
17.0
-27.0
-17.0
-35.0
-42.0
-26.0
-27.0
-19.0
10.0
1.0
17.0
4.0
22.0
-2.0
6.0
6.0
5.0
4.0
7.0
10.0
-2.0
5.0
44.0
57.0
28.0
31.0
33.0
20.0
13.0
30.0
17.0
31.0
-17.0
7.0
-4.0
16.0
11.0
-3.0
49.0
39.0
26.0
-20.0
29.0
-4.0
37.0
18.0
21.0
26.0
37.0
-9.0
36.0
19.0
7.0
-21.0
14.0
-25.0
-25.0
0.0
-20.0
14.0
-9.0
-29.0
-2.0
6.0
5.0
-27.0
-28.0
20.0
1.0
1.0
-22.0
20.0
18.0
-23.0
-25.0
-13.0
-9.0
-15.0
2.0
33.0
14.0
9.0
8.0
12.0
2.0
5.0
11.0
11.0
23.0
11.0
8.0
-8.0
2.0
2.0
5.0
-10.0
-16.0
-6.0
-20.0
-12.0
-32.0
-21.0
-26.0
17.0
-6.0
14.0
15.0
28.0
12.0
10.0
4.0
-2.0
15.0
-11.0
-16.0
1.0
-8.0
9.0
-2.0
9.0
-4.0
-3.0
9.0
-13.0
-8.0
-8.0
-7.0
7.0
11.0
-3.0
-4.0
6.0
-5.0
-14.0
-7.0
-4.0
-5.0
8.0
-2.0
-44.0
-46.0
-64.0
-89.0
-83.0
-75.0
-56.0
-56.0
-22.0
-11.0
-11.0
-29.0
-4.0
-5.0
3.0
14.0
28.0
29.0
9.0
20.0
3.0
11.0
83.0
147.0
143.0
97.0
59.0
59.0
33.0
14.0
-5.0
-25.0
-54.0
-69.0
-81.0
-70.0
-45.0
-43.0
-58.0
-52.0
-85.0
-45.0
-49.0
-9.0
-5.0
-3.0
-9.0
-7.0
-15.0
-2.0
0.0
-8.0
-8.0
-10.0
-16.0
-15.0
-14.0
-8.0
-3.0
-4.0
11.0
0.0
20.0
12.0
4.0
-7.0
4.0
7.0
-3.0
7.0
3.0
-18.0
-17.0
-8.0
-21.0
-18.0
38.0
39.0
20.0
-14.0
8.0
-8.0
-34.0
23.0
15.0
0.0
-8.0
-4.0
-12.0
18.0
37.0
11.0
14.0
20.0
-1.0
-9.0
-27.0
-26.0
5.0
8.0
2.0
17.0
-20.0
15.0
13.0
39.0
11.0
11.0
14.0
5.0
-17.0
11.0
21.0
-5.0
-2.0
-36.0
-20.0
-18.0
-8.0
14.0
-2.0
-1.0
-25.0
-9.0
-18.0
-6.0
15.0
21.0
-2.0
2.0
-3.0
20.0
-13.0
-5.0
-7.0
-3.0
-19.0
-22.0
12.0
2.0
18.0
10.0
4.0
9.0
-19.0
-7.0
-16.0
-16.0
-15.0
-7.0
-15.0
-23.0
4.0
-18.0
-53.0
-44.0
-13.0
-18.0
-20.0
-9.0
-8.0
-15.0
-6.0
-2.0
-16.0
-16.0
-5.0
-7.0
-17.0
7.0
-4.0
-18.0
-9.0
0.0
31.0
11.0
24.0
18.0
6.0
2.0
-27.0
-17.0
-23.0
-14.0
0.0
-26.0
2.0
10.0
24.0
1.0
28.0
14.0
14.0
23.0
13.0
12.0
10.0
17.0
13.0
-11.0
-7.0
10.0
17.0
-6.0
-20.0
-30.0
-35.0
-31.0
-31.0
-31.0
-27.0
-18.0
8.0
11.0
-5.0
-19.0
-23.0
-24.0
-56.0
-20.0
11.0
-1.0
4.0
-14.0
2.0
-13.0
8.0
6.0
23.0
17.0
2.0
11.0
-3.0
-2.0
-14.0
-4.0
-2.0
-7.0
14.0
-7.0
3.0
11.0
13.0
5.0
1.0
-13.0
-7.0
-12.0
-12.0
-12.0
-9.0
-7.0
22.0
20.0
46.0
41.0
23.0
27.0
-5.0
13.0
26.0
23.0
12.0
5.0
0.0
-18.0
-8.0
-10.0
-5.0
1.0
-18.0
-17.0
-33.0
-29.0
-59.0
-40.0
-50.0
-52.0
-55.0
-77.0
-47.0
-29.0
-17.0
-29.0
-3.0
-11.0
-4.0
-3.0
10.0
-12.0
-9.0
9.0
-18.0
-20.0
-26.0
24.0
-9.0
-12.0
17.0
12.0
-14.0
-5.0
-1.0
-22.0
3.0
37.0
0.0
1.0
5.0
24.0
34.0
33.0
6.0
-20.0
-23.0
-2.0
-11.0
-14.0
-3.0
6.0
-7.0
-22.0
12.0
80.0
75.0
43.0
1.0
-8.0
-16.0
-25.0
-41.0
-70.0
-40.0
-46.0
-33.0
-8.0
-23.0
-26.0
-42.0
-10.0
-5.0
-33.0
-35.0
-27.0
-22.0
-10.0
-9.0
-6.0
-1.0
10.0
-11.0
-8.0
-9.0
-7.0
-50.0
-41.0
-11.0
-14.0
0.0
-1.0
16.0
-22.0
2.0
-2.0
7.0
-5.0
-1.0
-10.0
-15.0
-17.0
3.0
-10.0
-6.0
-17.0
3.0
25.0
32.0
28.0
-2.0
-3.0
-2.0
19.0
-19.0
3.0
-34.0
12.0
39.0
40.0
30.0
20.0
9.0
-11.0
18.0
-23.0
12.0
10.0
9.0
1.0
15.0
5.0
-8.0
-7.0
-14.0
-10.0
-16.0
-50.0
-7.0
0.0
-23.0
-8.0
-24.0
-8.0
-28.0
-31.0
2.0
-3.0
4.0
2.0
11.0
15.0
-1.0
5.0
5.0
25.0
17.0
8.0
-8.0
15.0
-13.0
-9.0
-7.0
-16.0
5.0
3.0
-13.0
1.0
-3.0
-8.0
20.0
-15.0
10.0
10.0
16.0
-3.0
16.0
-8.0
0.0
5.0
-2.0
9.0
9.0
14.0
-25.0
-13.0
-2.0
-24.0
-2.0
1.0
-9.0
-2.0
0.0
-1.0
-37.0
15.0
16.0
10.0
-7.0
-3.0
28.0
1.0
12.0
22.0
-5.0
10.0
7.0
9.0
5.0
9.0
-11.0
-18.0
-8.0
-8.0
-11.0
-10.0
-3.0
-1.0
-10.0
-13.0
-27.0
1.0
14.0
4.0
-5.0
13.0
-5.0
11.0
-20.0
-28.0
-36.0
-27.0
4.0
19.0
4.0
7.0
1.0
-32.0
-26.0
-25.0
-37.0
-4.0
-5.0
11.0
-6.0
26.0
23.0
22.0
-8.0
-12.0
2.0
-7.0
-15.0
-31.0
-27.0
-33.0
-20.0
-21.0
-15.0
-11.0
-24.0
-8.0
22.0
-17.0
-12.0
-21.0
-11.0
4.0
7.0
9.0
-22.0
2.0
-15.0
-4.0
13.0
-5.0
-8.0
-18.0
-15.0
-7.0
-23.0
7.0
9.0
0.0
-3.0
-14.0
-8.0
-14.0
-12.0
-5.0
-10.0
-7.0
7.0
-12.0
3.0
-2.0
-28.0
-2.0
16.0
15.0
11.0
2.0
-21.0
-9.0
-1.0
-13.0
-10.0
0.0
-1.0
0.0
-9.0
-1.0
-13.0
8.0
1.0
2.0
20.0
-11.0
-23.0
-17.0
-8.0
-41.0
-9.0
-8.0
4.0
-28.0
-20.0
-3.0
-6.0
-8.0
-13.0
8.0
6.0
15.0
2.0
-13.0
3.0
43.0
224.0
239.0
202.0
144.0
78.0
-7.0
-56.0
-78.0
-94.0
-109.0
-95.0
-92.0
-103.0
-108.0
-102.0
-86.0
-64.0
-73.0
-19.0
-21.0
0.0
0.0
-9.0
-13.0
-26.0
-15.0
-20.0
-12.0
-27.0
6.0
-16.0
-12.0
22.0
-2.0
-9.0
-16.0
14.0
-1.0
16.0
6.0
-1.0
1.0
-12.0
3.0
14.0
41.0
19.0
24.0
13.0
-16.0
-11.0
-15.0
2.0
6.0
-7.0
10.0
10.0
7.0
-18.0
-21.0
14.0
14.0
-4.0
-2.0
-29.0
-37.0
14.0
7.0
21.0
19.0
19.0
19.0
12.0
18.0
-12.0
-3.0
0.0
0.0
6.0
2.0
11.0
11.0
9.0
17.0
46.0
6.0
-17.0
-18.0
-1.0
-17.0
-5.0
-6.0
-21.0
-28.0
-18.0
0.0
7.0
-6.0
18.0
-6.0
-24.0
-20.0
-15.0
-7.0
-24.0
-19.0
-6.0
-13.0
-17.0
-20.0
10.0
8.0
20.0
13.0
-11.0
-2.0
21.0
-6.0
-24.0
1.0
3.0
17.0
12.0
-3.0
-5.0
-21.0
-24.0
-15.0
-10.0
22.0
3.0
4.0
-14.0
-8.0
-17.0
-23.0
-4.0
-12.0
-23.0
-17.0
-2.0
-9.0
6.0
5.0
27.0
12.0
-5.0
-8.0
-22.0
2.0
9.0
13.0
-9.0
-4.0
2.0
-28.0
-20.0
2.0
40.0
-19.0
4.0
1.0
-5.0
6.0
-1.0
9.0
-6.0
-26.0
10.0
-17.0
11.0
10.0
3.0
0.0
-15.0
-15.0
-9.0
-8.0
14.0
-10.0
19.0
20.0
26.0
31.0
20.0
-17.0
9.0
-18.0
-7.0
2.0
-3.0
-8.0
-34.0
-5.0
-1.0
-9.0
-13.0
-17.0
-23.0
-26.0
-25.0
-24.0
-14.0
-5.0
-24.0
12.0
-18.0
-11.0
48.0
87.0
108.0
106.0
88.0
64.0
27.0
27.0
-20.0
-32.0
-29.0
-57.0
-69.0
-72.0
-71.0
-79.0
-73.0
-73.0
-69.0
-61.0
-64.0
-46.0
-21.0
-22.0
-30.0
8.0
3.0
19.0
15.0
9.0
-5.0
20.0
11.0
17.0
4.0
-15.0
-17.0
-12.0
-11.0
8.0
3.0
-21.0
2.0
-2.0
2.0
9.0
-19.0
-11.0
7.0
-2.0
-12.0
-17.0
-11.0
-11.0
-12.0
-29.0
-4.0
11.0
-26.0
-30.0
-35.0
-9.0
-6.0
-9.0
-19.0
23.0
20.0
14.0
-3.0
-22.0
-1.0
2.0
-15.0
-11.0
-38.0
-13.0
-18.0
-25.0
-9.0
-9.0
21.0
-1.0
44.0
44.0
7.0
25.0
17.0
8.0
-2.0
12.0
7.0
29.0
11.0
19.0
18.0
26.0
24.0
6.0
18.0
2.0
10.0
-3.0
-7.0
-4.0
-38.0
-7.0
-27.0
-17.0
1.0
-30.0
-16.0
-28.0
-31.0
-27.0
-15.0
-19.0
-33.0
-35.0
-34.0
-27.0
-34.0
-16.0
-24.0
-28.0
-13.0
-38.0
-2.0
-10.0
-17.0
16.0
-28.0
-2.0
-30.0
-29.0
0.0
-38.0
11.0
7.0
24.0
22.0
19.0
24.0
20.0
16.0
22.0
-8.0
22.0
8.0
33.0
4.0
29.0
5.0
-15.0
-15.0
-32.0
-15.0
-25.0
-33.0
-45.0
-13.0
-36.0
-41.0
-39.0
-40.0
-13.0
9.0
-15.0
-11.0
10.0
10.0
-30.0
-1.0
-11.0
-7.0
-25.0
-28.0
-13.0
-5.0
-2.0
-5.0
2.0
9.0
5.0
3.0
17.0
0.0
4.0
-21.0
-18.0
24.0
16.0
8.0
16.0
23.0
13.0
17.0
1.0
-13.0
16.0
43.0
-62.0
5.0
51.0
84.0
25.0
17.0
50.0
34.0
23.0
17.0
13.0
-3.0
-19.0
-31.0
-30.0
-19.0
-5.0
-16.0
-4.0
-10.0
-63.0
-35.0
2.0
6.0
-13.0
-1.0
-31.0
-36.0
-15.0
-19.0
-16.0
7.0
4.0
3.0
-4.0
-10.0
-8.0
-5.0
-21.0
6.0
2.0
11.0
-1.0
-3.0
32.0
32.0
19.0
0.0
-3.0
9.0
-4.0
0.0
11.0
12.0
17.0
8.0
2.0
-23.0
-8.0
-4.0
-6.0
-3.0
-20.0
-14.0
-20.0
-28.0
210.0
194.0
133.0
70.0
-1.0
-20.0
-33.0
-42.0
-86.0
-98.0
-102.0
-91.0
-87.0
-76.0
-76.0
-50.0
-54.0
-53.0
-42.0
-52.0
-21.0
-17.0
-13.0
6.0
-19.0
18.0
27.0
29.0
-7.0
3.0
-7.0
-5.0
8.0
-8.0
7.0
-16.0
4.0
3.0
0.0
16.0
-36.0
12.0
-5.0
1.0
8.0
5.0
14.0
21.0
4.0
1.0
-10.0
4.0
-24.0
6.0
8.0
46.0
0.0
-3.0
29.0
4.0
29.0
3.0
34.0
1.0
13.0
25.0
9.0
6.0
-2.0
9.0
-10.0
-11.0
-15.0
3.0
6.0
-12.0
-17.0
-14.0
-21.0
-49.0
-36.0
-46.0
-26.0
-31.0
-9.0
-13.0
13.0
16.0
22.0
-1.0
7.0
12.0
13.0
1.0
15.0
16.0
35.0
26.0
24.0
27.0
12.0
-11.0
-18.0
-8.0
-10.0
21.0
0.0
0.0
7.0
4.0
-11.0
-29.0
0.0
10.0
-15.0
-20.0
-2.0
-6.0
-15.0
-3.0
7.0
-9.0
-33.0
-32.0
-33.0
-27.0
-9.0
-4.0
11.0
20.0
7.0
7.0
-2.0
-6.0
5.0
-2.0
11.0
24.0
9.0
8.0
1.0
-15.0
1.0
-18.0
-23.0
-7.0
2.0
0.0
10.0
12.0
2.0
-12.0
0.0
7.0
-20.0
-32.0
-12.0
-15.0
13.0
9.0
2.0
-9.0
-11.0
-17.0
-13.0
3.0
-41.0
-46.0
-42.0
-8.0
15.0
3.0
20.0
1.0
-3.0
-8.0
-19.0
-17.0
14.0
-2.0
28.0
24.0
10.0
8.0
3.0
4.0
-20.0
-13.0
19.0
14.0
-11.0
-14.0
-37.0
-15.0
-19.0
-4.0
-8.0
-8.0
4.0
-1.0
13.0
5.0
-22.0
-24.0
-7.0
-26.0
-49.0
-50.0
-49.0
-25.0
-16.0
-21.0
-13.0
-4.0
18.0
-15.0
10.0
1.0
-4.0
-9.0
4.0
-3.0
-9.0
-32.0
-21.0
-3.0
6.0
8.0
-4.0
36.0
31.0
35.0
6.0
-26.0
-37.0
-23.0
4.0
14.0
-11.0
-4.0
-11.0
7.0
20.0
7.0
15.0
10.0
-20.0
-20.0
-14.0
-32.0
-33.0
-27.0
-18.0
-1.0
4.0
-1.0
-26.0
-24.0
2.0
8.0
11.0
0.0
-3.0
-9.0
-12.0
-7.0
-4.0
-6.0
-1.0
-13.0
-20.0
-9.0
0.0
-13.0
-31.0
-18.0
-12.0
-5.0
-12.0
9.0
-171.0
-68.0
-42.0
-29.0
-114.0
44.0
146.0
167.0
246.0
182.0
57.0
-40.0
-10.0
-73.0
-7.0
-100.0
83.0
62.0
82.0
64.0
-30.0
-19.0
-13.0
4.0
-14.0
-17.0
-33.0
-49.0
-30.0
-33.0
11.0
-4.0
22.0
2.0
-2.0
-12.0
-29.0
-30.0
-45.0
-23.0
-24.0
-27.0
3.0
-52.0
-37.0
-4.0
-29.0
-42.0
-20.0
-19.0
6.0
-13.0
-22.0
-51.0
-5.0
-4.0
-5.0
-23.0
34.0
32.0
40.0
37.0
-11.0
17.0
8.0
-9.0
-17.0
11.0
11.0
-4.0
-12.0
-18.0
-23.0
22.0
-3.0
14.0
-16.0
-61.0
15.0
-71.0
-83.0
-30.0
-26.0
-42.0
-38.0
70.0
-20.0
16.0
-56.0
-81.0
18.0
12.0
46.0
-98.0
-33.0
-19.0
-60.0
-95.0
-173.0
19.0
26.0
-23.0
94.0
0.0
-50.0
-21.0
19.0
-23.0
1.0
22.0
13.0
8.0
39.0
42.0
51.0
-43.0
43.0
14.0
-50.0
0.0
5.0
6.0
-9.0
18.0
-56.0
-24.0
13.0
6.0
-14.0
-47.0
59.0
184.0
25.0
-18.0
-15.0
12.0
37.0
15.0
101.0
-28.0
6.0
-23.0
70.0
-8.0
-32.0
20.0
37.0
-36.0
-34.0
16.0
43.0
95.0
-63.0
2.0
-33.0
-70.0
-97.0
-21.0
-18.0
-45.0
11.0
7.0
31.0
41.0
71.0
55.0
-27.0
21.0
-16.0
-37.0
-2.0
-24.0
-82.0
-3.0
-39.0
-12.0
8.0
97.0
-27.0
-44.0
6.0
-63.0
-3.0
-11.0
-11.0
34.0
16.0
14.0
-93.0
39.0
-26.0
11.0
31.0
29.0
7.0
-15.0
20.0
-11.0
177.0
185.0
184.0
25.0
-26.0
-207.0
-249.0
-313.0
-294.0
-171.0
30.0
21.0
33.0
80.0
134.0
290.0
264.0
313.0
313.0
313.0
313.0
313.0
313.0
313.0
313.0
313.0
313.0
313.0
313.0
313.0
313.0
313.0
98.0
-123.0
-269.0
-313.0
-313.0
-313.0
-313.0
-313.0
-313.0
-313.0
-313.0
-313.0
-313.0
-313.0
-313.0
-313.0
-313.0
-313.0
-313.0
-313.0
-313.0
-313.0
-313.0
-313.0
-313.0
-313.0
-304.0
-308.0
-313.0
-313.0
-297.0
-287.0
-284.0
-249.0
-250.0
-221.0
-207.0
-206.0
-158.0
-180.0
-150.0
-91.0
-92.0
-103.0
-101.0
-125.0
-127.0
-144.0
-131.0
-94.0
-115.0
-123.0
-132.0
-124.0
-116.0
-136.0
-113.0
-109.0
-103.0
-91.0
-91.0
-75.0
-68.0
-89.0
-76.0
-59.0
-90.0
-82.0
-42.0
-61.0
-79.0
-75.0
-57.0
-51.0
-57.0
-19.0
-19.0
-20.0
-6.0
-21.0
-35.0
-21.0
-15.0
-30.0
-50.0
-39.0
3.0
4.0
-1.0
-26.0
-32.0
-13.0
-19.0
-55.0
-29.0
-38.0
-12.0
-15.0
-44.0
-30.0
-31.0
-38.0
-68.0
-27.0
-37.0
-24.0
-21.0
-27.0
-17.0
-14.0
-15.0
-37.0
-18.0
-10.0
-16.0
-7.0
-29.0
-28.0
-3.0
-25.0
-30.0
-16.0
-33.0
-53.0
-23.0
8.0
18.0
18.0
30.0
93.0
166.0
149.0
109.0
58.0
51.0
-10.0
-9.0
-10.0
-5.0
-23.0
-26.0
-37.0
-38.0
-35.0
-37.0
-8.0
-9.0
-2.0
1.0
-19.0
-14.0
9.0
19.0
24.0
13.0
33.0
17.0
24.0
-7.0
12.0
13.0
15.0
-10.0
42.0
26.0
29.0
41.0
40.0
39.0
33.0
7.0
6.0
3.0
-1.0
7.0
10.0
3.0
16.0
17.0
15.0
3.0
25.0
3.0
21.0
10.0
12.0
2.0
3.0
23.0
17.0
-5.0
8.0
21.0
15.0
51.0
31.0
70.0
71.0
-5.0
-34.0
29.0
35.0
47.0
44.0
70.0
68.0
19.0
18.0
39.0
11.0
-9.0
-12.0
-11.0
19.0
31.0
15.0
31.0
25.0
24.0
31.0
22.0
2.0
2.0
-15.0
5.0
-13.0
9.0
8.0
12.0
40.0
4.0
8.0
17.0
2.0
35.0
18.0
5.0
12.0
-6.0
-10.0
-21.0
-7.0
-16.0
-7.0
-9.0
17.0
13.0
9.0
-13.0
-4.0
1.0
13.0
24.0
-1.0
14.0
9.0
1.0
7.0
21.0
6.0
-16.0
-14.0
3.0
9.0
-2.0
12.0
-20.0
-32.0
3.0
12.0
-23.0
12.0
-20.0
-6.0
13.0
-4.0
-13.0
-19.0
-27.0
-4.0
-23.0
-10.0
-22.0
-6.0
-22.0
-14.0
17.0
10.0
11.0
8.0
16.0
16.0
-1.0
-6.0
3.0
-28.0
-28.0
-19.0
-35.0
-38.0
-14.0
71.0
70.0
45.0
29.0
-20.0
2.0
-13.0
-21.0
-40.0
-51.0
-60.0
-46.0
-24.0
-31.0
-45.0
-44.0
-48.0
-26.0
-65.0
-36.0
-45.0
-33.0
-23.0
-13.0
-29.0
-20.0
-16.0
-11.0
-17.0
-5.0
32.0
27.0
47.0
33.0
19.0
6.0
29.0
32.0
39.0
15.0
9.0
30.0
30.0
30.0
46.0
32.0
29.0
37.0
35.0
7.0
1.0
21.0
41.0
38.0
21.0
-6.0
0.0
0.0
-9.0
-2.0
-32.0
-11.0
-36.0
-46.0
-29.0
21.0
22.0
-5.0
0.0
-14.0
-6.0
-32.0
-36.0
-15.0
22.0
22.0
9.0
-13.0
-2.0
-27.0
-17.0
-9.0
-4.0
-8.0
-37.0
-4.0
2.0
0.0
-26.0
-22.0
-32.0
-26.0
-35.0
-3.0
-1.0
5.0
2.0
-11.0
-37.0
-50.0
-38.0
-30.0
-25.0
-22.0
-19.0
9.0
9.0
-15.0
-18.0
-32.0
-27.0
28.0
8.0
-16.0
-35.0
-23.0
-17.0
0.0
-20.0
-9.0
-13.0
13.0
-13.0
8.0
26.0
-20.0
-13.0
0.0
-9.0
-20.0
1.0
-11.0
-14.0
-3.0
-7.0
8.0
0.0
11.0
-7.0
-3.0
11.0
21.0
22.0
26.0
38.0
36.0
53.0
27.0
38.0
12.0
25.0
-22.0
-18.0
-11.0
-13.0
-17.0
-19.0
-9.0
-4.0
-5.0
-13.0
39.0
118.0
121.0
83.0
40.0
47.0
-25.0
-46.0
-68.0
-61.0
-66.0
-38.0
-46.0
-52.0
-45.0
-43.0
-57.0
-55.0
-46.0
-28.0
-24.0
-24.0
-21.0
-24.0
-36.0
-38.0
-48.0
-39.0
-22.0
-39.0
2.0
-5.0
-4.0
18.0
3.0
9.0
-3.0
-19.0
-5.0
-23.0
-20.0
-19.0
-2.0
10.0
-9.0
9.0
0.0
-6.0
-14.0
-25.0
-12.0
-23.0
-29.0
20.0
10.0
10.0
0.0
11.0
16.0
-5.0
-8.0
-5.0
0.0
11.0
-1.0
5.0
8.0
-5.0
6.0
-8.0
-24.0
0.0
-30.0
-19.0
2.0
4.0
3.0
5.0
5.0
16.0
-1.0
18.0
-30.0
-32.0
-9.0
-3.0
0.0
-1.0
-22.0
-19.0
10.0
1.0
-5.0
-30.0
-8.0
-1.0
-11.0
3.0
-27.0
-20.0
5.0
-27.0
-20.0
-7.0
-2.0
-7.0
-7.0
-4.0
16.0
6.0
-4.0
-21.0
-3.0
23.0
3.0
-4.0
14.0
17.0
35.0
27.0
27.0
58.0
56.0
39.0
-13.0
-8.0
-22.0
-46.0
-61.0
-68.0
-54.0
-56.0
-71.0
-56.0
-9.0
-13.0
0.0
12.0
-21.0
11.0
12.0
-4.0
24.0
94.0
99.0
103.0
76.0
48.0
7.0
-17.0
-50.0
-71.0
-74.0
-93.0
-67.0
-68.0
-92.0
-46.0
-23.0
-5.0
-37.0
-14.0
-20.0
11.0
9.0
12.0
22.0
7.0
-15.0
-24.0
-19.0
-8.0
9.0
9.0
8.0
13.0
23.0
7.0
7.0
-3.0
12.0
-5.0
10.0
45.0
54.0
50.0
33.0
42.0
-5.0
-10.0
-22.0
-17.0
-11.0
-22.0
-33.0
-34.0
-32.0
-41.0
-35.0
-27.0
-31.0
-34.0
-26.0
-13.0
4.0
8.0
11.0
6.0
22.0
15.0
5.0
-4.0
-1.0
-18.0
-10.0
-9.0
-16.0
-22.0
-12.0
-11.0
-15.0
-26.0
-29.0
16.0
16.0
13.0
29.0
21.0
-22.0
-3.0
-29.0
-29.0
-9.0
-9.0
-9.0
-10.0
-9.0
-26.0
-11.0
-7.0
-20.0
14.0
11.0
19.0
21.0
23.0
-22.0
9.0
-34.0
-29.0
-25.0
-12.0
15.0
140.0
120.0
119.0
53.0
15.0
-17.0
-32.0
-34.0
-37.0
-42.0
-70.0
-55.0
-46.0
-55.0
-54.0
-58.0
-42.0
-39.0
-7.0
-3.0
29.0
-4.0
-1.0
-21.0
7.0
5.0
31.0
4.0
-31.0
-22.0
-30.0
-28.0
-31.0
-43.0
-31.0
-1.0
-4.0
9.0
24.0
31.0
16.0
2.0
19.0
17.0
-8.0
-5.0
0.0
-2.0
-33.0
-14.0
11.0
20.0
14.0
21.0
-15.0
21.0
18.0
19.0
-11.0
-4.0
4.0
-5.0
-4.0
-28.0
8.0
-4.0
24.0
-17.0
10.0
1.0
-19.0
-4.0
0.0
-2.0
7.0
2.0
-25.0
-8.0
-4.0
29.0
-1.0
-25.0
-22.0
-35.0
-16.0
-18.0
-4.0
-19.0
-4.0
14.0
-2.0
5.0
6.0
0.0
-3.0
3.0
17.0
-3.0
-5.0
-14.0
-19.0
-6.0
0.0
-26.0
-22.0
-30.0
2.0
20.0
92.0
115.0
103.0
46.0
54.0
11.0
0.0
-36.0
-56.0
-47.0
-74.0
-71.0
-65.0
-33.0
-38.0
-12.0
-28.0
-34.0
-55.0
-33.0
-5.0
38.0
15.0
4.0
5.0
-18.0
-24.0
-21.0
-16.0
-38.0
-62.0
-26.0
-4.0
9.0
8.0
8.0
9.0
12.0
19.0
30.0
28.0
27.0
30.0
5.0
18.0
9.0
0.0
-23.0
-38.0
-37.0
-37.0
-14.0
6.0
16.0
6.0
18.0
27.0
-3.0
11.0
-5.0
-17.0
16.0
9.0
-8.0
-4.0
-26.0
-31.0
-33.0
-19.0
-29.0
-26.0
7.0
-23.0
-5.0
-14.0
-13.0
15.0
4.0
2.0
-3.0
-13.0
-17.0
-23.0
-11.0
5.0
-9.0
12.0
-6.0
-28.0
-13.0
-10.0
-33.0
-47.0
-18.0
-28.0
-4.0
3.0
22.0
22.0
13.0
9.0
27.0
10.0
17.0
20.0
28.0
39.0
21.0
9.0
18.0
-18.0
-22.0
-25.0
-13.0
-13.0
-14.0
-16.0
-2.0
-1.0
-19.0
-8.0
-12.0
-1.0
2.0
-3.0
-11.0
26.0
22.0
-7.0
4.0
5.0
7.0
5.0
-14.0
-7.0
-7.0
-24.0
-25.0
-14.0
-4.0
0.0
-14.0
-13.0
10.0
10.0
8.0
24.0
41.0
5.0
-27.0
-18.0
-42.0
-6.0
-4.0
-8.0
-29.0
-35.0
-18.0
-13.0
-31.0
-34.0
-16.0
-2.0
1.0
0.0
-13.0
-5.0
-32.0
-10.0
25.0
30.0
-17.0
-10.0
-55.0
-55.0
-39.0
-37.0
-11.0
1.0
-4.0
7.0
9.0
14.0
-5.0
-5.0
-11.0
-27.0
-16.0
-48.0
-21.0
-21.0
-10.0
-24.0
-7.0
-5.0
16.0
64.0
72.0
68.0
69.0
79.0
97.0
79.0
55.0
66.0
58.0
72.0
61.0
15.0
125.0
24.0
17.0
34.0
24.0
26.0
12.0
1.0
0.0
-29.0
-18.0
-8.0
-36.0
4.0
-3.0
-3.0
10.0
-22.0
-12.0
-3.0
-13.0
-8.0
-4.0
9.0
9.0
12.0
9.0
-29.0
-19.0
-12.0
-24.0
-28.0
-38.0
-34.0
-24.0
-35.0
-80.0
-49.0
-33.0
-8.0
-50.0
-45.0
-55.0
-8.0
-58.0
-46.0
-45.0
-39.0
-27.0
-39.0
-27.0
-26.0
-17.0
-50.0
-28.0
-32.0
-25.0
0.0
18.0
21.0
11.0
6.0
-4.0
-11.0
-9.0
-9.0
-16.0
-26.0
6.0
18.0
28.0
-26.0
-33.0
-7.0
3.0
14.0
5.0
7.0
-25.0
-3.0
-7.0
-15.0
-31.0
-35.0
-14.0
-16.0
-10.0
-8.0
-6.0
18.0
1.0
-6.0
13.0
2.0
-7.0
-20.0
10.0
8.0
9.0
-33.0
4.0
7.0
19.0
-2.0
-12.0
-13.0
-46.0
-20.0
-7.0
-17.0
-10.0
-9.0
15.0
-2.0
-15.0
-5.0
11.0
-9.0
-12.0
-4.0
-9.0
-10.0
3.0
-29.0
-2.0
-4.0
1.0
0.0
20.0
17.0
3.0
8.0
-21.0
-31.0
-16.0
-7.0
-9.0
-15.0
-28.0
-38.0
9.0
52.0
23.0
-19.0
-6.0
-8.0
13.0
34.0
-3.0
-12.0
-17.0
-5.0
-5.0
-7.0
-41.0
-37.0
7.0
-6.0
-18.0
9.0
0.0
13.0
-5.0
20.0
13.0
13.0
41.0
-7.0
9.0
-4.0
16.0
-8.0
1.0
-23.0
-28.0
-21.0
-24.0
-1.0
13.0
-2.0
-11.0
-21.0
-32.0
-20.0
-7.0
-2.0
5.0
-17.0
-18.0
-8.0
-1.0
5.0
8.0
11.0
-5.0
0.0
5.0
16.0
0.0
-5.0
-7.0
20.0
-20.0
11.0
-7.0
-9.0
15.0
7.0
-3.0
4.0
-7.0
-24.0
3.0
2.0
-10.0
-8.0
-12.0
-21.0
-8.0
-6.0
-8.0
17.0
5.0
-18.0
-11.0
-9.0
-2.0
7.0
-13.0
-10.0
-20.0
-11.0
-46.0
-20.0
-42.0
-32.0
-14.0
-17.0
-6.0
2.0
1.0
2.0
-4.0
-12.0
-23.0
-22.0
-9.0
-17.0
21.0
30.0
22.0
23.0
-7.0
28.0
17.0
9.0
-6.0
-17.0
-7.0
-7.0
-26.0
-21.0
-18.0
-19.0
-7.0
-5.0
-45.0
-10.0
-7.0
16.0
2.0
137.0
207.0
138.0
80.0
81.0
25.0
-16.0
-25.0
-3.0
-64.0
-28.0
-24.0
-20.0
-54.0
-56.0
-45.0
-56.0
-52.0
-35.0
-13.0
-38.0
-52.0
-18.0
-25.0
-25.0
-18.0
-23.0
-6.0
-21.0
-18.0
-24.0
-12.0
-18.0
4.0
0.0
-27.0
15.0
-20.0
-15.0
-7.0
-27.0
-30.0
-11.0
-21.0
-15.0
19.0
-2.0
-5.0
6.0
29.0
34.0
-21.0
-28.0
15.0
19.0
10.0
-2.0
-9.0
-18.0
5.0
-25.0
-24.0
-16.0
-26.0
-28.0
-6.0
-14.0
-11.0
3.0
-7.0
-12.0
-48.0
-31.0
-6.0
-12.0
-23.0
15.0
10.0
3.0
30.0
35.0
14.0
3.0
-2.0
-2.0
-12.0
-13.0
-19.0
0.0
11.0
6.0
9.0
4.0
6.0
6.0
-6.0
-22.0
-12.0
-5.0
-7.0
-17.0
-22.0
-27.0
0.0
-6.0
13.0
0.0
9.0
21.0
16.0
3.0
2.0
-1.0
-7.0
2.0
1.0
-16.0
-18.0
-30.0
-41.0
-15.0
-33.0
-30.0
-27.0
-23.0
-13.0
25.0
22.0
14.0
-1.0
-13.0
-15.0
1.0
7.0
3.0
4.0
22.0
-1.0
-17.0
-4.0
-21.0
17.0
8.0
-7.0
-6.0
-14.0
-1.0
-17.0
-23.0
5.0
5.0
10.0
7.0
2.0
10.0
11.0
1.0
7.0
7.0
-5.0
5.0
-10.0
-22.0
-22.0
-14.0
-1.0
-24.0
-10.0
-19.0
2.0
9.0
3.0
9.0
18.0
19.0
31.0
-1.0
4.0
-23.0
-4.0
-15.0
10.0
6.0
-19.0
-23.0
0.0
-14.0
-17.0
-9.0
-11.0
1.0
1.0
0.0
-11.0
-8.0
15.0
13.0
5.0
4.0
-2.0
-3.0
-3.0
-13.0
5.0
14.0
0.0
-16.0
-13.0
-10.0
3.0
-38.0
-18.0
-24.0
-21.0
-27.0
-39.0
-29.0
-16.0
-16.0
11.0
5.0
-8.0
-13.0
4.0
12.0
4.0
20.0
30.0
16.0
-13.0
-36.0
-30.0
-15.0
5.0
-3.0
-3.0
14.0
-10.0
-16.0
6.0
-24.0
32.0
30.0
127.0
130.0
108.0
99.0
33.0
17.0
-16.0
-29.0
-61.0
-37.0
-40.0
-23.0
-62.0
-31.0
-40.0
-83.0
-58.0
-49.0
-52.0
-18.0
-28.0
-27.0
0.0
-17.0
-15.0
29.0
20.0
30.0
5.0
-1.0
-1.0
3.0
7.0
18.0
21.0
3.0
-11.0
-6.0
-21.0
8.0
35.0
39.0
15.0
28.0
15.0
24.0
26.0
1.0
-48.0
-17.0
-17.0
-10.0
23.0
-42.0
22.0
-7.0
2.0
11.0
12.0
5.0
-4.0
-3.0
-12.0
-1.0
-28.0
3.0
-6.0
0.0
-24.0
8.0
20.0
18.0
35.0
14.0
-10.0
-14.0
-18.0
-22.0
-5.0
-9.0
-11.0
2.0
-17.0
-7.0
-3.0
-9.0
-29.0
-19.0
-27.0
-27.0
-33.0
-35.0
-25.0
-26.0
-24.0
-16.0
-16.0
-13.0
-2.0
9.0
15.0
8.0
-11.0
2.0
31.0
-6.0
13.0
15.0
15.0
-9.0
-3.0
0.0
-27.0
-15.0
5.0
4.0
4.0
2.0
20.0
2.0
-8.0
-2.0
18.0
-5.0
-7.0
-1.0
-26.0
-7.0
-21.0
-4.0
9.0
10.0
-29.0
-10.0
-21.0
-16.0
-18.0
-7.0
-14.0
18.0
-3.0
1.0
5.0
12.0
-5.0
20.0
114.0
112.0
74.0
46.0
20.0
26.0
-40.0
-49.0
-53.0
-74.0
-72.0
-74.0
-43.0
-46.0
-43.0
-101.0
-51.0
-16.0
-8.0
2.0
-9.0
2.0
21.0
-4.0
-1.0
1.0
-12.0
-8.0
-11.0
-14.0
-4.0
15.0
27.0
16.0
21.0
25.0
9.0
-6.0
22.0
13.0
15.0
9.0
16.0
16.0
-2.0
0.0
-19.0
-48.0
-33.0
-52.0
-19.0
-14.0
-23.0
-11.0
-21.0
-24.0
-20.0
-13.0
21.0
-3.0
-23.0
-29.0
-4.0
-20.0
16.0
17.0
2.0
3.0
-6.0
-22.0
10.0
8.0
4.0
-1.0
0.0
-8.0
1.0
-7.0
20.0
7.0
-14.0
-22.0
-30.0
21.0
7.0
0.0
12.0
3.0
17.0
-7.0
0.0
4.0
17.0
-1.0
6.0
16.0
8.0
9.0
-13.0
-19.0
94.0
98.0
61.0
23.0
10.0
6.0
-19.0
-28.0
-54.0
-47.0
-27.0
-19.0
-62.0
-42.0
-33.0
-32.0
-15.0
-32.0
-61.0
-35.0
-18.0
-20.0
-40.0
-37.0
-29.0
-36.0
-3.0
-21.0
-22.0
-15.0
15.0
-1.0
2.0
0.0
4.0
-5.0
-21.0
-1.0
-19.0
20.0
12.0
-2.0
-1.0
2.0
-16.0
-13.0
15.0
-24.0
24.0
5.0
9.0
12.0
20.0
16.0
32.0
36.0
17.0
5.0
0.0
-17.0
-17.0
-7.0
-24.0
-20.0
-21.0
-24.0
-24.0
-23.0
-17.0
18.0
19.0
10.0
-10.0
0.0
-3.0
-3.0
27.0
3.0
11.0
23.0
-11.0
-7.0
-1.0
-9.0
-14.0
-9.0
-14.0
-20.0
-15.0
-6.0
-9.0
-11.0
-28.0
-29.0
-8.0
-18.0
12.0
-15.0
13.0
-15.0
-4.0
11.0
-27.0
-26.0
-19.0
-21.0
8.0
11.0
6.0
-7.0
-7.0
-7.0
-18.0
-7.0
-9.0
-12.0
17.0
-32.0
-29.0
-13.0
-15.0
-7.0
5.0
-11.0
9.0
6.0
3.0
-16.0
-6.0
-6.0
-27.0
-30.0
-27.0
-15.0
-7.0
-3.0
12.0
28.0
30.0
1.0
44.0
15.0
15.0
31.0
89.0
90.0
87.0
59.0
14.0
12.0
-42.0
-47.0
-76.0
-58.0
-65.0
-63.0
-54.0
-53.0
-58.0
-43.0
-42.0
-8.0
-25.0
-22.0
0.0
10.0
-16.0
-19.0
-18.0
-34.0
-5.0
-11.0
-5.0
7.0
5.0
15.0
-3.0
14.0
0.0
-7.0
-7.0
21.0
10.0
10.0
12.0
28.0
19.0
-8.0
-26.0
7.0
-6.0
-9.0
3.0
2.0
-8.0
-15.0
7.0
-4.0
12.0
-2.0
-1.0
12.0
-4.0
-25.0
-18.0
-22.0
0.0
1.0
-7.0
-14.0
-14.0
-32.0
-23.0
4.0
-27.0
-21.0
5.0
-7.0
-7.0
-22.0
19.0
-20.0
-19.0
-18.0
-3.0
-6.0
10.0
-10.0
-4.0
-16.0
11.0
7.0
13.0
12.0
-11.0
-2.0
-10.0
3.0
-43.0
-4.0
-21.0
14.0
-3.0
20.0
54.0
61.0
43.0
29.0
-12.0
15.0
6.0
-26.0
-4.0
-11.0
-37.0
-28.0
-42.0
-42.0
-52.0
-16.0
7.0
-12.0
-9.0
43.0
105.0
116.0
87.0
61.0
33.0
-3.0
-15.0
-30.0
-67.0
-58.0
-53.0
-48.0
-32.0
-46.0
-34.0
-43.0
-49.0
-45.0
-42.0
-66.0
-23.0
-28.0
-46.0
-35.0
-21.0
-32.0
-8.0
-13.0
-16.0
-12.0
24.0
26.0
-9.0
-14.0
-16.0
12.0
-5.0
23.0
20.0
-3.0
-6.0
3.0
26.0
2.0
-4.0
-7.0
11.0
8.0
23.0
0.0
11.0
1.0
-7.0
10.0
4.0
3.0
-1.0
-22.0
-11.0
-7.0
7.0
1.0
-15.0
27.0
-10.0
-13.0
-1.0
-17.0
-20.0
-16.0
0.0
-5.0
0.0
12.0
-2.0
17.0
-12.0
0.0
6.0
18.0
-33.0
-20.0
3.0
8.0
5.0
-10.0
3.0
7.0
-4.0
5.0
16.0
19.0
3.0
2.0
-15.0
23.0
-4.0
7.0
25.0
2.0
-18.0
-4.0
-22.0
-24.0
-34.0
-19.0
-24.0
-4.0
1.0
11.0
-18.0
-24.0
-48.0
-38.0
-27.0
10.0
-15.0
-17.0
11.0
25.0
22.0
13.0
45.0
37.0
27.0
4.0
4.0
-24.0
-36.0
-30.0
-10.0
-5.0
0.0
4.0
-8.0
-7.0
33.0
-25.0
4.0
-28.0
-15.0
-15.0
-22.0
-12.0
-43.0
-21.0
-1.0
1.0
-30.0
-2.0
6.0
9.0
14.0
5.0
8.0
17.0
-10.0
-24.0
-49.0
-29.0
-46.0
-34.0
-10.0
-17.0
-39.0
5.0
5.0
6.0
-12.0
-15.0
-10.0
-6.0
-10.0
1.0
4.0
8.0
70.0
64.0
52.0
-3.0
-1.0
-4.0
-26.0
-16.0
-32.0
-22.0
-53.0
-55.0
-68.0
-49.0
-41.0
-37.0
-36.0
-32.0
-48.0
-46.0
-17.0
-5.0
-17.0
-30.0
-20.0
-19.0
-24.0
-29.0
-8.0
-18.0
35.0
113.0
116.0
98.0
46.0
41.0
5.0
-6.0
-34.0
-55.0
-58.0
-82.0
-54.0
-50.0
-54.0
-53.0
-40.0
-34.0
-43.0
-36.0
-13.0
-1.0
-6.0
-10.0
-29.0
-32.0
-26.0
-4.0
-20.0
3.0
-11.0
29.0
-11.0
5.0
13.0
12.0
6.0
8.0
1.0
-15.0
-2.0
-4.0
4.0
17.0
19.0
15.0
-9.0
25.0
18.0
24.0
14.0
21.0
14.0
24.0
-28.0
-22.0
7.0
-11.0
-1.0
-37.0
-29.0
-1.0
-12.0
-20.0
-44.0
-33.0
-8.0
-14.0
14.0
-9.0
11.0
9.0
-1.0
-5.0
-5.0
14.0
-17.0
0.0
-22.0
-29.0
-11.0
-26.0
-28.0
-32.0
-16.0
-12.0
-4.0
8.0
0.0
9.0
1.0
-15.0
-42.0
-21.0
11.0
6.0
-16.0
-8.0
-27.0
9.0
-37.0
-10.0
-18.0
0.0
-36.0
-37.0
-20.0
5.0
22.0
-9.0
0.0
8.0
17.0
11.0
-3.0
-11.0
-13.0
16.0
36.0
19.0
-8.0
-24.0
-9.0
15.0
13.0
23.0
8.0
10.0
0.0
-11.0
-6.0
-10.0
-27.0
6.0
5.0
2.0
7.0
-6.0
46.0
30.0
24.0
-9.0
5.0
4.0
26.0
24.0
28.0
22.0
39.0
18.0
20.0
-8.0
-18.0
-17.0
-33.0
-35.0
-5.0
1.0
8.0
-20.0
-23.0
-48.0
-29.0
-40.0
-16.0
-22.0
2.0
55.0
82.0
73.0
41.0
27.0
25.0
15.0
-8.0
3.0
17.0
-9.0
-30.0
2.0
-20.0
-30.0
-43.0
-42.0
-46.0
-52.0
-25.0
-17.0
-18.0
-27.0
4.0
-26.0
-44.0
-29.0
-18.0
-12.0
-10.0
-24.0
-16.0
-12.0
1.0
-17.0
-5.0
5.0
3.0
7.0
10.0
-12.0
12.0
7.0
-2.0
6.0
7.0
-4.0
-7.0
-15.0
-34.0
0.0
16.0
13.0
13.0
19.0
13.0
13.0
28.0
24.0
8.0
2.0
3.0
2.0
46.0
136.0
129.0
107.0
35.0
44.0
20.0
3.0
-39.0
-55.0
-56.0
-43.0
-44.0
-10.0
-43.0
-40.0
-42.0
-52.0
-69.0
-42.0
-15.0
-24.0
-33.0
-39.0
-35.0
-35.0
-22.0
-27.0
-48.0
-4.0
-36.0
-12.0
-27.0
-10.0
-40.0
-34.0
-3.0
-5.0
-10.0
-10.0
18.0
0.0
-15.0
-34.0
7.0
7.0
-24.0
15.0
2.0
12.0
-1.0
9.0
-30.0
-22.0
-17.0
-22.0
-31.0
-1.0
7.0
-12.0
-14.0
3.0
37.0
21.0
-4.0
-4.0
6.0
-7.0
-34.0
-10.0
-25.0
17.0
1.0
22.0
14.0
15.0
-30.0
-22.0
-21.0
-1.0
9.0
5.0
5.0
15.0
13.0
17.0
-5.0
23.0
-14.0
-43.0
-16.0
-19.0
13.0
21.0
-4.0
-2.0
34.0
19.0
-7.0
-1.0
-9.0
-6.0
-5.0
6.0
24.0
26.0
-21.0
6.0
-6.0
-4.0
32.0
-10.0
6.0
6.0
12.0
-1.0
2.0
3.0
-9.0
-23.0
-37.0
-44.0
-9.0
89.0
137.0
127.0
100.0
85.0
43.0
14.0
-17.0
1.0
-39.0
-23.0
-45.0
-46.0
-38.0
-67.0
-60.0
-44.0
-32.0
-47.0
-15.0
-17.0
-19.0
-17.0
-22.0
-28.0
-19.0
-12.0
-9.0
-37.0
-23.0
-18.0
2.0
6.0
2.0
13.0
3.0
-1.0
-6.0
-17.0
3.0
-14.0
16.0
27.0
15.0
15.0
0.0
-5.0
-4.0
-4.0
-18.0
-20.0
-22.0
-15.0
-7.0
-20.0
10.0
-20.0
-10.0
-7.0
10.0
9.0
-9.0
-1.0
-11.0
-9.0
-31.0
-12.0
-1.0
-14.0
16.0
7.0
-18.0
-11.0
9.0
-24.0
2.0
-21.0
3.0
5.0
3.0
4.0
-16.0
-17.0
-20.0
-23.0
-27.0
-23.0
-20.0
-40.0
-2.0
8.0
13.0
13.0
-11.0
-2.0
28.0
22.0
-8.0
18.0
4.0
-7.0
-9.0
-12.0
-30.0
26.0
-14.0
7.0
-16.0
9.0
-9.0
-2.0
-15.0
-17.0
-29.0
-26.0
-48.0
-16.0
-20.0
-30.0
-8.0
-19.0
-9.0
-6.0
22.0
6.0
-5.0
-4.0
-3.0
-1.0
-25.0
3.0
-20.0
-24.0
-31.0
-13.0
-19.0
-11.0
-21.0
10.0
1.0
8.0
17.0
16.0
19.0
-11.0
-19.0
-13.0
7.0
-9.0
13.0
1.0
10.0
4.0
-11.0
6.0
-17.0
-28.0
1.0
-22.0
-3.0
2.0
-27.0
-27.0
4.0
-9.0
-11.0
-6.0
13.0
-3.0
9.0
8.0
-9.0
-15.0
-23.0
-26.0
-18.0
10.0
6.0
11.0
-11.0
-15.0
-27.0
-32.0
-21.0
-27.0
18.0
16.0
-34.0
-6.0
-19.0
3.0
8.0
3.0
2.0
29.0
-6.0
41.0
-6.0
4.0
-19.0
8.0
-6.0
-15.0
7.0
7.0
21.0
32.0
3.0
1.0
6.0
8.0
-5.0
-4.0
25.0
20.0
-2.0
14.0
11.0
-6.0
-15.0
-31.0
-15.0
-18.0
-13.0
-12.0
18.0
18.0
13.0
-2.0
21.0
-6.0
-2.0
-1.0
1.0
-13.0
-42.0
2.0
-32.0
-25.0
-22.0
8.0
-1.0
7.0
13.0
11.0
-9.0
-22.0
-8.0
-14.0
-13.0
-15.0
9.0
6.0
-6.0
-4.0
-9.0
-19.0
-5.0
-9.0
-12.0
-13.0
12.0
6.0
-10.0
0.0
-15.0
-6.0
-27.0
-10.0
-12.0
12.0
11.0
-4.0
20.0
-2.0
-18.0
-16.0
-5.0
-7.0
-16.0
-9.0
-4.0
-5.0
26.0
16.0
31.0
30.0
11.0
10.0
-6.0
-6.0
-7.0
-15.0
4.0
-11.0
27.0
-18.0
11.0
-19.0
21.0
-33.0
9.0
10.0
14.0
-6.0
16.0
-4.0
-8.0
4.0
8.0
-9.0
-31.0
-7.0
1.0
0.0
7.0
-25.0
4.0
-2.0
0.0
-7.0
-28.0
-29.0
12.0
3.0
-21.0
-18.0
-13.0
-4.0
-11.0
-7.0
-12.0
-11.0
-1.0
-17.0
-10.0
-10.0
-5.0
-6.0
8.0
-16.0
9.0
-1.0
-5.0
23.0
-11.0
-15.0
8.0
-5.0
7.0
14.0
2.0
-2.0
24.0
12.0
-6.0
15.0
-12.0
-8.0
-1.0
-4.0
7.0
-6.0
-11.0
-20.0
-27.0
-29.0
-11.0
-28.0
-6.0
-5.0
5.0
2.0
3.0
0.0
-15.0
-10.0
-13.0
-25.0
-7.0
-1.0
-1.0
-1.0
20.0
-1.0
-16.0
-15.0
-8.0
24.0
2.0
-3.0
-17.0
-14.0
-11.0
11.0
22.0
29.0
1.0
14.0
-12.0
6.0
-6.0
-19.0
-7.0
19.0
20.0
8.0
-1.0
-4.0
9.0
-8.0
-11.0
-12.0
4.0
-1.0
3.0
-12.0
-8.0
3.0
9.0
14.0
5.0
14.0
16.0
0.0
-5.0
-5.0
3.0
111.0
114.0
103.0
57.0
65.0
15.0
-19.0
-30.0
-27.0
-50.0
-56.0
-65.0
-71.0
-52.0
-67.0
-62.0
-62.0
-44.0
-31.0
-47.0
-27.0
-46.0
-14.0
-9.0
-14.0
26.0
1.0
5.0
-11.0
5.0
-5.0
-3.0
-22.0
12.0
15.0
-9.0
-3.0
-1.0
14.0
-6.0
21.0
-4.0
14.0
0.0
6.0
1.0
-2.0
-2.0
-1.0
9.0
-14.0
-14.0
-14.0
-17.0
-21.0
-26.0
8.0
-18.0
-11.0
7.0
13.0
4.0
-24.0
-18.0
-14.0
-18.0
-6.0
-3.0
-8.0
-7.0
-12.0
18.0
-1.0
5.0
11.0
28.0
22.0
20.0
2.0
30.0
37.0
42.0
44.0
50.0
34.0
8.0
-16.0
-18.0
-15.0
-33.0
-37.0
-56.0
-61.0
-26.0
-20.0
-20.0
-1.0
-18.0
-31.0
-5.0
-19.0
-1.0
-15.0
15.0
4.0
-20.0
-31.0
-23.0
0.0
0.0
-23.0
-7.0
-3.0
13.0
16.0
-7.0
-22.0
-34.0
-14.0
9.0
-2.0
23.0
12.0
9.0
9.0
14.0
-6.0
-4.0
-1.0
-14.0
-19.0
9.0
22.0
5.0
11.0
3.0
17.0
23.0
-12.0
2.0
-16.0
-20.0
17.0
26.0
23.0
10.0
29.0
7.0
14.0
-5.0
-43.0
-4.0
3.0
-14.0
-10.0
-5.0
-10.0
-23.0
1.0
-28.0
-11.0
-18.0
-16.0
-27.0
-20.0
18.0
-21.0
-7.0
-15.0
20.0
14.0
11.0
-13.0
-14.0
-12.0
6.0
8.0
-33.0
-20.0
-15.0
1.0
-17.0
9.0
-3.0
-6.0
-10.0
-1.0
10.0
12.0
-13.0
0.0
-4.0
2.0
4.0
10.0
7.0
-14.0
-8.0
-6.0
-15.0
1.0
24.0
9.0
3.0
-2.0
0.0
-10.0
-25.0
-9.0
-34.0
-5.0
-14.0
5.0
-11.0
-18.0
-17.0
-25.0
-12.0
-1.0
-2.0
0.0
-23.0
-16.0
-24.0
-19.0
0.0
27.0
-1.0
3.0
12.0
11.0
5.0
1.0
-17.0
-7.0
-2.0
3.0
-12.0
-22.0
-8.0
-20.0
-12.0
-7.0
35.0
32.0
-7.0
7.0
-2.0
4.0
7.0
8.0
-2.0
-6.0
7.0
-4.0
-25.0
30.0
6.0
-2.0
3.0
1.0
-8.0
-14.0
2.0
0.0
-6.0
25.0
4.0
12.0
-8.0
7.0
16.0
-10.0
-24.0
-21.0
9.0
6.0
22.0
30.0
45.0
11.0
32.0
11.0
-12.0
-7.0
-10.0
-12.0
-11.0
-5.0
4.0
11.0
0.0
-14.0
1.0
-2.0
7.0
7.0
15.0
-9.0
5.0
9.0
1.0
-19.0
-2.0
-7.0
-23.0
-28.0
-2.0
-1.0
8.0
-21.0
-15.0
-21.0
10.0
-3.0
-29.0
-37.0
-11.0
-8.0
17.0
0.0
10.0
-9.0
-33.0
-22.0
-18.0
-10.0
-3.0
0.0
-3.0
-19.0
-29.0
1.0
-1.0
-2.0
-15.0
-13.0
-26.0
-11.0
1.0
5.0
-20.0
-22.0
-17.0
-20.0
-24.0
-15.0
-15.0
-8.0
-44.0
-3.0
-29.0
3.0
8.0
-2.0
0.0
-11.0
-12.0
-1.0
-19.0
-19.0
-7.0
-11.0
-7.0
-17.0
-7.0
-14.0
-8.0
-39.0
-23.0
6.0
8.0
-7.0
20.0
23.0
-20.0
-18.0
-24.0
-17.0
-32.0
-28.0
-19.0
-17.0
2.0
-6.0
-3.0
-20.0
-6.0
9.0
4.0
5.0
24.0
22.0
-12.0
5.0
-2.0
-17.0
-15.0
4.0
4.0
0.0
16.0
2.0
-1.0
-5.0
1.0
-26.0
-11.0
9.0
-42.0
-22.0
-1.0
-5.0
-32.0
-28.0
-5.0
-38.0
-33.0
-18.0
2.0
-22.0
6.0
13.0
19.0
23.0
-11.0
9.0
-3.0
41.0
-6.0
-25.0
-14.0
-10.0
6.0
25.0
-6.0
-5.0
15.0
-11.0
-35.0
-24.0
-32.0
9.0
-24.0
-23.0
-19.0
-2.0
-2.0
-29.0
-21.0
-17.0
-7.0
-23.0
5.0
4.0
-20.0
-9.0
-19.0
-27.0
-25.0
-40.0
-24.0
-23.0
-13.0
-9.0
-6.0
2.0
0.0
-2.0
-13.0
-2.0
-47.0
-7.0
18.0
12.0
-7.0
-7.0
-21.0
-35.0
-13.0
21.0
12.0
-4.0
26.0
22.0
-9.0
-5.0
25.0
10.0
13.0
14.0
13.0
6.0
16.0
9.0
6.0
-3.0
-22.0
9.0
7.0
2.0
4.0
14.0
7.0
3.0
10.0
11.0
16.0
11.0
10.0
30.0
0.0
-6.0
14.0
8.0
-6.0
-14.0
-5.0
8.0
-4.0
-5.0
27.0
-16.0
-15.0
-3.0
-23.0
-7.0
-10.0
-25.0
-4.0
14.0
11.0
6.0
-30.0
-32.0
3.0
11.0
2.0
-17.0
-25.0
-4.0
-21.0
5.0
-7.0
-13.0
-5.0
-8.0
-4.0
-28.0
-35.0
-20.0
-19.0
-13.0
-40.0
-39.0
-22.0
-39.0
16.0
-6.0
13.0
-1.0
21.0
-11.0
17.0
5.0
39.0
16.0
13.0
20.0
-22.0
0.0
40.0
25.0
68.0
63.0
18.0
18.0
11.0
12.0
27.0
28.0
29.0
2.0
-8.0
-16.0
-1.0
9.0
8.0
-13.0
0.0
-26.0
-25.0
-28.0
-10.0
-18.0
-42.0
-35.0
-31.0
-24.0
-1.0
-30.0
-36.0
-25.0
-36.0
-38.0
-16.0
-9.0
-18.0
-48.0
0.0
9.0
-4.0
-19.0
-13.0
-7.0
5.0
9.0
11.0
-5.0
-12.0
9.0
2.0
12.0
-6.0
21.0
44.0
23.0
11.0
22.0
16.0
-5.0
-6.0
19.0
9.0
4.0
52.0
17.0
16.0
5.0
-7.0
-11.0
-1.0
-2.0
19.0
26.0
-17.0
16.0
-14.0
-3.0
-18.0
6.0
47.0
-12.0
24.0
23.0
-1.0
8.0
3.0
13.0
5.0
17.0
7.0
7.0
7.0
10.0
-11.0
-9.0
-13.0
15.0
4.0
6.0
-12.0
-17.0
3.0
13.0
8.0
-15.0
11.0
-16.0
-18.0
-41.0
-17.0
-19.0
-15.0
-14.0
-27.0
17.0
31.0
2.0
9.0
25.0
10.0
9.0
12.0
12.0
-16.0
14.0
-6.0
-6.0
13.0
11.0
35.0
11.0
-8.0
-15.0
-8.0
-13.0
13.0
4.0
24.0
7.0
-35.0
-2.0
9.0
6.0
-36.0
38.0
2.0
-33.0
4.0
2.0
-3.0
19.0
-6.0
18.0
-15.0
17.0
22.0
-14.0
11.0
-7.0
-17.0
-36.0
-28.0
-36.0
-14.0
-43.0
-11.0
-9.0
1.0
-26.0
-43.0
-4.0
-15.0
-17.0
-46.0
-11.0
-7.0
4.0
-11.0
4.0
1.0
1.0
-12.0
-17.0
-24.0
-39.0
-52.0
6.0
36.0
-12.0
-7.0
0.0
24.0
18.0
11.0
-8.0
-3.0
12.0
33.0
18.0
42.0
-15.0
21.0
28.0
44.0
63.0
72.0
60.0
35.0
52.0
50.0
30.0
9.0
17.0
-5.0
-39.0
-14.0
-46.0
-60.0
-13.0
-44.0
-28.0
-18.0
-16.0
-19.0
-18.0
-32.0
9.0
-11.0
-9.0
-24.0
-10.0
-5.0
-1.0
27.0
-15.0
-19.0
-5.0
-1.0
-28.0
-20.0
-16.0
-8.0
-19.0
26.0
9.0
-29.0
-23.0
-11.0
14.0
10.0
11.0
25.0
20.0
-3.0
-19.0
-7.0
-27.0
-13.0
-18.0
-13.0
-11.0
-10.0
-19.0
-15.0
-21.0
-20.0
4.0
3.0
-15.0
7.0
25.0
2.0
-4.0
-8.0
27.0
18.0
13.0
8.0
3.0
28.0
6.0
24.0
18.0
15.0
14.0
14.0
-9.0
-21.0
2.0
0.0
-6.0
0.0
0.0
-15.0
-3.0
-22.0
-26.0
1.0
-9.0
-7.0
-25.0
3.0
6.0
-6.0
1.0
-10.0
-13.0
-20.0
-5.0
15.0
31.0
28.0
17.0
-15.0
-18.0
-18.0
-26.0
-30.0
-21.0
24.0
12.0
11.0
4.0
0.0
-5.0
8.0
15.0
12.0
6.0
-14.0
12.0
-21.0
-17.0
-9.0
17.0
32.0
21.0
-22.0
1.0
16.0
11.0
-4.0
-6.0
-6.0
-16.0
-6.0
5.0
6.0
-18.0
-13.0
1.0
-8.0
-12.0
-6.0
9.0
-11.0
14.0
-5.0
-4.0
-24.0
-1.0
-28.0
-7.0
-39.0
-5.0
-1.0
-17.0
4.0
-14.0
-8.0
-1.0
-7.0
-16.0
-12.0
-5.0
20.0
-17.0
-6.0
1.0
14.0
21.0
9.0
8.0
-7.0
5.0
31.0
31.0
22.0
19.0
18.0
-9.0
-10.0
-1.0
-28.0
-15.0
-24.0
-14.0
-14.0
-4.0
-5.0
6.0
-21.0
-20.0
-11.0
14.0
16.0
-14.0
25.0
21.0
9.0
23.0
61.0
72.0
14.0
-1.0
-3.0
-4.0
-6.0
2.0
4.0
-7.0
-18.0
-10.0
-42.0
-30.0
-21.0
-22.0
-12.0
-8.0
-6.0
-15.0
-16.0
-27.0
-6.0
-6.0
-23.0
-22.0
-10.0
-14.0
-14.0
-29.0
-21.0
-20.0
-46.0
-26.0
-47.0
-28.0
-40.0
-26.0
-16.0
3.0
-46.0
-33.0
1.0
-3.0
21.0
-16.0
-7.0
-7.0
-13.0
-1.0
-13.0
-16.0
-13.0
-7.0
33.0
13.0
13.0
1.0
-26.0
-19.0
-37.0
-37.0
4.0
14.0
26.0
8.0
-18.0
-20.0
-6.0
14.0
-4.0
-11.0
-10.0
0.0
-10.0
-24.0
2.0
5.0
9.0
14.0
-5.0
8.0
-10.0
2.0
-10.0
6.0
-9.0
-4.0
-4.0
-15.0
-18.0
-17.0
-7.0
0.0
-11.0
0.0
-3.0
14.0
20.0
7.0
-10.0
-8.0
-5.0
-9.0
-4.0
14.0
9.0
3.0
-8.0
3.0
-20.0
-15.0
-16.0
14.0
-1.0
11.0
2.0
1.0
-34.0
-27.0
-21.0
-23.0
-31.0
-11.0
-9.0
-4.0
16.0
16.0
4.0
-10.0
-18.0
-13.0
-16.0
-34.0
6.0
-8.0
-1.0
15.0
-38.0
-4.0
-7.0
-16.0
9.0
17.0
13.0
6.0
2.0
4.0
-5.0
-17.0
-3.0
-3.0
9.0
2.0
-2.0
-27.0
-28.0
-26.0
-17.0
-6.0
-20.0
-25.0
-1.0
0.0
-18.0
-13.0
-13.0
-1.0
5.0
12.0
-1.0
-6.0
-8.0
-18.0
13.0
-6.0
7.0
24.0
35.0
21.0
7.0
2.0
-25.0
-16.0
-31.0
-28.0
-1.0
-15.0
-10.0
-14.0
6.0
-10.0
-18.0
-12.0
12.0
15.0
-4.0
-7.0
-15.0
41.0
42.0
28.0
20.0
-10.0
2.0
10.0
-13.0
-33.0
-14.0
0.0
-11.0
5.0
36.0
6.0
11.0
3.0
-11.0
-8.0
4.0
18.0
6.0
-12.0
4.0
-10.0
-3.0
7.0
7.0
-7.0
-9.0
7.0
36.0
31.0
52.0
15.0
9.0
26.0
34.0
20.0
17.0
0.0
25.0
15.0
-12.0
4.0
19.0
17.0
12.0
28.0
-5.0
6.0
5.0
-3.0
23.0
4.0
19.0
-9.0
-8.0
14.0
18.0
-10.0
-2.0
-3.0
-5.0
-24.0
-32.0
-30.0
-33.0
-17.0
-5.0
15.0
15.0
22.0
2.0
-19.0
-55.0
-50.0
-41.0
-42.0
-31.0
-25.0
-35.0
-41.0
-32.0
-9.0
13.0
68.0
21.0
34.0
-16.0
-9.0
-35.0
-40.0
-40.0
-38.0
-20.0
-38.0
-20.0
-25.0
-13.0
10.0
33.0
16.0
11.0
-9.0
7.0
3.0
24.0
18.0
48.0
38.0
18.0
4.0
6.0
16.0
5.0
24.0
-3.0
26.0
23.0
17.0
-18.0
-13.0
11.0
3.0
56.0
33.0
46.0
-2.0
46.0
32.0
19.0
13.0
0.0
7.0
6.0
1.0
-28.0
-22.0
-25.0
-17.0
-2.0
-9.0
1.0
-9.0
7.0
-4.0
-12.0
-14.0
-26.0
4.0
-11.0
-20.0
-7.0
-4.0
11.0
7.0
-3.0
22.0
25.0
-3.0
-11.0
-18.0
-32.0
-18.0
3.0
1.0
3.0
-3.0
-31.0
-34.0
-34.0
-30.0
-5.0
-21.0
-13.0
-34.0
-9.0
-13.0
-13.0
-18.0
-6.0
-11.0
2.0
-41.0
-31.0
-40.0
-19.0
-43.0
-18.0
-27.0
-14.0
-24.0
-9.0
1.0
3.0
-8.0
32.0
69.0
26.0
17.0
1.0
0.0
27.0
25.0
0.0
-7.0
2.0
-20.0
13.0
-5.0
21.0
17.0
-11.0
34.0
14.0
15.0
-14.0
-27.0
2.0
-13.0
18.0
-3.0
-33.0
24.0
30.0
-1.0
-18.0
-17.0
4.0
3.0
-12.0
7.0
5.0
1.0
25.0
2.0
16.0
10.0
-1.0
-18.0
-23.0
-23.0
-24.0
-34.0
-10.0
1.0
15.0
-1.0
-12.0
0.0
19.0
21.0
6.0
-2.0
7.0
-19.0
4.0
-4.0
0.0
17.0
7.0
0.0
-52.0
-9.0
-8.0
-2.0
10.0
-17.0
-5.0
-6.0
3.0
-9.0
-23.0
-37.0
-18.0
-9.0
-2.0
-25.0
-45.0
-4.0
-11.0
1.0
12.0
-13.0
-5.0
-10.0
7.0
-3.0
-10.0
-31.0
-20.0
-17.0
-16.0
-1.0
5.0
12.0
-4.0
-16.0
-17.0
-32.0
-9.0
-19.0
-36.0
-11.0
0.0
10.0
-15.0
-3.0
-16.0
1.0
-2.0
-1.0
1.0
-11.0
10.0
7.0
-2.0
15.0
4.0
15.0
-7.0
-2.0
15.0
-27.0
-32.0
2.0
1.0
-15.0
17.0
-2.0
23.0
16.0
2.0
-32.0
-26.0
-11.0
4.0
2.0
-5.0
-12.0
-18.0
-16.0
-6.0
-7.0
-17.0
6.0
-21.0
-2.0
-22.0
-9.0
-18.0
-28.0
-30.0
-22.0
-10.0
-7.0
-17.0
-23.0
15.0
13.0
24.0
26.0
42.0
8.0
13.0
7.0
5.0
20.0
3.0
-28.0
-12.0
-1.0
41.0
20.0
11.0
5.0
18.0
12.0
-2.0
0.0
2.0
0.0
-19.0
-33.0
-1.0
-7.0
-22.0
-34.0
2.0
-23.0
-5.0
-8.0
-7.0
-9.0
-28.0
-8.0
-10.0
-26.0
0.0
-5.0
-2.0
3.0
-9.0
-12.0
-28.0
-20.0
-7.0
-14.0
-34.0
-52.0
-94.0
-86.0
-89.0
-85.0
-49.0
15.0
-23.0
-27.0
-59.0
-42.0
-20.0
-27.0
-42.0
-39.0
-45.0
-9.0
-35.0
10.0
6.0
-9.0
-9.0
-22.0
17.0
11.0
18.0
-14.0
7.0
13.0
34.0
38.0
59.0
41.0
40.0
19.0
6.0
-29.0
10.0
-7.0
-3.0
-14.0
24.0
16.0
4.0
18.0
-2.0
24.0
10.0
3.0
-24.0
3.0
-37.0
-37.0
-4.0
-6.0
-32.0
-15.0
-27.0
-33.0
-40.0
-21.0
-1.0
7.0
16.0
16.0
8.0
0.0
12.0
-2.0
-20.0
-13.0
-25.0
-29.0
-27.0
-9.0
14.0
4.0
2.0
-18.0
-5.0
-10.0
-6.0
-10.0
-9.0
-9.0
-19.0
-4.0
-1.0
-26.0
-25.0
-27.0
14.0
-10.0
-17.0
-35.0
-14.0
3.0
-19.0
-2.0
0.0
11.0
9.0
17.0
-4.0
-16.0
-9.0
-13.0
0.0
-5.0
-15.0
-5.0
-5.0
-1.0
-10.0
-27.0
-31.0
-10.0
0.0
-10.0
-22.0
-13.0
23.0
15.0
7.0
11.0
-21.0
-12.0
17.0
11.0
34.0
22.0
-9.0
-16.0
-19.0
-25.0
-58.0
-11.0
-4.0
-4.0
21.0
-7.0
-14.0
-28.0
-8.0
-23.0
-11.0
12.0
-17.0
-19.0
-22.0
-18.0
-29.0
-25.0
-17.0
4.0
-15.0
-10.0
1.0
22.0
2.0
13.0
18.0
13.0
6.0
-14.0
-6.0
6.0
29.0
7.0
14.0
4.0
8.0
6.0
7.0
-4.0
-19.0
0.0
22.0
-1.0
-31.0
-2.0
18.0
17.0
-8.0
1.0
5.0
24.0
-13.0
-2.0
-23.0
-7.0
13.0
0.0
4.0
-7.0
-37.0
-13.0
2.0
1.0
-17.0
25.0
39.0
33.0
20.0
3.0
-9.0
-8.0
-24.0
5.0
-7.0
14.0
-13.0
-19.0
15.0
4.0
22.0
3.0
-18.0
-27.0
-17.0
-29.0
-7.0
-7.0
-32.0
-33.0
1.0
9.0
9.0
12.0
8.0
-3.0
-11.0
-12.0
-7.0
4.0
5.0
-3.0
-7.0
1.0
4.0
1.0
-4.0
-12.0
-18.0
-15.0
-14.0
-10.0
-33.0
-25.0
-12.0
-9.0
3.0
0.0
0.0
-22.0
-14.0
0.0
-4.0
0.0
11.0
24.0
13.0
12.0
-2.0
-1.0
-12.0
6.0
-9.0
-40.0
-17.0
17.0
23.0
27.0
27.0
6.0
-10.0
-7.0
-5.0
-18.0
-22.0
3.0
-7.0
-5.0
2.0
5.0
-9.0
-18.0
6.0
0.0
-15.0
-22.0
-3.0
4.0
-10.0
-14.0
-13.0
-7.0
-7.0
23.0
17.0
7.0
6.0
17.0
22.0
21.0
4.0
-3.0
-11.0
20.0
26.0
-5.0
-6.0
0.0
-12.0
-3.0
-6.0
-17.0
20.0
15.0
18.0
-31.0
4.0
6.0
21.0
-3.0
-13.0
-16.0
2.0
20.0
-1.0
-19.0
-25.0
-3.0
-32.0
-9.0
-15.0
-12.0
-3.0
6.0
-32.0
-25.0
-15.0
-20.0
-34.0
-25.0
-1.0
6.0
43.0
46.0
9.0
14.0
13.0
7.0
2.0
-4.0
-3.0
-21.0
-21.0
0.0
-2.0
20.0
-9.0
-15.0
-10.0
-43.0
-1.0
-13.0
1.0
-2.0
-2.0
-32.0
-33.0
-31.0
-9.0
-20.0
6.0
-9.0
-5.0
-8.0
-13.0
21.0
9.0
2.0
27.0
11.0
-33.0
39.0
26.0
21.0
37.0
4.0
-19.0
-25.0
7.0
3.0
-2.0
-5.0
12.0
31.0
-2.0
28.0
24.0
17.0
16.0
36.0
2.0
-18.0
-32.0
9.0
-20.0
-28.0
-52.0
-42.0
18.0
21.0
0.0
28.0
-23.0
2.0
-11.0
29.0
34.0
36.0
6.0
34.0
16.0
26.0
38.0
7.0
1.0
-52.0
13.0
7.0
15.0
7.0
19.0
15.0
9.0
0.0
23.0
20.0
8.0
21.0
3.0
-8.0
-7.0
17.0
-1.0
-34.0
39.0
25.0
32.0
28.0
4.0
-37.0
-23.0
-17.0
-34.0
-16.0
-17.0
-17.0
-44.0
-43.0
-34.0
-36.0
-30.0
-9.0
2.0
16.0
-7.0
-6.0
-12.0
-7.0
16.0
-11.0
-9.0
8.0
-18.0
26.0
55.0
40.0
8.0
7.0
-7.0
7.0
-23.0
9.0
-18.0
-13.0
16.0
-39.0
-40.0
-43.0
-27.0
-43.0
-32.0
-29.0
11.0
-15.0
-5.0
-5.0
2.0
0.0
-9.0
-29.0
-5.0
-11.0
2.0
-4.0
-15.0
-14.0
4.0
-9.0
-41.0
16.0
15.0
34.0
7.0
8.0
8.0
20.0
-13.0
-5.0
-18.0
-19.0
31.0
-17.0
7.0
-12.0
7.0
4.0
32.0
40.0
14.0
-14.0
-27.0
-30.0
-15.0
-35.0
-16.0
8.0
-20.0
-13.0
12.0
0.0
-14.0
-26.0
18.0
20.0
-21.0
-15.0
-37.0
-28.0
-27.0
4.0
-19.0
2.0
12.0
1.0
-7.0
-16.0
-16.0
-15.0
30.0
16.0
-13.0
-42.0
-55.0
-14.0
-25.0
27.0
-19.0
-11.0
11.0
29.0
8.0
48.0
-5.0
-14.0
-30.0
-23.0
-34.0
-37.0
-5.0
10.0
-4.0
16.0
22.0
13.0
3.0
20.0
-4.0
-3.0
-24.0
4.0
14.0
31.0
21.0
15.0
-2.0
-12.0
-40.0
-34.0
9.0
-30.0
7.0
-26.0
-29.0
1.0
-33.0
15.0
42.0
35.0
30.0
4.0
-7.0
-12.0
-24.0
-28.0
-25.0
29.0
4.0
13.0
25.0
-4.0
16.0
11.0
-13.0
-37.0
-16.0
0.0
-30.0
-32.0
3.0
-32.0
-28.0
-20.0
8.0
-5.0
-1.0
34.0
-22.0
-28.0
14.0
13.0
-2.0
-33.0
-42.0
-10.0
-15.0
-20.0
-20.0
-10.0
7.0
10.0
17.0
44.0
21.0
26.0
40.0
-2.0
42.0
44.0
12.0
50.0
9.0
40.0
4.0
39.0
-9.0
-5.0
2.0
-8.0
-24.0
-36.0
-30.0
-41.0
-24.0
6.0
-15.0
34.0
2.0
4.0
-7.0
17.0
6.0
-13.0
-8.0
30.0
17.0
14.0
15.0
16.0
-27.0
-21.0
-19.0
-4.0
-8.0
-19.0
-7.0
-15.0
-29.0
-19.0
-24.0
-8.0
17.0
0.0
1.0
-6.0
-10.0
-12.0
-2.0
1.0
1.0
-9.0
0.0
7.0
-2.0
1.0
-6.0
-2.0
-11.0
-8.0
27.0
21.0
11.0
32.0
2.0
-9.0
-30.0
-25.0
-24.0
-26.0
-11.0
21.0
11.0
9.0
-7.0
-9.0
-18.0
-31.0
17.0
13.0
33.0
-5.0
12.0
6.0
-12.0
-13.0
-32.0
7.0
-8.0
-5.0
-7.0
-22.0
4.0
1.0
3.0
9.0
-1.0
2.0
-13.0
-19.0
-4.0
-13.0
-19.0
-14.0
-30.0
-29.0
-13.0
-13.0
-26.0
-26.0
-49.0
-57.0
-40.0
6.0
-23.0
-16.0
-19.0
-13.0
-2.0
1.0
16.0
8.0
5.0
-18.0
-33.0
2.0
-21.0
-11.0
16.0
7.0
-13.0
16.0
2.0
-2.0
-9.0
6.0
-8.0
-6.0
15.0
22.0
12.0
30.0
30.0
15.0
5.0
-9.0
-16.0
-8.0
-8.0
-9.0
-6.0
-28.0
-11.0
-15.0
-7.0
-34.0
-33.0
-15.0
-12.0
-17.0
-9.0
-10.0
13.0
-9.0
-2.0
-16.0
-5.0
-14.0
-1.0
-14.0
-14.0
15.0
21.0
17.0
-6.0
19.0
2.0
9.0
-8.0
-15.0
24.0
1.0
-20.0
-33.0
-5.0
-9.0
0.0
-14.0
-12.0
-2.0
7.0
5.0
-6.0
11.0
33.0
3.0
8.0
3.0
-4.0
-3.0
-7.0
12.0
21.0
1.0
6.0
16.0
29.0
8.0
17.0
6.0
10.0
-27.0
-36.0
-4.0
22.0
23.0
-20.0
-33.0
-23.0
-6.0
-15.0
-13.0
-9.0
-3.0
-4.0
-6.0
-37.0
-15.0
-18.0
-16.0
9.0
-6.0
0.0
6.0
-1.0
-8.0
-24.0
-2.0
-10.0
-26.0
-17.0
-2.0
-25.0
-1.0
-19.0
12.0
-10.0
-23.0
-13.0
-12.0
-29.0
6.0
-16.0
26.0
-15.0
2.0
-2.0
21.0
20.0
35.0
6.0
-2.0
-9.0
-8.0
49.0
22.0
0.0
-22.0
17.0
14.0
-19.0
1.0
-2.0
13.0
10.0
-3.0
-14.0
7.0
27.0
30.0
17.0
25.0
5.0
-5.0
10.0
35.0
46.0
46.0
28.0
28.0
5.0
21.0
-25.0
17.0
8.0
-17.0
-24.0
-11.0
-20.0
-27.0
24.0
-16.0
5.0
-16.0
6.0
-13.0
-27.0
-13.0
-32.0
-35.0
-16.0
-17.0
-28.0
-12.0
-10.0
-9.0
6.0
-5.0
9.0
12.0
10.0
10.0
-16.0
13.0
4.0
-2.0
-4.0
28.0
21.0
16.0
7.0
20.0
6.0
13.0
4.0
0.0
0.0
-15.0
-7.0
-19.0
-21.0
10.0
-34.0
7.0
37.0
25.0
3.0
5.0
-4.0
-12.0
-7.0
11.0
22.0
-15.0
-8.0
12.0
22.0
9.0
14.0
7.0
-15.0
14.0
18.0
11.0
-5.0
-23.0
-26.0
-25.0
-31.0
-32.0
-22.0
-54.0
-30.0
-58.0
-39.0
-38.0
-45.0
-2.0
-4.0
-7.0
-33.0
4.0
-16.0
-26.0
20.0
35.0
14.0
-5.0
0.0
-2.0
2.0
16.0
-13.0
7.0
-21.0
-17.0
-25.0
-25.0
-1.0
10.0
-19.0
11.0
12.0
0.0
2.0
-9.0
-31.0
-12.0
-28.0
-21.0
10.0
1.0
4.0
8.0
20.0
13.0
-18.0
-13.0
-9.0
-8.0
-30.0
-7.0
-17.0
-6.0
-5.0
-36.0
2.0
-48.0
-10.0
-22.0
-16.0
-1.0
20.0
-17.0
3.0
-3.0
20.0
57.0
2.0
-3.0
16.0
7.0
3.0
3.0
-10.0
13.0
-14.0
-22.0
-35.0
-33.0
-35.0
-5.0
-30.0
-12.0
-45.0
-8.0
-26.0
-13.0
-18.0
-24.0
-12.0
-2.0
-10.0
26.0
-14.0
-20.0
-9.0
-13.0
4.0
8.0
-3.0
9.0
-14.0
-1.0
-39.0
-4.0
-12.0
13.0
28.0
32.0
-4.0
18.0
-3.0
0.0
-8.0
0.0
0.0
21.0
-22.0
-16.0
38.0
-27.0
17.0
6.0
22.0
-20.0
-13.0
-25.0
-24.0
-24.0
-37.0
-24.0
-18.0
-30.0
-13.0
-11.0
-19.0
-46.0
-8.0
-6.0
-16.0
-7.0
-31.0
-12.0
-15.0
12.0
24.0
27.0
18.0
17.0
-26.0
-44.0
-18.0
-17.0
18.0
12.0
-5.0
-15.0
-4.0
-1.0
34.0
21.0
-3.0
-4.0
7.0
0.0
-13.0
-1.0
-6.0
3.0
-3.0
-2.0
-32.0
-13.0
31.0
18.0
-1.0
-17.0
-4.0
-7.0
-33.0
-9.0
12.0
25.0
13.0
11.0
18.0
5.0
10.0
17.0
18.0
9.0
28.0
22.0
-28.0
-17.0
-29.0
-43.0
-16.0
-33.0
-35.0
6.0
-7.0
2.0
-9.0
-20.0
-30.0
-18.0
-1.0
-3.0
-23.0
-2.0
-9.0
-22.0
-28.0
9.0
-38.0
-6.0
-41.0
-36.0
-72.0
6.0
-9.0
-29.0
20.0
17.0
9.0
26.0
17.0
25.0
4.0
22.0
-1.0
-16.0
7.0
-4.0
17.0
-5.0
11.0
3.0
10.0
-12.0
27.0
-1.0
-24.0
-18.0
14.0
-64.0
-16.0
-29.0
12.0
29.0
24.0
-14.0
0.0
-7.0
-15.0
-27.0
-16.0
-16.0
1.0
-5.0
15.0
41.0
8.0
16.0
6.0
18.0
15.0
27.0
47.0
43.0
35.0
-1.0
0.0
-5.0
-22.0
9.0
-12.0
-23.0
-21.0
-30.0
-16.0
-13.0
-12.0
-29.0
-11.0
-13.0
3.0
7.0
6.0
-5.0
11.0
17.0
-5.0
2.0
0.0
-8.0
5.0
-6.0
-17.0
19.0
13.0
2.0
-7.0
-13.0
0.0
6.0
-10.0
1.0
-21.0
-2.0
-25.0
-11.0
-9.0
8.0
1.0
11.0
-10.0
-5.0
-5.0
-21.0
-14.0
-4.0
14.0
31.0
13.0
23.0
31.0
21.0
11.0
22.0
15.0
17.0
36.0
-2.0
11.0
16.0
-1.0
4.0
-14.0
1.0
-47.0
-19.0
-24.0
-19.0
-21.0
-28.0
-13.0
-15.0
-14.0
-8.0
-26.0
-15.0
-13.0
-22.0
-18.0
-5.0
-11.0
-19.0
-32.0
-15.0
-20.0
-9.0
-20.0
-26.0
-15.0
8.0
-11.0
-7.0
7.0
-20.0
9.0
4.0
-6.0
-18.0
-1.0
-41.0
-31.0
-23.0
-32.0
2.0
-9.0
2.0
20.0
15.0
-9.0
-17.0
21.0
23.0
41.0
41.0
17.0
1.0
-11.0
4.0
10.0
22.0
21.0
29.0
-9.0
-29.0
-42.0
-7.0
-22.0
-22.0
-20.0
-18.0
-55.0
-54.0
4.0
-27.0
0.0
-2.0
-46.0
2.0
-8.0
-5.0
-18.0
-24.0
-24.0
7.0
-8.0
15.0
-19.0
-11.0
-28.0
0.0
-17.0
-13.0
5.0
25.0
-2.0
-9.0
16.0
-18.0
-14.0
-1.0
5.0
-1.0
30.0
-1.0
-4.0
-9.0
-15.0
24.0
11.0
6.0
0.0
0.0
-23.0
-8.0
6.0
-3.0
25.0
17.0
6.0
10.0
9.0
16.0
-20.0
-3.0
-16.0
-5.0
1.0
-5.0
-20.0
-24.0
-27.0
-32.0
14.0
-26.0
-4.0
-2.0
-22.0
1.0
-26.0
3.0
-8.0
-14.0
-26.0
-40.0
-26.0
27.0
18.0
-27.0
-14.0
-3.0
10.0
8.0
-6.0
31.0
-4.0
-30.0
3.0
43.0
6.0
-8.0
-37.0
-30.0
-12.0
11.0
17.0
7.0
-15.0
-6.0
4.0
-18.0
4.0
-9.0
-3.0
-10.0
-15.0
-15.0
-22.0
-7.0
-13.0
7.0
-29.0
-35.0
17.0
11.0
-2.0
12.0
-8.0
1.0
-33.0
25.0
-5.0
-3.0
17.0
25.0
19.0
39.0
31.0
17.0
14.0
12.0
-1.0
-1.0
3.0
-27.0
-26.0
-17.0
-19.0
-30.0
-28.0
3.0
-18.0
-20.0
-23.0
4.0
-9.0
-19.0
-13.0
-31.0
-20.0
-6.0
-18.0
-15.0
-2.0
-4.0
-29.0
1.0
-50.0
-25.0
1.0
14.0
13.0
11.0
23.0
-9.0
5.0
0.0
-10.0
-13.0
-20.0
-27.0
11.0
13.0
1.0
6.0
33.0
-1.0
13.0
16.0
32.0
-6.0
-4.0
-8.0
5.0
-8.0
31.0
-12.0
2.0
-28.0
-61.0
-20.0
24.0
30.0
-40.0
0.0
-22.0
-59.0
-26.0
-19.0
22.0
-24.0
0.0
-4.0
-28.0
-7.0
-14.0
7.0
11.0
21.0
4.0
-3.0
-28.0
-33.0
-40.0
3.0
14.0
-8.0
9.0
14.0
-13.0
9.0
-1.0
-6.0
-10.0
3.0
19.0
16.0
7.0
-18.0
6.0
-9.0
-21.0
-22.0
-13.0
4.0
-36.0
-3.0
-7.0
-9.0
3.0
-20.0
-12.0
0.0
-12.0
24.0
21.0
7.0
12.0
-13.0
15.0
-13.0
0.0
6.0
-10.0
-5.0
-10.0
-15.0
-8.0
-20.0
-26.0
4.0
4.0
0.0
8.0
28.0
24.0
13.0
14.0
15.0
3.0
-19.0
-10.0
-12.0
6.0
31.0
-17.0
-42.0
9.0
-42.0
-62.0
7.0
2.0
-1.0
-8.0
-17.0
-8.0
-12.0
6.0
31.0
11.0
-13.0
2.0
2.0
-6.0
23.0
59.0
-9.0
-7.0
-1.0
24.0
-12.0
-20.0
-18.0
-57.0
-47.0
-28.0
-4.0
11.0
28.0
-8.0
21.0
-3.0
2.0
-2.0
-8.0
15.0
-13.0
-7.0
6.0
-24.0
-24.0
-7.0
0.0
-4.0
-13.0
-7.0
7.0
19.0
9.0
-11.0
-31.0
-14.0
-16.0
16.0
9.0
0.0
21.0
18.0
1.0
15.0
14.0
-10.0
-9.0
-4.0
-5.0
3.0
-40.0
-26.0
-9.0
-6.0
-1.0
-30.0
-21.0
-19.0
-19.0
-17.0
-6.0
-2.0
17.0
39.0
-3.0
4.0
9.0
18.0
15.0
-15.0
-7.0
13.0
-29.0
4.0
-14.0
-33.0
-30.0
-42.0
-20.0
-11.0
24.0
-9.0
11.0
-2.0
22.0
29.0
32.0
-8.0
5.0
-21.0
6.0
6.0
19.0
-5.0
-1.0
6.0
7.0
-24.0
-29.0
-18.0
-13.0
28.0
-26.0
12.0
-12.0
-59.0
-57.0
-38.0
-18.0
7.0
23.0
-1.0
-25.0
-22.0
-33.0
-22.0
-32.0
-29.0
2.0
17.0
13.0
-20.0
-9.0
21.0
13.0
2.0
4.0
-18.0
0.0
-17.0
-27.0
-28.0
-26.0
-13.0
-2.0
0.0
-7.0
-23.0
-10.0
-4.0
18.0
22.0
33.0
13.0
22.0
24.0
16.0
3.0
-8.0
-6.0
3.0
4.0
19.0
-1.0
-27.0
-40.0
-50.0
-26.0
5.0
-14.0
0.0
11.0
9.0
21.0
-39.0
0.0
6.0
33.0
-1.0
36.0
22.0
20.0
-13.0
11.0
-60.0
-36.0
-42.0
-33.0
-7.0
0.0
26.0
-15.0
13.0
55.0
8.0
-21.0
-15.0
-13.0
-38.0
-2.0
-3.0
-26.0
-34.0
-28.0
-3.0
-35.0
-36.0
-25.0
-9.0
-13.0
-1.0
-45.0
-49.0
-5.0
5.0
30.0
29.0
62.0
52.0
35.0
31.0
29.0
16.0
6.0
-31.0
-32.0
-46.0
-117.0
-86.0
-68.0
-41.0
-64.0
-39.0
-12.0
-5.0
41.0
37.0
17.0
25.0
17.0
-5.0
16.0
11.0
-9.0
18.0
-24.0
-29.0
24.0
2.0
-14.0
-3.0
-13.0
18.0
11.0
-3.0
-1.0
2.0
-18.0
-32.0
-33.0
-28.0
15.0
18.0
16.0
1.0
-15.0
-19.0
-13.0
-23.0
13.0
-1.0
14.0
-15.0
-27.0
-8.0
0.0
12.0
-2.0
-14.0
1.0
3.0
8.0
35.0
42.0
20.0
13.0
10.0
5.0
-9.0
-5.0
14.0
-7.0
-46.0
-70.0
-32.0
-20.0
-18.0
-17.0
-34.0
-16.0
-18.0
5.0
-14.0
-7.0
24.0
18.0
28.0
37.0
-18.0
29.0
1.0
-13.0
-24.0
-16.0
-6.0
3.0
-18.0
-24.0
-48.0
-13.0
-66.0
-26.0
-19.0
17.0
-1.0
-10.0
-11.0
17.0
25.0
32.0
29.0
45.0
33.0
10.0
-16.0
26.0
20.0
38.0
9.0
-23.0
-24.0
-6.0
-44.0
11.0
-40.0
-58.0
-47.0
6.0
-2.0
-17.0
-4.0
-23.0
27.0
15.0
-21.0
-23.0
-25.0
-5.0
-8.0
-32.0
-24.0
-15.0
2.0
22.0
3.0
4.0
-4.0
-7.0
29.0
22.0
-10.0
-23.0
-24.0
-39.0
-1.0
12.0
19.0
23.0
-1.0
-20.0
-29.0
-29.0
4.0
-5.0
-8.0
-26.0
-30.0
-11.0
0.0
-7.0
14.0
-4.0
-5.0
4.0
18.0
-9.0
-9.0
-13.0
-21.0
-14.0
-21.0
-31.0
-51.0
-37.0
-32.0
59.0
44.0
63.0
44.0
57.0
49.0
12.0
4.0
-13.0
12.0
-5.0
5.0
9.0
10.0
9.0
1.0
-39.0
-50.0
7.0
-17.0
-25.0
-23.0
-12.0
-15.0
-12.0
-28.0
-25.0
-14.0
-17.0
-1.0
-32.0
-24.0
-43.0
-32.0
-35.0
-37.0
-29.0
14.0
14.0
2.0
6.0
-2.0
6.0
22.0
39.0
17.0
52.0
25.0
13.0
8.0
-14.0
-19.0
-66.0
-38.0
-21.0
3.0
-29.0
-32.0
-9.0
3.0
-20.0
-23.0
-4.0
15.0
15.0
10.0
-12.0
-15.0
-24.0
-24.0
-44.0
-42.0
-22.0
-44.0
-16.0
-6.0
43.0
17.0
10.0
8.0
-7.0
-10.0
5.0
-6.0
-27.0
-27.0
-6.0
-16.0
-13.0
-26.0
-15.0
-11.0
22.0
-13.0
2.0
0.0
-3.0
20.0
6.0
16.0
14.0
16.0
7.0
-37.0
-59.0
4.0
24.0
21.0
25.0
23.0
57.0
53.0
70.0
57.0
24.0
40.0
20.0
2.0
38.0
-1.0
-31.0
-39.0
-13.0
-2.0
-38.0
-13.0
-35.0
-51.0
-42.0
-23.0
-20.0
-23.0
-27.0
-36.0
-44.0
-4.0
-24.0
-30.0
-21.0
-32.0
-44.0
-42.0
-28.0
-1.0
-3.0
-43.0
-10.0
-3.0
-19.0
-28.0
6.0
9.0
34.0
36.0
35.0
39.0
59.0
46.0
43.0
24.0
37.0
37.0
1.0
9.0
8.0
-52.0
-27.0
-11.0
-7.0
-44.0
-42.0
-41.0
-25.0
-18.0
-37.0
-38.0
-80.0
-57.0
-19.0
28.0
41.0
45.0
30.0
21.0
13.0
-10.0
6.0
-19.0
-16.0
8.0
-22.0
-24.0
-17.0
-26.0
-23.0
-13.0
-23.0
-13.0
0.0
13.0
15.0
15.0
20.0
4.0
-24.0
31.0
31.0
67.0
84.0
41.0
17.0
13.0
-69.0
-131.0
-239.0
-313.0
-313.0
-230.0
-168.0
-89.0
61.0
68.0
132.0
134.0
195.0
188.0
179.0
150.0
164.0
94.0
94.0
84.0
53.0
27.0
34.0
2.0
43.0
38.0
65.0
19.0
6.0
4.0
-20.0
-42.0
-38.0
-63.0
-33.0
-73.0
-93.0
-53.0
-16.0
-12.0
-58.0
-2.0
2.0
3.0
-3.0
2.0
10.0
-12.0
-27.0
-29.0
-32.0
-45.0
-45.0
-18.0
-44.0
-8.0
-6.0
-18.0
-13.0
-5.0
-7.0
-47.0
-31.0
-9.0
-1.0
-13.0
-27.0
-37.0
-16.0
0.0
-5.0
-20.0
-12.0
-2.0
11.0
7.0
-2.0
0.0
0.0
-1.0
-21.0
1.0
-8.0
7.0
26.0
14.0
6.0
-3.0
23.0
28.0
26.0
14.0
28.0
13.0
78.0
-26.0
6.0
-6.0
27.0
33.0
7.0
34.0
-5.0
-26.0
4.0
-32.0
-21.0
-61.0
0.0
7.0
-55.0
-32.0
-22.0
-39.0
-12.0
-24.0
-4.0
-37.0
1.0
-5.0
-17.0
4.0
-9.0
25.0
51.0
68.0
45.0
18.0
44.0
43.0
-54.0
1.0
-9.0
6.0
-22.0
-40.0
-65.0
-43.0
-35.0
-35.0
-17.0
6.0
-13.0
-19.0
-11.0
4.0
-3.0
-24.0
11.0
18.0
-29.0
4.0
-12.0
9.0
0.0
16.0
28.0
37.0
49.0
52.0
83.0
44.0
34.0
-7.0
-13.0
-46.0
-58.0
-42.0
-49.0
-57.0
-38.0
-54.0
-2.0
-7.0
-2.0
9.0
-11.0
11.0
-18.0
-30.0
-24.0
-23.0
12.0
-11.0
26.0
-4.0
-1.0
8.0
15.0
10.0
24.0
28.0
15.0
20.0
-5.0
-21.0
-3.0
9.0
7.0
6.0
7.0
0.0
3.0
-5.0
1.0
15.0
-12.0
-17.0
10.0
10.0
4.0
24.0
-25.0
-18.0
-2.0
-16.0
9.0
2.0
-1.0
-4.0
-26.0
10.0
-26.0
-26.0
-11.0
-27.0
-8.0
-14.0
25.0
20.0
14.0
14.0
0.0
26.0
6.0
14.0
53.0
-7.0
15.0
15.0
-12.0
-10.0
7.0
12.0
15.0
-16.0
-10.0
5.0
-23.0
-21.0
-22.0
-5.0
0.0
7.0
-13.0
11.0
16.0
-26.0
62.0
56.0
-1.0
-45.0
-10.0
0.0
-1.0
4.0
-5.0
4.0
9.0
-2.0
-1.0
-3.0
19.0
3.0
-28.0
-41.0
-52.0
-26.0
13.0
18.0
35.0
13.0
21.0
30.0
-10.0
4.0
4.0
18.0
23.0
26.0
60.0
32.0
37.0
29.0
20.0
2.0
-96.0
-55.0
-43.0
-42.0
-22.0
-27.0
-27.0
-23.0
-75.0
-48.0
23.0
24.0
-11.0
-9.0
-14.0
-11.0
4.0
15.0
31.0
45.0
56.0
41.0
-28.0
-27.0
-48.0
-27.0
-31.0
-42.0
-26.0
-4.0
-10.0
-20.0
-5.0
-5.0
-29.0
-37.0
-20.0
20.0
-15.0
-10.0
-12.0
-15.0
3.0
-1.0
-33.0
0.0
7.0
-24.0
-17.0
-12.0
-25.0
-33.0
-10.0
-13.0
-21.0
-12.0
13.0
29.0
66.0
3.0
-7.0
-9.0
-8.0
-8.0
-20.0
31.0
12.0
16.0
15.0
16.0
-4.0
10.0
2.0
-5.0
-24.0
-36.0
9.0
-15.0
4.0
-20.0
-16.0
-22.0
4.0
8.0
20.0
-23.0
-12.0
-2.0
0.0
3.0
20.0
-36.0
-18.0
-21.0
-11.0
-6.0
7.0
4.0
33.0
-1.0
13.0
-12.0
-4.0
-4.0
6.0
-15.0
-70.0
-31.0
46.0
76.0
50.0
67.0
78.0
65.0
73.0
29.0
34.0
11.0
-51.0
-91.0
-84.0
-131.0
-141.0
-139.0
-84.0
-62.0
-7.0
16.0
24.0
16.0
29.0
16.0
24.0
27.0
59.0
12.0
-3.0
-11.0
13.0
-6.0
9.0
-6.0
-12.0
-3.0
-9.0
-14.0
-28.0
-34.0
-16.0
-17.0
2.0
-13.0
-21.0
-13.0
2.0
16.0
11.0
-5.0
9.0
-18.0
34.0
-3.0
-20.0
-21.0
-13.0
4.0
-15.0
-10.0
-16.0
-6.0
-7.0
29.0
14.0
7.0
-25.0
-2.0
21.0
9.0
-4.0
14.0
3.0
-28.0
-18.0
-16.0
-46.0
-62.0
-20.0
32.0
55.0
7.0
-5.0
13.0
-4.0
-4.0
4.0
-8.0
0.0
-8.0
20.0
4.0
-29.0
-24.0
-1.0
-10.0
0.0
9.0
0.0
8.0
20.0
5.0
-10.0
-18.0
-37.0
-41.0
-12.0
-21.0
10.0
-6.0
-15.0
-17.0
7.0
1.0
0.0
0.0
-35.0
9.0
12.0
0.0
-2.0
-19.0
1.0
51.0
16.0
12.0
-11.0
0.0
-4.0
2.0
14.0
-16.0
-36.0
-17.0
-8.0
-4.0
-12.0
-37.0
-46.0
-13.0
26.0
23.0
-1.0
-36.0
-5.0
-2.0
11.0
7.0
20.0
13.0
6.0
-11.0
-26.0
2.0
-1.0
2.0
9.0
22.0
-5.0
11.0
6.0
-13.0
-1.0
-22.0
-11.0
-11.0
-7.0
-14.0
-34.0
-31.0
-33.0
-39.0
15.0
7.0
-2.0
-2.0
2.0
-7.0
4.0
14.0
29.0
-8.0
-6.0
-22.0
-26.0
-31.0
10.0
-4.0
0.0
6.0
26.0
68.0
45.0
43.0
68.0
65.0
25.0
28.0
0.0
-9.0
-80.0
-79.0
-34.0
-64.0
-117.0
-114.0
-105.0
-71.0
-61.0
-16.0
-25.0
24.0
35.0
12.0
4.0
2.0
-29.0
-6.0
-10.0
-15.0
-27.0
-23.0
-31.0
19.0
18.0
15.0
30.0
2.0
23.0
-19.0
-42.0
-85.0
-64.0
-109.0
-87.0
-85.0
-66.0
-38.0
-33.0
31.0
80.0
74.0
85.0
96.0
53.0
55.0
41.0
49.0
22.0
49.0
61.0
33.0
37.0
8.0
14.0
9.0
4.0
34.0
5.0
22.0
-2.0
-66.0
-33.0
-5.0
-14.0
-20.0
-31.0
-42.0
-62.0
-66.0
-51.0
-62.0
-48.0
-105.0
-15.0
-10.0
-5.0
0.0
20.0
7.0
-9.0
9.0
37.0
58.0
54.0
57.0
43.0
49.0
29.0
3.0
-4.0
-34.0
-98.0
-88.0
-87.0
-88.0
-101.0
-43.0
3.0
-47.0
-37.0
-16.0
-5.0
-2.0
-14.0
-10.0
12.0
17.0
4.0
9.0
-6.0
12.0
-17.0
-14.0
-12.0
-9.0
-12.0
0.0
15.0
12.0
16.0
28.0
18.0
13.0
5.0
7.0
30.0
-5.0
7.0
-5.0
17.0
31.0
25.0
30.0
-17.0
-20.0
-7.0
-22.0
-36.0
5.0
-6.0
-42.0
-18.0
-26.0
-11.0
-11.0
-21.0
10.0
-37.0
-2.0
30.0
-20.0
24.0
-2.0
8.0
9.0
-16.0
12.0
18.0
25.0
7.0
-13.0
-2.0
3.0
-14.0
-8.0
-7.0
-8.0
8.0
-2.0
-11.0
-2.0
-10.0
-18.0
-23.0
-22.0
-28.0
-51.0
-20.0
-7.0
-32.0
-2.0
-6.0
30.0
10.0
3.0
-20.0
35.0
-21.0
14.0
-1.0
23.0
-13.0
27.0
4.0
3.0
11.0
-1.0
2.0
42.0
29.0
8.0
52.0
5.0
-12.0
-6.0
-32.0
-19.0
-33.0
-5.0
-13.0
-3.0
20.0
-1.0
1.0
9.0
-6.0
-28.0
-19.0
-12.0
-39.0
-21.0
-55.0
7.0
-43.0
-46.0
-4.0
4.0
-26.0
-33.0
-27.0
-4.0
-5.0
7.0
38.0
38.0
19.0
12.0
-11.0
15.0
-12.0
-15.0
-16.0
1.0
-3.0
-2.0
8.0
-1.0
-21.0
-44.0
-30.0
-8.0
-15.0
3.0
2.0
-3.0
20.0
-2.0
-12.0
-31.0
-6.0
6.0
6.0
8.0
-10.0
-13.0
-15.0
3.0
-3.0
15.0
17.0
26.0
1.0
-3.0
16.0
14.0
7.0
22.0
21.0
30.0
20.0
35.0
37.0
30.0
27.0
19.0
13.0
-2.0
-31.0
-15.0
-57.0
-56.0
-58.0
-49.0
-45.0
-50.0
-47.0
-43.0
-34.0
-3.0
-23.0
-9.0
-13.0
-11.0
-6.0
-5.0
25.0
4.0
-14.0
-24.0
50.0
8.0
-12.0
28.0
-18.0
-23.0
-35.0
-23.0
-22.0
-5.0
10.0
-6.0
-25.0
-7.0
-15.0
-12.0
-32.0
31.0
26.0
-2.0
15.0
4.0
8.0
23.0
13.0
23.0
18.0
30.0
14.0
7.0
-5.0
-7.0
-10.0
13.0
30.0
14.0
-21.0
10.0
-47.0
-48.0
-42.0
6.0
-32.0
-7.0
0.0
-5.0
6.0
-10.0
4.0
-10.0
21.0
-8.0
-2.0
-2.0
-41.0
-37.0
-8.0
-10.0
-21.0
-27.0
6.0
20.0
8.0
0.0
16.0
16.0
13.0
-5.0
33.0
6.0
2.0
-48.0
-28.0
-9.0
17.0
11.0
7.0
-11.0
0.0
4.0
-2.0
9.0
-17.0
6.0
-8.0
-5.0
-22.0
5.0
-25.0
-57.0
11.0
-36.0
-59.0
-26.0
0.0
-10.0
-12.0
34.0
50.0
28.0
63.0
77.0
69.0
39.0
7.0
3.0
-48.0
-76.0
-111.0
-123.0
-73.0
-90.0
-51.0
-34.0
-19.0
-13.0
-40.0
10.0
-35.0
-16.0
8.0
11.0
11.0
16.0
5.0
5.0
-20.0
24.0
43.0
3.0
33.0
26.0
2.0
31.0
34.0
38.0
13.0
17.0
1.0
-21.0
-17.0
3.0
9.0
-21.0
-39.0
-44.0
-20.0
-45.0
11.0
-22.0
25.0
34.0
30.0
10.0
20.0
17.0
62.0
34.0
0.0
-10.0
-18.0
-3.0
-26.0
-45.0
-44.0
-41.0
-108.0
-69.0
-41.0
-62.0
-66.0
-57.0
-15.0
20.0
14.0
10.0
-9.0
-39.0
-49.0
-22.0
-33.0
-54.0
-33.0
-1.0
20.0
18.0
53.0
22.0
21.0
35.0
10.0
10.0
-6.0
-14.0
-22.0
-22.0
-22.0
8.0
23.0
-1.0
1.0
23.0
15.0
38.0
-9.0
-3.0
6.0
6.0
7.0
-11.0
-6.0
8.0
-33.0
7.0
-24.0
-19.0
0.0
18.0
37.0
0.0
-49.0
-22.0
-4.0
-14.0
10.0
3.0
-2.0
29.0
0.0
3.0
2.0
-28.0
-24.0
19.0
4.0
3.0
0.0
0.0
4.0
4.0
14.0
7.0
3.0
6.0
-19.0
-23.0
18.0
11.0
24.0
3.0
-15.0
0.0
-7.0
-5.0
-1.0
4.0
3.0
22.0
25.0
-9.0
-2.0
-3.0
-12.0
-18.0
-19.0
-16.0
-11.0
6.0
-2.0
-23.0
-14.0
-12.0
-29.0
-23.0
-16.0
-10.0
-39.0
1.0
-3.0
13.0
10.0
-10.0
-7.0
-22.0
11.0
8.0
0.0
14.0
-5.0
9.0
15.0
18.0
-17.0
-25.0
-8.0
-2.0
-3.0
6.0
-9.0
-27.0
-36.0
2.0
14.0
8.0
-17.0
-11.0
-20.0
-26.0
-5.0
24.0
-16.0
6.0
10.0
3.0
4.0
9.0
8.0
-34.0
-15.0
-11.0
-8.0
14.0
9.0
21.0
6.0
8.0
-5.0
-18.0
11.0
2.0
-19.0
-40.0
-42.0
16.0
15.0
11.0
53.0
13.0
37.0
62.0
57.0
38.0
21.0
3.0
-28.0
-29.0
-43.0
-24.0
-22.0
-42.0
-8.0
-33.0
-35.0
-29.0
-42.0
-38.0
-37.0
-60.0
-24.0
-42.0
-33.0
-30.0
-2.0
1.0
-21.0
-19.0
8.0
-12.0
-19.0
-74.0
-4.0
26.0
3.0
6.0
35.0
30.0
38.0
4.0
-47.0
25.0
31.0
34.0
64.0
70.0
49.0
47.0
30.0
17.0
-19.0
-31.0
-34.0
-50.0
-27.0
-46.0
-18.0
-15.0
-18.0
-26.0
-18.0
-46.0
-38.0
-38.0
-19.0
-17.0
-13.0
-18.0
-17.0
-32.0
-35.0
-18.0
-17.0
7.0
-6.0
-3.0
27.0
22.0
-3.0
-8.0
12.0
37.0
19.0
15.0
11.0
5.0
-12.0
-20.0
5.0
-18.0
4.0
-6.0
20.0
6.0
26.0
56.0
59.0
57.0
57.0
50.0
9.0
-7.0
-56.0
-74.0
-83.0
-118.0
-128.0
-125.0
-130.0
-93.0
-55.0
-35.0
10.0
7.0
-25.0
23.0
21.0
21.0
49.0
47.0
30.0
67.0
40.0
8.0
2.0
-21.0
16.0
15.0
48.0
42.0
-4.0
11.0
19.0
0.0
-38.0
-32.0
-16.0
-22.0
-20.0
3.0
9.0
-43.0
-29.0
-45.0
-27.0
-3.0
21.0
19.0
46.0
42.0
22.0
36.0
-10.0
2.0
11.0
-5.0
6.0
10.0
-7.0
-21.0
-23.0
-21.0
-32.0
-42.0
-40.0
-44.0
-42.0
-30.0
0.0
-4.0
40.0
-4.0
-43.0
-32.0
-17.0
-9.0
-5.0
-14.0
-12.0
-18.0
-1.0
-87.0
-127.0
-40.0
313.0
313.0
313.0
313.0
313.0
313.0
313.0
313.0
313.0
313.0
313.0
313.0
221.0
275.0
82.0
-47.0
-208.0
-313.0
-107.0
-172.0
-217.0
-313.0
-313.0
-313.0
-188.0
-125.0
-17.0
-76.0
-24.0
-131.0
-23.0
-312.0
-98.0
-184.0
-313.0
-70.0
22.0
-313.0
-237.0
-285.0
-311.0
-313.0
-313.0
-313.0
-313.0
-313.0
-313.0
-313.0
-313.0
-292.0
-293.0
-273.0
-235.0
-241.0
-240.0
-233.0
-254.0
-261.0
-234.0
-222.0
-254.0
-215.0
-202.0
-199.0
-230.0
-183.0
-201.0
-196.0
-195.0
-197.0
-177.0
-165.0
-159.0
-160.0
-149.0
-158.0
-123.0
-97.0
-89.0
-99.0
-86.0
-83.0
-82.0
-92.0
-71.0
-81.0
-103.0
-108.0
-114.0
-90.0
-70.0
-67.0
-57.0
-68.0
-68.0
-73.0
-75.0
-50.0
-82.0
-53.0
-27.0
-42.0
-55.0
-48.0
-40.0
-36.0
-49.0
-10.0
-2.0
-7.0
23.0
44.0
59.0
63.0
78.0
61.0
53.0
44.0
85.0
73.0
57.0
74.0
60.0
64.0
59.0
72.0
71.0
70.0
76.0
84.0
75.0
92.0
60.0
53.0
75.0
81.0
76.0
72.0
86.0
111.0
79.0
93.0
99.0
95.0
85.0
79.0
85.0
67.0
53.0
36.0
32.0
26.0
15.0
13.0
41.0
12.0
41.0
10.0
9.0
3.0
12.0
4.0
4.0
6.0
44.0
-15.0
4.0
8.0
0.0
6.0
-2.0
23.0
18.0
20.0
13.0
10.0
32.0
21.0
40.0
16.0
10.0
28.0
-2.0
-5.0
27.0
18.0
67.0
62.0
-4.0
7.0
-14.0
-18.0
51.0
46.0
19.0
15.0
33.0
40.0
36.0
10.0
16.0
19.0
6.0
-1.0
-5.0
19.0
-1.0
10.0
-8.0
-21.0
-15.0
22.0
-10.0
-20.0
-7.0
10.0
5.0
-9.0
5.0
-17.0
-19.0
-7.0
9.0
15.0
-20.0
-7.0
7.0
-4.0
-13.0
-17.0
-15.0
-14.0
-17.0
-17.0
-22.0
-38.0
-13.0
-53.0
-10.0
7.0
36.0
20.0
4.0
2.0
14.0
-1.0
18.0
19.0
4.0
15.0
21.0
-20.0
-23.0
-20.0
-14.0
9.0
-7.0
-5.0
4.0
7.0
-4.0
-22.0
-6.0
-5.0
14.0
7.0
-14.0
4.0
17.0
-19.0
-25.0
-32.0
-2.0
-4.0
-51.0
-1.0
-17.0
22.0
25.0
-4.0
23.0
10.0
10.0
9.0
11.0
19.0
8.0
-1.0
-12.0
-18.0
-12.0
-13.0
16.0
19.0
-16.0
-12.0
-30.0
-31.0
13.0
5.0
-5.0
-26.0
-2.0
-5.0
16.0
8.0
-41.0
-48.0
-13.0
-29.0
-24.0
-27.0
-9.0
-17.0
-10.0
-36.0
38.0
-18.0
13.0
8.0
28.0
14.0
6.0
6.0
-29.0
6.0
-8.0
9.0
11.0
3.0
-35.0
-28.0
-11.0
-4.0
4.0
5.0
6.0
22.0
12.0
17.0
10.0
6.0
-57.0
-56.0
-3.0
23.0
18.0
22.0
-7.0
-13.0
1.0
2.0
-7.0
-6.0
-6.0
-15.0
-19.0
1.0
-4.0
-2.0
2.0
-6.0
-6.0
-4.0
14.0
-4.0
-15.0
1.0
14.0
12.0
0.0
-4.0
-24.0
-30.0
-14.0
-6.0
13.0
6.0
6.0
-6.0
-3.0
3.0
-7.0
-5.0
-15.0
-21.0
-34.0
2.0
-15.0
-9.0
-7.0
-8.0
0.0
7.0
-8.0
-6.0
1.0
21.0
-17.0
-15.0
-12.0
-16.0
21.0
20.0
7.0
26.0
-13.0
-10.0
-9.0
-24.0
18.0
-6.0
1.0
-5.0
11.0
-29.0
-41.0
-27.0
0.0
16.0
-13.0
14.0
-5.0
-5.0
-53.0
-26.0
6.0
-2.0
-1.0
-19.0
7.0
4.0
-6.0
-11.0
-40.0
-16.0
-6.0
-1.0
-35.0
-16.0
-19.0
11.0
-3.0
-5.0
-30.0
-8.0
-41.0
-33.0
8.0
3.0
18.0
31.0
18.0
13.0
4.0
-12.0
3.0
2.0
36.0
15.0
-6.0
-6.0
-13.0
-10.0
-25.0
-29.0
-29.0
-7.0
18.0
-75.0
-20.0
-11.0
-37.0
-42.0
-25.0
19.0
-7.0
21.0
40.0
12.0
1.0
4.0
3.0
7.0
-1.0
1.0
-11.0
29.0
15.0
-7.0
-43.0
-12.0
-14.0
-14.0
-24.0
-16.0
-20.0
-5.0
2.0
-9.0
14.0
2.0
5.0
5.0
6.0
-30.0
4.0
-10.0
-17.0
-16.0
-20.0
-28.0
18.0
8.0
-3.0
-25.0
-4.0
-9.0
32.0
1.0
18.0
-9.0
13.0
12.0
-1.0
0.0
2.0
-35.0
-9.0
-36.0
-46.0
-9.0
-31.0
-28.0
-6.0
-17.0
-24.0
-7.0
-8.0
-11.0
-27.0
-11.0
-22.0
-18.0
-3.0
-11.0
9.0
-9.0
-16.0
-14.0
1.0
12.0
-1.0
-4.0
8.0
-12.0
-30.0
-18.0
-3.0
7.0
-8.0
-3.0
-20.0
-21.0
21.0
7.0
10.0
3.0
0.0
-2.0
-26.0
-21.0
-3.0
-6.0
3.0
4.0
-18.0
-12.0
-33.0
-28.0
8.0
17.0
7.0
9.0
-15.0
-1.0
-6.0
-36.0
-29.0
2.0
-13.0
-2.0
17.0
13.0
-11.0
-14.0
7.0
-10.0
14.0
-10.0
12.0
-5.0
9.0
7.0
11.0
6.0
14.0
-3.0
-10.0
9.0
3.0
-1.0
-13.0
-15.0
0.0
-2.0
8.0
24.0
7.0
-1.0
3.0
2.0
-33.0
-36.0
-41.0
-60.0
-52.0
-26.0
-19.0
-35.0
-22.0
-10.0
-17.0
-15.0
-32.0
-42.0
-32.0
-57.0
-40.0
-80.0
-78.0
-49.0
-46.0
-50.0
-49.0
-33.0
-21.0
-13.0
-4.0
26.0
19.0
37.0
19.0
12.0
14.0
13.0
5.0
15.0
-1.0
25.0
23.0
17.0
46.0
44.0
13.0
17.0
23.0
36.0
3.0
16.0
1.0
28.0
27.0
33.0
24.0
20.0
-42.0
-28.0
-9.0
9.0
-8.0
-6.0
3.0
5.0
-22.0
45.0
17.0
-17.0
12.0
33.0
25.0
17.0
13.0
20.0
-18.0
-13.0
-36.0
-40.0
-51.0
-29.0
-56.0
8.0
9.0
13.0
-6.0
1.0
4.0
-11.0
-31.0
-11.0
-17.0
-55.0
-22.0
-22.0
-1.0
11.0
-39.0
-10.0
-10.0
0.0
-5.0
0.0
-9.0
-9.0
-19.0
1.0
-12.0
-3.0
-4.0
34.0
54.0
-1.0
-9.0
-8.0
9.0
-19.0
9.0
17.0
-3.0
12.0
-16.0
-17.0
1.0
-3.0
2.0
-16.0
-10.0
-19.0
2.0
8.0
9.0
-27.0
-15.0
-18.0
-53.0
-124.0
-40.0
-1.0
15.0
-21.0
30.0
5.0
29.0
31.0
7.0
3.0
18.0
13.0
-8.0
-15.0
-4.0
-4.0
16.0
19.0
32.0
34.0
5.0
9.0
8.0
1.0
2.0
-9.0
-22.0
-23.0
-10.0
-20.0
-2.0
-41.0
-11.0
4.0
-2.0
12.0
-7.0
-11.0
2.0
-10.0
-1.0
4.0
31.0
7.0
-27.0
-7.0
-5.0
-1.0
-9.0
-5.0
-12.0
-19.0
-43.0
-21.0
-27.0
-23.0
-28.0
-27.0
-2.0
-46.0
-10.0
2.0
9.0
18.0
3.0
25.0
6.0
2.0
1.0
13.0
0.0
-15.0
-54.0
-51.0
-42.0
35.0
32.0
30.0
2.0
-7.0
7.0
11.0
9.0
26.0
4.0
0.0
-12.0
-11.0
-4.0
16.0
9.0
2.0
-10.0
-18.0
30.0
9.0
2.0
10.0
7.0
9.0
-9.0
30.0
-8.0
9.0
8.0
-4.0
2.0
7.0
16.0
-2.0
28.0
-40.0
-29.0
-7.0
-12.0
-11.0
-19.0
-15.0
-2.0
9.0
11.0
-4.0
3.0
-41.0
-87.0
-116.0
-148.0
-146.0
-144.0
-115.0
-74.0
-22.0
-11.0
3.0
20.0
55.0
42.0
39.0
18.0
29.0
38.0
28.0
17.0
4.0
28.0
3.0
28.0
30.0
37.0
28.0
14.0
-16.0
14.0
23.0
31.0
21.0
-7.0
1.0
6.0
-15.0
-13.0
-8.0
18.0
21.0
6.0
-16.0
5.0
-7.0
-18.0
3.0
-11.0
-24.0
2.0
18.0
0.0
-12.0
-5.0
-11.0
-18.0
2.0
-23.0
10.0
-21.0
4.0
25.0
-1.0
-9.0
-11.0
9.0
47.0
42.0
9.0
21.0
36.0
-9.0
-46.0
-50.0
-54.0
-43.0
-35.0
-35.0
-15.0
-44.0
-18.0
-44.0
-44.0
-58.0
-60.0
-18.0
-26.0
-39.0
-37.0
-9.0
-3.0
-22.0
8.0
11.0
5.0
19.0
-3.0
-7.0
9.0
1.0
29.0
12.0
20.0
-13.0
-11.0
5.0
15.0
0.0
-55.0
27.0
55.0
38.0
30.0
27.0
25.0
29.0
-8.0
4.0
-16.0
4.0
-22.0
-25.0
-12.0
-10.0
-19.0
-34.0
-16.0
-6.0
-60.0
-51.0
-18.0
-8.0
-10.0
-23.0
-26.0
-3.0
5.0
-28.0
7.0
-17.0
-9.0
9.0
-11.0
18.0
21.0
20.0
3.0
2.0
36.0
61.0
52.0
42.0
41.0
-12.0
-11.0
-31.0
-63.0
-31.0
-72.0
-66.0
-82.0
-28.0
-30.0
-36.0
-40.0
-22.0
-14.0
2.0
5.0
2.0
-20.0
-27.0
-32.0
41.0
37.0
39.0
30.0
28.0
32.0
21.0
5.0
20.0
-16.0
-5.0
-2.0
-4.0
5.0
20.0
10.0
1.0
-4.0
19.0
13.0
3.0
-3.0
10.0
46.0
32.0
-4.0
4.0
2.0
-9.0
-42.0
-20.0
-14.0
-9.0
-20.0
-7.0
1.0
-16.0
5.0
5.0
-10.0
-18.0
-14.0
-36.0
11.0
-34.0
-33.0
-12.0
-11.0
16.0
9.0
11.0
8.0
-8.0
4.0
26.0
-1.0
3.0
-12.0
-8.0
-8.0
9.0
9.0
13.0
-29.0
-15.0
-9.0
14.0
-11.0
-6.0
-22.0
-19.0
-25.0
-3.0
6.0
-26.0
-10.0
-6.0
-22.0
9.0
27.0
22.0
19.0
16.0
9.0
-7.0
-17.0
-9.0
16.0
-40.0
-32.0
28.0
29.0
8.0
19.0
10.0
-29.0
-4.0
-22.0
30.0
7.0
24.0
28.0
7.0
3.0
13.0
13.0
1.0
-10.0
16.0
14.0
36.0
29.0
10.0
5.0
-45.0
-23.0
-23.0
-54.0
-57.0
-57.0
-64.0
-64.0
-64.0
-39.0
-20.0
-16.0
-14.0
-8.0
-36.0
-20.0
-26.0
-30.0
-32.0
-16.0
-3.0
19.0
27.0
28.0
26.0
32.0
2.0
2.0
16.0
27.0
33.0
52.0
68.0
23.0
52.0
55.0
26.0
29.0
34.0
18.0
16.0
-18.0
-23.0
-38.0
-34.0
7.0
-16.0
-17.0
-10.0
4.0
2.0
23.0
10.0
-34.0
15.0
-4.0
-4.0
-5.0
4.0
10.0
-35.0
-41.0
-78.0
-59.0
-48.0
-39.0
-57.0
-51.0
-39.0
-49.0
-47.0
-35.0
-62.0
-52.0
-25.0
-11.0
9.0
20.0
29.0
11.0
12.0
10.0
18.0
13.0
25.0
25.0
-15.0
-12.0
-5.0
8.0
34.0
38.0
22.0
14.0
-8.0
29.0
12.0
12.0
33.0
-5.0
-1.0
9.0
-10.0
-44.0
-40.0
-19.0
-11.0
-16.0
6.0
-13.0
8.0
-22.0
-2.0
-16.0
13.0
-17.0
5.0
7.0
20.0
23.0
14.0
4.0
9.0
2.0
-2.0
-32.0
-9.0
-2.0
0.0
-6.0
12.0
18.0
1.0
37.0
-2.0
-39.0
-49.0
-55.0
-23.0
-48.0
-53.0
-70.0
-17.0
-52.0
-15.0
-32.0
2.0
7.0
1.0
-18.0
31.0
-8.0
-2.0
-32.0
-2.0
25.0
53.0
55.0
-22.0
24.0
42.0
35.0
72.0
51.0
36.0
22.0
-15.0
-14.0
-2.0
12.0
-4.0
-5.0
-19.0
-24.0
-14.0
-13.0
-22.0
-18.0
-22.0
-19.0
-22.0
-17.0
4.0
-12.0
-28.0
-16.0
1.0
0.0
-4.0
10.0
-2.0
-9.0
-39.0
-19.0
-22.0
42.0
36.0
41.0
20.0
20.0
-24.0
13.0
-4.0
-15.0
-24.0
-31.0
-59.0
-61.0
-27.0
-34.0
-25.0
12.0
13.0
18.0
23.0
-3.0
10.0
10.0
5.0
3.0
2.0
5.0
-15.0
-88.0
-24.0
-72.0
-46.0
-41.0
44.0
83.0
22.0
39.0
16.0
1.0
-9.0
-10.0
3.0
4.0
0.0
0.0
-10.0
19.0
-1.0
14.0
6.0
2.0
8.0
4.0
3.0
5.0
30.0
-15.0
-2.0
1.0
-15.0
-23.0
8.0
7.0
0.0
-5.0
11.0
1.0
1.0
-31.0
-39.0
2.0
6.0
10.0
-28.0
22.0
-29.0
-31.0
-20.0
-1.0
-19.0
-24.0
5.0
3.0
-11.0
-5.0
13.0
2.0
-9.0
-20.0
9.0
-12.0
11.0
5.0
-7.0
0.0
-21.0
-33.0
-18.0
23.0
28.0
26.0
6.0
9.0
7.0
1.0
15.0
-13.0
-19.0
4.0
6.0
-24.0
-35.0
-26.0
-9.0
-27.0
29.0
28.0
31.0
22.0
6.0
-27.0
-8.0
-12.0
4.0
21.0
-75.0
-14.0
-30.0
14.0
7.0
-2.0
-30.0
-28.0
-19.0
-2.0
-29.0
-13.0
-13.0
21.0
17.0
-25.0
-6.0
-15.0
-7.0
-3.0
-2.0
5.0
-8.0
-24.0
12.0
-8.0
-4.0
-3.0
12.0
18.0
6.0
15.0
-16.0
-36.0
-55.0
-30.0
-18.0
-17.0
-13.0
-9.0
-24.0
-22.0
-1.0
-5.0
-19.0
-39.0
-69.0
-65.0
-23.0
-28.0
-39.0
-15.0
-6.0
-5.0
24.0
11.0
9.0
3.0
-2.0
23.0
8.0
16.0
21.0
12.0
26.0
26.0
19.0
19.0
43.0
52.0
29.0
10.0
25.0
-2.0
-8.0
-20.0
-13.0
-13.0
-5.0
10.0
26.0
-30.0
-7.0
6.0
10.0
-26.0
-18.0
-20.0
-8.0
-1.0
4.0
-13.0
-28.0
-37.0
-51.0
-44.0
-60.0
-66.0
-54.0
-55.0
-36.0
-54.0
-40.0
-45.0
-42.0
-33.0
-22.0
-26.0
-11.0
32.0
10.0
5.0
10.0
7.0
11.0
26.0
32.0
35.0
37.0
15.0
9.0
24.0
16.0
20.0
8.0
13.0
20.0
17.0
7.0
6.0
-3.0
9.0
7.0
-18.0
30.0
20.0
12.0
15.0
0.0
-12.0
-15.0
-47.0
-66.0
-44.0
-72.0
-97.0
-55.0
-58.0
-65.0
-21.0
-12.0
-12.0
-18.0
-225.0
-203.0
126.0
92.0
86.0
15.0
-17.0
-116.0
-313.0
1.0
-83.0
-53.0
313.0
313.0
313.0
274.0
45.0
15.0
29.0
-38.0
6.0
-101.0
-65.0
-61.0
-8.0
29.0
38.0
-49.0
-79.0
-109.0
-68.0
-9.0
-40.0
-56.0
-29.0
-20.0
-17.0
-18.0
-50.0
-14.0
-42.0
-24.0
-14.0
-10.0
-4.0
6.0
13.0
15.0
-17.0
14.0
15.0
19.0
0.0
9.0
6.0
29.0
35.0
49.0
60.0
65.0
50.0
13.0
-15.0
-30.0
-16.0
-12.0
-22.0
-26.0
-45.0
-43.0
0.0
-39.0
-1.0
-25.0
-18.0
-6.0
-15.0
-6.0
9.0
15.0
16.0
-18.0
1.0
-11.0
-10.0
-22.0
-6.0
-14.0
-37.0
-17.0
-1.0
-14.0
-1.0
-28.0
-14.0
-29.0
-19.0
-10.0
-26.0
-16.0
-19.0
-10.0
-9.0
-18.0
-5.0
-11.0
10.0
5.0
4.0
-6.0
18.0
17.0
14.0
5.0
2.0
-8.0
-4.0
0.0
-3.0
-37.0
14.0
10.0
-2.0
-9.0
-8.0
-29.0
-23.0
16.0
0.0
24.0
-13.0
-12.0
-2.0
-4.0
11.0
4.0
-20.0
-7.0
-7.0
-15.0
-9.0
-4.0
-12.0
-44.0
-38.0
-40.0
-28.0
-40.0
-57.0
-46.0
-14.0
-32.0
10.0
7.0
11.0
-10.0
-4.0
8.0
19.0
10.0
17.0
5.0
3.0
20.0
10.0
22.0
5.0
35.0
21.0
15.0
16.0
26.0
58.0
36.0
34.0
31.0
23.0
11.0
18.0
2.0
-21.0
-53.0
-34.0
-23.0
-29.0
-14.0
-24.0
-15.0
-9.0
-14.0
-1.0
0.0
-9.0
-27.0
-28.0
-57.0
-18.0
-19.0
-11.0
-6.0
-2.0
-4.0
-2.0
0.0
-10.0
1.0
0.0
-22.0
-30.0
1.0
-7.0
3.0
-2.0
15.0
15.0
22.0
9.0
21.0
30.0
12.0
-16.0
13.0
-2.0
45.0
59.0
26.0
37.0
-12.0
23.0
-7.0
9.0
-19.0
8.0
-32.0
-44.0
-20.0
-29.0
-33.0
-50.0
-46.0
-26.0
-41.0
2.0
-35.0
-37.0
-59.0
-29.0
-42.0
-6.0
-29.0
-15.0
14.0
8.0
-14.0
-5.0
-10.0
6.0
19.0
-3.0
3.0
-27.0
-30.0
-18.0
-3.0
13.0
-13.0
-7.0
14.0
-11.0
-1.0
3.0
17.0
15.0
6.0
19.0
18.0
5.0
2.0
-1.0
-2.0
2.0
3.0
37.0
4.0
-5.0
-25.0
-22.0
-31.0
-17.0
19.0
15.0
0.0
-1.0
-13.0
-10.0
4.0
-17.0
-37.0
-22.0
-24.0
-4.0
20.0
17.0
24.0
15.0
-15.0
14.0
30.0
14.0
-2.0
-17.0
-6.0
10.0
-7.0
-21.0
2.0
26.0
2.0
15.0
-13.0
-28.0
-35.0
-27.0
-11.0
-1.0
-18.0
-27.0
-3.0
-21.0
-43.0
-18.0
7.0
-3.0
-21.0
-11.0
-13.0
13.0
14.0
1.0
-22.0
-68.0
-18.0
-58.0
-86.0
-75.0
-139.0
-213.0
-313.0
-313.0
-100.0
117.0
106.0
85.0
-35.0
-57.0
-46.0
93.0
14.0
63.0
56.0
81.0
177.0
158.0
94.0
122.0
238.0
100.0
112.0
151.0
103.0
172.0
92.0
59.0
94.0
0.0
26.0
102.0
-131.0
-22.0
-33.0
-78.0
-50.0
-29.0
-87.0
-112.0
-65.0
-67.0
60.0
-31.0
-73.0
-105.0
-78.0
-65.0
-107.0
-118.0
-61.0
-22.0
-65.0
-91.0
-23.0
-66.0
-40.0
-48.0
77.0
-33.0
-79.0
-71.0
-38.0
-30.0
5.0
53.0
72.0
33.0
-148.0
-3.0
-23.0
33.0
-54.0
41.0
-4.0
16.0
64.0
54.0
70.0
125.0
136.0
147.0
183.0
313.0
313.0
313.0
313.0
313.0
313.0
313.0
313.0
313.0
313.0
313.0
313.0
313.0
313.0
313.0
313.0
313.0
313.0
313.0
263.0
154.0
-47.0
-157.0
-189.0
-244.0
-257.0
-197.0
-313.0
-313.0
-313.0
-313.0
-313.0
-313.0
-313.0
-313.0
-313.0
-313.0
-313.0
-313.0
-313.0
-313.0
-313.0
-313.0
-302.0
-292.0
-269.0
-266.0
-240.0
-198.0
-313.0
-284.0
-196.0
-166.0
-126.0
-116.0
-103.0
-121.0
-112.0
-97.0
-78.0
-64.0
-45.0
-37.0
0.0
0.0
20.0
13.0
61.0
26.0
18.0
9.0
19.0
-13.0
-31.0
-40.0
-64.0
-64.0
-63.0
-71.0
-108.0
-104.0
-123.0
-152.0
-130.0
-129.0
-116.0
-119.0
-116.0
-93.0
-156.0
-88.0
-107.0
-99.0
-103.0
-114.0
-139.0
-142.0
-96.0
-134.0
-109.0
-83.0
-61.0
-40.0
-55.0
-59.0
-34.0
-38.0
-26.0
-15.0
-29.0
-16.0
-25.0
-40.0
-36.0
-79.0
-93.0
-93.0
-120.0
-121.0
-152.0
-172.0
-169.0
-139.0
-154.0
-141.0
-105.0
-102.0
-117.0
-64.0
-44.0
-11.0
7.0
16.0
46.0
67.0
64.0
67.0
64.0
67.0
71.0
75.0
68.0
72.0
87.0
92.0
48.0
57.0
49.0
27.0
30.0
16.0
1.0
-11.0
-3.0
-3.0
25.0
29.0
20.0
41.0
25.0
13.0
23.0
13.0
2.0
6.0
-10.0
-10.0
-6.0
18.0
-5.0
-6.0
1.0
13.0
-3.0
22.0
4.0
-1.0
14.0
-4.0
22.0
16.0
-19.0
10.0
-1.0
-13.0
-37.0
-22.0
-3.0
-20.0
20.0
46.0
34.0
34.0
2.0
5.0
24.0
21.0
22.0
31.0
15.0
18.0
41.0
4.0
-4.0
-8.0
23.0
23.0
17.0
11.0
2.0
13.0
-2.0
8.0
5.0
-12.0
-28.0
-25.0
-40.0
-31.0
-28.0
-48.0
-55.0
-37.0
-15.0
-25.0
-14.0
-14.0
-15.0
-18.0
-2.0
9.0
-12.0
15.0
3.0
29.0
4.0
9.0
2.0
17.0
37.0
44.0
50.0
28.0
54.0
25.0
22.0
18.0
19.0
15.0
21.0
40.0
47.0
33.0
20.0
-1.0
5.0
9.0
-7.0
-16.0
-48.0
-61.0
-79.0
-71.0
-69.0
-40.0
-73.0
-74.0
-52.0
-57.0
-18.0
-24.0
-36.0
-20.0
-33.0
-2.0
16.0
17.0
14.0
41.0
38.0
39.0
59.0
49.0
72.0
54.0
57.0
51.0
42.0
53.0
33.0
55.0
-13.0
45.0
17.0
-1.0
-20.0
-26.0
-19.0
-31.0
-5.0
-24.0
13.0
-11.0
7.0
16.0
30.0
28.0
3.0
-43.0
7.0
3.0
25.0
17.0
27.0
-18.0
22.0
15.0
1.0
-25.0
-5.0
-11.0
-36.0
0.0
8.0
-3.0
-22.0
-27.0
5.0
-2.0
-17.0
-33.0
2.0
0.0
5.0
19.0
14.0
21.0
-2.0
28.0
2.0
6.0
-6.0
2.0
-4.0
3.0
-31.0
-31.0
13.0
-11.0
-1.0
-25.0
-12.0
-3.0
7.0
-3.0
11.0
6.0
-24.0
-13.0
-18.0
-7.0
-25.0
9.0
7.0
35.0
24.0
21.0
11.0
19.0
5.0
-2.0
-50.0
-48.0
-70.0
-65.0
-45.0
-46.0
-69.0
-26.0
2.0
13.0
-16.0
-31.0
-44.0
-46.0
-19.0
-17.0
-19.0
-1.0
14.0
5.0
3.0
17.0
4.0
-15.0
-4.0
0.0
-1.0
-8.0
0.0
17.0
29.0
17.0
37.0
29.0
4.0
9.0
1.0
1.0
-13.0
-11.0
-5.0
18.0
3.0
4.0
0.0
-8.0
11.0
20.0
23.0
22.0
-1.0
13.0
-18.0
5.0
-4.0
1.0
28.0
32.0
31.0
-9.0
0.0
-7.0
-14.0
-25.0
-29.0
-25.0
-18.0
-15.0
-42.0
-53.0
-27.0
-10.0
8.0
-16.0
-29.0
-30.0
-17.0
-3.0
4.0
-2.0
-15.0
2.0
-28.0
-21.0
-22.0
-22.0
-7.0
-2.0
-9.0
-7.0
-7.0
10.0
-10.0
13.0
-13.0
-11.0
6.0
-5.0
3.0
-40.0
-52.0
-57.0
-37.0
-28.0
-24.0
-27.0
-20.0
-29.0
-21.0
-13.0
-2.0
-28.0
9.0
-11.0
17.0
25.0
21.0
7.0
2.0
6.0
17.0
2.0
4.0
2.0
-7.0
-9.0
-16.0
26.0
13.0
3.0
-2.0
-3.0
0.0
14.0
18.0
17.0
26.0
26.0
-12.0
-13.0
-7.0
20.0
18.0
22.0
10.0
14.0
27.0
8.0
33.0
21.0
26.0
-7.0
-5.0
-46.0
-49.0
-46.0
-27.0
-35.0
-44.0
-37.0
-15.0
-7.0
-17.0
3.0
14.0
16.0
7.0
17.0
16.0
19.0
11.0
2.0
0.0
-11.0
5.0
3.0
1.0
-5.0
3.0
30.0
-3.0
-17.0
0.0
8.0
17.0
16.0
0.0
-12.0
9.0
11.0
18.0
9.0
25.0
18.0
15.0
19.0
-14.0
13.0
-15.0
-2.0
2.0
10.0
-15.0
14.0
-9.0
-11.0
-19.0
-10.0
-28.0
-13.0
-10.0
-5.0
-33.0
22.0
8.0
19.0
-5.0
-40.0
-39.0
-33.0
-22.0
-48.0
-24.0
-49.0
-43.0
-45.0
-66.0
-50.0
-48.0
-28.0
-16.0
-4.0
11.0
-15.0
-27.0
-26.0
25.0
35.0
43.0
55.0
61.0
89.0
53.0
24.0
22.0
30.0
22.0
18.0
25.0
-9.0
-4.0
32.0
2.0
5.0
28.0
18.0
27.0
20.0
21.0
22.0
31.0
33.0
25.0
10.0
4.0
7.0
-9.0
24.0
5.0
15.0
-17.0
11.0
11.0
-4.0
-17.0
-6.0
3.0
-45.0
-20.0
-7.0
-10.0
0.0
9.0
-2.0
8.0
-4.0
-18.0
-15.0
-22.0
-44.0
-48.0
-19.0
-27.0
-25.0
-15.0
-31.0
-59.0
-17.0
-75.0
-68.0
-41.0
-33.0
-20.0
-13.0
21.0
10.0
17.0
7.0
8.0
24.0
0.0
1.0
-26.0
-25.0
-31.0
-24.0
-19.0
-53.0
-42.0
-47.0
-15.0
-12.0
-30.0
-32.0
-41.0
-50.0
-13.0
7.0
26.0
9.0
16.0
-17.0
18.0
-9.0
-22.0
-25.0
-10.0
1.0
18.0
-13.0
7.0
4.0
16.0
18.0
6.0
11.0
22.0
29.0
26.0
18.0
-11.0
32.0
7.0
-25.0
-4.0
-2.0
-31.0
-39.0
-4.0
4.0
-4.0
-16.0
-16.0
-2.0
-10.0
-15.0
8.0
7.0
2.0
13.0
-37.0
-16.0
-33.0
9.0
-19.0
-28.0
15.0
-32.0
-18.0
-5.0
-9.0
2.0
18.0
17.0
13.0
17.0
6.0
21.0
-4.0
-26.0
-28.0
-15.0
-12.0
4.0
5.0
-2.0
-8.0
-8.0
-13.0
1.0
-36.0
-18.0
-12.0
-27.0
-9.0
-1.0
-23.0
21.0
-3.0
-7.0
-14.0
-6.0
16.0
26.0
-2.0
-1.0
6.0
4.0
-20.0
2.0
-13.0
-15.0
-9.0
-12.0
-19.0
-17.0
-10.0
-9.0
-16.0
-2.0
-18.0
-16.0
-15.0
-35.0
-13.0
-22.0
-4.0
-19.0
-30.0
3.0
21.0
25.0
29.0
35.0
11.0
10.0
-14.0
-22.0
4.0
4.0
6.0
11.0
-4.0
3.0
-11.0
-10.0
-12.0
6.0
-11.0
-21.0
-6.0
-10.0
-33.0
-23.0
-6.0
-14.0
19.0
10.0
-6.0
-14.0
-11.0
-9.0
-8.0
26.0
-11.0
-3.0
15.0
-10.0
1.0
-13.0
13.0
9.0
4.0
4.0
-13.0
-23.0
10.0
-15.0
-16.0
-25.0
-28.0
-11.0
18.0
8.0
-28.0
-35.0
-7.0
-26.0
-8.0
-15.0
-3.0
4.0
-9.0
13.0
22.0
25.0
-1.0
-10.0
-7.0
-3.0
14.0
-9.0
-17.0
28.0
20.0
16.0
17.0
1.0
27.0
33.0
38.0
12.0
25.0
1.0
6.0
-2.0
-22.0
0.0
-23.0
0.0
0.0
-24.0
-13.0
-8.0
-24.0
-26.0
-11.0
-15.0
-22.0
-20.0
-7.0
-8.0
-4.0
-17.0
-9.0
-2.0
-40.0
-1.0
3.0
-11.0
-35.0
-7.0
-6.0
-3.0
-18.0
-5.0
-20.0
-11.0
-13.0
-22.0
9.0
6.0
-10.0
9.0
-11.0
-17.0
11.0
11.0
7.0
20.0
4.0
9.0
-15.0
-35.0
-13.0
-10.0
-13.0
-8.0
-12.0
8.0
4.0
-14.0
13.0
-28.0
3.0
1.0
7.0
26.0
-9.0
2.0
-26.0
-18.0
-7.0
-12.0
-39.0
-46.0
-28.0
-53.0
-43.0
-50.0
-36.0
-20.0
-44.0
-28.0
-44.0
-40.0
-18.0
-45.0
-21.0
-45.0
-21.0
-25.0
-36.0
-25.0
-24.0
-29.0
-33.0
-5.0
-21.0
-10.0
-14.0
0.0
16.0
-12.0
-15.0
-7.0
-12.0
18.0
10.0
19.0
7.0
6.0
-16.0
-15.0
21.0
22.0
13.0
30.0
31.0
6.0
17.0
8.0
-9.0
-18.0
-18.0
-16.0
-14.0
-36.0
-36.0
-25.0
-76.0
-33.0
-48.0
-45.0
-12.0
-8.0
4.0
-5.0
-8.0
-4.0
40.0
40.0
27.0
11.0
10.0
10.0
-7.0
31.0
27.0
3.0
34.0
-6.0
2.0
6.0
33.0
41.0
49.0
46.0
11.0
-3.0
36.0
-2.0
14.0
-17.0
-26.0
-27.0
-16.0
11.0
-1.0
0.0
-4.0
-3.0
-15.0
-9.0
-2.0
3.0
-8.0
19.0
-15.0
-24.0
-16.0
6.0
-5.0
-18.0
-28.0
-28.0
-24.0
-15.0
-15.0
-16.0
-15.0
-18.0
4.0
-31.0
-11.0
-7.0
-10.0
-19.0
2.0
5.0
-3.0
-18.0
3.0
11.0
0.0
2.0
11.0
-8.0
7.0
-7.0
-14.0
21.0
18.0
-7.0
7.0
4.0
-14.0
0.0
2.0
19.0
-23.0
4.0
-5.0
-7.0
2.0
0.0
-29.0
-37.0
-34.0
-16.0
-50.0
-26.0
-57.0
-19.0
-19.0
-26.0
-22.0
-29.0
5.0
7.0
15.0
-14.0
29.0
-3.0
33.0
37.0
11.0
7.0
35.0
32.0
36.0
4.0
38.0
-2.0
0.0
-4.0
13.0
-15.0
14.0
8.0
17.0
-17.0
-7.0
10.0
-16.0
-8.0
-19.0
17.0
6.0
16.0
-7.0
10.0
-12.0
-21.0
-24.0
-24.0
-37.0
-1.0
-33.0
-29.0
-12.0
-66.0
-4.0
9.0
39.0
38.0
-10.0
29.0
-18.0
-22.0
-40.0
-22.0
-48.0
-20.0
-17.0
-18.0
-57.0
-60.0
-28.0
-21.0
-21.0
-27.0
43.0
8.0
32.0
30.0
-9.0
3.0
-13.0
4.0
-19.0
2.0
-10.0
-7.0
50.0
47.0
16.0
-10.0
-15.0
-22.0
-8.0
23.0
22.0
5.0
0.0
-10.0
28.0
-3.0
-1.0
-2.0
24.0
7.0
11.0
-30.0
28.0
31.0
-3.0
-1.0
12.0
-3.0
-3.0
6.0
-16.0
3.0
-9.0
-2.0
-4.0
-5.0
-25.0
-5.0
20.0
6.0
-12.0
-10.0
-54.0
-48.0
-28.0
-36.0
-18.0
-16.0
-23.0
-46.0
-18.0
-53.0
-16.0
-15.0
-45.0
-6.0
-22.0
-11.0
-8.0
18.0
-2.0
12.0
-11.0
-13.0
-1.0
26.0
-9.0
15.0
0.0
33.0
30.0
-9.0
-14.0
-8.0
-8.0
-6.0
28.0
9.0
12.0
-25.0
21.0
36.0
32.0
28.0
20.0
15.0
7.0
-7.0
4.0
-2.0
-4.0
0.0
0.0
-1.0
-22.0
-12.0
-10.0
-15.0
-18.0
-25.0
-26.0
-10.0
-3.0
-3.0
-22.0
-11.0
-15.0
-26.0
15.0
6.0
33.0
24.0
-26.0
-27.0
-25.0
-3.0
12.0
19.0
8.0
-20.0
-7.0
16.0
4.0
12.0
-34.0
-21.0
-8.0
26.0
-7.0
35.0
25.0
3.0
6.0
10.0
41.0
-9.0
23.0
21.0
-47.0
-15.0
13.0
10.0
4.0
5.0
-11.0
-3.0
-8.0
-26.0
-40.0
-48.0
-36.0
-71.0
-22.0
-19.0
-4.0
-8.0
6.0
4.0
20.0
18.0
15.0
-26.0
-5.0
-3.0
-11.0
20.0
14.0
-6.0
3.0
-40.0
-43.0
-46.0
-10.0
-11.0
-28.0
-20.0
-50.0
-28.0
-24.0
-4.0
-3.0
-8.0
-5.0
-4.0
0.0
-3.0
-31.0
0.0
49.0
14.0
24.0
38.0
3.0
8.0
7.0
7.0
15.0
-50.0
32.0
-17.0
18.0
-27.0
-4.0
-5.0
-5.0
9.0
6.0
-1.0
5.0
-16.0
-20.0
-8.0
-15.0
-18.0
-7.0
0.0
2.0
5.0
38.0
18.0
25.0
37.0
10.0
0.0
1.0
24.0
16.0
-12.0
15.0
49.0
34.0
26.0
29.0
22.0
2.0
-1.0
23.0
-6.0
-53.0
-71.0
-85.0
-65.0
-68.0
-91.0
-46.0
-91.0
-79.0
-100.0
-74.0
-48.0
-34.0
-86.0
-216.0
-219.0
-84.0
183.0
313.0
313.0
313.0
313.0
313.0
313.0
313.0
313.0
263.0
100.0
-36.0
-149.0
-231.0
-266.0
-304.0
-313.0
-313.0
-313.0
-313.0
-313.0
-313.0
-313.0
-313.0
-313.0
-313.0
-301.0
-303.0
-306.0
-274.0
-272.0
-254.0
-221.0
-178.0
-155.0
-121.0
-113.0
-87.0
-95.0
-94.0
-65.0
-80.0
-24.0
-26.0
28.0
27.0
18.0
47.0
48.0
-3.0
50.0
42.0
50.0
30.0
49.0
46.0
87.0
74.0
67.0
53.0
61.0
78.0
84.0
81.0
101.0
78.0
86.0
56.0
57.0
80.0
48.0
67.0
41.0
64.0
55.0
39.0
44.0
45.0
62.0
31.0
30.0
32.0
40.0
18.0
1.0
-2.0
16.0
35.0
35.0
16.0
-8.0
-4.0
-9.0
-10.0
-40.0
-35.0
16.0
8.0
13.0
11.0
29.0
15.0
42.0
19.0
35.0
11.0
-5.0
-2.0
-11.0
32.0
26.0
-7.0
4.0
16.0
25.0
25.0
36.0
12.0
17.0
2.0
0.0
1.0
24.0
-11.0
6.0
-5.0
-15.0
-11.0
-7.0
5.0
-18.0
-12.0
-12.0
-2.0
15.0
-13.0
19.0
26.0
19.0
21.0
21.0
3.0
9.0
14.0
-9.0
-26.0
15.0
-18.0
-9.0
4.0
34.0
25.0
30.0
17.0
-7.0
10.0
8.0
11.0
12.0
-9.0
-4.0
9.0
5.0
13.0
-8.0
7.0
1.0
3.0
4.0
-2.0
2.0
26.0
-23.0
-18.0
16.0
7.0
-3.0
24.0
11.0
22.0
-28.0
-17.0
-27.0
10.0
-6.0
13.0
2.0
-14.0
-4.0
-6.0
-28.0
-35.0
-19.0
6.0
3.0
0.0
51.0
32.0
15.0
19.0
7.0
15.0
11.0
38.0
-4.0
-16.0
-30.0
-12.0
-25.0
-14.0
-22.0
-14.0
-3.0
-22.0
-46.0
-48.0
-26.0
-35.0
-25.0
-26.0
0.0
11.0
31.0
30.0
27.0
-1.0
-20.0
-37.0
-33.0
-17.0
-13.0
-8.0
-1.0
-21.0
-18.0
-19.0
17.0
-2.0
4.0
34.0
11.0
7.0
-26.0
-42.0
25.0
1.0
15.0
18.0
8.0
-7.0
12.0
6.0
-5.0
15.0
11.0
29.0
3.0
4.0
14.0
20.0
-2.0
5.0
8.0
-5.0
4.0
16.0
6.0
-10.0
-31.0
-6.0
2.0
4.0
8.0
-23.0
-52.0
-83.0
-62.0
-80.0
-83.0
-29.0
-63.0
-70.0
-66.0
-69.0
-71.0
-44.0
-75.0
-54.0
-63.0
-51.0
4.0
31.0
58.0
70.0
46.0
50.0
34.0
56.0
57.0
46.0
60.0
30.0
46.0
32.0
50.0
24.0
27.0
37.0
44.0
26.0
21.0
18.0
-15.0
-8.0
4.0
-7.0
13.0
2.0
6.0
-13.0
-18.0
-17.0
-21.0
-33.0
-5.0
-12.0
-4.0
-6.0
-15.0
-28.0
-8.0
-14.0
-5.0
42.0
-2.0
22.0
-16.0
-12.0
-6.0
-19.0
-17.0
-8.0
0.0
-1.0
25.0
20.0
11.0
23.0
8.0
-22.0
4.0
-3.0
19.0
27.0
22.0
10.0
6.0
24.0
21.0
27.0
33.0
26.0
26.0
-5.0
-29.0
-24.0
-22.0
-22.0
-12.0
0.0
-44.0
-35.0
-40.0
-44.0
-51.0
-62.0
-49.0
-7.0
-12.0
-52.0
-36.0
-42.0
78.0
55.0
96.0
154.0
186.0
313.0
313.0
313.0
313.0
240.0
180.0
134.0
79.0
75.0
35.0
11.0
17.0
16.0
11.0
25.0
5.0
-4.0
-34.0
16.0
-9.0
-3.0
-18.0
-69.0
-61.0
-51.0
-32.0
-68.0
-64.0
-74.0
-77.0
-71.0
-80.0
-58.0
-63.0
-92.0
-68.0
-63.0
-22.0
-81.0
-78.0
-93.0
-104.0
-119.0
-99.0
-75.0
-40.0
-94.0
-59.0
-42.0
-80.0
-83.0
-74.0
-69.0
-72.0
-47.0
-22.0
-31.0
-33.0
-30.0
-41.0
-45.0
-38.0
-15.0
-12.0
-3.0
-19.0
-16.0
-18.0
-51.0
-25.0
-34.0
-32.0
-13.0
-11.0
7.0
-5.0
-7.0
38.0
22.0
-11.0
3.0
-5.0
16.0
25.0
7.0
-22.0
-5.0
3.0
8.0
-5.0
44.0
41.0
21.0
-5.0
-25.0
12.0
14.0
3.0
-1.0
21.0
8.0
-13.0
-7.0
19.0
30.0
11.0
41.0
29.0
-17.0
-1.0
-42.0
-29.0
-48.0
-13.0
-18.0
-36.0
-52.0
-51.0
-24.0
-27.0
-10.0
-23.0
-4.0
-23.0
-32.0
-6.0
-3.0
-7.0
10.0
-7.0
-17.0
-12.0
-12.0
4.0
32.0
20.0
34.0
28.0
13.0
17.0
20.0
22.0
6.0
29.0
43.0
41.0
40.0
7.0
15.0
-7.0
-16.0
-12.0
7.0
-2.0
15.0
7.0
3.0
-17.0
-18.0
9.0
4.0
2.0
-4.0
-3.0
11.0
8.0
-28.0
-38.0
-31.0
1.0
6.0
3.0
-18.0
3.0
-5.0
3.0
-8.0
-23.0
-11.0
20.0
2.0
7.0
-4.0
-10.0
-11.0
-24.0
-3.0
-12.0
-18.0
-12.0
2.0
6.0
0.0
-1.0
-9.0
-15.0
-2.0
1.0
-12.0
-20.0
-18.0
-37.0
-21.0
6.0
15.0
-9.0
-8.0
-3.0
-5.0
-1.0
-13.0
-5.0
-14.0
2.0
-13.0
17.0
-11.0
-4.0
-6.0
-2.0
-7.0
-12.0
-22.0
-9.0
0.0
-5.0
-33.0
-28.0
4.0
2.0
1.0
-1.0
3.0
-12.0
3.0
-9.0
11.0
-11.0
-28.0
-37.0
-60.0
-46.0
-35.0
-81.0
5.0
-33.0
39.0
3.0
-15.0
-33.0
-24.0
-19.0
-12.0
-34.0
-5.0
-35.0
-21.0
-16.0
-12.0
-30.0
-50.0
-23.0
-26.0
-9.0
6.0
-1.0
8.0
-16.0
-12.0
5.0
13.0
24.0
4.0
16.0
30.0
-15.0
-30.0
-20.0
6.0
20.0
-5.0
-4.0
22.0
-7.0
8.0
9.0
1.0
11.0
-18.0
-20.0
-26.0
-27.0
-12.0
-34.0
9.0
-33.0
8.0
101.0
131.0
105.0
115.0
127.0
86.0
98.0
52.0
80.0
75.0
55.0
85.0
78.0
35.0
54.0
8.0
34.0
37.0
35.0
7.0
4.0
12.0
-21.0
-12.0
11.0
-9.0
-22.0
-40.0
-35.0
-50.0
-66.0
-74.0
-83.0
-49.0
-58.0
-72.0
-75.0
-83.0
-73.0
-112.0
-63.0
-55.0
-71.0
-82.0
-103.0
-60.0
-22.0
-5.0
13.0
37.0
61.0
41.0
26.0
35.0
53.0
73.0
57.0
77.0
57.0
30.0
18.0
-10.0
-8.0
-14.0
-4.0
8.0
-28.0
-38.0
-51.0
-43.0
-34.0
-27.0
-37.0
-50.0
-59.0
-57.0
-40.0
-52.0
-26.0
-58.0
-55.0
-56.0
-51.0
-50.0
-36.0
-40.0
-36.0
-15.0
-40.0
-38.0
-32.0
-31.0
-48.0
-31.0
-31.0
-31.0
-47.0
-24.0
-38.0
-40.0
-34.0
-13.0
-14.0
-5.0
-15.0
4.0
12.0
18.0
18.0
-16.0
-8.0
-10.0
-8.0
-34.0
-35.0
-46.0
-5.0
-1.0
1.0
23.0
25.0
-13.0
8.0
18.0
4.0
18.0
-50.0
55.0
-32.0
4.0
-19.0
2.0
27.0
-11.0
-12.0
-35.0
5.0
-48.0
19.0
-10.0
23.0
-23.0
-24.0
24.0
25.0
17.0
48.0
29.0
18.0
19.0
20.0
48.0
33.0
14.0
11.0
-5.0
-41.0
-9.0
-12.0
7.0
-23.0
-14.0
-6.0
-1.0
-9.0
13.0
-26.0
-28.0
-38.0
-26.0
-4.0
-19.0
-39.0
-63.0
-69.0
4.0
-17.0
-9.0
3.0
-34.0
-1.0
2.0
11.0
22.0
31.0
10.0
4.0
-1.0
24.0
4.0
0.0
10.0
1.0
15.0
23.0
-71.0
-18.0
-8.0
21.0
313.0
313.0
313.0
313.0
313.0
313.0
313.0
313.0
313.0
313.0
245.0
91.0
-19.0
8.0
-60.0
-94.0
-175.0
-215.0
-260.0
-278.0
-313.0
-313.0
-313.0
-313.0
-313.0
-313.0
-313.0
-313.0
-313.0
-313.0
-308.0
-282.0
-241.0
-239.0
-263.0
-254.0
-232.0
-200.0
-198.0
-157.0
-167.0
-153.0
-119.0
-93.0
-122.0
-137.0
-184.0
-124.0
-124.0
-60.0
-50.0
-45.0
121.0
105.0
194.0
171.0
207.0
252.0
189.0
222.0
182.0
313.0
313.0
313.0
313.0
285.0
228.0
212.0
184.0
290.0
313.0
282.0
237.0
223.0
223.0
200.0
115.0
132.0
-59.0
-57.0
-129.0
-204.0
-222.0
-184.0
-154.0
-114.0
-121.0
-201.0
-157.0
-143.0
-216.0
-269.0
-313.0
-310.0
-313.0
-313.0
-313.0
-313.0
-313.0
-309.0
-279.0
-243.0
-241.0
-187.0
-191.0
-199.0
-129.0
-103.0
-102.0
-125.0
-107.0
-55.0
-58.0
-64.0
-47.0
-43.0
-21.0
8.0
20.0
0.0
13.0
51.0
34.0
42.0
46.0
47.0
36.0
6.0
27.0
31.0
40.0
12.0
20.0
27.0
34.0
46.0
37.0
0.0
21.0
35.0
35.0
25.0
13.0
11.0
2.0
4.0
28.0
17.0
-1.0
-15.0
7.0
14.0
-10.0
-6.0
9.0
12.0
-1.0
-17.0
-14.0
-25.0
17.0
-12.0
-27.0
-15.0
-14.0
-2.0
-23.0
-19.0
-27.0
-26.0
-16.0
-11.0
6.0
27.0
24.0
20.0
27.0
19.0
11.0
14.0
30.0
19.0
46.0
35.0
55.0
63.0
67.0
55.0
36.0
30.0
18.0
28.0
54.0
48.0
50.0
53.0
31.0
50.0
32.0
57.0
35.0
38.0
12.0
20.0
19.0
18.0
7.0
-7.0
-37.0
-56.0
-76.0
-78.0
-41.0
-83.0
-53.0
-51.0
-39.0
-20.0
-31.0
-19.0
-22.0
7.0
5.0
16.0
2.0
-5.0
15.0
22.0
11.0
32.0
16.0
28.0
-7.0
-18.0
0.0
-3.0
-10.0
-19.0
-16.0
-27.0
3.0
-48.0
7.0
0.0
-11.0
-18.0
-1.0
3.0
-35.0
-38.0
-36.0
-78.0
-35.0
-8.0
4.0
1.0
4.0
-9.0
-2.0
-7.0
-6.0
15.0
12.0
26.0
35.0
40.0
24.0
55.0
68.0
12.0
15.0
37.0
36.0
15.0
8.0
2.0
21.0
29.0
23.0
-7.0
-15.0
-2.0
-2.0
-14.0
-25.0
-21.0
-8.0
-29.0
-9.0
-16.0
-21.0
-46.0
-16.0
-34.0
-56.0
-44.0
-41.0
-24.0
-31.0
-21.0
-37.0
-38.0
-73.0
-58.0
-33.0
-46.0
-40.0
-41.0
-38.0
-5.0
-24.0
12.0
36.0
32.0
24.0
25.0
37.0
55.0
64.0
44.0
41.0
30.0
27.0
33.0
12.0
22.0
19.0
20.0
-2.0
3.0
-11.0
-5.0
36.0
-9.0
6.0
3.0
-15.0
1.0
13.0
3.0
19.0
27.0
37.0
42.0
11.0
8.0
-2.0
12.0
-11.0
-17.0
-23.0
-11.0
-24.0
-16.0
-46.0
-55.0
-27.0
-16.0
-30.0
-25.0
-14.0
-7.0
2.0
9.0
-11.0
-5.0
9.0
-21.0
-42.0
7.0
-10.0
16.0
28.0
28.0
42.0
48.0
49.0
35.0
29.0
20.0
18.0
-11.0
-9.0
-6.0
-5.0
-2.0
-22.0
6.0
11.0
4.0
-7.0
-13.0
-7.0
-7.0
-16.0
-21.0
-24.0
-24.0
-7.0
-2.0
7.0
13.0
-3.0
5.0
-2.0
-17.0
10.0
-12.0
-26.0
-20.0
-7.0
2.0
-1.0
-19.0
10.0
4.0
0.0
-8.0
7.0
0.0
19.0
0.0
-1.0
-1.0
-13.0
-5.0
-14.0
6.0
-25.0
-19.0
-5.0
7.0
9.0
-18.0
-39.0
-39.0
-53.0
-21.0
10.0
-16.0
-8.0
-33.0
4.0
-7.0
28.0
24.0
-47.0
7.0
13.0
10.0
23.0
-11.0
3.0
7.0
31.0
30.0
12.0
21.0
24.0
-2.0
3.0
14.0
19.0
-3.0
1.0
7.0
4.0
-17.0
8.0
-9.0
-11.0
1.0
12.0
15.0
5.0
8.0
9.0
-20.0
1.0
-12.0
-11.0
-15.0
-7.0
-27.0
-24.0
-31.0
-20.0
-21.0
-18.0
-5.0
-4.0
-20.0
-13.0
3.0
-16.0
-10.0
17.0
-13.0
-26.0
-44.0
-23.0
18.0
20.0
-15.0
-11.0
-13.0
5.0
-12.0
-39.0
-25.0
-41.0
-30.0
-28.0
-20.0
-44.0
-45.0
-46.0
-6.0
13.0
-21.0
-10.0
-15.0
19.0
-11.0
-15.0
-12.0
-9.0
4.0
18.0
25.0
-2.0
8.0
-10.0
2.0
15.0
7.0
2.0
2.0
6.0
27.0
9.0
0.0
17.0
13.0
28.0
27.0
6.0
-30.0
-16.0
17.0
-9.0
-8.0
-29.0
3.0
-6.0
-9.0
-37.0
-24.0
-17.0
-35.0
-22.0
12.0
1.0
13.0
-4.0
-7.0
-4.0
-9.0
9.0
-7.0
-21.0
-37.0
2.0
-1.0
-4.0
4.0
2.0
-13.0
-30.0
-16.0
-6.0
-14.0
-18.0
-40.0
-38.0
-38.0
-44.0
-48.0
-35.0
-53.0
-53.0
-31.0
-11.0
-18.0
-40.0
-48.0
-36.0
9.0
25.0
20.0
15.0
-7.0
10.0
14.0
-15.0
-20.0
2.0
-23.0
-21.0
-18.0
-7.0
-10.0
-4.0
-17.0
2.0
-2.0
-12.0
-20.0
12.0
-23.0
-20.0
-9.0
13.0
-17.0
-2.0
-13.0
17.0
-1.0
-35.0
-14.0
-30.0
-41.0
-62.0
-90.0
-70.0
-67.0
-49.0
-35.0
-12.0
-15.0
-15.0
-1.0
13.0
6.0
25.0
27.0
46.0
34.0
70.0
51.0
30.0
34.0
14.0
0.0
2.0
0.0
10.0
-14.0
-25.0
-39.0
-23.0
-2.0
-3.0
15.0
13.0
14.0
-10.0
2.0
-19.0
-23.0
-50.0
-71.0
-79.0
-74.0
-75.0
-76.0
-40.0
-23.0
1.0
-10.0
-20.0
-1.0
9.0
-11.0
9.0
21.0
25.0
42.0
21.0
-12.0
9.0
-5.0
-9.0
0.0
-17.0
-17.0
-7.0
14.0
24.0
37.0
31.0
24.0
11.0
3.0
-4.0
-10.0
-7.0
-20.0
-20.0
-26.0
-45.0
-54.0
-8.0
-27.0
-13.0
-15.0
6.0
12.0
18.0
10.0
10.0
2.0
-1.0
18.0
10.0
4.0
-26.0
5.0
-10.0
-1.0
-20.0
-4.0
-18.0
2.0
6.0
4.0
11.0
24.0
3.0
6.0
10.0
-13.0
-23.0
8.0
-11.0
-8.0
-8.0
-9.0
-3.0
-9.0
22.0
-21.0
14.0
-14.0
-16.0
-7.0
-7.0
-21.0
-15.0
-44.0
-6.0
-6.0
-18.0
14.0
-52.0
-50.0
-15.0
1.0
31.0
26.0
27.0
45.0
24.0
8.0
5.0
2.0
5.0
7.0
-11.0
-38.0
16.0
-12.0
4.0
-11.0
-18.0
-9.0
0.0
-34.0
6.0
7.0
-8.0
-17.0
-41.0
-13.0
14.0
-3.0
11.0
22.0
14.0
19.0
22.0
20.0
2.0
25.0
14.0
24.0
-5.0
-5.0
-34.0
-31.0
4.0
11.0
2.0
-12.0
-17.0
-10.0
-33.0
-29.0
13.0
24.0
0.0
18.0
-21.0
-10.0
-14.0
-21.0
2.0
12.0
2.0
19.0
-6.0
-6.0
-16.0
-38.0
20.0
21.0
-1.0
-5.0
-4.0
-10.0
3.0
-2.0
37.0
16.0
18.0
10.0
11.0
7.0
3.0
31.0
11.0
-13.0
-28.0
-15.0
-18.0
-13.0
-45.0
-111.0
-153.0
-178.0
-166.0
-174.0
-147.0
-99.0
-56.0
-55.0
-39.0
0.0
63.0
81.0
88.0
92.0
112.0
118.0
110.0
121.0
85.0
81.0
61.0
44.0
17.0
29.0
38.0
-1.0
-9.0
-18.0
27.0
6.0
15.0
-16.0
-5.0
-20.0
-4.0
-6.0
-13.0
-11.0
-5.0
-24.0
-37.0
-30.0
-30.0
-28.0
-7.0
-25.0
-49.0
-42.0
-48.0
-32.0
-55.0
-56.0
-51.0
-9.0
-15.0
-31.0
-24.0
-24.0
0.0
-2.0
-10.0
5.0
-2.0
-11.0
2.0
-16.0
9.0
-5.0
-15.0
2.0
-5.0
-1.0
-18.0
-14.0
-11.0
-26.0
12.0
5.0
9.0
-22.0
-19.0
-20.0
-35.0
-9.0
-8.0
1.0
6.0
-1.0
-24.0
12.0
22.0
19.0
29.0
33.0
31.0
-4.0
-19.0
-8.0
-6.0
-8.0
-6.0
29.0
-8.0
18.0
8.0
16.0
-6.0
3.0
-7.0
-10.0
30.0
26.0
23.0
58.0
40.0
-23.0
-24.0
-24.0
-15.0
8.0
-33.0
-39.0
-27.0
-29.0
-38.0
-115.0
-126.0
-117.0
-140.0
59.0
125.0
275.0
313.0
313.0
313.0
313.0
313.0
313.0
251.0
169.0
160.0
170.0
104.0
11.0
9.0
22.0
-4.0
-12.0
92.0
-45.0
-79.0
-114.0
-71.0
-265.0
71.0
130.0
142.0
80.0
103.0
207.0
249.0
244.0
204.0
236.0
207.0
162.0
128.0
88.0
50.0
78.0
103.0
134.0
122.0
59.0
-36.0
-99.0
-161.0
-83.0
-187.0
-167.0
-82.0
23.0
21.0
82.0
51.0
30.0
-2.0
-29.0
-28.0
-67.0
-164.0
-184.0
-206.0
-231.0
-232.0
-263.0
-250.0
-292.0
-295.0
-250.0
-204.0
-160.0
-154.0
-123.0
-129.0
-128.0
-105.0
-105.0
-90.0
-101.0
-83.0
-69.0
-74.0
-67.0
-68.0
-20.0
-34.0
-28.0
-13.0
-18.0
-42.0
-17.0
-85.0
-98.0
-95.0
-99.0
-141.0
-182.0
-116.0
-129.0
-164.0
-102.0
-97.0
-98.0
-50.0
-71.0
-37.0
-30.0
-49.0
-52.0
-62.0
-26.0
-54.0
-19.0
-37.0
11.0
1.0
-79.0
-2.0
-36.0
-24.0
-23.0
-1.0
-30.0
-47.0
-47.0
-33.0
-19.0
-32.0
8.0
-28.0
-18.0
-7.0
-2.0
1.0
-11.0
-21.0
-19.0
8.0
-26.0
-9.0
-24.0
7.0
13.0
16.0
-17.0
15.0
12.0
14.0
23.0
61.0
49.0
10.0
21.0
38.0
42.0
16.0
24.0
36.0
-5.0
8.0
4.0
26.0
33.0
23.0
28.0
-12.0
-11.0
22.0
76.0
100.0
67.0
87.0
90.0
125.0
118.0
124.0
121.0
108.0
109.0
98.0
86.0
73.0
59.0
57.0
57.0
21.0
23.0
35.0
-1.0
8.0
-15.0
22.0
-21.0
24.0
-16.0
-15.0
-8.0
-20.0
-35.0
-36.0
-33.0
-35.0
-38.0
-12.0
-23.0
-27.0
-26.0
-37.0
-46.0
-46.0
-54.0
-44.0
-29.0
-24.0
-20.0
2.0
-1.0
-10.0
5.0
-5.0
-15.0
-8.0
-5.0
-6.0
4.0
16.0
11.0
9.0
7.0
13.0
6.0
-13.0
38.0
-9.0
7.0
-20.0
-19.0
1.0
1.0
1.0
3.0
-26.0
-20.0
-19.0
-27.0
-8.0
-4.0
-21.0
-20.0
-20.0
11.0
29.0
5.0
7.0
9.0
0.0
10.0
-12.0
-4.0
-29.0
-7.0
-19.0
-18.0
16.0
9.0
17.0
17.0
11.0
-10.0
14.0
12.0
13.0
-15.0
25.0
20.0
101.0
108.0
65.0
44.0
34.0
25.0
9.0
10.0
2.0
-19.0
-23.0
-22.0
2.0
13.0
7.0
3.0
-1.0
-29.0
-24.0
-33.0
-26.0
-28.0
-42.0
-26.0
-18.0
-34.0
-45.0
-74.0
-9.0
-22.0
-21.0
-22.0
-11.0
-42.0
-52.0
-14.0
7.0
28.0
30.0
46.0
33.0
32.0
20.0
13.0
2.0
-11.0
-12.0
-17.0
-6.0
-3.0
-18.0
-17.0
-14.0
-27.0
-5.0
-6.0
-6.0
-10.0
-9.0
-7.0
-11.0
-5.0
-8.0
-16.0
-38.0
-57.0
-22.0
-20.0
-11.0
-28.0
13.0
11.0
4.0
-4.0
10.0
4.0
-7.0
-33.0
-23.0
-40.0
-27.0
-25.0
-6.0
-37.0
-24.0
-32.0
-17.0
-19.0
-25.0
-31.0
-44.0
-40.0
-29.0
-29.0
-30.0
-17.0
-20.0
1.0
-13.0
21.0
31.0
24.0
7.0
29.0
24.0
16.0
24.0
-1.0
6.0
22.0
26.0
24.0
35.0
16.0
18.0
14.0
39.0
-6.0
-30.0
-39.0
-15.0
-10.0
-16.0
-9.0
-4.0
13.0
-3.0
-33.0
-2.0
-18.0
12.0
12.0
23.0
23.0
12.0
22.0
17.0
14.0
-6.0
-6.0
-11.0
-4.0
-29.0
-26.0
-16.0
-29.0
-36.0
-9.0
-4.0
-18.0
-22.0
-26.0
-30.0
-3.0
12.0
-17.0
-7.0
-16.0
-38.0
-35.0
-23.0
-28.0
3.0
19.0
11.0
4.0
0.0
-28.0
10.0
-9.0
-1.0
4.0
1.0
12.0
10.0
-16.0
-20.0
-4.0
-16.0
-3.0
-14.0
-17.0
-15.0
9.0
9.0
-25.0
-22.0
-45.0
-13.0
-19.0
-16.0
-14.0
-22.0
6.0
6.0
-4.0
7.0
2.0
-15.0
-17.0
-3.0
0.0
-8.0
-28.0
-36.0
-32.0
-7.0
-9.0
-16.0
-5.0
-22.0
-22.0
-5.0
-2.0
0.0
1.0
-15.0
-18.0
-25.0
1.0
1.0
-3.0
36.0
20.0
-13.0
-10.0
1.0
-2.0
18.0
15.0
5.0
5.0
-42.0
-6.0
-22.0
-1.0
-4.0
-6.0
-3.0
-11.0
-9.0
-9.0
1.0
3.0
-31.0
-39.0
-18.0
20.0
-9.0
12.0
4.0
3.0
-15.0
-6.0
6.0
14.0
-9.0
-12.0
-5.0
6.0
-31.0
-27.0
-20.0
-28.0
2.0
-29.0
15.0
-2.0
4.0
5.0
-17.0
-21.0
-2.0
-17.0
11.0
8.0
18.0
-5.0
-7.0
-1.0
15.0
27.0
4.0
-25.0
2.0
22.0
5.0
2.0
6.0
0.0
-8.0
-6.0
-18.0
-12.0
1.0
-8.0
4.0
11.0
1.0
-14.0
-5.0
-10.0
-26.0
-2.0
4.0
-3.0
-7.0
-19.0
-11.0
-23.0
1.0
3.0
4.0
20.0
14.0
4.0
15.0
-12.0
-23.0
1.0
8.0
10.0
-5.0
-8.0
-25.0
-11.0
4.0
-11.0
5.0
5.0
18.0
15.0
-3.0
1.0
-7.0
-2.0
-8.0
-30.0
-15.0
-7.0
-6.0
0.0
4.0
-3.0
4.0
-14.0
-13.0
-14.0
-18.0
-3.0
-29.0
-28.0
-7.0
-11.0
-24.0
-16.0
-12.0
-4.0
-13.0
-22.0
-20.0
-17.0
-35.0
-20.0
-19.0
-3.0
14.0
1.0
3.0
-5.0
-12.0
-9.0
-6.0
-7.0
-13.0
20.0
4.0
11.0
-8.0
-12.0
-2.0
-2.0
7.0
2.0
-15.0
6.0
-8.0
2.0
15.0
2.0
1.0
2.0
1.0
3.0
0.0
-11.0
6.0
8.0
7.0
-2.0
3.0
4.0
-1.0
1.0
23.0
14.0
33.0
9.0
-4.0
11.0
9.0
8.0
4.0
-4.0
-26.0
-50.0
-63.0
-36.0
-56.0
-42.0
-66.0
-63.0
-34.0
-55.0
-19.0
-20.0
-15.0
-17.0
24.0
2.0
-2.0
-1.0
-29.0
14.0
16.0
9.0
-19.0
24.0
74.0
56.0
27.0
22.0
4.0
21.0
-3.0
1.0
-3.0
-13.0
-12.0
0.0
-10.0
-7.0
-29.0
-8.0
-44.0
5.0
-3.0
1.0
4.0
5.0
-10.0
-9.0
-4.0
-7.0
-12.0
-6.0
-15.0
-4.0
4.0
-24.0
-16.0
-22.0
-29.0
-31.0
-11.0
15.0
13.0
30.0
20.0
25.0
8.0
7.0
-5.0
-37.0
-26.0
-8.0
-51.0
-34.0
-11.0
-33.0
-20.0
-17.0
-34.0
-12.0
-19.0
-7.0
-23.0
-12.0
-13.0
-27.0
-22.0
-19.0
-21.0
-4.0
-26.0
-47.0
-10.0
18.0
13.0
37.0
26.0
29.0
26.0
-1.0
16.0
-10.0
13.0
-13.0
-4.0
14.0
14.0
2.0
-15.0
18.0
-2.0
-6.0
-36.0
-10.0
5.0
-30.0
-11.0
-16.0
-7.0
-5.0
-5.0
-14.0
-31.0
-6.0
-5.0
-5.0
-33.0
-39.0
-21.0
-25.0
-36.0
-64.0
-20.0
-37.0
-10.0
-3.0
-36.0
-29.0
7.0
31.0
68.0
34.0
-7.0
21.0
40.0
22.0
37.0
35.0
17.0
-2.0
-14.0
38.0
31.0
-6.0
42.0
27.0
19.0
16.0
8.0
31.0
12.0
14.0
15.0
-9.0
25.0
22.0
0.0
1.0
2.0
28.0
3.0
30.0
-2.0
-9.0
3.0
-15.0
21.0
30.0
-16.0
0.0
2.0
30.0
-6.0
-24.0
3.0
18.0
-3.0
-2.0
23.0
-7.0
-11.0
-35.0
-7.0
-51.0
-80.0
-36.0
-9.0
-7.0
-28.0
-44.0
-19.0
-42.0
1.0
-3.0
-19.0
6.0
13.0
7.0
37.0
0.0
24.0
2.0
6.0
32.0
18.0
10.0
8.0
17.0
16.0
-5.0
-1.0
-4.0
-33.0
-10.0
-17.0
-1.0
-2.0
-6.0
-59.0
-4.0
-6.0
37.0
-23.0
-22.0
-21.0
-13.0
-35.0
-41.0
0.0
1.0
4.0
19.0
5.0
8.0
-10.0
5.0
-35.0
-40.0
-25.0
-15.0
-19.0
-12.0
-23.0
-42.0
-39.0
2.0
5.0
7.0
11.0
31.0
19.0
18.0
33.0
2.0
-4.0
13.0
13.0
9.0
-9.0
-4.0
30.0
29.0
20.0
30.0
43.0
54.0
56.0
55.0
58.0
83.0
79.0
30.0
-5.0
-69.0
-102.0
-121.0
-109.0
-103.0
-112.0
-75.0
-82.0
-104.0
-62.0
-35.0
-6.0
23.0
9.0
1.0
32.0
4.0
24.0
29.0
35.0
-2.0
12.0
2.0
21.0
27.0
-5.0
52.0
12.0
-5.0
27.0
9.0
10.0
3.0
5.0
7.0
15.0
-15.0
17.0
3.0
6.0
-31.0
-20.0
14.0
-3.0
-8.0
-47.0
-39.0
-22.0
-29.0
-11.0
-17.0
-7.0
-17.0
-43.0
-40.0
-14.0
13.0
41.0
21.0
6.0
-15.0
6.0
-44.0
-15.0
-8.0
-15.0
-51.0
-25.0
-48.0
-70.0
-57.0
-61.0
-50.0
-48.0
-43.0
-37.0
-54.0
-7.0
6.0
10.0
-7.0
18.0
-2.0
12.0
8.0
1.0
13.0
-11.0
-21.0
2.0
-18.0
-38.0
-50.0
-37.0
-42.0
-12.0
-42.0
-4.0
-24.0
10.0
-7.0
-28.0
-21.0
-28.0
-22.0
-16.0
-3.0
-10.0
-1.0
27.0
15.0
29.0
-11.0
9.0
7.0
10.0
19.0
39.0
33.0
9.0
5.0
-10.0
-17.0
-19.0
-22.0
-26.0
-31.0
-2.0
-13.0
18.0
-15.0
6.0
-2.0
4.0
-5.0
-42.0
0.0
5.0
-8.0
25.0
-12.0
27.0
8.0
1.0
0.0
-22.0
-11.0
-11.0
19.0
53.0
3.0
0.0
3.0
-6.0
-1.0
-19.0
2.0
-22.0
-22.0
-21.0
0.0
-39.0
-18.0
6.0
7.0
-2.0
0.0
-6.0
-9.0
10.0
0.0
16.0
-28.0
6.0
10.0
37.0
46.0
8.0
4.0
-8.0
-33.0
-28.0
-9.0
-22.0
-13.0
-23.0
25.0
36.0
-5.0
5.0
21.0
21.0
26.0
14.0
19.0
36.0
-16.0
-10.0
-16.0
-47.0
-20.0
-24.0
1.0
-9.0
-6.0
-24.0
-12.0
-18.0
-31.0
-41.0
31.0
-5.0
-5.0
-7.0
-8.0
24.0
7.0
12.0
29.0
-18.0
-24.0
-65.0
11.0
-21.0
-29.0
-27.0
6.0
-8.0
-21.0
-40.0
-62.0
-4.0
-47.0
-34.0
-29.0
5.0
31.0
-19.0
-16.0
20.0
34.0
19.0
8.0
9.0
11.0
-12.0
9.0
-11.0
30.0
5.0
11.0
16.0
12.0
-16.0
-24.0
-3.0
7.0
-15.0
33.0
-18.0
-18.0
12.0
-2.0
23.0
31.0
23.0
30.0
21.0
8.0
28.0
47.0
15.0
38.0
11.0
12.0
-14.0
-1.0
-64.0
-22.0
2.0
-15.0
-6.0
-56.0
-15.0
-11.0
-13.0
-33.0
-38.0
-40.0
-22.0
-4.0
0.0
-17.0
-19.0
-23.0
22.0
-2.0
-5.0
-12.0
20.0
-12.0
-16.0
3.0
11.0
9.0
2.0
19.0
-18.0
10.0
18.0
2.0
15.0
0.0
-6.0
-5.0
2.0
8.0
29.0
-8.0
7.0
-7.0
-3.0
0.0
-32.0
-30.0
-1.0
9.0
-4.0
-5.0
4.0
-30.0
-13.0
-44.0
-2.0
-1.0
6.0
-4.0
-16.0
2.0
7.0
-3.0
13.0
2.0
-16.0
-16.0
-21.0
8.0
-1.0
-12.0
7.0
-2.0
4.0
12.0
0.0
9.0
-50.0
-26.0
-30.0
30.0
39.0
42.0
37.0
2.0
9.0
12.0
19.0
33.0
24.0
-4.0
-7.0
22.0
21.0
-17.0
-20.0
-19.0
3.0
-2.0
3.0
-15.0
17.0
38.0
-13.0
9.0
4.0
8.0
15.0
-18.0
-13.0
-4.0
-30.0
-12.0
-24.0
-23.0
-11.0
-12.0
9.0
37.0
0.0
34.0
27.0
-28.0
16.0
13.0
14.0
14.0
4.0
-11.0
-30.0
-24.0
-22.0
13.0
-9.0
-24.0
-33.0
-28.0
-18.0
-17.0
-14.0
-23.0
-25.0
7.0
-24.0
-17.0
4.0
5.0
3.0
-9.0
-19.0
15.0
-3.0
20.0
9.0
0.0
-19.0
-30.0
-5.0
2.0
11.0
21.0
24.0
29.0
16.0
57.0
39.0
44.0
9.0
-4.0
-3.0
-17.0
15.0
-4.0
15.0
-37.0
-4.0
-11.0
-53.0
-23.0
-41.0
-20.0
-29.0
-52.0
-33.0
-41.0
-36.0
-39.0
-43.0
-64.0
-23.0
-31.0
-32.0
-5.0
0.0
-24.0
16.0
16.0
16.0
7.0
19.0
18.0
32.0
26.0
36.0
21.0
4.0
1.0
14.0
38.0
29.0
6.0
19.0
-21.0
22.0
2.0
21.0
18.0
30.0
28.0
28.0
11.0
-18.0
-36.0
-10.0
0.0
12.0
13.0
-9.0
8.0
-17.0
-15.0
-48.0
-37.0
-39.0
-57.0
-21.0
-16.0
-18.0
33.0
-35.0
-13.0
-48.0
-34.0
-9.0
-4.0
24.0
26.0
-4.0
-14.0
-30.0
16.0
-7.0
-4.0
-2.0
-19.0
-7.0
-1.0
-39.0
-34.0
-14.0
18.0
-20.0
-16.0
31.0
2.0
12.0
-2.0
-31.0
-4.0
30.0
20.0
4.0
29.0
6.0
3.0
33.0
35.0
56.0
59.0
21.0
-16.0
-47.0
-43.0
-56.0
-30.0
-43.0
-43.0
-46.0
-62.0
-53.0
-45.0
-58.0
-36.0
-36.0
-25.0
-23.0
-26.0
-5.0
-29.0
-6.0
-3.0
13.0
-17.0
-4.0
-10.0
-11.0
-8.0
4.0
17.0
-3.0
23.0
7.0
12.0
7.0
-20.0
4.0
7.0
-11.0
31.0
145.0
155.0
161.0
112.0
88.0
40.0
32.0
27.0
-23.0
-34.0
-61.0
-83.0
-55.0
-81.0
-61.0
-90.0
-62.0
-67.0
-54.0
-58.0
-43.0
-35.0
-23.0
-44.0
-18.0
-9.0
-29.0
-20.0
7.0
41.0
0.0
26.0
-1.0
1.0
6.0
-12.0
-10.0
-14.0
14.0
3.0
34.0
31.0
17.0
7.0
10.0
43.0
10.0
6.0
32.0
10.0
43.0
35.0
12.0
9.0
43.0
-11.0
24.0
23.0
-1.0
-5.0
34.0
48.0
26.0
11.0
46.0
-28.0
-45.0
-49.0
-38.0
-24.0
-11.0
-24.0
16.0
21.0
-40.0
-39.0
-63.0
-62.0
-36.0
-38.0
-45.0
-75.0
-38.0
-51.0
-39.0
-20.0
-35.0
-33.0
-60.0
-30.0
-15.0
-17.0
-13.0
15.0
15.0
0.0
31.0
29.0
13.0
16.0
-5.0
-3.0
-8.0
-14.0
-24.0
-4.0
10.0
18.0
34.0
1.0
5.0
56.0
6.0
-17.0
-35.0
-30.0
-76.0
-72.0
-50.0
-31.0
-57.0
-66.0
-30.0
-53.0
-34.0
-27.0
6.0
6.0
0.0
1.0
-32.0
4.0
-7.0
-2.0
20.0
22.0
13.0
12.0
25.0
2.0
3.0
-5.0
-21.0
-1.0
-13.0
-7.0
-19.0
-17.0
17.0
2.0
39.0
25.0
31.0
-5.0
40.0
24.0
2.0
1.0
6.0
-15.0
-18.0
-12.0
7.0
11.0
13.0
-18.0
23.0
18.0
14.0
15.0
28.0
10.0
-4.0
33.0
18.0
31.0
21.0
22.0
39.0
51.0
50.0
23.0
26.0
20.0
14.0
54.0
-17.0
-18.0
0.0
-10.0
-20.0
-30.0
-29.0
-9.0
-15.0
18.0
4.0
4.0
-28.0
-31.0
-22.0
-16.0
-19.0
-60.0
-45.0
7.0
13.0
23.0
24.0
-62.0
-18.0
-19.0
8.0
-23.0
11.0
-28.0
13.0
10.0
-13.0
-32.0
-13.0
-2.0
5.0
9.0
11.0
-1.0
20.0
26.0
-5.0
-12.0
13.0
12.0
20.0
8.0
-4.0
6.0
-1.0
0.0
1.0
12.0
4.0
-22.0
-33.0
-13.0
-38.0
-64.0
17.0
14.0
25.0
19.0
16.0
24.0
14.0
39.0
-5.0
10.0
-7.0
-6.0
-38.0
-57.0
-24.0
-29.0
-59.0
-48.0
-27.0
-37.0
-11.0
-14.0
105.0
121.0
124.0
85.0
71.0
57.0
14.0
0.0
-27.0
-23.0
-48.0
-56.0
-37.0
-38.0
-28.0
-50.0
-59.0
-47.0
-33.0
-41.0
4.0
-34.0
-26.0
-26.0
-8.0
-23.0
0.0
-51.0
-25.0
-26.0
-31.0
-9.0
12.0
11.0
3.0
-17.0
-31.0
-2.0
-29.0
-34.0
-26.0
-25.0
21.0
23.0
47.0
86.0
130.0
110.0
120.0
122.0
115.0
101.0
68.0
52.0
4.0
-43.0
-46.0
-67.0
-86.0
-80.0
-70.0
-87.0
-102.0
-97.0
-72.0
-51.0
-23.0
-14.0
-18.0
-8.0
-6.0
7.0
9.0
3.0
2.0
-5.0
9.0
-2.0
-2.0
-2.0
-4.0
-38.0
-36.0
-34.0
-19.0
-30.0
-17.0
2.0
-4.0
-3.0
49.0
50.0
57.0
35.0
42.0
27.0
32.0
9.0
15.0
24.0
31.0
13.0
17.0
-6.0
-10.0
-2.0
-14.0
-25.0
-20.0
-16.0
-3.0
2.0
31.0
70.0
62.0
40.0
41.0
41.0
36.0
43.0
35.0
-20.0
-9.0
-15.0
-27.0
-50.0
-65.0
-55.0
-37.0
-37.0
9.0
52.0
75.0
98.0
96.0
108.0
60.0
47.0
45.0
37.0
31.0
-3.0
-36.0
-60.0
-58.0
-99.0
-102.0
-107.0
-101.0
-100.0
-68.0
-39.0
-32.0
14.0
-9.0
-14.0
22.0
9.0
40.0
48.0
21.0
57.0
60.0
49.0
13.0
1.0
0.0
-21.0
-2.0
-1.0
-15.0
-31.0
-8.0
-38.0
-58.0
-77.0
-36.0
-19.0
-14.0
-15.0
-15.0
-8.0
-22.0
-12.0
15.0
19.0
-2.0
-9.0
9.0
16.0
29.0
39.0
69.0
46.0
61.0
46.0
46.0
19.0
8.0
11.0
6.0
-24.0
-20.0
-9.0
-9.0
-20.0
-29.0
-47.0
-57.0
-55.0
-37.0
16.0
59.0
88.0
124.0
143.0
146.0
166.0
163.0
167.0
145.0
125.0
85.0
53.0
16.0
16.0
24.0
28.0
23.0
22.0
58.0
188.0
212.0
216.0
132.0
65.0
-3.0
-15.0
-104.0
-108.0
-142.0
-144.0
-179.0
-177.0
-181.0
-162.0
-183.0
-183.0
-195.0
-190.0
-208.0
-215.0
-180.0
-189.0
-146.0
-155.0
-125.0
-126.0
-113.0
-110.0
-105.0
-91.0
-56.0
-49.0
-26.0
-34.0
-36.0
-34.0
-10.0
-5.0
-8.0
16.0
57.0
72.0
61.0
75.0
81.0
55.0
80.0
79.0
91.0
76.0
80.0
79.0
66.0
71.0
51.0
51.0
9.0
12.0
13.0
42.0
40.0
21.0
27.0
41.0
33.0
30.0
21.0
27.0
36.0
9.0
-16.0
3.0
-6.0
-8.0
27.0
7.0
-34.0
-44.0
-24.0
-12.0
-34.0
-28.0
-12.0
-28.0
-18.0
-1.0
-26.0
-29.0
-57.0
-24.0
-49.0
27.0
90.0
133.0
209.0
313.0
313.0
313.0
313.0
313.0
294.0
251.0
232.0
155.0
108.0
31.0
-29.0
-29.0
-57.0
-45.0
-3.0
-31.0
-39.0
-40.0
-63.0
-84.0
-87.0
-90.0
-138.0
-158.0
-204.0
-197.0
-220.0
-237.0
-224.0
-225.0
-225.0
-228.0
-239.0
-190.0
-178.0
-125.0
-94.0
-54.0
-55.0
-18.0
-32.0
-25.0
13.0
20.0
58.0
21.0
49.0
-7.0
-11.0
-5.0
-24.0
-25.0
-40.0
-8.0
-30.0
-28.0
-37.0
-45.0
-58.0
-53.0
-46.0
-48.0
-41.0
-49.0
-20.0
-6.0
39.0
116.0
121.0
143.0
176.0
171.0
185.0
181.0
126.0
128.0
99.0
69.0
30.0
7.0
-26.0
-25.0
-59.0
-39.0
-92.0
-78.0
-100.0
-118.0
-70.0
-80.0
-87.0
-85.0
-76.0
-81.0
-73.0
-92.0
-86.0
-56.0
-53.0
-6.0
30.0
29.0
34.0
63.0
100.0
89.0
80.0
78.0
102.0
143.0
145.0
138.0
66.0
27.0
-31.0
-30.0
-61.0
-85.0
-69.0
-61.0
-81.0
-79.0
-76.0
-95.0
-92.0
-81.0
-79.0
-55.0
-4.0
-21.0
29.0
26.0
80.0
143.0
190.0
207.0
201.0
202.0
216.0
187.0
131.0
135.0
75.0
32.0
-8.0
4.0
7.0
-26.0
12.0
13.0
-22.0
-22.0
-39.0
-24.0
-13.0
-90.0
-89.0
-118.0
-135.0
-120.0
-156.0
-157.0
-118.0
-126.0
-83.0
-76.0
-96.0
-90.0
-75.0
-66.0
-67.0
-67.0
-46.0
-81.0
-95.0
-123.0
-17.0
-35.0
12.0
61.0
88.0
102.0
162.0
172.0
197.0
201.0
232.0
164.0
123.0
93.0
56.0
54.0
16.0
-36.0
-76.0
-122.0
-123.0
-139.0
-191.0
-151.0
-150.0
-153.0
-169.0
-146.0
-118.0
-115.0
-127.0
-85.0
-92.0
-65.0
-59.0
-60.0
-69.0
-70.0
-62.0
-52.0
-21.0
-20.0
17.0
9.0
29.0
30.0
35.0
-5.0
29.0
43.0
37.0
37.0
-11.0
-19.0
12.0
10.0
59.0
17.0
8.0
10.0
10.0
-6.0
-7.0
-8.0
1.0
3.0
-2.0
17.0
40.0
25.0
3.0
5.0
93.0
115.0
68.0
58.0
55.0
-8.0
-3.0
-21.0
-11.0
-51.0
-4.0
-27.0
-32.0
-27.0
-37.0
-7.0
-20.0
-24.0
-30.0
-21.0
-51.0
-46.0
-37.0
-30.0
-43.0
-25.0
-22.0
0.0
27.0
-14.0
20.0
33.0
21.0
12.0
36.0
44.0
50.0
56.0
47.0
9.0
20.0
0.0
18.0
12.0
19.0
13.0
23.0
35.0
61.0
63.0
19.0
13.0
28.0
24.0
22.0
-21.0
-44.0
-17.0
-35.0
-49.0
-49.0
-44.0
-33.0
-28.0
-4.0
-42.0
-12.0
-3.0
-21.0
-22.0
-13.0
-6.0
-5.0
-2.0
13.0
15.0
8.0
-31.0
9.0
8.0
19.0
-17.0
-16.0
-24.0
-44.0
-61.0
-35.0
50.0
50.0
66.0
34.0
26.0
27.0
31.0
55.0
58.0
42.0
36.0
41.0
46.0
33.0
13.0
10.0
8.0
-12.0
-41.0
-43.0
-64.0
-37.0
-78.0
-60.0
-52.0
-10.0
-16.0
-49.0
-43.0
-45.0
-3.0
-40.0
-8.0
0.0
-37.0
-21.0
-26.0
-40.0
-42.0
-44.0
-34.0
-41.0
-18.0
21.0
31.0
82.0
81.0
139.0
174.0
189.0
123.0
149.0
170.0
152.0
100.0
72.0
67.0
34.0
8.0
-43.0
-40.0
-85.0
-100.0
-25.0
-29.0
25.0
24.0
46.0
81.0
149.0
129.0
129.0
87.0
68.0
37.0
14.0
7.0
-23.0
-74.0
-68.0
-95.0
-122.0
-139.0
-159.0
-161.0
-167.0
-165.0
-186.0
-151.0
-177.0
-136.0
-115.0
-91.0
-60.0
-81.0
-46.0
-47.0
-53.0
-21.0
-54.0
-3.0
-4.0
28.0
-39.0
-20.0
3.0
7.0
11.0
14.0
-9.0
-45.0
-41.0
-54.0
-49.0
-29.0
-38.0
-47.0
-38.0
-48.0
-29.0
-3.0
-31.0
-8.0
62.0
42.0
20.0
17.0
23.0
19.0
-5.0
9.0
4.0
-14.0
-12.0
-58.0
-83.0
-83.0
-87.0
-83.0
-40.0
11.0
66.0
83.0
100.0
181.0
187.0
188.0
197.0
194.0
192.0
202.0
207.0
162.0
111.0
57.0
4.0
1.0
-63.0
-119.0
-165.0
-99.0
-118.0
-60.0
-49.0
-44.0
3.0
15.0
45.0
62.0
73.0
53.0
55.0
22.0
-38.0
-45.0
-27.0
-21.0
-60.0
-119.0
-77.0
-64.0
-63.0
-100.0
-112.0
-92.0
-108.0
-114.0
-103.0
-125.0
-126.0
-85.0
-62.0
-47.0
-13.0
-37.0
-40.0
-36.0
-73.0
-51.0
-56.0
-39.0
-19.0
-3.0
51.0
59.0
88.0
92.0
132.0
133.0
147.0
102.0
104.0
76.0
51.0
39.0
13.0
14.0
31.0
-1.0
-51.0
-41.0
-62.0
-44.0
-38.0
-71.0
-102.0
-95.0
-61.0
-87.0
-34.0
5.0
-17.0
0.0
19.0
-42.0
4.0
-2.0
-12.0
5.0
-24.0
-5.0
2.0
18.0
11.0
30.0
47.0
47.0
60.0
36.0
-17.0
-6.0
-16.0
-6.0
32.0
17.0
12.0
16.0
-5.0
-32.0
-57.0
-75.0
-104.0
-82.0
-48.0
6.0
35.0
42.0
63.0
83.0
100.0
93.0
69.0
62.0
57.0
63.0
72.0
70.0
49.0
42.0
48.0
38.0
16.0
4.0
-19.0
-81.0
-76.0
-79.0
-79.0
-120.0
-91.0
-54.0
-98.0
-84.0
-77.0
-23.0
-19.0
-24.0
-42.0
-30.0
-40.0
-18.0
-21.0
-26.0
-5.0
9.0
13.0
10.0
23.0
1.0
11.0
0.0
23.0
-4.0
6.0
5.0
7.0
12.0
-20.0
2.0
-10.0
-5.0
3.0
22.0
-13.0
-4.0
5.0
6.0
-3.0
24.0
-25.0
-2.0
-48.0
-36.0
-46.0
4.0
24.0
19.0
22.0
-42.0
-225.0
-313.0
161.0
-115.0
141.0
276.0
243.0
297.0
313.0
313.0
243.0
37.0
93.0
76.0
61.0
166.0
285.0
160.0
105.0
-7.0
-33.0
94.0
-26.0
95.0
-21.0
22.0
-25.0
-4.0
313.0
313.0
313.0
313.0
313.0
313.0
313.0
313.0
313.0
313.0
313.0
313.0
249.0
-15.0
-256.0
-313.0
-313.0
-313.0
-313.0
-313.0
-313.0
-313.0
-313.0
-313.0
-313.0
-313.0
-313.0
-313.0
-313.0
-313.0
-313.0
-313.0
-313.0
-313.0
-313.0
-313.0
-313.0
-313.0
-313.0
-313.0
-313.0
-313.0
-313.0
-313.0
-313.0
-313.0
-313.0
-284.0
-234.0
-219.0
-200.0
-164.0
-136.0
-124.0
-91.0
-116.0
-63.0
-85.0
-65.0
-70.0
-69.0
-42.0
-52.0
-77.0
-77.0
-93.0
-78.0
-105.0
-94.0
-70.0
-71.0
-46.0
-46.0
18.0
26.0
-41.0
-140.0
-182.0
-280.0
-274.0
-313.0
-313.0
-311.0
-228.0
-166.0
-106.0
-31.0
7.0
27.0
25.0
63.0
75.0
91.0
52.0
75.0
78.0
90.0
75.0
82.0
75.0
59.0
52.0
48.0
24.0
19.0
6.0
24.0
12.0
-4.0
2.0
11.0
3.0
-8.0
-5.0
30.0
27.0
22.0
28.0
50.0
53.0
35.0
45.0
50.0
44.0
11.0
32.0
62.0
33.0
27.0
46.0
35.0
28.0
52.0
71.0
59.0
27.0
69.0
28.0
78.0
72.0
41.0
6.0
-13.0
-3.0
-22.0
12.0
11.0
6.0
5.0
5.0
42.0
35.0
47.0
53.0
57.0
33.0
36.0
31.0
-21.0
-11.0
53.0
12.0
15.0
48.0
16.0
-19.0
-56.0
-47.0
-55.0
-45.0
-76.0
-84.0
-88.0
-80.0
-33.0
11.0
48.0
78.0
76.0
83.0
93.0
99.0
110.0
75.0
88.0
83.0
91.0
89.0
104.0
97.0
45.0
22.0
18.0
26.0
40.0
-2.0
23.0
-20.0
-1.0
14.0
12.0
8.0
-24.0
6.0
-31.0
22.0
3.0
5.0
-13.0
-14.0
16.0
18.0
-12.0
-41.0
-62.0
-98.0
-118.0
-133.0
-149.0
-163.0
-161.0
-160.0
-128.0
-56.0
-43.0
20.0
42.0
43.0
65.0
45.0
55.0
53.0
55.0
95.0
57.0
50.0
72.0
58.0
117.0
43.0
90.0
23.0
90.0
34.0
63.0
-4.0
16.0
10.0
4.0
10.0
13.0
4.0
10.0
-33.0
-36.0
-102.0
-132.0
-153.0
-115.0
-134.0
-134.0
-54.0
-58.0
-26.0
-18.0
98.0
79.0
76.0
60.0
73.0
118.0
58.0
57.0
33.0
61.0
34.0
59.0
30.0
54.0
76.0
32.0
7.0
-83.0
-132.0
-155.0
-128.0
-168.0
-87.0
-70.0
-70.0
16.0
42.0
128.0
97.0
108.0
87.0
74.0
15.0
-13.0
-21.0
6.0
12.0
-19.0
27.0
11.0
39.0
-4.0
-2.0
6.0
-8.0
43.0
-14.0
27.0
-11.0
-16.0
-4.0
12.0
13.0
3.0
5.0
-2.0
11.0
-15.0
-17.0
67.0
45.0
24.0
-27.0
-63.0
-72.0
-117.0
-142.0
-188.0
-154.0
-146.0
-106.0
-96.0
-65.0
-40.0
-51.0
-13.0
-3.0
33.0
18.0
10.0
26.0
5.0
43.0
40.0
46.0
68.0
74.0
77.0
52.0
41.0
43.0
35.0
1.0
-13.0
-1.0
10.0
-7.0
-8.0
-7.0
-24.0
-24.0
-62.0
-12.0
-57.0
-53.0
-48.0
-18.0
-24.0
-1.0
-30.0
-76.0
-105.0
-81.0
-118.0
-125.0
-128.0
-88.0
-61.0
-20.0
53.0
116.0
147.0
144.0
171.0
183.0
138.0
127.0
105.0
94.0
63.0
37.0
25.0
15.0
-29.0
-45.0
29.0
-19.0
-2.0
-27.0
-64.0
-26.0
-9.0
-23.0
-51.0
-58.0
-8.0
-65.0
-80.0
-74.0
-112.0
-110.0
-103.0
-93.0
-91.0
-88.0
-40.0
-19.0
57.0
39.0
81.0
98.0
114.0
89.0
77.0
80.0
116.0
105.0
62.0
29.0
4.0
11.0
-4.0
-20.0
-48.0
-40.0
-48.0
-79.0
-48.0
-61.0
-52.0
-35.0
-70.0
-24.0
-17.0
-33.0
-28.0
-45.0
6.0
-10.0
-4.0
22.0
-26.0
-19.0
-60.0
-65.0
-57.0
-37.0
24.0
32.0
47.0
82.0
51.0
103.0
118.0
114.0
90.0
67.0
34.0
3.0
26.0
-4.0
-10.0
-35.0
-42.0
-38.0
-39.0
-60.0
-9.0
-9.0
-52.0
-28.0
-51.0
-28.0
-49.0
-66.0
-55.0
11.0
-16.0
-11.0
-27.0
13.0
17.0
11.0
-9.0
10.0
-33.0
-34.0
-31.0
-23.0
1.0
28.0
13.0
-18.0
-27.0
38.0
-47.0
-35.0
-50.0
-55.0
-49.0
-76.0
-66.0
-59.0
-22.0
-20.0
9.0
28.0
23.0
28.0
65.0
55.0
16.0
52.0
51.0
74.0
27.0
-1.0
-18.0
-7.0
-9.0
-14.0
-16.0
-35.0
-34.0
-32.0
-47.0
-9.0
-7.0
0.0
-14.0
-23.0
-11.0
2.0
-18.0
-1.0
23.0
-12.0
12.0
20.0
24.0
37.0
-1.0
18.0
-9.0
-17.0
-16.0
-1.0
-13.0
-17.0
-32.0
-52.0
-23.0
-13.0
37.0
38.0
22.0
28.0
2.0
15.0
21.0
28.0
8.0
23.0
-8.0
1.0
21.0
-11.0
-5.0
9.0
-18.0
-2.0
-17.0
-18.0
-20.0
-32.0
7.0
-15.0
-20.0
-66.0
-85.0
-80.0
-58.0
-42.0
-18.0
8.0
12.0
14.0
39.0
101.0
82.0
107.0
73.0
67.0
71.0
62.0
61.0
26.0
-13.0
17.0
-11.0
-16.0
-20.0
-45.0
-57.0
-57.0
-79.0
-101.0
-101.0
-86.0
-65.0
-58.0
-33.0
-1.0
9.0
20.0
62.0
53.0
35.0
33.0
53.0
116.0
87.0
50.0
42.0
37.0
36.0
24.0
12.0
4.0
6.0
29.0
-6.0
2.0
8.0
17.0
1.0
-16.0
-5.0
-18.0
-25.0
-36.0
-45.0
-59.0
-36.0
-51.0
-56.0
-74.0
-30.0
-61.0
-81.0
-64.0
-101.0
-126.0
-122.0
-121.0
-126.0
-110.0
-64.0
-58.0
11.0
33.0
98.0
100.0
211.0
213.0
204.0
194.0
173.0
116.0
76.0
89.0
28.0
-14.0
-57.0
-62.0
-96.0
-106.0
-95.0
-95.0
-80.0
-116.0
-98.0
-104.0
-74.0
-81.0
-101.0
-78.0
-75.0
-67.0
-32.0
-40.0
-61.0
-57.0
-87.0
-84.0
-92.0
-85.0
-64.0
-12.0
3.0
62.0
120.0
128.0
161.0
159.0
152.0
134.0
118.0
120.0
91.0
76.0
80.0
25.0
14.0
11.0
1.0
-34.0
-63.0
-43.0
-77.0
-57.0
-99.0
-47.0
-43.0
-40.0
-21.0
-17.0
14.0
-3.0
-4.0
-1.0
-25.0
-41.0
-60.0
-49.0
-61.0
-37.0
-5.0
19.0
27.0
51.0
61.0
66.0
58.0
41.0
7.0
27.0
4.0
2.0
13.0
-13.0
5.0
7.0
-55.0
-58.0
-49.0
-62.0
-94.0
-38.0
-37.0
-8.0
1.0
23.0
10.0
-4.0
21.0
57.0
55.0
4.0
0.0
-19.0
-37.0
25.0
-14.0
1.0
7.0
11.0
14.0
-15.0
2.0
-10.0
-9.0
8.0
19.0
3.0
-13.0
12.0
-7.0
-19.0
-14.0
-18.0
-51.0
-63.0
-36.0
-35.0
-36.0
-59.0
-42.0
-22.0
-47.0
-49.0
-69.0
-66.0
-27.0
-8.0
-40.0
-42.0
-28.0
-31.0
-46.0
-33.0
-44.0
-20.0
-18.0
-18.0
39.0
36.0
60.0
37.0
20.0
0.0
-9.0
2.0
1.0
-8.0
-17.0
15.0
-19.0
0.0
-12.0
-4.0
-22.0
-48.0
-52.0
-52.0
-109.0
-90.0
-83.0
-59.0
-15.0
30.0
55.0
65.0
75.0
65.0
78.0
94.0
115.0
126.0
82.0
82.0
53.0
55.0
47.0
51.0
35.0
30.0
-2.0
-39.0
18.0
31.0
10.0
-30.0
-48.0
-54.0
-68.0
-29.0
-36.0
-46.0
-70.0
-76.0
-57.0
-65.0
-64.0
-56.0
-41.0
-41.0
-49.0
-13.0
2.0
-7.0
29.0
23.0
39.0
43.0
7.0
43.0
-18.0
14.0
-2.0
10.0
-24.0
-17.0
-20.0
-23.0
12.0
-7.0
4.0
19.0
9.0
6.0
2.0
-7.0
2.0
11.0
37.0
16.0
32.0
5.0
-32.0
14.0
-17.0
-25.0
-12.0
5.0
-33.0
-6.0
-48.0
-7.0
-34.0
-39.0
-22.0
-68.0
-50.0
-56.0
-97.0
-69.0
-100.0
-54.0
-27.0
-28.0
10.0
21.0
51.0
46.0
71.0
32.0
55.0
77.0
61.0
39.0
55.0
30.0
22.0
7.0
40.0
4.0
38.0
8.0
39.0
27.0
5.0
-57.0
-12.0
-17.0
20.0
3.0
-8.0
-36.0
-10.0
-24.0
-22.0
-52.0
-26.0
-11.0
-30.0
-4.0
0.0
13.0
-8.0
11.0
-18.0
-10.0
9.0
10.0
-11.0
-8.0
-19.0
-28.0
-1.0
41.0
21.0
-3.0
6.0
7.0
-20.0
15.0
-21.0
-31.0
-45.0
-52.0
14.0
36.0
51.0
65.0
65.0
8.0
-1.0
-58.0
-53.0
-67.0
-60.0
-67.0
-74.0
-64.0
-46.0
-44.0
-5.0
-18.0
-10.0
8.0
-2.0
-4.0
18.0
11.0
0.0
14.0
27.0
15.0
-21.0
-23.0
-61.0
-101.0
-86.0
-85.0
-90.0
-100.0
-61.0
-18.0
-2.0
21.0
35.0
60.0
70.0
68.0
64.0
65.0
82.0
91.0
89.0
58.0
31.0
14.0
27.0
31.0
23.0
15.0
0.0
29.0
28.0
4.0
-26.0
-19.0
-81.0
-49.0
-63.0
-97.0
-70.0
-69.0
-48.0
-56.0
-20.0
-33.0
-18.0
-12.0
4.0
-8.0
35.0
25.0
26.0
6.0
37.0
8.0
31.0
18.0
7.0
38.0
1.0
11.0
-20.0
-11.0
-11.0
-18.0
-59.0
-64.0
-71.0
-63.0
-39.0
-11.0
-11.0
-30.0
-8.0
-9.0
10.0
14.0
23.0
22.0
8.0
-38.0
2.0
-29.0
-31.0
-37.0
-39.0
-40.0
-50.0
-6.0
-10.0
32.0
-9.0
10.0
24.0
36.0
19.0
23.0
34.0
75.0
12.0
15.0
23.0
14.0
28.0
-7.0
2.0
-8.0
-29.0
-32.0
-22.0
-43.0
-28.0
-30.0
-17.0
7.0
-7.0
-7.0
-28.0
-11.0
-47.0
-26.0
2.0
3.0
-23.0
10.0
-29.0
-29.0
25.0
15.0
28.0
11.0
7.0
3.0
6.0
5.0
-28.0
-37.0
-34.0
-10.0
-42.0
-62.0
-58.0
-30.0
21.0
15.0
20.0
33.0
9.0
2.0
-11.0
16.0
18.0
66.0
39.0
11.0
43.0
47.0
21.0
17.0
-22.0
-25.0
11.0
-64.0
-31.0
-38.0
-49.0
-31.0
-11.0
-15.0
1.0
4.0
14.0
-20.0
13.0
7.0
-4.0
-2.0
53.0
-8.0
56.0
38.0
26.0
3.0
15.0
-22.0
-52.0
-57.0
-102.0
-99.0
-126.0
-122.0
-83.0
-74.0
-25.0
-15.0
-11.0
-2.0
30.0
48.0
68.0
40.0
71.0
54.0
55.0
67.0
36.0
32.0
43.0
29.0
12.0
35.0
-2.0
13.0
-51.0
-50.0
-39.0
-46.0
-4.0
-75.0
-31.0
-18.0
-15.0
-33.0
-17.0
-18.0
-15.0
-22.0
25.0
21.0
26.0
-6.0
36.0
18.0
36.0
29.0
-10.0
-15.0
9.0
-11.0
-10.0
-23.0
-26.0
4.0
-27.0
-18.0
-2.0
11.0
17.0
-24.0
-6.0
-19.0
19.0
25.0
14.0
-25.0
-71.0
-73.0
-38.0
-57.0
-36.0
-72.0
-42.0
-33.0
-14.0
-23.0
-15.0
-13.0
-7.0
36.0
63.0
124.0
68.0
55.0
19.0
44.0
10.0
30.0
-5.0
10.0
-37.0
-26.0
-13.0
-39.0
2.0
-49.0
-32.0
-24.0
-42.0
-21.0
-62.0
-76.0
-83.0
-75.0
-74.0
-40.0
19.0
6.0
-13.0
22.0
14.0
64.0
48.0
47.0
62.0
58.0
62.0
61.0
56.0
32.0
22.0
13.0
10.0
21.0
13.0
-27.0
4.0
-5.0
-15.0
-5.0
31.0
17.0
-5.0
-21.0
23.0
41.0
45.0
59.0
28.0
-25.0
-20.0
0.0
-63.0
-31.0
-35.0
-35.0
-34.0
-29.0
-13.0
-18.0
37.0
-4.0
7.0
-26.0
-60.0
-61.0
-34.0
-30.0
-82.0
-27.0
16.0
8.0
10.0
-3.0
-35.0
-21.0
-15.0
-5.0
13.0
-14.0
-6.0
4.0
-16.0
24.0
15.0
29.0
-10.0
-12.0
-31.0
-6.0
28.0
1.0
8.0
-9.0
-2.0
41.0
80.0
83.0
39.0
28.0
41.0
27.0
19.0
-4.0
-40.0
-52.0
-34.0
-38.0
-50.0
11.0
8.0
-19.0
-64.0
-83.0
-92.0
-128.0
-113.0
-113.0
-91.0
-64.0
-52.0
-17.0
20.0
40.0
50.0
77.0
44.0
45.0
11.0
54.0
88.0
34.0
132.0
127.0
64.0
77.0
-40.0
-25.0
5.0
-49.0
-37.0
-33.0
-26.0
-59.0
-50.0
-62.0
-53.0
-36.0
-45.0
-35.0
-5.0
-10.0
63.0
26.0
-6.0
4.0
37.0
42.0
44.0
37.0
44.0
30.0
-1.0
-13.0
11.0
15.0
-21.0
-42.0
-36.0
-53.0
-39.0
-17.0
0.0
-5.0
-12.0
-84.0
-57.0
-65.0
-26.0
-54.0
-20.0
1.0
-22.0
-12.0
-15.0
-34.0
-31.0
-26.0
-52.0
-3.0
-17.0
9.0
40.0
52.0
62.0
61.0
33.0
22.0
7.0
19.0
-25.0
-8.0
-30.0
-26.0
-44.0
-7.0
-20.0
-28.0
-13.0
-37.0
-24.0
-14.0
-14.0
-12.0
-40.0
-46.0
-56.0
-60.0
-49.0
-16.0
-27.0
-14.0
-13.0
-7.0
2.0
-8.0
30.0
20.0
17.0
86.0
74.0
68.0
61.0
42.0
14.0
24.0
6.0
-12.0
4.0
-44.0
-67.0
-113.0
-82.0
-66.0
-50.0
25.0
58.0
63.0
85.0
36.0
72.0
79.0
101.0
49.0
81.0
51.0
17.0
15.0
48.0
68.0
98.0
39.0
22.0
-21.0
-52.0
-87.0
-74.0
-60.0
-57.0
-105.0
-122.0
-44.0
-57.0
-65.0
-56.0
-124.0
-137.0
-135.0
-133.0
-103.0
-67.0
4.0
8.0
29.0
36.0
34.0
59.0
53.0
16.0
37.0
46.0
94.0
88.0
66.0
57.0
12.0
27.0
20.0
15.0
4.0
-13.0
-6.0
-40.0
-13.0
-25.0
-20.0
-71.0
-58.0
-19.0
-6.0
-53.0
-83.0
-116.0
-105.0
-95.0
-50.0
-66.0
-59.0
20.0
19.0
-1.0
5.0
73.0
112.0
114.0
99.0
82.0
86.0
60.0
69.0
58.0
69.0
34.0
27.0
21.0
8.0
-9.0
-2.0
9.0
-40.0
-8.0
12.0
-32.0
-38.0
-31.0
-36.0
-18.0
-20.0
-9.0
9.0
-42.0
-52.0
-63.0
-86.0
-105.0
-82.0
-70.0
-61.0
7.0
16.0
17.0
-2.0
17.0
2.0
27.0
38.0
35.0
34.0
-4.0
-42.0
-46.0
11.0
44.0
33.0
58.0
25.0
95.0
88.0
48.0
26.0
-2.0
-13.0
1.0
-6.0
-36.0
-29.0
-44.0
-49.0
-9.0
-45.0
-47.0
-49.0
-17.0
-5.0
7.0
-26.0
-6.0
-17.0
-31.0
-23.0
-21.0
-24.0
-8.0
-23.0
6.0
-23.0
11.0
6.0
6.0
16.0
29.0
3.0
-2.0
-26.0
-10.0
-1.0
-37.0
-43.0
-33.0
-75.0
-6.0
-49.0
-83.0
-84.0
-42.0
-40.0
11.0
11.0
26.0
9.0
95.0
87.0
79.0
93.0
80.0
76.0
86.0
85.0
148.0
162.0
131.0
134.0
129.0
69.0
26.0
-13.0
-38.0
-41.0
-71.0
-104.0
-126.0
-181.0
-176.0
-192.0
-187.0
-116.0
-109.0
-113.0
-72.0
-26.0
29.0
83.0
73.0
53.0
9.0
32.0
20.0
21.0
23.0
12.0
-2.0
-19.0
-27.0
-65.0
-118.0
-120.0
-116.0
-111.0
-89.0
-27.0
4.0
7.0
65.0
59.0
72.0
85.0
68.0
86.0
87.0
65.0
65.0
87.0
62.0
25.0
11.0
-11.0
-44.0
-51.0
-60.0
-56.0
-70.0
-51.0
-80.0
-33.0
-70.0
-47.0
-18.0
-13.0
-33.0
-33.0
-11.0
-54.0
-62.0
-44.0
-22.0
-25.0
-65.0
-47.0
-51.0
-10.0
16.0
-6.0
-98.0
-54.0
-35.0
-38.0
-18.0
-11.0
-6.0
32.0
90.0
94.0
57.0
48.0
92.0
72.0
73.0
76.0
80.0
57.0
51.0
52.0
4.0
-49.0
-50.0
-11.0
-17.0
-19.0
-41.0
-12.0
-35.0
-2.0
-24.0
-19.0
-36.0
-31.0
-23.0
-18.0
-16.0
-40.0
-56.0
-24.0
-61.0
-45.0
-73.0
-34.0
-32.0
-36.0
11.0
38.0
29.0
42.0
11.0
33.0
37.0
33.0
18.0
23.0
51.0
4.0
27.0
28.0
11.0
2.0
-1.0
-4.0
1.0
-1.0
-42.0
-62.0
-74.0
-63.0
-42.0
-61.0
-11.0
25.0
27.0
26.0
19.0
21.0
27.0
48.0
48.0
28.0
55.0
28.0
25.0
28.0
-10.0
32.0
101.0
36.0
3.0
13.0
2.0
5.0
-19.0
-23.0
-49.0
-34.0
-41.0
-12.0
-14.0
17.0
-17.0
-9.0
-19.0
-25.0
-5.0
-31.0
-67.0
-25.0
-40.0
-43.0
-47.0
-62.0
-15.0
-10.0
0.0
18.0
39.0
47.0
42.0
63.0
77.0
60.0
61.0
64.0
-28.0
24.0
16.0
12.0
6.0
-27.0
-52.0
-60.0
-45.0
-49.0
-61.0
-59.0
-21.0
-30.0
-14.0
17.0
10.0
41.0
13.0
17.0
12.0
28.0
36.0
11.0
10.0
34.0
58.0
61.0
22.0
24.0
2.0
3.0
0.0
-15.0
-68.0
-70.0
-44.0
-41.0
-58.0
-56.0
-19.0
4.0
-2.0
-15.0
-26.0
-35.0
-2.0
-42.0
-21.0
-18.0
-13.0
-8.0
-10.0
22.0
10.0
-4.0
-22.0
-36.0
-23.0
-24.0
-19.0
-24.0
-30.0
-50.0
-32.0
-14.0
-47.0
-11.0
-50.0
-53.0
-43.0
-28.0
-35.0
-46.0
-9.0
-15.0
-47.0
-112.0
-92.0
-97.0
-117.0
-122.0
-80.0
-24.0
20.0
52.0
94.0
114.0
87.0
86.0
130.0
124.0
150.0
111.0
94.0
102.0
70.0
59.0
52.0
45.0
23.0
14.0
-17.0
-21.0
-54.0
-55.0
-64.0
-58.0
-85.0
-82.0
-82.0
-43.0
-78.0
-85.0
-74.0
-79.0
-54.0
-37.0
0.0
-14.0
-10.0
-3.0
-17.0
11.0
-2.0
7.0
16.0
34.0
39.0
45.0
86.0
51.0
39.0
48.0
28.0
8.0
5.0
-7.0
-27.0
-29.0
-25.0
-22.0
-87.0
-90.0
-98.0
-75.0
-53.0
-25.0
-6.0
-7.0
26.0
-7.0
33.0
84.0
84.0
90.0
88.0
122.0
99.0
100.0
69.0
25.0
-67.0
-62.0
-95.0
-115.0
-89.0
-24.0
-22.0
-26.0
-37.0
1.0
87.0
95.0
89.0
57.0
34.0
14.0
1.0
9.0
-32.0
-49.0
-45.0
-70.0
-60.0
-41.0
-99.0
-119.0
-126.0
-116.0
-141.0
-128.0
-109.0
-93.0
-17.0
4.0
46.0
90.0
76.0
84.0
83.0
117.0
116.0
113.0
107.0
43.0
65.0
27.0
-27.0
-22.0
-11.0
-20.0
-38.0
-38.0
-46.0
-55.0
-65.0
-34.0
-36.0
-23.0
6.0
-31.0
-17.0
-55.0
-66.0
-52.0
-55.0
-41.0
-104.0
-103.0
-49.0
-27.0
-18.0
-12.0
6.0
42.0
62.0
17.0
5.0
7.0
-27.0
-52.0
-80.0
-88.0
-73.0
-55.0
-29.0
116.0
142.0
160.0
117.0
104.0
124.0
111.0
100.0
90.0
126.0
77.0
64.0
54.0
24.0
22.0
-6.0
-35.0
-44.0
-50.0
-69.0
-88.0
-122.0
-116.0
-86.0
-28.0
-49.0
-31.0
-45.0
-51.0
-25.0
-20.0
-5.0
-5.0
25.0
26.0
7.0
-23.0
-38.0
-45.0
-31.0
-56.0
-59.0
-50.0
5.0
-27.0
-34.0
-54.0
-41.0
-47.0
-69.0
-37.0
-18.0
-1.0
-14.0
-12.0
-24.0
1.0
40.0
83.0
89.0
106.0
70.0
78.0
146.0
157.0
207.0
177.0
144.0
59.0
53.0
24.0
0.0
-1.0
-29.0
-59.0
-74.0
-94.0
-80.0
-103.0
-102.0
-90.0
-148.0
-193.0
-189.0
-274.0
-247.0
-313.0
-276.0
88.0
136.0
188.0
196.0
162.0
176.0
199.0
249.0
182.0
116.0
136.0
98.0
96.0
-37.0
-9.0
-76.0
33.0
81.0
25.0
32.0
46.0
115.0
168.0
313.0
313.0
313.0
313.0
313.0
313.0
313.0
313.0
313.0
313.0
231.0
256.0
145.0
65.0
-73.0
-142.0
-141.0
-225.0
-234.0
-284.0
-313.0
-313.0
-313.0
-313.0
-313.0
-313.0
-313.0
-313.0
-313.0
-313.0
-313.0
-313.0
-313.0
-313.0
-313.0
-313.0
-279.0
-199.0
-157.0
-190.0
-168.0
-174.0
-176.0
-138.0
-162.0
-141.0
-132.0
-119.0
-148.0
-129.0
-136.0
-136.0
-139.0
-175.0
-156.0
-174.0
-164.0
-177.0
-177.0
-248.0
-279.0
-277.0
-313.0
-313.0
-270.0
-226.0
-115.0
-37.0
11.0
102.0
143.0
140.0
141.0
105.0
97.0
39.0
38.0
-31.0
-34.0
-16.0
-14.0
-18.0
12.0
-9.0
-44.0
-47.0
-86.0
-92.0
-102.0
-146.0
-168.0
-180.0
-163.0
-164.0
-96.0
-26.0
33.0
78.0
118.0
126.0
128.0
131.0
99.0
105.0
106.0
64.0
89.0
57.0
6.0
-10.0
-20.0
-36.0
-36.0
-46.0
-66.0
-76.0
-78.0
-53.0
-50.0
-38.0
-7.0
-16.0
-2.0
11.0
4.0
11.0
8.0
0.0
-4.0
25.0
61.0
61.0
61.0
34.0
-28.0
-63.0
-84.0
-32.0
54.0
135.0
232.0
239.0
313.0
313.0
313.0
313.0
313.0
313.0
313.0
313.0
313.0
313.0
246.0
191.0
124.0
80.0
25.0
-17.0
-87.0
-116.0
-173.0
-170.0
-142.0
-159.0
-180.0
-165.0
-182.0
-212.0
-189.0
-157.0
-144.0
-156.0
-179.0
-151.0
-114.0
-79.0
-68.0
-74.0
-84.0
-64.0
-122.0
-119.0
-116.0
-112.0
-96.0
-74.0
-45.0
-25.0
31.0
114.0
173.0
176.0
174.0
142.0
89.0
37.0
-45.0
-43.0
-46.0
-26.0
-5.0
-3.0
63.0
109.0
161.0
227.0
240.0
237.0
221.0
175.0
148.0
150.0
129.0
85.0
53.0
22.0
-18.0
-119.0
-169.0
-191.0
-168.0
-170.0
-126.0
-50.0
74.0
127.0
261.0
297.0
313.0
302.0
251.0
253.0
247.0
222.0
159.0
130.0
36.0
11.0
-35.0
-136.0
-179.0
-173.0
-224.0
-271.0
-221.0
-219.0
-155.0
-136.0
-97.0
-76.0
-94.0
-96.0
-111.0
-92.0
-112.0
-94.0
-92.0
-70.0
-90.0
-101.0
-136.0
-143.0
-143.0
-107.0
-107.0
-125.0
-108.0
-171.0
-187.0
-149.0
-158.0
-157.0
-107.0
-43.0
-40.0
-37.0
-37.0
-25.0
9.0
-2.0
57.0
63.0
76.0
13.0
48.0
67.0
60.0
79.0
48.0
66.0
64.0
63.0
45.0
28.0
-1.0
2.0
-17.0
-26.0
-27.0
27.0
38.0
45.0
9.0
-8.0
-14.0
-86.0
-82.0
-66.0
-27.0
-50.0
-17.0
-12.0
-46.0
-28.0
-26.0
-44.0
-7.0
-24.0
-2.0
-4.0
-25.0
-28.0
59.0
67.0
40.0
26.0
17.0
-10.0
3.0
34.0
27.0
24.0
43.0
28.0
15.0
19.0
-22.0
-3.0
-15.0
12.0
35.0
35.0
2.0
-7.0
26.0
89.0
105.0
61.0
17.0
-4.0
-21.0
-25.0
-44.0
-58.0
-37.0
-55.0
-67.0
-62.0
-32.0
-27.0
0.0
-2.0
-11.0
-19.0
-17.0
-7.0
-43.0
-57.0
-132.0
-188.0
-153.0
-148.0
-163.0
-134.0
-90.0
-29.0
76.0
129.0
176.0
226.0
232.0
238.0
239.0
243.0
250.0
230.0
185.0
146.0
126.0
78.0
44.0
46.0
28.0
8.0
-16.0
-53.0
-61.0
-76.0
7.0
-8.0
-39.0
-42.0
-60.0
-81.0
-126.0
-97.0
-138.0
-151.0
-208.0
-210.0
-199.0
-203.0
-168.0
-124.0
-79.0
-25.0
21.0
44.0
81.0
112.0
116.0
116.0
146.0
161.0
153.0
147.0
154.0
75.0
50.0
62.0
21.0
21.0
5.0
-14.0
-40.0
-33.0
-39.0
-43.0
-67.0
-84.0
-107.0
-102.0
-50.0
-70.0
-92.0
-74.0
-83.0
-61.0
-40.0
-35.0
-45.0
-36.0
-35.0
13.0
-15.0
-41.0
-69.0
-108.0
-110.0
-132.0
-134.0
-126.0
-89.0
-12.0
58.0
79.0
95.0
77.0
85.0
97.0
113.0
120.0
117.0
102.0
88.0
73.0
62.0
39.0
-5.0
-12.0
-41.0
-54.0
-36.0
-46.0
-69.0
-74.0
-3.0
9.0
-36.0
-77.0
-86.0
-86.0
-57.0
-63.0
-39.0
-45.0
-69.0
-74.0
-92.0
80.0
94.0
84.0
144.0
141.0
69.0
-26.0
49.0
64.0
30.0
5.0
-26.0
-25.0
-12.0
-29.0
-38.0
-92.0
-68.0
-95.0
-48.0
-52.0
-11.0
-5.0
-9.0
48.0
34.0
37.0
-14.0
-82.0
-150.0
-208.0
-238.0
-233.0
-243.0
-226.0
-138.0
-40.0
16.0
73.0
147.0
178.0
209.0
207.0
224.0
247.0
200.0
131.0
122.0
159.0
112.0
63.0
17.0
29.0
-5.0
4.0
4.0
-7.0
-42.0
-48.0
-21.0
-7.0
-112.0
-116.0
-102.0
-49.0
-47.0
-53.0
-50.0
-55.0
-46.0
-44.0
-51.0
-57.0
-53.0
-46.0
-38.0
-78.0
-93.0
-140.0
-173.0
-161.0
-126.0
-122.0
-89.0
-54.0
26.0
76.0
105.0
163.0
151.0
147.0
192.0
188.0
191.0
140.0
144.0
135.0
81.0
69.0
38.0
-33.0
-36.0
-36.0
-20.0
-72.0
-81.0
-71.0
-105.0
-63.0
-33.0
-74.0
-93.0
-90.0
-124.0
-158.0
-192.0
-197.0
-135.0
-145.0
-67.0
-51.0
-6.0
1.0
40.0
88.0
107.0
136.0
192.0
186.0
163.0
139.0
131.0
133.0
46.0
16.0
14.0
-39.0
-33.0
-18.0
-35.0
-64.0
-44.0
-40.0
-46.0
-77.0
-75.0
-62.0
-42.0
-77.0
-22.0
-31.0
-27.0
-24.0
-16.0
-38.0
-47.0
-40.0
-35.0
-67.0
-94.0
-71.0
-61.0
-60.0
-3.0
-64.0
-85.0
14.0
39.0
100.0
-17.0
99.0
106.0
101.0
54.0
69.0
29.0
-17.0
20.0
99.0
49.0
75.0
92.0
80.0
87.0
91.0
105.0
114.0
99.0
77.0
63.0
18.0
-17.0
-15.0
-9.0
-43.0
-36.0
-54.0
-88.0
-68.0
-100.0
-81.0
-102.0
-99.0
-115.0
-121.0
-121.0
-130.0
-139.0
-118.0
-62.0
-19.0
20.0
12.0
-6.0
45.0
49.0
41.0
72.0
77.0
30.0
104.0
123.0
121.0
74.0
68.0
4.0
14.0
-43.0
-68.0
-58.0
-72.0
-116.0
-115.0
-104.0
-86.0
-54.0
-34.0
-40.0
-10.0
-9.0
21.0
-3.0
-4.0
-27.0
0.0
-16.0
-49.0
-11.0
62.0
73.0
68.0
39.0
41.0
48.0
-23.0
-69.0
-99.0
-111.0
-82.0
-28.0
-2.0
-15.0
-19.0
23.0
59.0
133.0
124.0
146.0
130.0
127.0
118.0
105.0
90.0
75.0
53.0
14.0
42.0
74.0
100.0
69.0
76.0
67.0
70.0
15.0
-20.0
-62.0
-41.0
-74.0
-24.0
-52.0
65.0
-54.0
-188.0
-33.0
313.0
313.0
-134.0
-313.0
313.0
313.0
313.0
313.0
313.0
313.0
313.0
313.0
313.0
313.0
20.0
90.0
247.0
313.0
313.0
313.0
313.0
313.0
313.0
167.0
-68.0
-200.0
-313.0
-313.0
-313.0
-313.0
-313.0
-313.0
-313.0
-313.0
-313.0
-313.0
-313.0
-313.0
-313.0
-313.0
-313.0
-313.0
-313.0
-313.0
-313.0
-313.0
-313.0
-256.0
-216.0
-255.0
-313.0
-313.0
-313.0
-313.0
-313.0
-313.0
-313.0
-286.0
-281.0
-241.0
-233.0
-210.0
-210.0
-178.0
-161.0
-107.0
-135.0
-130.0
-123.0
-144.0
-192.0
-201.0
-217.0
-193.0
-169.0
-145.0
-79.0
-67.0
-57.0
-76.0
-85.0
-112.0
-170.0
-247.0
-313.0
-313.0
-313.0
-313.0
-313.0
-313.0
-313.0
-313.0
-206.0
-146.0
-184.0
-54.0
-13.0
27.0
9.0
52.0
107.0
113.0
162.0
205.0
193.0
187.0
196.0
160.0
165.0
167.0
151.0
177.0
184.0
146.0
138.0
99.0
126.0
197.0
177.0
126.0
107.0
39.0
-31.0
-12.0
-11.0
-79.0
-80.0
-89.0
-81.0
-71.0
-61.0
-43.0
-45.0
-13.0
-12.0
5.0
13.0
29.0
15.0
-18.0
0.0
10.0
21.0
27.0
33.0
67.0
37.0
46.0
43.0
41.0
70.0
30.0
55.0
96.0
77.0
32.0
3.0
-73.0
-78.0
-158.0
-217.0
-237.0
-237.0
-208.0
-183.0
-136.0
-49.0
-25.0
-19.0
36.0
58.0
108.0
142.0
191.0
196.0
168.0
106.0
78.0
82.0
22.0
18.0
-11.0
-15.0
-5.0
-13.0
3.0
60.0
57.0
65.0
57.0
59.0
54.0
55.0
45.0
48.0
75.0
85.0
121.0
118.0
91.0
66.0
50.0
62.0
36.0
37.0
24.0
70.0
93.0
98.0
79.0
56.0
37.0
4.0
14.0
-10.0
-33.0
-44.0
-78.0
-77.0
-79.0
-67.0
-68.0
-42.0
-40.0
-20.0
-51.0
70.0
88.0
83.0
84.0
35.0
22.0
-19.0
-4.0
-36.0
-32.0
-64.0
-31.0
-32.0
-29.0
-28.0
-44.0
-33.0
-15.0
-28.0
-4.0
6.0
11.0
14.0
-4.0
20.0
-19.0
-36.0
-10.0
-2.0
22.0
25.0
46.0
43.0
0.0
-62.0
-142.0
-208.0
-300.0
-313.0
-313.0
-287.0
-238.0
-228.0
-141.0
-74.0
-59.0
-13.0
25.0
74.0
107.0
122.0
131.0
133.0
179.0
176.0
165.0
176.0
177.0
166.0
150.0
139.0
136.0
139.0
106.0
90.0
64.0
32.0
8.0
23.0
41.0
7.0
-3.0
-7.0
9.0
-6.0
48.0
29.0
20.0
5.0
14.0
-2.0
-7.0
-15.0
-4.0
-26.0
-2.0
-22.0
-8.0
3.0
7.0
9.0
-1.0
1.0
0.0
9.0
5.0
-4.0
-12.0
3.0
0.0
-4.0
-22.0
-19.0
38.0
9.0
-62.0
-99.0
-180.0
-222.0
-209.0
-210.0
-192.0
-191.0
-155.0
-142.0
-98.0
-56.0
-4.0
27.0
47.0
50.0
61.0
61.0
72.0
94.0
110.0
97.0
100.0
101.0
103.0
79.0
62.0
58.0
46.0
48.0
30.0
-28.0
-68.0
-124.0
-132.0
-165.0
-146.0
-148.0
-122.0
-31.0
17.0
3.0
0.0
37.0
25.0
30.0
7.0
1.0
10.0
6.0
-13.0
-1.0
-15.0
5.0
15.0
41.0
27.0
23.0
19.0
13.0
-4.0
30.0
42.0
45.0
34.0
30.0
21.0
22.0
8.0
30.0
16.0
29.0
-30.0
-93.0
-147.0
-173.0
-172.0
-181.0
-203.0
-165.0
-97.0
-36.0
-24.0
-21.0
22.0
46.0
48.0
46.0
36.0
66.0
52.0
29.0
54.0
61.0
73.0
56.0
69.0
66.0
53.0
87.0
94.0
102.0
41.0
66.0
37.0
30.0
-28.0
-42.0
32.0
-31.0
-43.0
0.0
-13.0
2.0
-31.0
-40.0
-50.0
-51.0
-46.0
-39.0
-57.0
-40.0
-31.0
-46.0
-34.0
-52.0
-29.0
-24.0
-2.0
22.0
46.0
38.0
-4.0
-67.0
-82.0
-110.0
-81.0
-76.0
-133.0
-119.0
-96.0
-94.0
-68.0
-18.0
9.0
43.0
16.0
8.0
64.0
80.0
80.0
108.0
96.0
71.0
-8.0
21.0
51.0
49.0
71.0
85.0
51.0
12.0
28.0
5.0
2.0
-82.0
-111.0
-117.0
-168.0
-83.0
-50.0
-62.0
-14.0
12.0
39.0
35.0
63.0
62.0
52.0
21.0
7.0
54.0
6.0
29.0
62.0
32.0
13.0
24.0
3.0
-18.0
-13.0
-21.0
11.0
7.0
13.0
-11.0
-24.0
-18.0
-64.0
-102.0
-67.0
-11.0
-23.0
-35.0
19.0
-11.0
9.0
6.0
34.0
42.0
36.0
20.0
-23.0
-55.0
-1.0
-24.0
-51.0
-45.0
-56.0
-32.0
0.0
31.0
-2.0
-16.0
0.0
16.0
-20.0
-19.0
2.0
30.0
60.0
23.0
54.0
46.0
-11.0
1.0
8.0
4.0
10.0
53.0
66.0
42.0
24.0
-3.0
-18.0
-13.0
-36.0
-30.0
-85.0
-162.0
-167.0
-196.0
-167.0
-139.0
-95.0
-40.0
-16.0
-13.0
40.0
37.0
73.0
84.0
99.0
88.0
69.0
63.0
66.0
74.0
106.0
83.0
48.0
55.0
-17.0
-3.0
8.0
18.0
72.0
79.0
65.0
-4.0
-17.0
-36.0
-18.0
-15.0
-53.0
-45.0
-61.0
-61.0
-63.0
2.0
0.0
-22.0
-49.0
-81.0
-114.0
-104.0
-125.0
-132.0
-94.0
-81.0
-42.0
-26.0
14.0
-4.0
21.0
34.0
32.0
35.0
-23.0
14.0
-21.0
-58.0
-51.0
-53.0
-29.0
14.0
-1.0
2.0
53.0
50.0
102.0
70.0
143.0
166.0
166.0
121.0
98.0
93.0
35.0
8.0
-9.0
-12.0
4.0
-26.0
-25.0
-27.0
-37.0
-37.0
-22.0
-25.0
-24.0
-37.0
-38.0
-43.0
-29.0
-23.0
-61.0
-61.0
-9.0
0.0
-39.0
-4.0
-35.0
3.0
2.0
-7.0
84.0
94.0
93.0
67.0
-35.0
-97.0
-116.0
-153.0
-187.0
-177.0
-162.0
-159.0
-146.0
-73.0
-35.0
37.0
63.0
73.0
106.0
100.0
86.0
75.0
75.0
31.0
59.0
1.0
11.0
-26.0
-7.0
23.0
-9.0
-10.0
0.0
28.0
40.0
33.0
28.0
-2.0
-9.0
4.0
6.0
8.0
-2.0
9.0
-59.0
-63.0
-83.0
-89.0
-67.0
-38.0
-18.0
-17.0
3.0
35.0
14.0
38.0
21.0
31.0
30.0
37.0
55.0
53.0
50.0
16.0
41.0
44.0
7.0
-12.0
-55.0
-33.0
-28.0
-23.0
-56.0
-78.0
-91.0
-59.0
-25.0
-34.0
-45.0
-65.0
-100.0
-84.0
-54.0
23.0
24.0
23.0
21.0
18.0
30.0
12.0
-4.0
-5.0
-50.0
6.0
1.0
31.0
8.0
15.0
-12.0
-21.0
9.0
3.0
3.0
-9.0
7.0
-11.0
-18.0
-6.0
-16.0
-11.0
5.0
6.0
-42.0
-74.0
-46.0
-72.0
-116.0
-80.0
-23.0
-10.0
49.0
48.0
70.0
174.0
159.0
114.0
38.0
68.0
56.0
-2.0
39.0
52.0
13.0
40.0
31.0
20.0
3.0
13.0
0.0
3.0
-42.0
-50.0
-16.0
-25.0
-35.0
-50.0
-53.0
-36.0
-38.0
-10.0
-41.0
-39.0
-78.0
-99.0
-183.0
-173.0
-173.0
-115.0
-62.0
-37.0
23.0
31.0
23.0
55.0
91.0
125.0
140.0
105.0
103.0
109.0
114.0
114.0
81.0
46.0
24.0
0.0
7.0
-20.0
-36.0
-19.0
-43.0
-42.0
-51.0
-28.0
-12.0
-69.0
-35.0
-30.0
13.0
-11.0
-39.0
-36.0
-48.0
-56.0
-69.0
-33.0
-44.0
-30.0
-30.0
-75.0
-11.0
-13.0
25.0
65.0
44.0
-20.0
-8.0
-7.0
-73.0
-64.0
-99.0
-102.0
-64.0
-80.0
-61.0
-39.0
32.0
21.0
28.0
73.0
69.0
58.0
49.0
80.0
71.0
52.0
26.0
26.0
47.0
26.0
16.0
13.0
8.0
-10.0
29.0
5.0
-56.0
-7.0
20.0
-3.0
3.0
-5.0
-26.0
-49.0
-75.0
-76.0
-98.0
-27.0
11.0
21.0
19.0
24.0
0.0
21.0
38.0
63.0
68.0
89.0
66.0
28.0
1.0
6.0
-42.0
-61.0
-51.0
-46.0
-18.0
-32.0
-42.0
-31.0
-15.0
-27.0
-33.0
-56.0
-107.0
-125.0
-55.0
-13.0
-4.0
5.0
3.0
0.0
40.0
47.0
85.0
130.0
126.0
88.0
39.0
24.0
-8.0
-10.0
-27.0
-36.0
-85.0
-70.0
-71.0
-43.0
-16.0
17.0
-7.0
-14.0
-36.0
-48.0
-16.0
-17.0
-23.0
-20.0
27.0
-21.0
31.0
33.0
58.0
57.0
56.0
16.0
-10.0
-22.0
14.0
21.0
4.0
7.0
-41.0
-73.0
-74.0
-49.0
-72.0
-68.0
-71.0
-18.0
-32.0
-27.0
-2.0
28.0
63.0
82.0
166.0
156.0
101.0
77.0
46.0
46.0
41.0
10.0
11.0
-21.0
-5.0
-16.0
-47.0
-28.0
0.0
1.0
-48.0
-30.0
-8.0
-50.0
-30.0
-21.0
-28.0
-50.0
-33.0
-27.0
-45.0
-28.0
-33.0
0.0
-15.0
-11.0
9.0
28.0
-25.0
-17.0
-39.0
-100.0
-107.0
-113.0
-122.0
5.0
28.0
12.0
65.0
64.0
55.0
59.0
49.0
36.0
68.0
73.0
49.0
78.0
77.0
80.0
53.0
16.0
18.0
4.0
63.0
57.0
22.0
1.0
-22.0
-24.0
-42.0
-16.0
-57.0
-97.0
-67.0
-79.0
-24.0
-55.0
-75.0
-72.0
-52.0
-23.0
-44.0
-29.0
-22.0
-78.0
-45.0
-22.0
6.0
3.0
2.0
18.0
15.0
-28.0
-10.0
-15.0
-35.0
-38.0
-50.0
-49.0
-39.0
-20.0
15.0
23.0
37.0
61.0
50.0
49.0
42.0
37.0
30.0
41.0
4.0
-44.0
-23.0
-12.0
15.0
-41.0
-22.0
-26.0
-65.0
-38.0
-37.0
-21.0
8.0
-10.0
30.0
37.0
30.0
26.0
5.0
5.0
5.0
44.0
9.0
37.0
43.0
49.0
-2.0
-3.0
-68.0
-60.0
-53.0
-54.0
-102.0
-123.0
-126.0
-112.0
-96.0
-99.0
63.0
118.0
104.0
69.0
125.0
89.0
43.0
30.0
43.0
40.0
47.0
33.0
5.0
23.0
5.0
-29.0
-16.0
-17.0
-44.0
-46.0
-64.0
-83.0
-109.0
-102.0
-53.0
-69.0
-21.0
-16.0
-13.0
-13.0
23.0
35.0
53.0
46.0
27.0
46.0
24.0
31.0
29.0
28.0
16.0
30.0
-1.0
-20.0
-54.0
-56.0
-56.0
-49.0
-31.0
-33.0
-60.0
-16.0
-29.0
-1.0
-5.0
4.0
9.0
21.0
17.0
17.0
-13.0
17.0
-13.0
17.0
1.0
11.0
23.0
4.0
3.0
19.0
80.0
90.0
72.0
2.0
9.0
3.0
-34.0
-44.0
-18.0
-23.0
-25.0
-39.0
-57.0
-44.0
-49.0
-40.0
-39.0
-46.0
-71.0
-75.0
-74.0
-65.0
-109.0
-117.0
-70.0
-45.0
-6.0
41.0
54.0
53.0
77.0
95.0
76.0
79.0
150.0
153.0
141.0
99.0
62.0
59.0
25.0
27.0
-16.0
-18.0
-29.0
-50.0
-55.0
-61.0
-53.0
-51.0
-56.0
-59.0
-73.0
-70.0
-69.0
-24.0
-18.0
-48.0
-27.0
-24.0
-10.0
4.0
-6.0
-13.0
17.0
9.0
33.0
35.0
11.0
8.0
0.0
24.0
-17.0
46.0
-40.0
-25.0
-4.0
-15.0
-28.0
-34.0
-11.0
-4.0
-23.0
-4.0
-11.0
-33.0
-15.0
-11.0
-17.0
-21.0
4.0
26.0
8.0
8.0
28.0
34.0
18.0
41.0
51.0
51.0
18.0
-6.0
-22.0
-31.0
-57.0
-65.0
-34.0
-13.0
5.0
-1.0
10.0
25.0
64.0
62.0
76.0
82.0
37.0
17.0
5.0
4.0
-16.0
-19.0
-1.0
-2.0
-46.0
-63.0
-66.0
-77.0
-29.0
-19.0
-48.0
-11.0
1.0
2.0
7.0
23.0
28.0
8.0
21.0
20.0
-3.0
-27.0
13.0
21.0
6.0
7.0
12.0
-7.0
-23.0
-24.0
-45.0
-53.0
-63.0
-76.0
-88.0
-92.0
-92.0
-81.0
2.0
5.0
61.0
85.0
133.0
161.0
144.0
104.0
67.0
14.0
15.0
8.0
6.0
-15.0
-27.0
-14.0
-10.0
21.0
-27.0
-21.0
-49.0
-45.0
-52.0
-59.0
-47.0
-40.0
-52.0
-54.0
-27.0
-39.0
-59.0
-54.0
-75.0
-74.0
-76.0
-35.0
-28.0
-13.0
5.0
-13.0
9.0
2.0
-13.0
-18.0
-20.0
-23.0
-16.0
-27.0
-28.0
-16.0
-44.0
-37.0
5.0
-11.0
-9.0
14.0
40.0
56.0
49.0
49.0
54.0
62.0
61.0
29.0
29.0
20.0
26.0
-23.0
-10.0
-28.0
-13.0
-17.0
-39.0
-5.0
4.0
24.0
8.0
40.0
19.0
33.0
1.0
2.0
-31.0
-63.0
-19.0
-5.0
106.0
4.0
17.0
52.0
17.0
13.0
19.0
-16.0
-30.0
-23.0
-49.0
-41.0
-52.0
-46.0
-44.0
-44.0
-72.0
-59.0
-30.0
-27.0
-22.0
-35.0
-13.0
-9.0
-16.0
-10.0
16.0
31.0
-4.0
0.0
1.0
-16.0
-5.0
18.0
20.0
12.0
14.0
39.0
-8.0
24.0
9.0
7.0
0.0
-9.0
-8.0
-12.0
-3.0
-3.0
-19.0
5.0
5.0
-1.0
1.0
2.0
-54.0
-56.0
-50.0
4.0
-20.0
-32.0
-36.0
-38.0
-5.0
-11.0
3.0
6.0
-4.0
48.0
47.0
39.0
26.0
-2.0
-39.0
-32.0
-23.0
-27.0
-44.0
-18.0
-15.0
-16.0
-15.0
-3.0
-25.0
-9.0
-24.0
-31.0
-14.0
-34.0
-45.0
-37.0
-46.0
-33.0
25.0
4.0
14.0
8.0
4.0
-11.0
-5.0
0.0
0.0
-40.0
-47.0
-42.0
-10.0
2.0
61.0
43.0
28.0
-13.0
37.0
48.0
66.0
64.0
70.0
72.0
59.0
42.0
38.0
39.0
-39.0
-110.0
-67.0
-51.0
-43.0
-47.0
-20.0
17.0
31.0
25.0
46.0
74.0
74.0
111.0
81.0
76.0
54.0
51.0
82.0
57.0
27.0
34.0
45.0
30.0
17.0
14.0
13.0
-22.0
-37.0
-42.0
-107.0
-127.0
-116.0
-123.0
-130.0
-134.0
-115.0
-40.0
17.0
11.0
21.0
-8.0
-32.0
-13.0
-51.0
-52.0
-9.0
-37.0
-27.0
-34.0
-28.0
-10.0
-13.0
-22.0
-11.0
-18.0
-14.0
-21.0
-35.0
-25.0
-25.0
-25.0
6.0
-21.0
-11.0
-9.0
23.0
11.0
-40.0
-27.0
6.0
-32.0
-11.0
-12.0
0.0
2.0
-11.0
-4.0
21.0
22.0
16.0
-11.0
7.0
24.0
45.0
53.0
29.0
36.0
30.0
100.0
109.0
23.0
-18.0
-44.0
-85.0
-88.0
-77.0
-55.0
-47.0
-17.0
33.0
17.0
42.0
39.0
48.0
44.0
38.0
10.0
37.0
-7.0
6.0
36.0
65.0
62.0
2.0
-4.0
-16.0
-121.0
-131.0
-96.0
-123.0
-65.0
-44.0
-22.0
-13.0
-15.0
-21.0
-23.0
7.0
17.0
-15.0
-6.0
1.0
25.0
72.0
75.0
63.0
77.0
56.0
49.0
88.0
102.0
22.0
40.0
44.0
39.0
35.0
8.0
-7.0
-16.0
-23.0
-26.0
-84.0
-121.0
-155.0
-163.0
-137.0
-104.0
-95.0
-46.0
4.0
4.0
32.0
52.0
38.0
43.0
58.0
24.0
60.0
106.0
73.0
68.0
66.0
65.0
63.0
61.0
47.0
46.0
3.0
-26.0
-23.0
-29.0
-32.0
-39.0
-51.0
-50.0
-51.0
31.0
21.0
4.0
-86.0
-78.0
-109.0
-102.0
-114.0
-113.0
-102.0
-77.0
-74.0
-58.0
-17.0
20.0
38.0
55.0
-10.0
-3.0
-4.0
15.0
-1.0
-41.0
-73.0
-5.0
-31.0
-24.0
-7.0
-5.0
-16.0
38.0
57.0
59.0
70.0
52.0
77.0
79.0
36.0
34.0
13.0
-8.0
-21.0
-19.0
4.0
-1.0
-23.0
-53.0
-17.0
-10.0
-4.0
-34.0
-10.0
-27.0
-46.0
-23.0
-21.0
-2.0
9.0
5.0
23.0
26.0
19.0
1.0
-11.0
-10.0
-9.0
11.0
7.0
3.0
-24.0
18.0
9.0
17.0
9.0
8.0
0.0
-6.0
-32.0
-26.0
-11.0
5.0
-43.0
-28.0
-34.0
-22.0
-11.0
6.0
42.0
41.0
50.0
54.0
-32.0
-11.0
28.0
31.0
-7.0
-13.0
-28.0
-29.0
-25.0
-19.0
-2.0
-14.0
-7.0
46.0
28.0
-23.0
-53.0
-48.0
-91.0
-108.0
-83.0
-50.0
-24.0
-12.0
21.0
35.0
46.0
56.0
60.0
46.0
46.0
26.0
61.0
7.0
33.0
32.0
34.0
36.0
10.0
-7.0
-6.0
-5.0
-4.0
-6.0
17.0
-25.0
-68.0
-63.0
-2.0
76.0
75.0
43.0
3.0
-12.0
-68.0
-134.0
-155.0
-158.0
-134.0
-132.0
-138.0
-77.0
-19.0
-4.0
20.0
48.0
45.0
52.0
53.0
91.0
109.0
77.0
80.0
81.0
82.0
59.0
47.0
41.0
26.0
-6.0
-25.0
-25.0
-27.0
-35.0
-53.0
-34.0
-20.0
-26.0
-45.0
-20.0
-33.0
-45.0
-18.0
-9.0
-31.0
-27.0
-34.0
-40.0
-30.0
-45.0
-52.0
-49.0
-53.0
-44.0
-63.0
16.0
-52.0
-54.0
-33.0
95.0
70.0
76.0
64.0
60.0
27.0
17.0
-24.0
-28.0
-68.0
-87.0
-105.0
-96.0
-78.0
-65.0
-24.0
-4.0
19.0
13.0
36.0
64.0
77.0
76.0
71.0
149.0
123.0
94.0
64.0
64.0
26.0
-35.0
-56.0
-52.0
-50.0
-74.0
-56.0
-36.0
-29.0
-27.0
-21.0
-16.0
5.0
-18.0
-14.0
-30.0
6.0
2.0
-11.0
-10.0
-38.0
-24.0
-50.0
-35.0
-39.0
-40.0
-14.0
-5.0
-23.0
-24.0
-53.0
-87.0
-91.0
-73.0
-55.0
-53.0
-9.0
-10.0
46.0
52.0
67.0
71.0
81.0
52.0
51.0
52.0
37.0
24.0
32.0
36.0
48.0
18.0
-3.0
-16.0
30.0
-2.0
-40.0
-41.0
-19.0
-14.0
5.0
22.0
-4.0
-9.0
-16.0
-56.0
-35.0
-9.0
-34.0
-30.0
-5.0
-15.0
8.0
-20.0
-9.0
-18.0
-4.0
-3.0
1.0
-4.0
-1.0
16.0
15.0
-12.0
2.0
28.0
34.0
32.0
45.0
48.0
82.0
92.0
71.0
51.0
0.0
-42.0
-19.0
-17.0
-14.0
-20.0
-25.0
-8.0
-2.0
-13.0
-24.0
-6.0
11.0
6.0
0.0
1.0
2.0
-1.0
-36.0
-23.0
-27.0
-63.0
-64.0
-92.0
-100.0
-93.0
-98.0
-110.0
-68.0
-37.0
-35.0
5.0
52.0
75.0
61.0
60.0
109.0
94.0
102.0
109.0
91.0
90.0
51.0
24.0
11.0
15.0
11.0
-3.0
-10.0
-33.0
-33.0
-67.0
-132.0
-113.0
-120.0
-115.0
-80.0
-13.0
22.0
8.0
-13.0
6.0
31.0
14.0
11.0
12.0
24.0
48.0
54.0
52.0
1.0
30.0
4.0
-59.0
-88.0
-83.0
-126.0
-118.0
-75.0
-53.0
-35.0
-27.0
-20.0
22.0
15.0
18.0
44.0
50.0
70.0
77.0
56.0
61.0
45.0
25.0
-10.0
-2.0
-6.0
-8.0
-3.0
-40.0
-54.0
-105.0
-103.0
-107.0
-92.0
-89.0
-60.0
-53.0
-47.0
1.0
43.0
28.0
28.0
49.0
42.0
44.0
68.0
29.0
54.0
23.0
30.0
32.0
-21.0
-27.0
-38.0
-41.0
-53.0
-67.0
-83.0
-81.0
-69.0
-10.0
-24.0
0.0
41.0
34.0
38.0
30.0
33.0
42.0
-13.0
-11.0
-22.0
-74.0
-56.0
-60.0
11.0
75.0
37.0
4.0
49.0
53.0
28.0
44.0
59.0
63.0
42.0
56.0
32.0
-11.0
10.0
-20.0
-41.0
-40.0
-45.0
-39.0
1.0
-48.0
-68.0
-37.0
-50.0
-52.0
-84.0
-53.0
-57.0
-55.0
-23.0
-16.0
-6.0
-25.0
-12.0
-30.0
-30.0
-31.0
-65.0
-62.0
-71.0
-99.0
-88.0
-43.0
-32.0
4.0
-4.0
60.0
62.0
63.0
97.0
108.0
162.0
146.0
130.0
77.0
54.0
42.0
24.0
28.0
-8.0
-21.0
-1.0
-27.0
-20.0
-50.0
-56.0
-64.0
-53.0
-43.0
-46.0
-31.0
-30.0
-39.0
-31.0
-44.0
7.0
-44.0
-11.0
-14.0
-6.0
-23.0
-17.0
-73.0
-91.0
-109.0
-117.0
-94.0
-73.0
-73.0
-51.0
-10.0
16.0
46.0
124.0
150.0
157.0
136.0
124.0
138.0
112.0
97.0
87.0
79.0
101.0
58.0
73.0
81.0
95.0
97.0
72.0
11.0
-37.0
-57.0
-43.0
-82.0
-83.0
-103.0
-98.0
-104.0
-90.0
-89.0
-77.0
-110.0
-97.0
-80.0
-37.0
-8.0
-11.0
-12.0
2.0
11.0
8.0
23.0
33.0
11.0
-11.0
14.0
-4.0
-8.0
46.0
6.0
-11.0
-4.0
34.0
0.0
-11.0
-23.0
-24.0
-18.0
-23.0
-27.0
-34.0
-35.0
-57.0
-63.0
-30.0
-14.0
5.0
2.0
39.0
-27.0
24.0
77.0
103.0
125.0
101.0
77.0
76.0
78.0
36.0
11.0
33.0
0.0
1.0
-55.0
-134.0
-72.0
-93.0
-59.0
-232.0
31.0
-200.0
-100.0
142.0
313.0
129.0
313.0
313.0
313.0
313.0
260.0
220.0
84.0
87.0
-91.0
78.0
-220.0
-18.0
28.0
-67.0
-203.0
-229.0
-222.0
-114.0
-185.0
-112.0
162.0
100.0
85.0
163.0
282.0
291.0
256.0
257.0
223.0
129.0
85.0
12.0
7.0
-54.0
-90.0
-57.0
-260.0
-313.0
-313.0
-313.0
-313.0
-313.0
-313.0
-313.0
-313.0
-313.0
-281.0
-156.0
-138.0
-209.0
-219.0
-215.0
-207.0
-208.0
-198.0
-190.0
-167.0
-134.0
-126.0
-110.0
-122.0
-92.0
-80.0
-104.0
-66.0
-59.0
-62.0
-56.0
-68.0
-49.0
-41.0
-36.0
-35.0
-40.0
-44.0
-64.0
-72.0
-73.0
-47.0
-17.0
9.0
53.0
49.0
103.0
146.0
175.0
215.0
201.0
196.0
198.0
190.0
184.0
187.0
173.0
182.0
127.0
129.0
68.0
17.0
-49.0
-40.0
-57.0
-66.0
-27.0
-7.0
53.0
94.0
100.0
120.0
147.0
125.0
117.0
117.0
128.0
131.0
107.0
66.0
-1.0
-62.0
-80.0
-62.0
-27.0
-35.0
-4.0
42.0
55.0
43.0
52.0
61.0
83.0
106.0
87.0
86.0
82.0
87.0
86.0
60.0
10.0
-50.0
-72.0
-147.0
-139.0
-141.0
-162.0
-136.0
-131.0
-126.0
-138.0
-173.0
-180.0
-190.0
-249.0
-246.0
-209.0
-190.0
-139.0
-101.0
5.0
85.0
89.0
160.0
212.0
208.0
254.0
202.0
206.0
163.0
143.0
89.0
114.0
153.0
173.0
170.0
148.0
161.0
139.0
138.0
139.0
98.0
101.0
56.0
34.0
29.0
-9.0
1.0
-64.0
-88.0
-145.0
-142.0
-166.0
-193.0
-191.0
-195.0
-251.0
-313.0
-269.0
-233.0
-170.0
-107.0
-67.0
11.0
97.0
101.0
138.0
165.0
183.0
179.0
169.0
170.0
168.0
96.0
95.0
78.0
99.0
65.0
20.0
75.0
72.0
1.0
-81.0
-157.0
-236.0
-223.0
-223.0
-188.0
-148.0
-104.0
-28.0
18.0
43.0
65.0
83.0
87.0
101.0
130.0
113.0
87.0
57.0
19.0
-52.0
-75.0
-72.0
-52.0
-48.0
-8.0
46.0
105.0
114.0
163.0
138.0
133.0
197.0
216.0
123.0
95.0
34.0
27.0
-4.0
-27.0
-63.0
-115.0
-130.0
-143.0
-202.0
-206.0
-160.0
-208.0
-158.0
-168.0
-164.0
-165.0
-162.0
-166.0
-193.0
-221.0
-251.0
-213.0
-188.0
-52.0
16.0
86.0
174.0
184.0
236.0
264.0
313.0
295.0
266.0
242.0
248.0
196.0
133.0
122.0
89.0
29.0
13.0
-21.0
-86.0
-120.0
-125.0
-153.0
-162.0
-158.0
-170.0
-152.0
-179.0
-148.0
-124.0
-127.0
-100.0
-85.0
-85.0
-87.0
-114.0
-160.0
-94.0
-81.0
-85.0
-68.0
-21.0
63.0
112.0
118.0
155.0
157.0
313.0
313.0
313.0
313.0
313.0
263.0
218.0
213.0
161.0
119.0
60.0
19.0
-42.0
-86.0
-126.0
-136.0
-154.0
-163.0
-197.0
-212.0
-202.0
-207.0
-215.0
-203.0
-179.0
-133.0
-138.0
-136.0
-88.0
-125.0
-80.0
-8.0
-3.0
-1.0
-16.0
-20.0
-11.0
-11.0
4.0
-6.0
-11.0
15.0
25.0
15.0
-11.0
11.0
-11.0
-16.0
0.0
-3.0
-23.0
1.0
4.0
53.0
72.0
73.0
53.0
49.0
60.0
75.0
52.0
36.0
39.0
12.0
-18.0
60.0
79.0
71.0
44.0
26.0
5.0
-13.0
-87.0
-45.0
-55.0
-47.0
-37.0
-44.0
-75.0
-59.0
-73.0
-58.0
-72.0
-61.0
-57.0
-97.0
-123.0
-124.0
-179.0
-177.0
-120.0
-58.0
20.0
105.0
165.0
243.0
280.0
279.0
312.0
313.0
313.0
313.0
276.0
212.0
144.0
129.0
29.0
25.0
22.0
32.0
51.0
21.0
13.0
-51.0
-63.0
-87.0
-90.0
-94.0
-91.0
-122.0
-170.0
-190.0
-145.0
-143.0
-162.0
-163.0
-169.0
-171.0
-201.0
-175.0
-188.0
-179.0
-162.0
-136.0
-138.0
-103.0
-81.0
-81.0
-53.0
-49.0
-9.0
20.0
21.0
14.0
11.0
42.0
52.0
51.0
30.0
28.0
61.0
50.0
35.0
32.0
11.0
28.0
115.0
115.0
68.0
21.0
-17.0
-52.0
-46.0
-49.0
-60.0
-30.0
-16.0
-15.0
-9.0
-8.0
57.0
20.0
29.0
-5.0
20.0
59.0
65.0
61.0
35.0
13.0
15.0
3.0
-14.0
-25.0
-14.0
-43.0
-11.0
-12.0
-14.0
-12.0
-1.0
29.0
0.0
-53.0
-5.0
-11.0
-5.0
-7.0
-12.0
-31.0
-21.0
-11.0
-29.0
-69.0
-77.0
-82.0
-93.0
-96.0
-65.0
-22.0
28.0
36.0
111.0
136.0
160.0
175.0
185.0
184.0
160.0
143.0
111.0
98.0
74.0
43.0
-11.0
-10.0
9.0
6.0
24.0
-9.0
21.0
70.0
70.0
63.0
65.0
70.0
58.0
53.0
40.0
34.0
9.0
-22.0
-9.0
-41.0
-39.0
-67.0
-129.0
-127.0
-109.0
-89.0
-110.0
-101.0
-58.0
-73.0
-93.0
-73.0
-70.0
-77.0
-94.0
-83.0
-99.0
-79.0
-80.0
-57.0
-75.0
-44.0
-70.0
-75.0
-83.0
-104.0
-138.0
-138.0
-100.0
-63.0
-3.0
41.0
103.0
106.0
142.0
142.0
133.0
144.0
117.0
138.0
149.0
219.0
218.0
212.0
184.0
136.0
114.0
74.0
35.0
14.0
8.0
-56.0
-63.0
-63.0
-64.0
-98.0
-96.0
-126.0
-141.0
-129.0
-134.0
-135.0
-167.0
-170.0
-191.0
-220.0
-193.0
-161.0
-107.0
-44.0
16.0
76.0
150.0
157.0
200.0
220.0
242.0
234.0
231.0
178.0
105.0
97.0
38.0
51.0
125.0
84.0
50.0
47.0
51.0
42.0
-4.0
16.0
10.0
1.0
6.0
-50.0
-63.0
-61.0
-103.0
-143.0
-164.0
-166.0
-112.0
-110.0
-96.0
-95.0
-114.0
-117.0
-81.0
-94.0
-80.0
-90.0
-97.0
-99.0
-84.0
-109.0
-108.0
-132.0
-133.0
-140.0
-96.0
-92.0
-25.0
-27.0
10.0
73.0
81.0
77.0
57.0
37.0
63.0
22.0
13.0
22.0
38.0
63.0
62.0
63.0
76.0
66.0
64.0
60.0
68.0
73.0
80.0
54.0
20.0
-14.0
-42.0
-59.0
-39.0
-59.0
-86.0
-88.0
-101.0
-113.0
-138.0
-174.0
-141.0
-89.0
-56.0
2.0
52.0
44.0
82.0
101.0
123.0
140.0
108.0
132.0
93.0
75.0
53.0
51.0
12.0
-8.0
-40.0
-66.0
-96.0
-107.0
-84.0
-81.0
-62.0
-54.0
-40.0
-10.0
62.0
90.0
91.0
49.0
-3.0
-34.0
-46.0
-44.0
-139.0
-116.0
-77.0
-23.0
11.0
45.0
85.0
113.0
122.0
124.0
126.0
133.0
144.0
125.0
45.0
16.0
-12.0
3.0
15.0
11.0
-14.0
-30.0
-36.0
-76.0
-91.0
-108.0
-105.0
-123.0
-116.0
-131.0
-111.0
-111.0
-87.0
-109.0
-74.0
-101.0
-108.0
-75.0
-73.0
-79.0
-43.0
-36.0
-38.0
-51.0
-62.0
-87.0
-121.0
-101.0
-69.0
-69.0
-45.0
46.0
135.0
171.0
232.0
278.0
240.0
281.0
262.0
259.0
257.0
221.0
174.0
91.0
94.0
41.0
11.0
-14.0
-82.0
-70.0
-48.0
-67.0
-111.0
-123.0
-147.0
-118.0
-86.0
-27.0
2.0
16.0
65.0
75.0
66.0
74.0
87.0
51.0
13.0
28.0
-14.0
-7.0
-37.0
-75.0
-94.0
-82.0
-127.0
-137.0
-141.0
-153.0
-168.0
-168.0
-182.0
-143.0
-96.0
-35.0
-22.0
-40.0
20.0
40.0
93.0
94.0
85.0
96.0
81.0
49.0
30.0
19.0
-6.0
16.0
38.0
32.0
2.0
-26.0
-6.0
-31.0
-74.0
-108.0
-149.0
-173.0
-173.0
-167.0
-138.0
-76.0
-34.0
-2.0
57.0
78.0
90.0
108.0
74.0
83.0
90.0
75.0
68.0
91.0
70.0
75.0
42.0
-8.0
-10.0
-11.0
-11.0
-24.0
-54.0
-61.0
-70.0
-62.0
-64.0
-68.0
-57.0
-60.0
-68.0
-76.0
-65.0
-59.0
-40.0
7.0
16.0
-25.0
-33.0
-34.0
-65.0
-69.0
-22.0
-64.0
-45.0
-3.0
28.0
47.0
20.0
18.0
45.0
32.0
20.0
34.0
17.0
33.0
26.0
8.0
43.0
42.0
48.0
45.0
61.0
68.0
56.0
84.0
91.0
90.0
70.0
65.0
26.0
8.0
-16.0
-34.0
-46.0
-74.0
-114.0
-161.0
-161.0
-160.0
-141.0
-79.0
-19.0
14.0
76.0
143.0
172.0
216.0
219.0
220.0
210.0
190.0
173.0
149.0
109.0
81.0
47.0
8.0
-43.0
-43.0
-85.0
-104.0
-118.0
-113.0
-97.0
-53.0
-6.0
-5.0
-14.0
-8.0
-6.0
-5.0
-21.0
-17.0
-37.0
-47.0
-64.0
-70.0
-80.0
-69.0
-54.0
-63.0
-96.0
-66.0
-97.0
-108.0
-90.0
-102.0
-56.0
-65.0
-59.0
40.0
44.0
29.0
11.0
-32.0
-55.0
-91.0
-90.0
-90.0
-51.0
-58.0
-76.0
-70.0
-76.0
-70.0
-48.0
-53.0
-24.0
-25.0
-17.0
-22.0
-10.0
-14.0
4.0
-4.0
23.0
17.0
28.0
29.0
20.0
-31.0
-31.0
-44.0
-68.0
-102.0
-87.0
-62.0
-23.0
-21.0
37.0
94.0
141.0
149.0
171.0
185.0
171.0
192.0
132.0
124.0
164.0
122.0
99.0
199.0
313.0
313.0
313.0
313.0
313.0
313.0
313.0
313.0
313.0
313.0
313.0
313.0
313.0
-313.0
-313.0
-313.0
-313.0
-313.0
-313.0
-313.0
-313.0
-313.0
-313.0
-313.0
-313.0
-313.0
-313.0
-313.0
-313.0
-313.0
-313.0
-313.0
-313.0
-313.0
-313.0
-313.0
-313.0
-250.0
-231.0
-189.0
-178.0
4.0
-46.0
-313.0
-206.0
-252.0
213.0
313.0
313.0
313.0
313.0
313.0
313.0
313.0
313.0
313.0
313.0
259.0
-64.0
-313.0
-313.0
-313.0
-313.0
-313.0
-313.0
-313.0
-313.0
-313.0
-313.0
-313.0
-313.0
-313.0
-313.0
-313.0
-313.0
-313.0
-313.0
-313.0
-313.0
-313.0
-313.0
-313.0
-313.0
-313.0
-313.0
-313.0
-313.0
-313.0
-313.0
-313.0
-313.0
-313.0
-313.0
-259.0
-173.0
-161.0
-124.0
-57.0
-26.0
-33.0
30.0
44.0
140.0
158.0
194.0
205.0
240.0
207.0
195.0
195.0
194.0
199.0
184.0
175.0
147.0
150.0
127.0
84.0
82.0
49.0
53.0
17.0
35.0
34.0
-2.0
-7.0
9.0
-20.0
16.0
11.0
16.0
-2.0
20.0
-23.0
22.0
24.0
10.0
16.0
17.0
27.0
23.0
104.0
67.0
31.0
-64.0
-69.0
-110.0
-187.0
-225.0
-268.0
-261.0
-242.0
-187.0
-154.0
-105.0
-112.0
-79.0
-26.0
5.0
45.0
43.0
37.0
-36.0
-83.0
-136.0
-150.0
-213.0
-228.0
-239.0
-206.0
-168.0
-87.0
-11.0
66.0
98.0
82.0
127.0
150.0
149.0
157.0
158.0
134.0
99.0
107.0
183.0
177.0
189.0
175.0
158.0
142.0
109.0
112.0
129.0
145.0
155.0
161.0
131.0
116.0
119.0
98.0
91.0
90.0
80.0
93.0
78.0
73.0
36.0
23.0
13.0
-26.0
-17.0
-41.0
-128.0
-212.0
-263.0
-263.0
-217.0
-238.0
-223.0
-182.0
-129.0
-100.0
-42.0
-1.0
52.0
57.0
54.0
44.0
10.0
2.0
0.0
45.0
48.0
61.0
38.0
35.0
42.0
84.0
89.0
109.0
116.0
223.0
239.0
232.0
181.0
164.0
150.0
112.0
66.0
10.0
-44.0
-116.0
-151.0
-180.0
-206.0
-210.0
-180.0
-188.0
-139.0
-114.0
-77.0
-46.0
-27.0
28.0
34.0
35.0
36.0
26.0
36.0
22.0
16.0
9.0
15.0
3.0
6.0
6.0
5.0
47.0
27.0
44.0
30.0
49.0
41.0
47.0
38.0
43.0
31.0
44.0
46.0
35.0
58.0
39.0
1.0
-21.0
-70.0
-69.0
-129.0
-138.0
-114.0
-101.0
-94.0
-76.0
3.0
69.0
43.0
40.0
76.0
39.0
-10.0
25.0
28.0
5.0
27.0
55.0
48.0
55.0
74.0
15.0
52.0
66.0
53.0
58.0
36.0
34.0
52.0
51.0
35.0
17.0
-37.0
-79.0
-184.0
-227.0
-281.0
-257.0
-219.0
-217.0
-155.0
-53.0
-10.0
19.0
24.0
36.0
55.0
65.0
86.0
82.0
85.0
64.0
71.0
32.0
30.0
28.0
1.0
27.0
47.0
43.0
60.0
54.0
62.0
54.0
57.0
61.0
63.0
67.0
72.0
79.0
122.0
54.0
65.0
60.0
58.0
50.0
37.0
32.0
-11.0
-8.0
12.0
2.0
21.0
20.0
0.0
-9.0
-2.0
9.0
-25.0
-20.0
-32.0
-23.0
-33.0
-18.0
-19.0
-33.0
-20.0
-27.0
-23.0
-22.0
-32.0
-33.0
-21.0
-50.0
-17.0
-17.0
-18.0
-52.0
-52.0
-38.0
8.0
-47.0
-87.0
-129.0
-106.0
-79.0
-90.0
-134.0
-102.0
-106.0
-51.0
-79.0
-21.0
-27.0
8.0
55.0
83.0
81.0
75.0
67.0
95.0
112.0
142.0
72.0
96.0
83.0
72.0
68.0
29.0
32.0
17.0
24.0
-8.0
37.0
12.0
12.0
5.0
0.0
-25.0
-14.0
-8.0
-41.0
-51.0
-49.0
-82.0
-159.0
-204.0
-289.0
-310.0
-311.0
-206.0
-226.0
-213.0
-144.0
-74.0
-78.0
-8.0
38.0
73.0
69.0
61.0
85.0
80.0
80.0
93.0
84.0
56.0
81.0
77.0
79.0
68.0
81.0
83.0
99.0
118.0
101.0
92.0
61.0
21.0
29.0
20.0
-16.0
-4.0
17.0
-27.0
-24.0
-23.0
-51.0
-58.0
-59.0
-104.0
-132.0
-114.0
-113.0
-82.0
-73.0
-66.0
-50.0
-8.0
-8.0
7.0
25.0
23.0
22.0
53.0
97.0
96.0
113.0
32.0
24.0
19.0
17.0
19.0
94.0
137.0
92.0
63.0
68.0
10.0
16.0
-11.0
-39.0
-27.0
-48.0
-53.0
-80.0
-145.0
-181.0
-203.0
-205.0
-195.0
-196.0
-163.0
-132.0
-109.0
-40.0
-11.0
16.0
78.0
79.0
71.0
114.0
130.0
139.0
123.0
72.0
53.0
84.0
102.0
102.0
57.0
42.0
7.0
11.0
0.0
23.0
12.0
-53.0
-90.0
-98.0
-5.0
19.0
1.0
37.0
44.0
42.0
31.0
8.0
-16.0
-9.0
-12.0
-17.0
-17.0
-23.0
0.0
-10.0
-67.0
-107.0
-157.0
-155.0
-188.0
-202.0
-158.0
-131.0
-69.0
-49.0
-28.0
17.0
34.0
39.0
53.0
23.0
98.0
96.0
117.0
97.0
111.0
92.0
46.0
43.0
78.0
69.0
44.0
42.0
6.0
-9.0
-20.0
-3.0
-35.0
-33.0
-14.0
-22.0
-14.0
-22.0
-52.0
-85.0
-121.0
-165.0
-158.0
-162.0
-124.0
-98.0
-82.0
-48.0
-28.0
-9.0
30.0
23.0
53.0
49.0
59.0
55.0
54.0
56.0
38.0
36.0
37.0
30.0
20.0
25.0
30.0
36.0
33.0
-5.0
-1.0
19.0
68.0
39.0
38.0
33.0
6.0
11.0
5.0
5.0
-6.0
17.0
13.0
9.0
-26.0
-24.0
-50.0
-63.0
-119.0
-193.0
-210.0
-173.0
-172.0
-238.0
-79.0
-74.0
52.0
44.0
56.0
90.0
136.0
147.0
129.0
136.0
131.0
136.0
137.0
153.0
95.0
81.0
84.0
74.0
40.0
5.0
8.0
8.0
-18.0
-14.0
-8.0
-16.0
-10.0
-25.0
-30.0
-28.0
-34.0
-34.0
-52.0
-44.0
-133.0
-138.0
-181.0
-192.0
-186.0
-142.0
-115.0
-111.0
-58.0
-35.0
-16.0
33.0
67.0
57.0
104.0
122.0
112.0
118.0
63.0
44.0
41.0
37.0
110.0
82.0
86.0
69.0
33.0
33.0
3.0
-7.0
-23.0
-43.0
-9.0
-9.0
-7.0
-30.0
-76.0
-85.0
-141.0
-140.0
-133.0
-127.0
-99.0
-74.0
-22.0
2.0
3.0
7.0
-1.0
42.0
55.0
70.0
83.0
60.0
59.0
54.0
29.0
32.0
32.0
33.0
27.0
21.0
-2.0
-18.0
-23.0
-38.0
-46.0
-46.0
-63.0
-35.0
-18.0
-2.0
10.0
29.0
-7.0
-34.0
-18.0
-13.0
-15.0
-34.0
-46.0
-7.0
6.0
-12.0
-19.0
0.0
-14.0
-11.0
-12.0
-1.0
-5.0
-8.0
-12.0
-27.0
-19.0
-20.0
-24.0
-31.0
-29.0
-68.0
-105.0
-125.0
-172.0
-167.0
-165.0
-122.0
-37.0
-26.0
54.0
148.0
168.0
149.0
149.0
139.0
127.0
133.0
85.0
84.0
109.0
93.0
64.0
72.0
33.0
49.0
-8.0
-24.0
-61.0
-46.0
-169.0
-313.0
-313.0
-101.0
-313.0
2.0
-36.0
-19.0
-174.0
-139.0
-41.0
36.0
46.0
8.0
-24.0
33.0
33.0
97.0
8.0
21.0
-8.0
-108.0
-71.0
-105.0
-81.0
58.0
-83.0
-92.0
-105.0
-64.0
-120.0
-94.0
-93.0
-34.0
-84.0
-59.0
-69.0
1.0
9.0
-12.0
-73.0
-6.0
-57.0
-8.0
47.0
11.0
19.0
-4.0
6.0
-2.0
11.0
-26.0
46.0
-11.0
94.0
154.0
121.0
56.0
160.0
66.0
94.0
32.0
29.0
21.0
7.0
34.0
46.0
53.0
38.0
54.0
24.0
33.0
26.0
22.0
-15.0
17.0
5.0
6.0
22.0
5.0
-16.0
-14.0
-31.0
-21.0
-26.0
-72.0
-52.0
-71.0
-79.0
-76.0
-59.0
-29.0
-21.0
-30.0
-21.0
6.0
-25.0
-41.0
-71.0
-49.0
-58.0
-46.0
67.0
-162.0
-147.0
-313.0
-241.0
-208.0
-83.0
-67.0
32.0
40.0
154.0
220.0
207.0
210.0
263.0
263.0
243.0
243.0
222.0
179.0
144.0
184.0
136.0
112.0
67.0
57.0
-59.0
-112.0
-114.0
-97.0
-6.0
53.0
1.0
76.0
171.0
128.0
46.0
43.0
24.0
-90.0
-131.0
-95.0
-168.0
-192.0
-183.0
-167.0
-177.0
-210.0
-134.0
-144.0
-187.0
-129.0
-48.0
-102.0
-102.0
-97.0
-109.0
-71.0
-66.0
-120.0
-62.0
-69.0
-45.0
-10.0
9.0
41.0
76.0
60.0
137.0
313.0
313.0
313.0
313.0
313.0
313.0
313.0
313.0
313.0
313.0
313.0
220.0
79.0
-30.0
-135.0
-181.0
-229.0
-285.0
-291.0
-313.0
-313.0
-313.0
-313.0
-313.0
-313.0
-313.0
-313.0
-313.0
-313.0
-313.0
-313.0
-313.0
-313.0
-313.0
-313.0
-313.0
-313.0
-313.0
-313.0
-220.0
-228.0
-179.0
-209.0
-227.0
-203.0
-194.0
-148.0
-80.0
-73.0
-79.0
-69.0
-68.0
-22.0
-35.0
13.0
51.0
64.0
20.0
26.0
30.0
9.0
5.0
7.0
0.0
1.0
-40.0
-117.0
-234.0
-228.0
-313.0
-313.0
-313.0
-313.0
-313.0
-284.0
-218.0
-116.0
-15.0
-15.0
49.0
110.0
136.0
144.0
195.0
171.0
207.0
238.0
225.0
227.0
223.0
178.0
175.0
151.0
144.0
123.0
138.0
64.0
-53.0
-20.0
-144.0
-180.0
-155.0
-88.0
-49.0
35.0
108.0
140.0
139.0
169.0
175.0
-106.0
-313.0
-313.0
-313.0
-281.0
-217.0
-126.0
-92.0
-44.0
51.0
124.0
244.0
313.0
313.0
313.0
313.0
313.0
313.0
313.0
313.0
313.0
313.0
221.0
129.0
62.0
2.0
-44.0
-33.0
-99.0
-164.0
-144.0
-152.0
-191.0
-108.0
-121.0
-92.0
-111.0
-84.0
-103.0
-118.0
-80.0
-235.0
-265.0
-183.0
-68.0
-77.0
-68.0
-41.0
-13.0
59.0
118.0
111.0
75.0
79.0
32.0
2.0
-7.0
-48.0
-51.0
-67.0
-50.0
-59.0
-72.0
-104.0
-156.0
-110.0
-135.0
-163.0
-137.0
-226.0
-295.0
-313.0
-313.0
-313.0
-313.0
-313.0
-268.0
-261.0
-265.0
-186.0
-98.0
-36.0
-5.0
46.0
99.0
108.0
100.0
132.0
131.0
117.0
122.0
119.0
118.0
85.0
71.0
81.0
87.0
81.0
74.0
78.0
86.0
88.0
61.0
88.0
95.0
102.0
108.0
82.0
79.0
92.0
85.0
-3.0
0.0
18.0
-23.0
-55.0
-143.0
-270.0
-274.0
-313.0
-313.0
-313.0
-313.0
-313.0
-313.0
-247.0
-158.0
-49.0
-49.0
50.0
80.0
112.0
116.0
177.0
243.0
271.0
268.0
222.0
221.0
261.0
240.0
239.0
156.0
159.0
154.0
170.0
199.0
159.0
186.0
127.0
106.0
92.0
59.0
39.0
2.0
-8.0
-16.0
-28.0
-25.0
-25.0
-31.0
-36.0
-29.0
-55.0
28.0
41.0
2.0
30.0
27.0
-2.0
-50.0
-3.0
1.0
16.0
-13.0
33.0
-9.0
-1.0
-10.0
-15.0
-35.0
-19.0
0.0
-8.0
-42.0
-15.0
-30.0
-31.0
-43.0
-44.0
-86.0
-134.0
-224.0
-292.0
-286.0
-313.0
-296.0
-284.0
-277.0
-238.0
-190.0
-124.0
-52.0
-7.0
40.0
61.0
108.0
110.0
112.0
115.0
118.0
97.0
99.0
92.0
108.0
84.0
113.0
106.0
99.0
110.0
110.0
119.0
89.0
59.0
77.0
54.0
58.0
49.0
43.0
33.0
-12.0
-8.0
-7.0
13.0
-11.0
-40.0
-21.0
-26.0
-42.0
-26.0
-39.0
-33.0
-22.0
4.0
5.0
13.0
34.0
44.0
43.0
26.0
1.0
-10.0
-32.0
-50.0
-93.0
-123.0
-180.0
-177.0
-187.0
-217.0
-231.0
-162.0
-166.0
-91.0
-77.0
-25.0
-30.0
-1.0
0.0
26.0
109.0
61.0
79.0
50.0
126.0
86.0
129.0
54.0
59.0
96.0
46.0
61.0
49.0
50.0
45.0
56.0
28.0
36.0
41.0
18.0
17.0
-61.0
-131.0
-217.0
-217.0
-285.0
-254.0
-215.0
-217.0
-164.0
-122.0
-60.0
3.0
59.0
72.0
79.0
84.0
86.0
83.0
70.0
90.0
64.0
104.0
156.0
125.0
142.0
-37.0
72.0
70.0
36.0
75.0
26.0
70.0
141.0
90.0
73.0
118.0
212.0
60.0
61.0
42.0
23.0
40.0
14.0
-95.0
-91.0
-152.0
-121.0
-125.0
-149.0
-140.0
-112.0
-77.0
-46.0
-37.0
-28.0
32.0
11.0
13.0
40.0
25.0
11.0
35.0
33.0
54.0
75.0
44.0
21.0
10.0
-7.0
-14.0
-29.0
-49.0
-87.0
-148.0
-223.0
-266.0
-252.0
-256.0
-242.0
-191.0
-143.0
-85.0
-53.0
-27.0
32.0
16.0
26.0
31.0
52.0
100.0
87.0
135.0
118.0
126.0
126.0
119.0
89.0
94.0
53.0
52.0
-25.0
-89.0
-90.0
-155.0
-157.0
-124.0
-92.0
-90.0
-82.0
-45.0
-8.0
37.0
52.0
40.0
105.0
98.0
66.0
56.0
73.0
60.0
67.0
46.0
65.0
87.0
48.0
55.0
47.0
40.0
22.0
56.0
-6.0
24.0
-52.0
-38.0
-33.0
-23.0
-39.0
-49.0
-46.0
-39.0
-53.0
-44.0
-71.0
-94.0
-94.0
-117.0
-73.0
-74.0
-39.0
-30.0
-8.0
-3.0
34.0
35.0
33.0
11.0
11.0
12.0
24.0
35.0
35.0
20.0
7.0
25.0
10.0
-7.0
27.0
28.0
66.0
61.0
73.0
27.0
10.0
12.0
24.0
115.0
80.0
49.0
70.0
30.0
-9.0
-60.0
-27.0
-58.0
-60.0
-70.0
-60.0
-50.0
-1.0
-14.0
8.0
-7.0
-20.0
-41.0
-15.0
-51.0
-103.0
-117.0
-120.0
-146.0
-175.0
-122.0
-109.0
-89.0
-87.0
-39.0
34.0
34.0
47.0
47.0
103.0
145.0
126.0
128.0
99.0
114.0
113.0
104.0
126.0
98.0
63.0
78.0
79.0
11.0
9.0
-29.0
-57.0
-46.0
-36.0
-19.0
-37.0
-37.0
-8.0
-59.0
-7.0
2.0
-21.0
-13.0
-29.0
-40.0
-63.0
-7.0
-97.0
-113.0
-169.0
-171.0
-172.0
-165.0
-132.0
-72.0
-55.0
-20.0
11.0
28.0
61.0
92.0
84.0
84.0
127.0
76.0
105.0
107.0
106.0
54.0
58.0
59.0
49.0
39.0
26.0
-24.0
-10.0
6.0
20.0
-7.0
-22.0
-69.0
-6.0
-2.0
-10.0
-2.0
-17.0
-17.0
-14.0
-1.0
17.0
-31.0
-10.0
-25.0
11.0
-12.0
10.0
-34.0
-2.0
-8.0
-98.0
-43.0
-28.0
-39.0
6.0
-77.0
-16.0
10.0
-32.0
-49.0
-106.0
-155.0
-158.0
-166.0
-167.0
-180.0
-98.0
-50.0
-7.0
-1.0
62.0
75.0
29.0
36.0
94.0
96.0
100.0
92.0
88.0
104.0
74.0
89.0
113.0
108.0
91.0
52.0
49.0
49.0
29.0
-29.0
11.0
-24.0
-9.0
-12.0
37.0
-30.0
1.0
-34.0
-46.0
-36.0
-85.0
-47.0
-1.0
-4.0
-79.0
-47.0
-19.0
-57.0
-25.0
-20.0
-14.0
7.0
-2.0
11.0
-15.0
-49.0
-33.0
-11.0
-19.0
10.0
-1.0
-16.0
-19.0
-15.0
-24.0
0.0
-35.0
-77.0
-89.0
-65.0
-95.0
-48.0
-40.0
-38.0
-28.0
7.0
6.0
6.0
10.0
48.0
37.0
72.0
55.0
51.0
85.0
85.0
58.0
33.0
52.0
26.0
36.0
3.0
-22.0
-17.0
-1.0
-44.0
-44.0
-16.0
-26.0
2.0
-18.0
6.0
-45.0
-38.0
-39.0
-18.0
5.0
10.0
0.0
-45.0
-33.0
5.0
-30.0
-37.0
-10.0
-14.0
35.0
32.0
-1.0
-11.0
-3.0
39.0
26.0
26.0
-6.0
-2.0
6.0
-24.0
-1.0
-19.0
-18.0
13.0
-14.0
-11.0
-6.0
-14.0
-22.0
4.0
-26.0
1.0
-29.0
-17.0
-44.0
-38.0
-1.0
1.0
0.0
4.0
14.0
22.0
38.0
12.0
13.0
16.0
22.0
7.0
9.0
-7.0
13.0
-6.0
-43.0
-72.0
-104.0
-110.0
-150.0
-171.0
-175.0
-172.0
-164.0
-95.0
-48.0
0.0
47.0
55.0
74.0
98.0
105.0
112.0
123.0
108.0
88.0
114.0
125.0
127.0
115.0
96.0
98.0
81.0
45.0
39.0
45.0
25.0
3.0
8.0
-7.0
-68.0
-93.0
-98.0
-187.0
-126.0
-66.0
-97.0
-50.0
-52.0
0.0
21.0
-13.0
-7.0
22.0
-35.0
-3.0
1.0
52.0
53.0
70.0
66.0
63.0
63.0
71.0
56.0
26.0
28.0
16.0
16.0
-12.0
-11.0
-20.0
-31.0
-113.0
-95.0
-72.0
-65.0
-63.0
-65.0
-49.0
-31.0
8.0
33.0
7.0
15.0
41.0
75.0
66.0
66.0
37.0
31.0
39.0
47.0
7.0
17.0
17.0
-3.0
-41.0
-47.0
-55.0
-83.0
-126.0
-130.0
-139.0
-99.0
-68.0
-52.0
-21.0
-15.0
-30.0
21.0
37.0
57.0
81.0
69.0
65.0
99.0
44.0
40.0
22.0
30.0
-12.0
-12.0
-3.0
40.0
13.0
-22.0
-53.0
-56.0
-37.0
-52.0
-37.0
-47.0
-52.0
-45.0
-33.0
-1.0
6.0
16.0
35.0
-1.0
19.0
-4.0
-11.0
0.0
6.0
-3.0
-19.0
-18.0
-38.0
-4.0
16.0
20.0
34.0
24.0
24.0
-5.0
-23.0
-26.0
-25.0
-21.0
-25.0
12.0
11.0
8.0
28.0
40.0
46.0
49.0
32.0
62.0
17.0
7.0
18.0
10.0
1.0
20.0
-10.0
-14.0
-1.0
-34.0
-39.0
-38.0
-31.0
2.0
-16.0
-35.0
-23.0
-22.0
-11.0
-29.0
-61.0
-46.0
-53.0
-21.0
15.0
4.0
0.0
3.0
-13.0
-19.0
-43.0
-50.0
-63.0
-79.0
-131.0
-113.0
-36.0
-34.0
-47.0
-26.0
-2.0
22.0
67.0
49.0
48.0
25.0
-5.0
-2.0
-14.0
6.0
54.0
24.0
46.0
53.0
81.0
56.0
84.0
86.0
81.0
74.0
68.0
80.0
48.0
40.0
8.0
-4.0
-18.0
-20.0
-62.0
-86.0
-70.0
-106.0
-99.0
-103.0
-47.0
-42.0
-56.0
-59.0
-16.0
9.0
38.0
49.0
42.0
47.0
1.0
25.0
59.0
66.0
57.0
42.0
25.0
-3.0
-23.0
-28.0
-14.0
-9.0
-40.0
-39.0
4.0
-5.0
1.0
-25.0
5.0
-23.0
-13.0
-31.0
-8.0
0.0
-35.0
-43.0
-31.0
-18.0
-10.0
-11.0
-8.0
-15.0
-16.0
-15.0
7.0
16.0
-45.0
-77.0
-130.0
-159.0
-104.0
-36.0
-5.0
1.0
-11.0
59.0
74.0
103.0
106.0
86.0
58.0
49.0
70.0
70.0
74.0
73.0
73.0
44.0
-1.0
-24.0
-65.0
-81.0
-97.0
-91.0
-113.0
-85.0
-32.0
8.0
9.0
38.0
55.0
101.0
-3.0
5.0
23.0
53.0
47.0
71.0
51.0
16.0
-10.0
-18.0
-37.0
-37.0
-55.0
-45.0
-13.0
-16.0
5.0
-24.0
-2.0
8.0
0.0
2.0
3.0
38.0
12.0
2.0
-23.0
-15.0
-32.0
-45.0
-5.0
-7.0
7.0
16.0
-10.0
-18.0
-10.0
-23.0
-13.0
-30.0
-33.0
-35.0
-44.0
-49.0
-90.0
-106.0
-114.0
-112.0
-90.0
-71.0
-48.0
-43.0
-6.0
11.0
46.0
94.0
89.0
85.0
72.0
77.0
79.0
80.0
57.0
57.0
51.0
51.0
19.0
46.0
37.0
19.0
31.0
28.0
-1.0
20.0
-34.0
-78.0
-67.0
-69.0
-78.0
-68.0
-57.0
-62.0
-34.0
-23.0
-21.0
4.0
6.0
43.0
41.0
51.0
62.0
64.0
63.0
46.0
48.0
-3.0
-26.0
15.0
32.0
11.0
-21.0
-18.0
-62.0
-77.0
-98.0
-100.0
-106.0
-75.0
-57.0
-46.0
-14.0
-13.0
-23.0
20.0
59.0
61.0
36.0
83.0
75.0
72.0
59.0
59.0
72.0
48.0
22.0
-6.0
-11.0
-3.0
-17.0
-21.0
-69.0
-68.0
-57.0
-86.0
-67.0
-57.0
-29.0
-21.0
-36.0
-21.0
-12.0
-12.0
-2.0
-5.0
-39.0
-33.0
-26.0
-13.0
-22.0
-20.0
-36.0
-33.0
-60.0
-34.0
-24.0
-12.0
-8.0
-8.0
29.0
27.0
16.0
17.0
33.0
-5.0
53.0
11.0
34.0
32.0
41.0
42.0
18.0
19.0
51.0
17.0
-23.0
-29.0
-46.0
-75.0
-89.0
-83.0
-70.0
-72.0
-63.0
-15.0
-17.0
-8.0
-33.0
-34.0
52.0
49.0
72.0
71.0
79.0
53.0
49.0
64.0
63.0
39.0
48.0
34.0
-4.0
-8.0
-23.0
-8.0
-31.0
-7.0
-26.0
9.0
-13.0
-17.0
-19.0
-18.0
-2.0
-20.0
-15.0
-28.0
-41.0
-27.0
-20.0
-14.0
-12.0
-13.0
-19.0
-25.0
-35.0
-21.0
10.0
11.0
-6.0
5.0
-13.0
-9.0
-22.0
-77.0
-94.0
-143.0
-136.0
-134.0
-102.0
-69.0
-34.0
-33.0
11.0
49.0
129.0
159.0
127.0
136.0
125.0
142.0
108.0
109.0
99.0
92.0
42.0
35.0
24.0
34.0
7.0
11.0
-24.0
-22.0
-16.0
21.0
-32.0
-50.0
-52.0
-53.0
-57.0
-32.0
-47.0
-49.0
-27.0
-23.0
-69.0
-66.0
-66.0
-67.0
-62.0
-63.0
-34.0
-38.0
-40.0
-5.0
-9.0
-17.0
-3.0
9.0
32.0
3.0
30.0
38.0
3.0
21.0
17.0
10.0
-25.0
19.0
-4.0
18.0
26.0
28.0
-1.0
1.0
-14.0
-91.0
-150.0
-187.0
-166.0
-151.0
-104.0
-106.0
-49.0
-8.0
53.0
93.0
140.0
168.0
144.0
143.0
112.0
111.0
80.0
112.0
105.0
116.0
103.0
78.0
36.0
-11.0
2.0
10.0
-15.0
-18.0
-22.0
-32.0
-32.0
-30.0
-55.0
-16.0
-35.0
-32.0
-60.0
-34.0
0.0
-13.0
-14.0
-49.0
-50.0
-34.0
-17.0
-15.0
-46.0
-85.0
-72.0
-56.0
-72.0
-76.0
-70.0
-55.0
-40.0
-38.0
-22.0
-18.0
18.0
41.0
50.0
87.0
73.0
60.0
40.0
35.0
51.0
49.0
-5.0
7.0
-8.0
-22.0
-19.0
-80.0
-94.0
-94.0
-103.0
-136.0
-82.0
-77.0
-57.0
-28.0
34.0
31.0
93.0
104.0
75.0
95.0
80.0
65.0
57.0
63.0
61.0
36.0
53.0
56.0
60.0
23.0
8.0
4.0
-12.0
2.0
-35.0
-36.0
5.0
2.0
-10.0
-48.0
-43.0
-13.0
-37.0
-42.0
-36.0
-82.0
-94.0
-99.0
-138.0
-166.0
-181.0
-140.0
-91.0
-59.0
7.0
59.0
65.0
63.0
91.0
86.0
76.0
88.0
100.0
76.0
80.0
83.0
95.0
93.0
64.0
65.0
37.0
43.0
26.0
6.0
-9.0
-28.0
-36.0
-39.0
-53.0
-78.0
-14.0
-17.0
-48.0
-62.0
-35.0
-50.0
-44.0
-41.0
-30.0
-6.0
-24.0
-38.0
2.0
-1.0
-16.0
-45.0
-6.0
-4.0
-30.0
-34.0
-28.0
-28.0
-36.0
-25.0
-5.0
-10.0
-12.0
-14.0
-41.0
-79.0
-117.0
-108.0
-137.0
-131.0
-105.0
-61.0
-8.0
-8.0
57.0
94.0
108.0
131.0
164.0
154.0
124.0
113.0
96.0
99.0
107.0
97.0
50.0
57.0
34.0
44.0
8.0
-13.0
-1.0
-10.0
-20.0
-29.0
-15.0
-42.0
-36.0
-57.0
-66.0
-72.0
-101.0
-103.0
-103.0
-93.0
-79.0
-80.0
-79.0
-49.0
-44.0
-18.0
3.0
11.0
45.0
13.0
34.0
13.0
37.0
39.0
24.0
2.0
31.0
38.0
8.0
0.0
-42.0
-33.0
-64.0
-50.0
-60.0
-46.0
-17.0
-11.0
-2.0
19.0
42.0
20.0
38.0
59.0
73.0
48.0
44.0
41.0
27.0
38.0
34.0
7.0
24.0
-31.0
-6.0
6.0
-7.0
-7.0
-24.0
-35.0
0.0
-25.0
-24.0
-27.0
-16.0
-13.0
-26.0
-24.0
-7.0
-22.0
-35.0
13.0
-10.0
-37.0
-22.0
-12.0
-20.0
-25.0
-17.0
28.0
-8.0
-23.0
-34.0
-50.0
-61.0
-101.0
-124.0
-122.0
-170.0
-123.0
-144.0
-79.0
-43.0
51.0
58.0
68.0
87.0
82.0
96.0
68.0
69.0
50.0
46.0
56.0
64.0
91.0
78.0
77.0
97.0
74.0
61.0
51.0
6.0
8.0
24.0
-18.0
5.0
1.0
16.0
34.0
31.0
3.0
26.0
-3.0
-38.0
-3.0
-29.0
-36.0
-30.0
-47.0
-26.0
-62.0
-114.0
-150.0
-153.0
-140.0
-121.0
-119.0
-80.0
-51.0
23.0
17.0
55.0
53.0
78.0
106.0
105.0
103.0
91.0
66.0
56.0
-10.0
-41.0
-50.0
-51.0
-47.0
-23.0
-16.0
-12.0
-28.0
-3.0
2.0
32.0
28.0
-56.0
11.0
-47.0
-36.0
54.0
65.0
41.0
30.0
0.0
19.0
-10.0
0.0
-21.0
-20.0
-40.0
-31.0
-30.0
-29.0
-23.0
-42.0
-30.0
-91.0
-99.0
-97.0
-105.0
-131.0
-112.0
-97.0
-104.0
-66.0
-29.0
8.0
42.0
51.0
50.0
-30.0
46.0
38.0
111.0
106.0
117.0
98.0
77.0
70.0
32.0
31.0
3.0
-7.0
-21.0
-36.0
8.0
10.0
-9.0
-11.0
-21.0
22.0
37.0
34.0
10.0
41.0
31.0
35.0
7.0
7.0
-12.0
-11.0
1.0
0.0
-2.0
-52.0
-94.0
13.0
119.0
116.0
60.0
313.0
313.0
313.0
313.0
313.0
313.0
-114.0
-313.0
-313.0
-313.0
-313.0
-313.0
-313.0
-313.0
-313.0
-313.0
-313.0
-313.0
-313.0
-313.0
-313.0
-286.0
-258.0
-187.0
-274.0
-198.0
-211.0
-202.0
-204.0
-227.0
-284.0
-107.0
-145.0
-140.0
-90.0
-73.0
-105.0
5.0
-20.0
-96.0
-89.0
-124.0
-118.0
-97.0
-69.0
-62.0
-68.0
-79.0
-77.0
-85.0
-118.0
-43.0
-91.0
-40.0
-60.0
-100.0
-90.0
-69.0
-84.0
-85.0
-57.0
-80.0
-46.0
-49.0
-55.0
-39.0
-31.0
-8.0
-6.0
-70.0
-44.0
-16.0
62.0
68.0
47.0
25.0
54.0
27.0
37.0
49.0
-5.0
23.0
16.0
-10.0
12.0
6.0
31.0
9.0
3.0
-54.0
-60.0
-76.0
-74.0
-77.0
-69.0
11.0
31.0
73.0
67.0
103.0
101.0
98.0
86.0
129.0
84.0
98.0
68.0
103.0
81.0
48.0
66.0
32.0
2.0
-11.0
-42.0
-66.0
-51.0
-36.0
-34.0
-26.0
-1.0
6.0
32.0
38.0
58.0
66.0
43.0
60.0
30.0
45.0
35.0
17.0
45.0
-9.0
2.0
-31.0
-15.0
2.0
-22.0
-61.0
-84.0
-143.0
-151.0
-162.0
-83.0
-111.0
-46.0
-4.0
-14.0
79.0
229.0
313.0
313.0
313.0
313.0
313.0
313.0
313.0
313.0
313.0
313.0
313.0
313.0
242.0
160.0
-24.0
-43.0
-120.0
-96.0
-156.0
-272.0
-313.0
-313.0
-313.0
-313.0
-313.0
-313.0
-313.0
-313.0
-313.0
-313.0
-313.0
-313.0
-305.0
-295.0
-263.0
-260.0
-230.0
-209.0
-257.0
-237.0
-190.0
-152.0
-154.0
-143.0
-129.0
-107.0
-78.0
-58.0
-129.0
-138.0
-176.0
-171.0
-125.0
-181.0
-155.0
-138.0
-92.0
-114.0
-90.0
-57.0
-50.0
-15.0
-33.0
5.0
11.0
-9.0
-28.0
-12.0
31.0
13.0
40.0
33.0
15.0
27.0
-4.0
33.0
8.0
23.0
-3.0
14.0
4.0
23.0
-31.0
-53.0
-97.0
-142.0
-124.0
-123.0
-72.0
-43.0
9.0
58.0
113.0
124.0
158.0
172.0
158.0
160.0
180.0
199.0
166.0
162.0
136.0
151.0
82.0
83.0
31.0
40.0
-5.0
-26.0
-32.0
-60.0
-37.0
-16.0
-19.0
-7.0
-1.0
-1.0
23.0
12.0
34.0
41.0
38.0
64.0
35.0
41.0
57.0
51.0
36.0
44.0
29.0
-5.0
-20.0
-72.0
-83.0
-123.0
-117.0
-119.0
-94.0
-83.0
-13.0
23.0
28.0
39.0
81.0
76.0
79.0
69.0
96.0
74.0
81.0
39.0
2.0
-61.0
-38.0
-61.0
-47.0
-21.0
-60.0
3.0
8.0
21.0
14.0
41.0
33.0
47.0
30.0
33.0
51.0
64.0
86.0
61.0
-18.0
-21.0
-47.0
-52.0
-108.0
-106.0
-114.0
-62.0
-66.0
-58.0
-3.0
-9.0
-4.0
-25.0
4.0
6.0
21.0
-13.0
22.0
37.0
12.0
57.0
17.0
38.0
16.0
22.0
21.0
46.0
-48.0
-43.0
-86.0
-103.0
-103.0
-90.0
-51.0
-37.0
-19.0
-72.0
-23.0
4.0
6.0
24.0
3.0
16.0
37.0
32.0
46.0
-10.0
-23.0
-78.0
-100.0
-102.0
-79.0
-38.0
-19.0
-11.0
6.0
52.0
35.0
16.0
39.0
-4.0
-11.0
-70.0
-2.0
-7.0
-17.0
30.0
58.0
70.0
68.0
118.0
123.0
109.0
124.0
143.0
115.0
62.0
80.0
60.0
27.0
-23.0
-72.0
-111.0
-145.0
-146.0
-143.0
-134.0
-99.0
-36.0
6.0
28.0
5.0
56.0
64.0
42.0
34.0
100.0
66.0
69.0
36.0
0.0
-53.0
-78.0
-71.0
-66.0
-100.0
-49.0
-50.0
-20.0
-4.0
6.0
31.0
43.0
36.0
53.0
12.0
29.0
9.0
26.0
3.0
-36.0
-49.0
-76.0
-120.0
-136.0
-121.0
-148.0
-95.0
-85.0
-49.0
3.0
-23.0
-2.0
-9.0
0.0
1.0
35.0
2.0
34.0
38.0
-5.0
21.0
15.0
0.0
-11.0
9.0
8.0
-44.0
-34.0
-82.0
-74.0
-121.0
-59.0
-65.0
-64.0
-79.0
6.0
1.0
25.0
73.0
101.0
88.0
103.0
51.0
60.0
64.0
71.0
61.0
12.0
-5.0
-48.0
-61.0
-103.0
-115.0
-107.0
-84.0
-92.0
-51.0
-7.0
39.0
44.0
89.0
87.0
102.0
100.0
76.0
47.0
47.0
44.0
21.0
30.0
6.0
9.0
8.0
13.0
16.0
-9.0
-5.0
-16.0
-61.0
-97.0
-145.0
-132.0
-131.0
-118.0
-53.0
-11.0
34.0
59.0
75.0
80.0
94.0
105.0
81.0
78.0
68.0
67.0
9.0
15.0
28.0
-12.0
-2.0
-40.0
0.0
11.0
11.0
29.0
0.0
4.0
22.0
4.0
-18.0
-27.0
-22.0
-12.0
-36.0
-90.0
-99.0
-80.0
-79.0
-76.0
-38.0
-43.0
-55.0
-61.0
-64.0
-59.0
-62.0
-14.0
-57.0
-89.0
-108.0
-137.0
-134.0
-149.0
-99.0
-57.0
-15.0
33.0
80.0
83.0
104.0
126.0
98.0
103.0
123.0
136.0
143.0
103.0
63.0
36.0
28.0
13.0
-41.0
-39.0
15.0
-3.0
8.0
-7.0
-64.0
-43.0
-33.0
-40.0
-72.0
-53.0
-98.0
-143.0
-170.0
-139.0
-123.0
-35.0
-1.0
68.0
101.0
102.0
119.0
141.0
129.0
142.0
141.0
137.0
90.0
108.0
72.0
66.0
22.0
-61.0
-70.0
-69.0
-80.0
-64.0
-26.0
5.0
16.0
26.0
-11.0
-6.0
-44.0
1.0
-44.0
-59.0
-36.0
-31.0
-69.0
-66.0
-118.0
-98.0
-167.0
-136.0
-131.0
-25.0
26.0
63.0
55.0
75.0
109.0
146.0
143.0
117.0
129.0
122.0
94.0
64.0
57.0
27.0
1.0
-22.0
0.0
-17.0
-23.0
-49.0
-75.0
-69.0
-61.0
-59.0
-37.0
-71.0
-85.0
-110.0
-72.0
-39.0
-66.0
-29.0
-23.0
-34.0
-16.0
-30.0
-8.0
-44.0
-56.0
-77.0
-94.0
-68.0
-38.0
-31.0
-24.0
-4.0
25.0
51.0
59.0
46.0
34.0
0.0
41.0
24.0
50.0
57.0
50.0
33.0
38.0
-33.0
-20.0
-49.0
-49.0
-55.0
-18.0
-25.0
-20.0
-4.0
-52.0
-75.0
-77.0
-77.0
-94.0
-90.0
-63.0
-40.0
22.0
-14.0
13.0
54.0
68.0
84.0
88.0
86.0
75.0
77.0
75.0
9.0
33.0
-7.0
8.0
-2.0
-42.0
-32.0
-22.0
-21.0
-38.0
-9.0
-69.0
-48.0
-31.0
-17.0
-33.0
-40.0
-58.0
-11.0
-8.0
-6.0
0.0
-44.0
-86.0
-111.0
-156.0
-182.0
-174.0
-117.0
-69.0
22.0
64.0
94.0
167.0
165.0
211.0
222.0
216.0
185.0
189.0
158.0
136.0
104.0
93.0
37.0
24.0
20.0
30.0
16.0
20.0
-14.0
-25.0
-5.0
-5.0
-43.0
-65.0
-58.0
-91.0
-92.0
-70.0
-74.0
-86.0
-112.0
-89.0
-126.0
-88.0
-79.0
-110.0
-98.0
-81.0
-46.0
-17.0
-39.0
-18.0
17.0
13.0
35.0
22.0
38.0
61.0
23.0
20.0
16.0
16.0
-14.0
-22.0
-33.0
-24.0
5.0
-21.0
-26.0
-2.0
2.0
-33.0
-69.0
-115.0
-101.0
-86.0
-109.0
-100.0
-74.0
-20.0
21.0
56.0
92.0
129.0
125.0
130.0
135.0
139.0
112.0
129.0
140.0
87.0
49.0
64.0
64.0
18.0
-14.0
-39.0
-66.0
-75.0
-52.0
-51.0
-50.0
-99.0
-99.0
-183.0
-157.0
-146.0
-130.0
-103.0
-39.0
-13.0
62.0
64.0
74.0
93.0
151.0
181.0
183.0
151.0
113.0
56.0
32.0
44.0
41.0
-7.0
0.0
-11.0
-18.0
-6.0
7.0
-5.0
-31.0
-8.0
7.0
-28.0
-27.0
-28.0
-55.0
-108.0
-121.0
-106.0
-82.0
-107.0
-110.0
-64.0
-46.0
-40.0
-24.0
2.0
-19.0
-4.0
36.0
4.0
-15.0
-47.0
-38.0
-38.0
-62.0
-35.0
-5.0
36.0
12.0
-1.0
-5.0
17.0
11.0
36.0
25.0
27.0
6.0
-5.0
6.0
-8.0
-3.0
-41.0
-60.0
-104.0
-111.0
-108.0
-65.0
-6.0
18.0
35.0
29.0
86.0
79.0
75.0
87.0
61.0
47.0
50.0
60.0
64.0
73.0
81.0
72.0
65.0
40.0
17.0
38.0
-7.0
-22.0
-37.0
-36.0
-27.0
-50.0
-58.0
-100.0
-83.0
-106.0
-69.0
-96.0
-64.0
-59.0
-72.0
-23.0
-18.0
23.0
3.0
20.0
0.0
14.0
-22.0
-5.0
-1.0
5.0
-11.0
-22.0
-35.0
-27.0
-15.0
-36.0
-32.0
-26.0
-10.0
-21.0
-14.0
4.0
2.0
7.0
2.0
5.0
-9.0
-20.0
-29.0
19.0
-5.0
-22.0
20.0
-11.0
-7.0
13.0
0.0
6.0
-7.0
-50.0
-94.0
-136.0
-144.0
-120.0
-88.0
-29.0
59.0
58.0
115.0
128.0
141.0
149.0
247.0
276.0
229.0
269.0
177.0
194.0
197.0
138.0
95.0
89.0
63.0
28.0
7.0
-21.0
-56.0
-58.0
-55.0
-79.0
-84.0
-139.0
-131.0
-171.0
-150.0
-159.0
-122.0
-123.0
-86.0
-64.0
-50.0
-24.0
-20.0
11.0
20.0
20.0
22.0
20.0
38.0
18.0
-23.0
13.0
-23.0
2.0
-12.0
-18.0
-20.0
-23.0
-79.0
-71.0
-81.0
-81.0
-52.0
-38.0
-4.0
3.0
30.0
7.0
39.0
34.0
43.0
48.0
49.0
21.0
36.0
19.0
8.0
2.0
-54.0
-86.0
-111.0
-108.0
-90.0
-45.0
14.0
86.0
125.0
135.0
153.0
136.0
188.0
189.0
143.0
107.0
76.0
67.0
76.0
68.0
56.0
37.0
0.0
-35.0
-18.0
-38.0
-69.0
-140.0
-90.0
-92.0
-75.0
-95.0
-79.0
-75.0
-94.0
-111.0
-83.0
-98.0
-75.0
-76.0
-93.0
-91.0
-120.0
-133.0
-123.0
-32.0
13.0
-83.0
194.0
181.0
313.0
313.0
-55.0
-43.0
-9.0
144.0
313.0
313.0
313.0
313.0
313.0
313.0
313.0
313.0
313.0
313.0
-313.0
-313.0
-313.0
-313.0
-313.0
-313.0
-313.0
-313.0
-313.0
-313.0
-313.0
313.0
313.0
313.0
313.0
313.0
313.0
313.0
313.0
304.0
33.0
-160.0
-313.0
-313.0
-313.0
-313.0
-313.0
-313.0
-313.0
-313.0
-313.0
-313.0
-313.0
-313.0
-313.0
-313.0
-313.0
-313.0
-313.0
-313.0
-313.0
-313.0
-313.0
-313.0
-313.0
-313.0
-313.0
-312.0
-288.0
-228.0
-196.0
-126.0
-173.0
-194.0
-239.0
-244.0
-159.0
-96.0
-18.0
15.0
58.0
104.0
112.0
107.0
120.0
79.0
84.0
52.0
81.0
0.0
80.0
40.0
74.0
69.0
-2.0
2.0
-23.0
-5.0
-26.0
-35.0
-8.0
4.0
17.0
-1.0
26.0
10.0
0.0
-6.0
-6.0
-15.0
-17.0
-31.0
-11.0
-16.0
-62.0
-31.0
-35.0
5.0
-13.0
18.0
16.0
12.0
25.0
18.0
26.0
-13.0
41.0
7.0
-37.0
-98.0
-85.0
-120.0
-109.0
-110.0
-105.0
-105.0
-92.0
-100.0
-70.0
-52.0
-27.0
-47.0
11.0
12.0
2.0
48.0
44.0
49.0
46.0
65.0
76.0
94.0
69.0
64.0
63.0
86.0
82.0
84.0
87.0
88.0
42.0
64.0
48.0
45.0
63.0
44.0
44.0
32.0
28.0
44.0
33.0
20.0
36.0
16.0
-2.0
-19.0
-66.0
-81.0
-88.0
-85.0
-103.0
-84.0
-55.0
-64.0
-37.0
-29.0
-28.0
17.0
47.0
89.0
87.0
66.0
83.0
71.0
74.0
31.0
59.0
13.0
1.0
17.0
-3.0
-3.0
37.0
30.0
12.0
11.0
30.0
43.0
56.0
63.0
92.0
70.0
37.0
36.0
42.0
19.0
29.0
59.0
53.0
64.0
51.0
26.0
38.0
53.0
-72.0
-39.0
62.0
49.0
7.0
63.0
75.0
70.0
18.0
15.0
44.0
46.0
51.0
36.0
57.0
24.0
-46.0
-66.0
6.0
-121.0
96.0
313.0
313.0
313.0
313.0
182.0
31.0
-21.0
-16.0
-40.0
-54.0
-223.0
-218.0
-156.0
-130.0
-84.0
-94.0
-46.0
-12.0
-12.0
-18.0
-17.0
-29.0
-27.0
-35.0
-43.0
-48.0
-59.0
-35.0
-33.0
-15.0
-43.0
-50.0
-45.0
-29.0
-33.0
-25.0
-28.0
-41.0
-47.0
-43.0
-27.0
-47.0
-26.0
-50.0
-34.0
-57.0
-35.0
-22.0
-29.0
-22.0
-59.0
-76.0
-85.0
-104.0
-139.0
-179.0
-272.0
-257.0
-252.0
-279.0
-222.0
-221.0
-188.0
-154.0
-99.0
-83.0
-53.0
-33.0
-37.0
2.0
10.0
51.0
25.0
71.0
76.0
80.0
91.0
92.0
90.0
116.0
131.0
132.0
118.0
113.0
97.0
75.0
66.0
39.0
46.0
29.0
37.0
18.0
11.0
-25.0
-18.0
-11.0
-19.0
-32.0
-29.0
-24.0
10.0
10.0
21.0
-2.0
11.0
8.0
-7.0
-8.0
-5.0
5.0
-15.0
-30.0
-40.0
-36.0
-55.0
-64.0
-62.0
-66.0
-68.0
-62.0
-40.0
-31.0
-58.0
3.0
-10.0
-40.0
-101.0
-131.0
-133.0
-168.0
-159.0
-154.0
-135.0
-118.0
-95.0
-48.0
-21.0
-30.0
-26.0
-2.0
29.0
39.0
22.0
13.0
-24.0
-11.0
-33.0
-53.0
-51.0
-31.0
10.0
8.0
23.0
29.0
10.0
52.0
77.0
102.0
105.0
116.0
112.0
104.0
96.0
108.0
85.0
64.0
76.0
77.0
92.0
46.0
53.0
50.0
50.0
52.0
32.0
24.0
13.0
43.0
36.0
3.0
39.0
26.0
33.0
22.0
14.0
-3.0
-10.0
-28.0
-28.0
-24.0
-23.0
-17.0
-1.0
-5.0
15.0
8.0
6.0
6.0
9.0
-1.0
-37.0
-23.0
9.0
2.0
-22.0
-1.0
-11.0
-13.0
-10.0
-30.0
-36.0
-57.0
-93.0
-43.0
-62.0
-38.0
-25.0
-44.0
-57.0
-88.0
-116.0
-106.0
-110.0
-108.0
-79.0
-67.0
-14.0
-15.0
-22.0
12.0
6.0
46.0
68.0
53.0
102.0
76.0
66.0
52.0
52.0
40.0
57.0
27.0
8.0
46.0
70.0
69.0
45.0
35.0
34.0
-19.0
-8.0
-29.0
-40.0
-53.0
-82.0
-97.0
-143.0
-128.0
-122.0
-154.0
-177.0
-141.0
-116.0
-73.0
-58.0
-37.0
-2.0
2.0
0.0
25.0
34.0
38.0
47.0
79.0
97.0
42.0
115.0
111.0
107.0
101.0
96.0
67.0
22.0
45.0
37.0
6.0
-59.0
-110.0
-114.0
-140.0
-149.0
-97.0
-84.0
-70.0
-70.0
-37.0
1.0
36.0
50.0
62.0
28.0
25.0
80.0
86.0
79.0
76.0
89.0
53.0
50.0
74.0
72.0
82.0
40.0
35.0
39.0
-4.0
1.0
-39.0
-43.0
16.0
10.0
23.0
24.0
6.0
-17.0
26.0
-28.0
-7.0
0.0
7.0
-3.0
2.0
-55.0
-63.0
-112.0
-112.0
-100.0
-76.0
-72.0
-84.0
-86.0
-89.0
-34.0
4.0
12.0
4.0
4.0
-32.0
-40.0
9.0
70.0
67.0
41.0
58.0
74.0
42.0
65.0
59.0
48.0
42.0
4.0
-11.0
4.0
1.0
-23.0
-17.0
-25.0
-44.0
-40.0
-26.0
-7.0
-40.0
-7.0
12.0
39.0
0.0
9.0
19.0
20.0
9.0
16.0
-34.0
-11.0
2.0
-14.0
-28.0
-23.0
-28.0
-20.0
-7.0
3.0
-38.0
-2.0
-5.0
2.0
-5.0
5.0
-1.0
-7.0
-44.0
-62.0
-56.0
-63.0
-75.0
-49.0
-72.0
-90.0
-45.0
-42.0
-49.0
2.0
-53.0
19.0
-1.0
22.0
26.0
24.0
27.0
26.0
39.0
-5.0
40.0
33.0
34.0
30.0
42.0
60.0
16.0
19.0
28.0
15.0
48.0
46.0
21.0
40.0
7.0
-46.0
-50.0
-56.0
-69.0
-64.0
-79.0
-59.0
-60.0
-39.0
-36.0
-25.0
-30.0
-29.0
-5.0
-6.0
7.0
18.0
37.0
52.0
20.0
25.0
15.0
9.0
-44.0
-18.0
-18.0
-32.0
-27.0
12.0
15.0
-11.0
10.0
17.0
11.0
-3.0
-5.0
-3.0
-22.0
3.0
-24.0
-43.0
0.0
4.0
-15.0
-11.0
22.0
20.0
13.0
-4.0
-37.0
3.0
31.0
36.0
30.0
-16.0
-58.0
-53.0
-63.0
-92.0
-68.0
-74.0
-61.0
-64.0
-17.0
-3.0
28.0
57.0
48.0
77.0
56.0
38.0
11.0
8.0
18.0
27.0
31.0
6.0
-2.0
-13.0
27.0
9.0
8.0
9.0
-93.0
-61.0
7.0
24.0
51.0
45.0
20.0
5.0
14.0
21.0
7.0
-14.0
24.0
9.0
-12.0
34.0
9.0
-12.0
-66.0
-65.0
-37.0
-70.0
7.0
-25.0
-39.0
-26.0
-16.0
-22.0
6.0
13.0
-10.0
-8.0
16.0
14.0
-13.0
2.0
5.0
3.0
2.0
6.0
-15.0
-16.0
-13.0
-5.0
10.0
-4.0
20.0
37.0
39.0
35.0
14.0
-10.0
-15.0
-70.0
-98.0
-65.0
-55.0
21.0
25.0
27.0
42.0
19.0
10.0
1.0
13.0
15.0
23.0
21.0
1.0
-4.0
0.0
-13.0
-20.0
9.0
-8.0
-11.0
-47.0
3.0
19.0
15.0
44.0
-7.0
23.0
20.0
2.0
-13.0
-13.0
9.0
4.0
3.0
7.0
7.0
-14.0
-36.0
-51.0
-76.0
-40.0
-25.0
-38.0
-29.0
9.0
-23.0
10.0
9.0
25.0
11.0
-31.0
-65.0
-39.0
-32.0
-2.0
-70.0
-13.0
-15.0
25.0
50.0
48.0
44.0
43.0
51.0
11.0
-3.0
1.0
-7.0
-11.0
23.0
3.0
-24.0
12.0
14.0
13.0
14.0
11.0
21.0
7.0
-14.0
-12.0
-4.0
-3.0
-4.0
-19.0
-63.0
26.0
11.0
4.0
-32.0
-8.0
-16.0
-50.0
-39.0
9.0
2.0
9.0
-2.0
17.0
21.0
2.0
-23.0
-39.0
-41.0
-12.0
-14.0
-7.0
-16.0
-46.0
-33.0
-25.0
-28.0
-38.0
-28.0
-67.0
-59.0
-59.0
-86.0
-69.0
-35.0
-13.0
-5.0
2.0
0.0
19.0
18.0
25.0
78.0
22.0
59.0
62.0
30.0
11.0
6.0
23.0
47.0
33.0
15.0
-42.0
-40.0
-48.0
21.0
48.0
45.0
25.0
-15.0
-16.0
12.0
8.0
-2.0
16.0
-22.0
-66.0
-68.0
-45.0
-52.0
-56.0
-42.0
-23.0
-18.0
13.0
1.0
15.0
13.0
60.0
34.0
27.0
78.0
20.0
6.0
-7.0
31.0
38.0
28.0
17.0
5.0
-4.0
6.0
-34.0
-85.0
-81.0
-98.0
-72.0
-78.0
-67.0
-56.0
25.0
45.0
40.0
9.0
27.0
18.0
41.0
44.0
43.0
57.0
26.0
11.0
-21.0
-11.0
-1.0
24.0
-29.0
-26.0
-69.0
-103.0
-90.0
-74.0
-10.0
-16.0
17.0
24.0
30.0
30.0
-1.0
26.0
30.0
21.0
23.0
58.0
40.0
65.0
14.0
21.0
14.0
-40.0
-42.0
-92.0
-82.0
-56.0
-26.0
-17.0
-21.0
-12.0
23.0
38.0
32.0
13.0
-29.0
-2.0
9.0
-4.0
-10.0
-9.0
37.0
-7.0
1.0
3.0
11.0
-12.0
-37.0
-50.0
-104.0
-104.0
-41.0
-37.0
-10.0
-9.0
-41.0
-16.0
-45.0
-4.0
15.0
6.0
-5.0
-5.0
0.0
29.0
-13.0
1.0
-75.0
-86.0
-118.0
-111.0
-83.0
-50.0
-23.0
3.0
54.0
77.0
61.0
72.0
69.0
75.0
75.0
52.0
72.0
76.0
81.0
47.0
39.0
16.0
-7.0
-9.0
-16.0
-8.0
-6.0
-17.0
-22.0
-28.0
-26.0
-29.0
-30.0
-34.0
-31.0
-57.0
-71.0
-55.0
18.0
-6.0
22.0
26.0
-5.0
-3.0
-27.0
5.0
-17.0
-13.0
-52.0
-40.0
-54.0
-63.0
-48.0
-47.0
-39.0
1.0
-6.0
24.0
35.0
51.0
62.0
43.0
72.0
74.0
87.0
58.0
46.0
24.0
27.0
20.0
10.0
36.0
-71.0
-78.0
-1.0
-33.0
-65.0
-88.0
-96.0
-90.0
-65.0
-22.0
6.0
6.0
-6.0
-10.0
80.0
120.0
76.0
70.0
12.0
38.0
24.0
19.0
43.0
29.0
17.0
39.0
-2.0
-1.0
-28.0
-57.0
-80.0
-72.0
-75.0
-72.0
-85.0
-88.0
-65.0
-55.0
-34.0
32.0
50.0
47.0
39.0
55.0
68.0
48.0
26.0
-6.0
13.0
37.0
30.0
34.0
36.0
4.0
-53.0
-60.0
-39.0
-32.0
-22.0
-28.0
-14.0
-13.0
-27.0
-16.0
-15.0
5.0
5.0
36.0
16.0
-27.0
-43.0
-50.0
-44.0
-77.0
-57.0
-74.0
-43.0
-26.0
17.0
69.0
80.0
72.0
52.0
47.0
25.0
44.0
49.0
80.0
98.0
67.0
44.0
45.0
46.0
-2.0
-37.0
-49.0
-71.0
-52.0
-72.0
-77.0
-39.0
-35.0
-61.0
-52.0
-28.0
-2.0
-39.0
-36.0
-31.0
-26.0
-38.0
-47.0
-49.0
-56.0
-63.0
-77.0
-57.0
-90.0
-52.0
4.0
2.0
5.0
87.0
59.0
83.0
112.0
76.0
57.0
39.0
78.0
51.0
48.0
58.0
47.0
0.0
-10.0
-11.0
-11.0
22.0
-20.0
-62.0
-59.0
-38.0
-4.0
-23.0
-22.0
5.0
-10.0
16.0
-26.0
-28.0
-29.0
-14.0
-18.0
-45.0
-30.0
-14.0
-13.0
-44.0
-46.0
-48.0
-52.0
-64.0
-29.0
-5.0
-20.0
-16.0
-2.0
-5.0
1.0
22.0
17.0
7.0
40.0
24.0
48.0
38.0
12.0
11.0
-11.0
21.0
20.0
45.0
16.0
7.0
-2.0
29.0
6.0
0.0
-42.0
-41.0
-38.0
-12.0
-2.0
-15.0
-2.0
-5.0
3.0
23.0
12.0
-7.0
-4.0
-21.0
-11.0
-2.0
18.0
-6.0
-41.0
-31.0
-41.0
-25.0
-27.0
-40.0
-11.0
7.0
-2.0
-4.0
1.0
-10.0
6.0
9.0
-1.0
11.0
-3.0
-20.0
-24.0
-39.0
-42.0
-40.0
-4.0
17.0
18.0
30.0
33.0
20.0
11.0
22.0
17.0
-6.0
-10.0
15.0
31.0
4.0
-7.0
-16.0
8.0
-18.0
-7.0
-28.0
-48.0
-74.0
-78.0
0.0
-13.0
9.0
26.0
-4.0
15.0
10.0
-3.0
14.0
6.0
6.0
35.0
25.0
61.0
35.0
40.0
13.0
-2.0
-9.0
-12.0
0.0
-16.0
-23.0
12.0
-15.0
-3.0
-32.0
-1.0
-11.0
-5.0
-25.0
-74.0
-114.0
-129.0
-143.0
-127.0
-92.0
-39.0
-40.0
-37.0
-1.0
41.0
27.0
26.0
86.0
86.0
110.0
83.0
107.0
102.0
73.0
142.0
91.0
118.0
52.0
19.0
-13.0
-6.0
-25.0
-21.0
0.0
18.0
-9.0
-45.0
-28.0
-38.0
-40.0
-24.0
-17.0
-5.0
-18.0
-21.0
-35.0
-35.0
-48.0
-18.0
-15.0
-17.0
-13.0
-14.0
-15.0
-18.0
3.0
10.0
13.0
-33.0
-6.0
-23.0
-13.0
-8.0
-39.0
-9.0
-7.0
16.0
-45.0
-16.0
-10.0
-18.0
-18.0
-25.0
-30.0
13.0
-25.0
-3.0
-9.0
-87.0
-58.0
-74.0
-97.0
-95.0
-46.0
-29.0
-14.0
6.0
30.0
47.0
48.0
66.0
61.0
62.0
33.0
39.0
13.0
20.0
75.0
64.0
29.0
-20.0
-41.0
-44.0
-62.0
-49.0
-49.0
-4.0
-24.0
-37.0
12.0
3.0
15.0
19.0
59.0
19.0
28.0
69.0
33.0
4.0
8.0
37.0
33.0
29.0
12.0
28.0
19.0
25.0
-27.0
-49.0
-54.0
-66.0
-55.0
-61.0
-70.0
-65.0
-55.0
-55.0
-51.0
-46.0
-6.0
-1.0
-17.0
-25.0
-32.0
19.0
-18.0
-15.0
12.0
25.0
41.0
8.0
7.0
6.0
3.0
-14.0
-10.0
36.0
15.0
40.0
3.0
13.0
-3.0
-9.0
-35.0
-39.0
-24.0
-75.0
-48.0
-24.0
-48.0
-25.0
14.0
14.0
5.0
7.0
-16.0
22.0
-46.0
-15.0
-5.0
-20.0
-1.0
5.0
17.0
38.0
33.0
25.0
1.0
18.0
5.0
-29.0
-3.0
5.0
39.0
-13.0
-27.0
9.0
15.0
39.0
-15.0
-33.0
8.0
10.0
5.0
5.0
5.0
46.0
26.0
8.0
19.0
-6.0
-28.0
-29.0
-24.0
3.0
-15.0
-32.0
-31.0
-21.0
-44.0
-79.0
-102.0
-102.0
-50.0
-122.0
-124.0
-18.0
21.0
-7.0
14.0
32.0
13.0
8.0
30.0
4.0
38.0
51.0
61.0
51.0
58.0
51.0
35.0
32.0
27.0
41.0
-7.0
11.0
22.0
-27.0
-35.0
-7.0
-3.0
-8.0
-9.0
8.0
2.0
-30.0
-44.0
-79.0
-114.0
-117.0
-106.0
-98.0
-76.0
-46.0
-2.0
-17.0
38.0
41.0
52.0
72.0
62.0
60.0
90.0
87.0
92.0
55.0
34.0
41.0
39.0
36.0
38.0
40.0
22.0
15.0
-28.0
-14.0
-12.0
-28.0
23.0
8.0
-31.0
-27.0
-17.0
-44.0
-31.0
-60.0
-72.0
-90.0
-59.0
2.0
-8.0
-6.0
14.0
-23.0
-4.0
-2.0
4.0
25.0
2.0
39.0
31.0
34.0
-35.0
-116.0
-66.0
-50.0
-72.0
-42.0
-23.0
30.0
35.0
38.0
8.0
15.0
22.0
35.0
13.0
27.0
16.0
29.0
36.0
33.0
13.0
2.0
15.0
21.0
38.0
13.0
18.0
18.0
4.0
-2.0
-50.0
-94.0
-117.0
-117.0
-90.0
-118.0
-59.0
-36.0
-23.0
-20.0
43.0
63.0
79.0
87.0
71.0
82.0
24.0
-3.0
11.0
15.0
-12.0
47.0
5.0
1.0
11.0
13.0
34.0
4.0
7.0
9.0
17.0
24.0
-23.0
-38.0
-27.0
-5.0
-5.0
-11.0
-43.0
-38.0
-33.0
-41.0
-33.0
-45.0
-10.0
-34.0
-14.0
0.0
-19.0
-12.0
-29.0
-26.0
-61.0
-69.0
-84.0
-129.0
-146.0
-110.0
-86.0
-82.0
-35.0
-50.0
44.0
60.0
81.0
70.0
85.0
73.0
101.0
98.0
90.0
89.0
77.0
53.0
54.0
53.0
51.0
21.0
15.0
11.0
-6.0
-56.0
-80.0
-69.0
-104.0
-129.0
-119.0
-88.0
-51.0
-51.0
-8.0
26.0
42.0
48.0
83.0
70.0
43.0
53.0
54.0
63.0
52.0
41.0
7.0
-31.0
-20.0
-32.0
-15.0
-39.0
-39.0
-41.0
-60.0
-64.0
-13.0
-52.0
-54.0
-53.0
-30.0
-56.0
-12.0
-9.0
0.0
-7.0
-4.0
6.0
6.0
25.0
12.0
-9.0
-39.0
-37.0
-46.0
8.0
20.0
5.0
-21.0
45.0
-44.0
-61.0
-42.0
-35.0
-23.0
-37.0
-22.0
7.0
17.0
37.0
30.0
21.0
27.0
35.0
64.0
45.0
40.0
30.0
-4.0
-13.0
-9.0
10.0
8.0
7.0
-36.0
-24.0
12.0
7.0
5.0
12.0
8.0
23.0
-9.0
-18.0
2.0
-17.0
-14.0
-4.0
5.0
-11.0
5.0
-27.0
-6.0
-3.0
-15.0
-55.0
-86.0
-112.0
-146.0
-105.0
-65.0
3.0
-13.0
-15.0
35.0
57.0
63.0
90.0
86.0
107.0
63.0
23.0
41.0
42.0
54.0
39.0
16.0
30.0
8.0
-13.0
-24.0
-5.0
2.0
2.0
-27.0
37.0
24.0
8.0
11.0
31.0
-5.0
-29.0
-58.0
-56.0
-60.0
-104.0
-82.0
-75.0
8.0
1.0
3.0
5.0
-13.0
-4.0
7.0
40.0
-15.0
15.0
-2.0
-32.0
-77.0
-70.0
-84.0
-82.0
-100.0
-106.0
-61.0
24.0
56.0
35.0
59.0
70.0
81.0
83.0
64.0
78.0
65.0
19.0
-9.0
-19.0
-37.0
-54.0
-69.0
-70.0
-72.0
-38.0
-15.0
50.0
-8.0
41.0
36.0
64.0
71.0
72.0
84.0
49.0
39.0
41.0
-23.0
33.0
6.0
11.0
-32.0
-36.0
-40.0
-39.0
-58.0
-35.0
-68.0
-86.0
-87.0
-110.0
-91.0
-88.0
-98.0
-42.0
-39.0
-8.0
53.0
60.0
44.0
35.0
55.0
46.0
26.0
18.0
38.0
22.0
33.0
27.0
16.0
18.0
1.0
10.0
13.0
45.0
14.0
14.0
26.0
4.0
4.0
-5.0
-22.0
-10.0
-1.0
-22.0
-50.0
-22.0
-33.0
-41.0
-40.0
-38.0
-25.0
-31.0
-33.0
-94.0
-99.0
-131.0
-118.0
-110.0
-32.0
10.0
-4.0
-3.0
27.0
58.0
75.0
68.0
82.0
81.0
56.0
67.0
57.0
58.0
70.0
9.0
-29.0
-25.0
-36.0
-58.0
-74.0
-84.0
-86.0
-81.0
-48.0
-10.0
20.0
32.0
48.0
44.0
47.0
34.0
52.0
52.0
92.0
61.0
49.0
63.0
-7.0
-34.0
-44.0
-66.0
-52.0
-53.0
-31.0
-56.0
-44.0
-67.0
6.0
49.0
13.0
29.0
43.0
39.0
41.0
7.0
13.0
51.0
59.0
41.0
11.0
-13.0
-27.0
-35.0
-40.0
-42.0
-34.0
-36.0
-48.0
-43.0
-35.0
-104.0
-143.0
-140.0
-125.0
-106.0
-98.0
-71.0
-17.0
-13.0
16.0
17.0
56.0
62.0
75.0
71.0
70.0
74.0
49.0
43.0
34.0
17.0
7.0
12.0
-36.0
-16.0
-9.0
0.0
2.0
-17.0
-1.0
1.0
27.0
22.0
5.0
-5.0
-7.0
-44.0
-100.0
-156.0
-98.0
-85.0
-31.0
-36.0
-39.0
9.0
54.0
32.0
55.0
76.0
94.0
96.0
94.0
93.0
72.0
81.0
51.0
59.0
61.0
23.0
33.0
1.0
-23.0
-30.0
-52.0
-83.0
-73.0
-48.0
-24.0
-62.0
12.0
-14.0
-46.0
-46.0
-61.0
-122.0
-101.0
-118.0
-107.0
-93.0
-39.0
-24.0
-31.0
-32.0
-12.0
22.0
44.0
70.0
91.0
120.0
106.0
87.0
87.0
88.0
65.0
74.0
50.0
18.0
40.0
2.0
24.0
2.0
4.0
6.0
0.0
-23.0
-22.0
-32.0
-57.0
-59.0
-11.0
-92.0
-134.0
-147.0
-87.0
-56.0
-14.0
36.0
-35.0
-114.0
-14.0
49.0
83.0
89.0
54.0
12.0
0.0
-19.0
-64.0
-57.0
-73.0
17.0
32.0
27.0
32.0
39.0
41.0
22.0
20.0
-13.0
59.0
41.0
85.0
83.0
45.0
6.0
-1.0
11.0
2.0
-16.0
-11.0
44.0
12.0
17.0
0.0
-11.0
-1.0
-17.0
-41.0
-44.0
-54.0
-13.0
-58.0
-68.0
11.0
-27.0
-24.0
-49.0
-32.0
-47.0
-24.0
-52.0
-27.0
-26.0
58.0
69.0
79.0
69.0
83.0
48.0
57.0
78.0
95.0
92.0
58.0
49.0
9.0
11.0
1.0
-6.0
-23.0
-58.0
-12.0
-19.0
-42.0
-37.0
-45.0
-40.0
-11.0
16.0
-9.0
10.0
3.0
1.0
-17.0
-13.0
10.0
-43.0
-82.0
-99.0
-104.0
-125.0
-105.0
-106.0
-96.0
-61.0
0.0
6.0
27.0
59.0
72.0
18.0
52.0
61.0
86.0
63.0
42.0
35.0
68.0
50.0
47.0
62.0
64.0
59.0
29.0
31.0
35.0
26.0
21.0
-25.0
8.0
-18.0
-33.0
-36.0
-61.0
-50.0
-67.0
-59.0
-54.0
-70.0
-43.0
-62.0
-44.0
-54.0
-79.0
-127.0
-127.0
-124.0
-98.0
-77.0
-63.0
-24.0
13.0
13.0
41.0
59.0
98.0
95.0
125.0
62.0
79.0
83.0
73.0
79.0
80.0
53.0
19.0
-1.0
-42.0
-73.0
-70.0
-68.0
-71.0
-71.0
-23.0
14.0
2.0
52.0
69.0
26.0
15.0
18.0
-5.0
-6.0
-24.0
9.0
10.0
9.0
10.0
10.0
-34.0
-13.0
-33.0
-32.0
-29.0
-38.0
-19.0
-38.0
-24.0
-38.0
-18.0
-3.0
-22.0
-30.0
-47.0
-6.0
4.0
-23.0
-28.0
-65.0
-60.0
-77.0
-110.0
-110.0
-86.0
-73.0
-30.0
6.0
-24.0
13.0
35.0
59.0
74.0
74.0
38.0
15.0
37.0
9.0
9.0
-39.0
-57.0
-62.0
-53.0
-58.0
6.0
53.0
20.0
41.0
64.0
17.0
-17.0
21.0
99.0
99.0
87.0
82.0
55.0
-8.0
-42.0
-27.0
25.0
14.0
-15.0
-4.0
-7.0
25.0
11.0
-23.0
-24.0
-47.0
-47.0
-36.0
-23.0
-21.0
-33.0
-5.0
-26.0
-31.0
-19.0
-46.0
-30.0
-30.0
-12.0
-8.0
-17.0
-37.0
-60.0
-68.0
-131.0
-125.0
-99.0
-85.0
-65.0
-78.0
44.0
49.0
58.0
34.0
89.0
85.0
34.0
105.0
151.0
163.0
120.0
135.0
89.0
86.0
34.0
16.0
18.0
-4.0
8.0
12.0
-25.0
-40.0
-22.0
-68.0
-48.0
-58.0
-62.0
-46.0
-37.0
-42.0
-45.0
-83.0
-48.0
-15.0
-7.0
-19.0
8.0
5.0
-13.0
-13.0
-23.0
-28.0
-6.0
-13.0
0.0
-11.0
-37.0
-40.0
-18.0
-29.0
-17.0
-15.0
-50.0
-69.0
-53.0
-83.0
-70.0
-41.0
-24.0
-16.0
-21.0
-4.0
38.0
30.0
84.0
56.0
57.0
67.0
43.0
42.0
-2.0
-3.0
-37.0
8.0
-12.0
20.0
26.0
45.0
33.0
29.0
47.0
57.0
-2.0
19.0
32.0
41.0
45.0
-17.0
-25.0
-25.0
-63.0
-75.0
-19.0
9.0
-18.0
41.0
-12.0
19.0
27.0
37.0
72.0
42.0
58.0
37.0
50.0
41.0
63.0
28.0
-10.0
-4.0
1.0
-25.0
-44.0
-58.0
-59.0
-38.0
-20.0
-52.0
-61.0
-55.0
9.0
12.0
-26.0
-27.0
-72.0
-49.0
-41.0
-118.0
-105.0
-109.0
-77.0
-113.0
-67.0
-30.0
-5.0
3.0
27.0
64.0
68.0
76.0
94.0
94.0
99.0
46.0
65.0
22.0
45.0
24.0
28.0
26.0
14.0
0.0
28.0
11.0
36.0
-3.0
2.0
-20.0
-15.0
-18.0
-33.0
2.0
-19.0
-4.0
-7.0
-24.0
-50.0
-96.0
-80.0
-88.0
-128.0
-155.0
-154.0
-129.0
-56.0
-4.0
24.0
66.0
98.0
97.0
90.0
82.0
103.0
86.0
54.0
61.0
68.0
44.0
31.0
26.0
78.0
6.0
-13.0
-36.0
-58.0
-38.0
-26.0
30.0
1.0
-10.0
8.0
-41.0
-39.0
-103.0
-132.0
-155.0
-129.0
-69.0
-37.0
-45.0
-9.0
10.0
12.0
54.0
87.0
83.0
86.0
96.0
71.0
77.0
77.0
42.0
21.0
-1.0
38.0
-34.0
-56.0
-53.0
-59.0
-58.0
-55.0
-48.0
-35.0
-13.0
-7.0
20.0
8.0
23.0
31.0
35.0
-2.0
10.0
-3.0
-5.0
-6.0
-4.0
-4.0
-77.0
-79.0
-76.0
-83.0
-100.0
-54.0
-49.0
11.0
-16.0
-15.0
32.0
49.0
46.0
54.0
72.0
80.0
22.0
43.0
81.0
26.0
5.0
-16.0
-18.0
-30.0
-52.0
-17.0
17.0
19.0
-3.0
8.0
25.0
24.0
30.0
26.0
29.0
24.0
26.0
36.0
10.0
-35.0
-20.0
-70.0
-71.0
-113.0
-121.0
-163.0
-156.0
-82.0
-78.0
-43.0
3.0
50.0
57.0
55.0
67.0
108.0
134.0
118.0
97.0
67.0
81.0
57.0
60.0
44.0
52.0
16.0
6.0
-5.0
-22.0
-4.0
-18.0
-70.0
-69.0
-109.0
-133.0
-130.0
-112.0
-115.0
-40.0
-107.0
-63.0
-2.0
-3.0
39.0
60.0
70.0
65.0
17.0
15.0
28.0
27.0
36.0
28.0
37.0
19.0
27.0
61.0
54.0
33.0
11.0
19.0
0.0
-1.0
-13.0
33.0
-34.0
-81.0
-38.0
-57.0
-47.0
-18.0
-14.0
-17.0
-15.0
-8.0
3.0
-13.0
9.0
13.0
8.0
-9.0
-25.0
-13.0
10.0
43.0
-47.0
-76.0
-100.0
-31.0
-66.0
-84.0
-48.0
-57.0
-53.0
-57.0
-35.0
7.0
57.0
64.0
93.0
99.0
81.0
67.0
45.0
46.0
39.0
47.0
48.0
41.0
47.0
28.0
-19.0
-15.0
-79.0
-69.0
-93.0
-99.0
-107.0
-75.0
-33.0
-1.0
14.0
13.0
21.0
15.0
79.0
104.0
71.0
55.0
51.0
58.0
27.0
28.0
38.0
-1.0
-11.0
-17.0
-9.0
-45.0
-15.0
-37.0
0.0
-5.0
-11.0
-22.0
-15.0
-63.0
-92.0
-79.0
-88.0
-84.0
-60.0
-60.0
-36.0
-72.0
-32.0
12.0
34.0
6.0
43.0
34.0
-30.0
-30.0
-58.0
-49.0
-47.0
-18.0
23.0
59.0
78.0
56.0
76.0
74.0
97.0
50.0
56.0
59.0
57.0
33.0
25.0
-26.0
-36.0
-42.0
-31.0
-59.0
-46.0
-10.0
-30.0
-46.0
-20.0
-7.0
-57.0
-56.0
-7.0
-22.0
-11.0
24.0
-2.0
-40.0
-25.0
4.0
9.0
24.0
-46.0
-19.0
5.0
6.0
-51.0
-53.0
-52.0
-94.0
-87.0
-95.0
-88.0
-42.0
-11.0
-2.0
6.0
41.0
63.0
55.0
49.0
42.0
13.0
18.0
53.0
88.0
86.0
52.0
14.0
-31.0
-63.0
-68.0
-84.0
-45.0
-51.0
75.0
52.0
31.0
11.0
-36.0
-23.0
-29.0
-59.0
-66.0
-39.0
-46.0
-35.0
44.0
-25.0
37.0
56.0
44.0
41.0
60.0
43.0
28.0
64.0
24.0
7.0
16.0
-19.0
-26.0
-17.0
-87.0
-104.0
-77.0
-57.0
-45.0
-51.0
-19.0
-3.0
-4.0
68.0
72.0
84.0
81.0
78.0
94.0
51.0
9.0
23.0
18.0
38.0
71.0
49.0
4.0
8.0
12.0
7.0
-19.0
-20.0
-31.0
6.0
-31.0
-48.0
-51.0
-90.0
-98.0
-94.0
-57.0
-53.0
-56.0
-50.0
-35.0
-43.0
-43.0
-36.0
11.0
4.0
13.0
-15.0
-22.0
1.0
38.0
24.0
11.0
6.0
-1.0
-14.0
37.0
20.0
23.0
15.0
17.0
-54.0
-30.0
-99.0
-105.0
-113.0
-97.0
-56.0
-52.0
-21.0
4.0
8.0
30.0
52.0
99.0
103.0
71.0
109.0
114.0
67.0
52.0
30.0
14.0
15.0
-16.0
-36.0
-59.0
-55.0
-59.0
-36.0
13.0
30.0
-2.0
-13.0
-18.0
1.0
2.0
-19.0
-18.0
20.0
13.0
-22.0
-94.0
-116.0
-127.0
-55.0
-54.0
-14.0
-21.0
-30.0
25.0
39.0
62.0
66.0
69.0
49.0
99.0
57.0
54.0
51.0
63.0
33.0
-13.0
-5.0
32.0
45.0
59.0
50.0
51.0
67.0
0.0
-71.0
-7.0
11.0
-14.0
-21.0
-26.0
-8.0
-2.0
-9.0
-56.0
-50.0
-72.0
-59.0
-61.0
-103.0
-87.0
-73.0
-70.0
-83.0
-77.0
-47.0
-55.0
-5.0
-32.0
-4.0
-19.0
-26.0
-29.0
11.0
69.0
39.0
13.0
-8.0
-28.0
-71.0
-52.0
-48.0
-38.0
0.0
-4.0
48.0
58.0
101.0
98.0
95.0
107.0
87.0
83.0
72.0
63.0
39.0
24.0
28.0
6.0
25.0
9.0
50.0
50.0
42.0
-10.0
-20.0
-35.0
-32.0
-48.0
-62.0
-78.0
-58.0
-46.0
-73.0
-79.0
-51.0
-46.0
-45.0
-18.0
-13.0
-32.0
-33.0
-31.0
-8.0
20.0
-9.0
-4.0
5.0
9.0
-12.0
-3.0
-9.0
0.0
44.0
-6.0
-20.0
-22.0
-31.0
5.0
28.0
-44.0
-37.0
-35.0
-49.0
-49.0
-102.0
-73.0
-55.0
-93.0
4.0
-6.0
45.0
41.0
37.0
71.0
66.0
46.0
90.0
78.0
109.0
46.0
86.0
87.0
54.0
22.0
4.0
21.0
-19.0
-51.0
-11.0
-29.0
-21.0
-21.0
-63.0
-73.0
-25.0
-46.0
-72.0
-23.0
-37.0
-50.0
-28.0
-33.0
-76.0
-74.0
-109.0
-105.0
-95.0
-51.0
-22.0
47.0
71.0
71.0
78.0
111.0
133.0
109.0
76.0
65.0
79.0
110.0
54.0
57.0
2.0
2.0
2.0
30.0
-30.0
-29.0
-36.0
-37.0
-76.0
-76.0
-96.0
-88.0
-30.0
-52.0
-42.0
-66.0
-26.0
2.0
3.0
7.0
58.0
41.0
15.0
23.0
10.0
9.0
11.0
1.0
-29.0
-31.0
-13.0
-26.0
-13.0
-16.0
-8.0
2.0
-12.0
9.0
-9.0
-1.0
-90.0
-137.0
-114.0
26.0
82.0
4.0
-36.0
11.0
48.0
44.0
81.0
70.0
65.0
74.0
57.0
60.0
79.0
80.0
38.0
40.0
-2.0
11.0
-33.0
-22.0
-45.0
-75.0
-123.0
-152.0
-148.0
-151.0
-146.0
-118.0
-114.0
-30.0
6.0
24.0
28.0
55.0
83.0
84.0
86.0
91.0
120.0
85.0
58.0
41.0
22.0
1.0
-4.0
-2.0
2.0
-25.0
-45.0
-39.0
-18.0
-23.0
-26.0
-26.0
2.0
7.0
42.0
0.0
-1.0
-22.0
-14.0
-29.0
-29.0
-59.0
-59.0
-59.0
-92.0
-98.0
-56.0
-94.0
-74.0
-42.0
-5.0
-1.0
25.0
28.0
29.0
39.0
-15.0
-33.0
-25.0
-20.0
-46.0
-13.0
3.0
9.0
49.0
43.0
59.0
73.0
41.0
91.0
60.0
63.0
76.0
76.0
29.0
26.0
52.0
66.0
31.0
6.0
-40.0
-24.0
-48.0
-55.0
-59.0
-80.0
-83.0
-77.0
-61.0
-41.0
-31.0
0.0
-21.0
-26.0
4.0
-19.0
14.0
4.0
-9.0
2.0
-20.0
-44.0
-34.0
-38.0
-36.0
-62.0
-32.0
-55.0
-58.0
-27.0
-15.0
-40.0
-52.0
-44.0
-46.0
-12.0
52.0
34.0
51.0
56.0
51.0
76.0
93.0
103.0
54.0
14.0
20.0
33.0
28.0
14.0
14.0
-11.0
-60.0
-64.0
-44.0
-101.0
-103.0
-77.0
-112.0
-26.0
-46.0
18.0
51.0
53.0
48.0
79.0
92.0
91.0
97.0
59.0
3.0
59.0
43.0
44.0
-9.0
79.0
-47.0
-41.0
-3.0
-40.0
-9.0
11.0
16.0
19.0
-8.0
-12.0
-16.0
-6.0
-40.0
-34.0
-54.0
-71.0
-77.0
-79.0
-62.0
-15.0
-13.0
-64.0
-63.0
-139.0
-110.0
-53.0
-37.0
-40.0
-15.0
27.0
16.0
22.0
20.0
3.0
-13.0
25.0
35.0
28.0
-8.0
-8.0
10.0
36.0
50.0
68.0
81.0
94.0
61.0
56.0
52.0
32.0
6.0
4.0
-24.0
21.0
-20.0
-13.0
-20.0
-33.0
-53.0
-61.0
-53.0
-18.0
-26.0
-24.0
-23.0
-16.0
-3.0
-2.0
16.0
19.0
21.0
4.0
7.0
41.0
5.0
26.0
-32.0
-28.0
-83.0
-81.0
-73.0
-47.0
-52.0
-137.0
-33.0
38.0
47.0
37.0
81.0
49.0
25.0
47.0
77.0
40.0
15.0
78.0
76.0
68.0
17.0
-32.0
-40.0
-62.0
44.0
17.0
-50.0
-114.0
-108.0
-95.0
-130.0
-180.0
-108.0
-9.0
-28.0
34.0
36.0
119.0
117.0
114.0
109.0
87.0
99.0
76.0
95.0
96.0
52.0
-21.0
0.0
5.0
21.0
-4.0
31.0
-34.0
-16.0
-59.0
-46.0
-33.0
-15.0
-14.0
-43.0
-40.0
-38.0
-55.0
-25.0
-48.0
-48.0
-62.0
-42.0
-39.0
-95.0
-48.0
16.0
-26.0
-78.0
-38.0
-41.0
-95.0
-64.0
-66.0
-70.0
-105.0
-78.0
-18.0
36.0
70.0
63.0
88.0
112.0
108.0
61.0
95.0
49.0
40.0
39.0
65.0
44.0
7.0
-2.0
-2.0
0.0
18.0
-17.0
9.0
0.0
-13.0
-39.0
-5.0
-31.0
-34.0
-5.0
-40.0
-16.0
-3.0
-26.0
-7.0
-67.0
-40.0
-85.0
-82.0
1.0
-3.0
5.0
-12.0
-3.0
-35.0
-30.0
8.0
3.0
11.0
-12.0
-15.0
-29.0
-4.0
-2.0
-28.0
-46.0
-83.0
-109.0
-100.0
-73.0
-90.0
-76.0
-38.0
-19.0
21.0
44.0
54.0
59.0
62.0
71.0
103.0
104.0
98.0
103.0
109.0
89.0
83.0
42.0
44.0
19.0
32.0
24.0
24.0
-15.0
-16.0
-86.0
-18.0
-32.0
-25.0
40.0
-7.0
-52.0
-58.0
-135.0
-124.0
-138.0
-118.0
-88.0
-83.0
-61.0
-30.0
-13.0
44.0
45.0
111.0
82.0
137.0
124.0
121.0
129.0
92.0
92.0
73.0
46.0
15.0
-8.0
-27.0
-14.0
-11.0
-33.0
-44.0
-19.0
5.0
-42.0
-46.0
-52.0
-61.0
-122.0
-119.0
-89.0
-88.0
-49.0
-53.0
-42.0
-52.0
-27.0
-18.0
-66.0
-63.0
-16.0
-4.0
3.0
27.0
25.0
31.0
20.0
32.0
11.0
7.0
-6.0
-6.0
10.0
3.0
-17.0
11.0
13.0
-2.0
-98.0
-94.0
-95.0
-52.0
-58.0
-50.0
0.0
20.0
9.0
15.0
33.0
26.0
53.0
89.0
75.0
46.0
24.0
38.0
33.0
2.0
-3.0
-5.0
-29.0
-56.0
-66.0
19.0
33.0
13.0
4.0
-20.0
86.0
87.0
63.0
50.0
60.0
64.0
38.0
37.0
35.0
5.0
-54.0
-63.0
-96.0
-96.0
-113.0
-105.0
-88.0
-52.0
-36.0
19.0
-24.0
-21.0
-12.0
35.0
65.0
51.0
48.0
67.0
20.0
58.0
31.0
24.0
3.0
-55.0
-26.0
-38.0
-52.0
-8.0
-33.0
-20.0
13.0
13.0
-19.0
13.0
-13.0
-18.0
-8.0
-39.0
-17.0
-17.0
-44.0
-44.0
-54.0
-48.0
-50.0
-92.0
-70.0
-107.0
-48.0
-33.0
-23.0
-21.0
-36.0
-12.0
19.0
22.0
28.0
21.0
0.0
29.0
74.0
82.0
45.0
48.0
43.0
-6.0
-12.0
-2.0
13.0
-9.0
-20.0
-19.0
-11.0
-1.0
-19.0
0.0
-18.0
9.0
-16.0
-1.0
-27.0
-27.0
-24.0
-75.0
-55.0
-101.0
-122.0
-122.0
-106.0
-103.0
-55.0
-63.0
10.0
-26.0
-3.0
82.0
84.0
122.0
121.0
114.0
120.0
122.0
108.0
118.0
110.0
110.0
57.0
59.0
42.0
19.0
42.0
38.0
-26.0
-19.0
-2.0
-59.0
-97.0
-102.0
-86.0
-75.0
-15.0
-19.0
36.0
21.0
-43.0
-74.0
-52.0
-36.0
-9.0
-50.0
-42.0
-44.0
-46.0
-12.0
-31.0
-15.0
12.0
24.0
33.0
-25.0
3.0
6.0
-46.0
-53.0
-46.0
-9.0
-58.0
53.0
-38.0
-51.0
-39.0
-39.0
-37.0
-77.0
-73.0
-40.0
-77.0
-65.0
0.0
26.0
47.0
40.0
35.0
59.0
83.0
90.0
34.0
39.0
75.0
122.0
61.0
62.0
36.0
25.0
56.0
36.0
5.0
-11.0
-34.0
-49.0
-80.0
-84.0
-80.0
-60.0
-43.0
-4.0
15.0
-19.0
6.0
38.0
39.0
43.0
41.0
26.0
36.0
62.0
3.0
7.0
18.0
18.0
3.0
-4.0
1.0
20.0
-13.0
-34.0
-52.0
-49.0
-64.0
-70.0
-17.0
-15.0
-8.0
-30.0
2.0
24.0
42.0
46.0
20.0
32.0
-16.0
-13.0
-15.0
14.0
-4.0
-15.0
-50.0
-41.0
-4.0
-29.0
6.0
10.0
-38.0
-11.0
-14.0
-26.0
-4.0
-74.0
-58.0
-14.0
13.0
16.0
15.0
20.0
-13.0
-41.0
22.0
30.0
3.0
-38.0
4.0
3.0
26.0
8.0
-15.0
-11.0
-31.0
-52.0
-77.0
-58.0
-104.0
-110.0
-157.0
-66.0
27.0
64.0
58.0
77.0
87.0
59.0
88.0
96.0
82.0
109.0
124.0
73.0
66.0
21.0
19.0
25.0
16.0
22.0
10.0
-58.0
-43.0
-55.0
-66.0
-74.0
-47.0
-45.0
-43.0
-44.0
-114.0
-17.0
5.0
-50.0
-29.0
-17.0
-11.0
-28.0
-35.0
-26.0
-26.0
3.0
15.0
-10.0
-47.0
-28.0
-3.0
-9.0
-38.0
-37.0
-29.0
17.0
13.0
-32.0
-62.0
-26.0
-9.0
28.0
-13.0
-20.0
-32.0
-4.0
25.0
-22.0
-23.0
-22.0
-77.0
-87.0
-88.0
-87.0
-77.0
22.0
76.0
77.0
81.0
99.0
111.0
121.0
63.0
55.0
76.0
66.0
72.0
38.0
86.0
90.0
28.0
32.0
-4.0
-6.0
-14.0
-12.0
-49.0
-60.0
-43.0
-57.0
-85.0
-105.0
-92.0
-84.0
-90.0
-65.0
-47.0
-89.0
-59.0
-21.0
-91.0
-98.0
-61.0
-61.0
-27.0
-9.0
-21.0
0.0
7.0
62.0
49.0
64.0
72.0
75.0
107.0
79.0
62.0
30.0
-2.0
22.0
27.0
37.0
6.0
4.0
-11.0
-44.0
-34.0
-30.0
-23.0
-32.0
-27.0
-23.0
-23.0
-35.0
-26.0
-20.0
-26.0
-32.0
-39.0
-20.0
-10.0
-50.0
-51.0
-41.0
-13.0
-15.0
11.0
4.0
35.0
22.0
39.0
41.0
6.0
0.0
3.0
6.0
6.0
-2.0
7.0
39.0
9.0
-4.0
-10.0
-14.0
10.0
-6.0
-16.0
1.0
-21.0
-14.0
-33.0
-18.0
-34.0
-22.0
-41.0
-18.0
-66.0
-85.0
-115.0
-125.0
-65.0
-60.0
16.0
13.0
-14.0
-35.0
28.0
147.0
148.0
145.0
123.0
117.0
94.0
101.0
104.0
72.0
92.0
91.0
37.0
13.0
39.0
17.0
11.0
4.0
-19.0
-46.0
-67.0
-42.0
-49.0
-44.0
-54.0
-85.0
-15.0
-20.0
-53.0
-83.0
-102.0
-9.0
-28.0
-37.0
-52.0
-22.0
-33.0
-32.0
-1.0
-15.0
-33.0
-31.0
-54.0
-30.0
-42.0
-54.0
-50.0
-44.0
-2.0
-3.0
27.0
35.0
27.0
37.0
48.0
22.0
50.0
50.0
65.0
33.0
9.0
32.0
-7.0
37.0
2.0
-20.0
-29.0
-36.0
28.0
44.0
1.0
-20.0
-2.0
-22.0
4.0
20.0
25.0
23.0
-13.0
20.0
-4.0
7.0
32.0
18.0
28.0
2.0
18.0
25.0
-5.0
-87.0
-40.0
-6.0
-2.0
-30.0
-85.0
-64.0
-56.0
-63.0
-66.0
-30.0
-79.0
-37.0
4.0
20.0
26.0
19.0
44.0
53.0
38.0
100.0
70.0
64.0
38.0
-42.0
-18.0
-54.0
-39.0
-33.0
-22.0
12.0
36.0
47.0
40.0
37.0
6.0
-29.0
-62.0
-58.0
-37.0
-31.0
-16.0
-3.0
-26.0
-6.0
27.0
39.0
58.0
54.0
30.0
-8.0
56.0
-24.0
-85.0
-94.0
-53.0
-18.0
-50.0
-67.0
-48.0
41.0
13.0
41.0
56.0
68.0
57.0
58.0
50.0
52.0
40.0
28.0
-4.0
-12.0
-21.0
-34.0
-38.0
-10.0
47.0
34.0
23.0
-32.0
-60.0
-76.0
-24.0
-27.0
47.0
14.0
-15.0
-12.0
1.0
37.0
30.0
-6.0
10.0
11.0
-10.0
-16.0
2.0
6.0
-20.0
-43.0
-55.0
-12.0
27.0
15.0
-52.0
-14.0
-51.0
-42.0
26.0
9.0
-30.0
-52.0
-28.0
-57.0
-33.0
-65.0
-84.0
-77.0
-79.0
-76.0
-44.0
-52.0
-42.0
12.0
-9.0
20.0
-5.0
-5.0
18.0
52.0
-74.0
-76.0
39.0
57.0
20.0
16.0
18.0
17.0
-6.0
-8.0
-30.0
-28.0
-35.0
5.0
5.0
3.0
12.0
15.0
32.0
71.0
45.0
58.0
2.0
5.0
6.0
17.0
22.0
21.0
31.0
18.0
13.0
3.0
8.0
-15.0
-25.0
-25.0
-27.0
-21.0
-73.0
-114.0
-38.0
-97.0
-45.0
5.0
10.0
9.0
24.0
25.0
20.0
82.0
59.0
69.0
77.0
78.0
74.0
27.0
35.0
39.0
10.0
11.0
-4.0
6.0
17.0
33.0
7.0
8.0
60.0
61.0
21.0
-41.0
-5.0
-18.0
-42.0
-21.0
-25.0
-15.0
10.0
-9.0
-23.0
-70.0
-156.0
-14.0
-2.0
2.0
14.0
11.0
-17.0
-25.0
-64.0
-44.0
-117.0
-137.0
-100.0
-88.0
-51.0
-45.0
-23.0
-23.0
26.0
77.0
94.0
77.0
84.0
76.0
104.0
125.0
87.0
77.0
46.0
19.0
12.0
18.0
-46.0
-26.0
-46.0
-103.0
-50.0
-46.0
-40.0
10.0
12.0
-48.0
-87.0
-126.0
-121.0
-126.0
-84.0
-79.0
-61.0
-26.0
17.0
39.0
-9.0
42.0
53.0
50.0
45.0
41.0
15.0
-6.0
13.0
-68.0
-37.0
-37.0
39.0
27.0
58.0
59.0
52.0
2.0
0.0
-55.0
-31.0
-55.0
-30.0
-20.0
-40.0
-29.0
-15.0
54.0
31.0
29.0
40.0
57.0
29.0
51.0
27.0
23.0
12.0
10.0
5.0
12.0
-14.0
-27.0
-52.0
-27.0
-47.0
-51.0
-52.0
11.0
-17.0
1.0
-3.0
-7.0
-41.0
-42.0
-16.0
-12.0
-29.0
22.0
-13.0
-36.0
-9.0
-5.0
-25.0
0.0
2.0
1.0
-24.0
-44.0
-36.0
-28.0
-16.0
-18.0
-20.0
13.0
-23.0
-29.0
-23.0
41.0
40.0
-2.0
-1.0
17.0
-25.0
-44.0
29.0
20.0
0.0
-13.0
-13.0
15.0
33.0
20.0
-16.0
-37.0
-6.0
4.0
23.0
-54.0
-52.0
-151.0
-134.0
-54.0
-50.0
-22.0
20.0
11.0
53.0
48.0
56.0
23.0
146.0
96.0
123.0
90.0
71.0
69.0
61.0
19.0
12.0
-2.0
-19.0
-13.0
-40.0
-58.0
-6.0
-10.0
31.0
26.0
38.0
-40.0
-47.0
43.0
75.0
49.0
65.0
64.0
31.0
31.0
48.0
-20.0
-101.0
-58.0
-70.0
-41.0
-56.0
-55.0
-105.0
-25.0
-40.0
-33.0
-2.0
-33.0
5.0
-17.0
4.0
-3.0
14.0
36.0
29.0
-21.0
-6.0
35.0
5.0
-7.0
-7.0
-8.0
-76.0
-32.0
-52.0
-77.0
-35.0
-19.0
-24.0
9.0
18.0
12.0
30.0
30.0
17.0
23.0
16.0
20.0
-4.0
4.0
-1.0
1.0
-26.0
20.0
-25.0
14.0
-12.0
1.0
-43.0
-72.0
-37.0
-37.0
-32.0
-54.0
-13.0
-2.0
42.0
19.0
14.0
32.0
75.0
74.0
74.0
80.0
49.0
21.0
-5.0
32.0
14.0
-10.0
-24.0
-33.0
-67.0
-54.0
-92.0
-70.0
-66.0
-57.0
-37.0
23.0
19.0
20.0
8.0
-8.0
29.0
0.0
-23.0
-52.0
-31.0
-11.0
6.0
11.0
-17.0
15.0
13.0
74.0
48.0
44.0
29.0
9.0
-45.0
-43.0
-26.0
-28.0
-65.0
-54.0
-16.0
3.0
19.0
-4.0
-12.0
-13.0
-28.0
-3.0
-20.0
-9.0
6.0
47.0
-33.0
-7.0
-11.0
-9.0
-58.0
-6.0
-15.0
-39.0
-4.0
9.0
36.0
13.0
6.0
17.0
36.0
16.0
18.0
3.0
20.0
30.0
-1.0
-25.0
-51.0
-52.0
-6.0
-14.0
-26.0
-39.0
-37.0
-50.0
-65.0
-55.0
-91.0
-89.0
-85.0
-65.0
-38.0
13.0
-3.0
-3.0
34.0
35.0
63.0
64.0
1.0
53.0
46.0
20.0
28.0
-36.0
30.0
22.0
38.0
38.0
-25.0
-4.0
-32.0
-63.0
-12.0
-13.0
4.0
-12.0
-33.0
-36.0
-6.0
-19.0
48.0
23.0
1.0
-1.0
9.0
1.0
2.0
-6.0
-11.0
-24.0
-38.0
-30.0
-18.0
11.0
-29.0
10.0
-17.0
-19.0
24.0
28.0
26.0
45.0
32.0
45.0
24.0
10.0
-15.0
-21.0
-43.0
-76.0
-32.0
-9.0
25.0
17.0
20.0
12.0
10.0
9.0
-1.0
12.0
37.0
21.0
42.0
47.0
36.0
3.0
6.0
-3.0
27.0
45.0
2.0
-25.0
-12.0
-40.0
-39.0
-107.0
-100.0
-102.0
-96.0
-110.0
-34.0
-85.0
-27.0
14.0
-10.0
16.0
40.0
32.0
33.0
45.0
20.0
13.0
8.0
6.0
-41.0
-1.0
-3.0
5.0
-27.0
-34.0
-36.0
-25.0
-36.0
1.0
-12.0
-35.0
4.0
13.0
-4.0
-46.0
3.0
-4.0
51.0
75.0
82.0
66.0
85.0
83.0
41.0
7.0
7.0
23.0
48.0
-19.0
-27.0
-44.0
-28.0
-22.0
-19.0
-12.0
20.0
-148.0
-145.0
-64.0
-44.0
37.0
25.0
20.0
16.0
9.0
27.0
26.0
11.0
13.0
-18.0
7.0
12.0
12.0
-34.0
-35.0
-36.0
-20.0
-14.0
3.0
8.0
37.0
31.0
37.0
57.0
28.0
-15.0
11.0
-36.0
-82.0
4.0
28.0
46.0
44.0
24.0
16.0
-1.0
31.0
16.0
16.0
-14.0
-68.0
-77.0
-72.0
-62.0
-44.0
-13.0
-17.0
10.0
-1.0
5.0
34.0
6.0
8.0
-9.0
117.0
-38.0
-227.0
-149.0
-32.0
74.0
71.0
5.0
-2.0
-27.0
-23.0
-40.0
-3.0
35.0
6.0
17.0
71.0
53.0
55.0
69.0
46.0
37.0
58.0
73.0
61.0
9.0
-31.0
-57.0
-65.0
-69.0
-59.0
-55.0
-46.0
-51.0
-38.0
-10.0
7.0
-16.0
-14.0
-11.0
-2.0
-11.0
-1.0
-16.0
-19.0
-11.0
-58.0
-44.0
-37.0
-30.0
-17.0
-11.0
-19.0
7.0
-4.0
-17.0
-83.0
-118.0
-114.0
-132.0
-111.0
-86.0
-40.0
-5.0
47.0
85.0
109.0
126.0
130.0
170.0
148.0
124.0
92.0
103.0
129.0
84.0
26.0
7.0
10.0
-10.0
-1.0
-31.0
-88.0
-83.0
-92.0
-99.0
-95.0
-31.0
-28.0
-51.0
-66.0
-53.0
-37.0
-35.0
-32.0
-51.0
-53.0
-26.0
-29.0
-40.0
-41.0
-58.0
-46.0
-60.0
-86.0
-87.0
-76.0
-46.0
-40.0
4.0
23.0
33.0
51.0
61.0
66.0
105.0
68.0
71.0
73.0
51.0
-72.0
8.0
45.0
85.0
32.0
35.0
5.0
-15.0
-16.0
1.0
28.0
36.0
9.0
-13.0
-68.0
-109.0
-59.0
-39.0
-50.0
-86.0
16.0
7.0
29.0
85.0
80.0
76.0
89.0
30.0
26.0
31.0
19.0
17.0
25.0
11.0
39.0
28.0
52.0
42.0
48.0
64.0
34.0
57.0
20.0
48.0
-16.0
8.0
-39.0
-34.0
-33.0
-46.0
-79.0
-140.0
-156.0
-105.0
-101.0
-62.0
-51.0
-1.0
16.0
-11.0
-25.0
61.0
39.0
8.0
30.0
35.0
4.0
-31.0
-28.0
-51.0
-42.0
-47.0
-36.0
-16.0
-2.0
-20.0
-24.0
25.0
26.0
26.0
6.0
23.0
31.0
-18.0
-4.0
-26.0
-25.0
-46.0
-43.0
-48.0
-46.0
-85.0
-103.0
-88.0
-31.0
-10.0
57.0
57.0
58.0
94.0
65.0
78.0
58.0
140.0
88.0
102.0
82.0
21.0
13.0
9.0
14.0
-1.0
-15.0
-27.0
-77.0
-89.0
-110.0
-70.0
-66.0
-105.0
-87.0
-19.0
-9.0
-22.0
-17.0
-44.0
-52.0
-35.0
-43.0
-44.0
-4.0
-18.0
-44.0
-84.0
-56.0
-69.0
-46.0
-4.0
0.0
33.0
-51.0
-12.0
12.0
70.0
88.0
52.0
26.0
64.0
57.0
27.0
78.0
82.0
37.0
52.0
16.0
29.0
-18.0
-20.0
-17.0
9.0
26.0
8.0
10.0
14.0
-22.0
8.0
-40.0
-47.0
-53.0
-54.0
-66.0
-51.0
-33.0
-59.0
-52.0
34.0
13.0
3.0
-6.0
-14.0
27.0
35.0
22.0
39.0
-13.0
2.0
-13.0
-15.0
-11.0
7.0
1.0
-78.0
-20.0
2.0
45.0
18.0
1.0
33.0
30.0
19.0
-9.0
-33.0
-39.0
-47.0
-39.0
-31.0
-22.0
-28.0
-28.0
-14.0
16.0
-57.0
-24.0
-34.0
-33.0
-5.0
-30.0
-46.0
-34.0
-18.0
-8.0
8.0
-14.0
-15.0
-7.0
37.0
3.0
-39.0
-34.0
20.0
45.0
-4.0
1.0
-118.0
-128.0
-144.0
-63.0
-8.0
2.0
50.0
49.0
94.0
81.0
114.0
147.0
151.0
165.0
136.0
131.0
113.0
81.0
65.0
50.0
52.0
36.0
49.0
44.0
20.0
13.0
-35.0
-39.0
-57.0
-108.0
-112.0
-146.0
-141.0
-133.0
-106.0
-98.0
-95.0
-30.0
-32.0
-9.0
9.0
47.0
79.0
52.0
28.0
27.0
53.0
-7.0
2.0
6.0
-61.0
-88.0
-95.0
-99.0
-96.0
-94.0
-65.0
-63.0
-21.0
4.0
20.0
5.0
41.0
98.0
62.0
63.0
102.0
66.0
50.0
38.0
-8.0
-45.0
-9.0
2.0
-37.0
-49.0
-81.0
-24.0
-42.0
-49.0
-26.0
-23.0
-55.0
-62.0
-24.0
-35.0
-15.0
-57.0
-30.0
-50.0
-43.0
11.0
19.0
-20.0
-40.0
-46.0
-11.0
-22.0
-13.0
-16.0
-9.0
-10.0
-40.0
-77.0
-10.0
-10.0
1.0
-55.0
-58.0
-75.0
-43.0
-11.0
6.0
16.0
59.0
59.0
17.0
-1.0
19.0
63.0
62.0
49.0
50.0
34.0
15.0
21.0
8.0
10.0
25.0
5.0
36.0
63.0
33.0
36.0
3.0
-1.0
3.0
4.0
33.0
18.0
19.0
23.0
-6.0
-34.0
-83.0
-96.0
-98.0
-68.0
-32.0
-38.0
28.0
29.0
40.0
28.0
67.0
62.0
94.0
50.0
38.0
-25.0
-29.0
-39.0
-21.0
68.0
70.0
76.0
50.0
46.0
121.0
50.0
33.0
24.0
4.0
50.0
-11.0
-17.0
-17.0
-22.0
-60.0
-20.0
-69.0
-27.0
-92.0
-91.0
-66.0
-55.0
-10.0
-15.0
-29.0
-52.0
-75.0
-65.0
-56.0
-101.0
-45.0
-35.0
-39.0
-14.0
-4.0
-61.0
-79.0
-1.0
52.0
47.0
14.0
15.0
58.0
18.0
-9.0
2.0
-3.0
-12.0
-12.0
-6.0
22.0
30.0
10.0
10.0
55.0
38.0
51.0
67.0
65.0
75.0
-106.0
-117.0
-54.0
25.0
21.0
21.0
-31.0
-73.0
-75.0
-98.0
-62.0
-48.0
-58.0
-21.0
39.0
41.0
32.0
87.0
92.0
69.0
44.0
45.0
92.0
81.0
34.0
31.0
2.0
7.0
-43.0
-42.0
-60.0
-73.0
-92.0
-25.0
-15.0
-50.0
-101.0
-96.0
-121.0
-118.0
-155.0
-164.0
-106.0
-101.0
-92.0
-42.0
53.0
73.0
124.0
108.0
111.0
114.0
91.0
89.0
123.0
122.0
127.0
68.0
93.0
68.0
38.0
38.0
40.0
-40.0
28.0
-116.0
-128.0
-103.0
-66.0
-63.0
-43.0
-36.0
-59.0
-121.0
-120.0
-164.0
-117.0
-87.0
-69.0
-124.0
-30.0
-39.0
-22.0
-9.0
45.0
102.0
110.0
89.0
73.0
48.0
14.0
8.0
51.0
44.0
17.0
13.0
-30.0
-34.0
-64.0
-103.0
-102.0
-105.0
-59.0
-85.0
-17.0
10.0
-22.0
36.0
72.0
92.0
90.0
91.0
107.0
88.0
70.0
96.0
58.0
17.0
19.0
-22.0
-44.0
-42.0
-55.0
-41.0
-76.0
-49.0
-63.0
-16.0
-4.0
-32.0
-55.0
-56.0
-42.0
-46.0
-28.0
-79.0
-73.0
-109.0
-93.0
-75.0
-39.0
-32.0
-15.0
33.0
27.0
58.0
17.0
85.0
66.0
102.0
100.0
97.0
43.0
38.0
6.0
-68.0
-34.0
13.0
1.0
-39.0
-26.0
-17.0
-42.0
-35.0
-40.0
-14.0
-31.0
-17.0
-23.0
-36.0
-83.0
-88.0
-85.0
-79.0
-44.0
-38.0
-9.0
1.0
28.0
46.0
54.0
57.0
112.0
111.0
88.0
49.0
-1.0
40.0
112.0
97.0
63.0
65.0
44.0
63.0
13.0
-20.0
-37.0
-9.0
2.0
-40.0
-60.0
-60.0
-44.0
-43.0
-40.0
-55.0
-74.0
-51.0
-58.0
-62.0
-107.0
-104.0
-63.0
3.0
-22.0
-52.0
-40.0
-75.0
-73.0
-37.0
-19.0
-21.0
35.0
24.0
20.0
92.0
88.0
51.0
67.0
76.0
64.0
65.0
68.0
52.0
28.0
-15.0
12.0
-71.0
-37.0
-8.0
-10.0
-18.0
13.0
-3.0
-47.0
-92.0
-126.0
-121.0
-149.0
-71.0
-49.0
-51.0
4.0
12.0
58.0
96.0
110.0
99.0
114.0
131.0
111.0
112.0
84.0
107.0
53.0
16.0
4.0
-6.0
-22.0
-19.0
-66.0
-72.0
-74.0
-66.0
-49.0
-70.0
-43.0
-53.0
-52.0
-37.0
-73.0
-68.0
-96.0
-36.0
-18.0
-33.0
-35.0
5.0
13.0
-28.0
-11.0
-13.0
-11.0
14.0
20.0
-17.0
-49.0
-18.0
-75.0
-61.0
-101.0
-110.0
-131.0
-120.0
-134.0
-56.0
17.0
50.0
91.0
113.0
131.0
127.0
124.0
95.0
131.0
135.0
72.0
65.0
77.0
56.0
53.0
50.0
21.0
24.0
17.0
15.0
-8.0
10.0
19.0
6.0
-19.0
-22.0
-7.0
-20.0
-33.0
-43.0
-7.0
-27.0
-31.0
-85.0
-95.0
-98.0
-93.0
-83.0
-79.0
-77.0
-101.0
-95.0
-75.0
-49.0
-12.0
-8.0
-12.0
-20.0
25.0
-20.0
17.0
71.0
45.0
88.0
87.0
83.0
91.0
87.0
52.0
39.0
-7.0
13.0
-20.0
-62.0
19.0
26.0
9.0
-1.0
57.0
47.0
37.0
40.0
89.0
94.0
46.0
39.0
4.0
-36.0
-20.0
-6.0
-8.0
-59.0
-69.0
-67.0
-75.0
-75.0
-42.0
-42.0
-69.0
-63.0
-23.0
-44.0
-9.0
-100.0
-44.0
-38.0
-48.0
25.0
1.0
9.0
15.0
-7.0
31.0
29.0
11.0
14.0
34.0
58.0
-14.0
-2.0
-64.0
-20.0
-33.0
-27.0
-23.0
-23.0
-1.0
16.0
-14.0
2.0
2.0
18.0
-18.0
-14.0
-41.0
-38.0
-55.0
-27.0
-17.0
-17.0
-31.0
34.0
11.0
4.0
28.0
28.0
0.0
-31.0
-38.0
20.0
13.0
19.0
10.0
-10.0
78.0
81.0
105.0
79.0
106.0
38.0
23.0
33.0
-3.0
-6.0
-112.0
-127.0
-257.0
-39.0
-7.0
-55.0
-68.0
13.0
34.0
9.0
64.0
57.0
34.0
57.0
40.0
4.0
27.0
8.0
7.0
44.0
24.0
32.0
7.0
-50.0
-26.0
-54.0
-105.0
-52.0
-9.0
-28.0
1.0
0.0
-15.0
-24.0
4.0
9.0
31.0
71.0
48.0
29.0
-12.0
-15.0
-36.0
-24.0
-27.0
-23.0
-32.0
9.0
-17.0
-37.0
-20.0
-21.0
-29.0
-51.0
-36.0
31.0
-15.0
52.0
36.0
6.0
29.0
32.0
-7.0
-50.0
-48.0
-60.0
-42.0
-36.0
13.0
-43.0
0.0
-6.0
59.0
44.0
42.0
18.0
15.0
61.0
-12.0
-43.0
-8.0
-1.0
31.0
14.0
-16.0
-57.0
-67.0
67.0
43.0
-25.0
-100.0
-103.0
-84.0
17.0
14.0
11.0
-53.0
-33.0
16.0
61.0
55.0
61.0
67.0
41.0
25.0
-2.0
21.0
42.0
13.0
15.0
55.0
59.0
32.0
9.0
57.0
75.0
57.0
38.0
17.0
-28.0
30.0
33.0
7.0
12.0
-22.0
-37.0
-73.0
-75.0
-76.0
-75.0
-100.0
-99.0
-109.0
-108.0
-139.0
-60.0
-65.0
-36.0
-4.0
3.0
3.0
6.0
21.0
56.0
60.0
67.0
40.0
36.0
28.0
77.0
22.0
25.0
-42.0
-11.0
-33.0
-66.0
-59.0
-21.0
-36.0
-4.0
41.0
39.0
22.0
44.0
24.0
27.0
26.0
25.0
3.0
-11.0
-13.0
-10.0
14.0
19.0
-9.0
9.0
18.0
13.0
1.0
0.0
-11.0
-15.0
-11.0
-48.0
-15.0
-53.0
-38.0
-20.0
-40.0
-60.0
-43.0
-49.0
-4.0
34.0
-62.0
-85.0
-106.0
-65.0
-44.0
-57.0
-67.0
-66.0
-59.0
-55.0
60.0
48.0
65.0
162.0
163.0
116.0
102.0
90.0
68.0
17.0
15.0
32.0
26.0
-76.0
-64.0
-75.0
-42.0
-29.0
-4.0
-2.0
-26.0
-23.0
-38.0
-28.0
-30.0
-4.0
-25.0
-23.0
-37.0
22.0
19.0
12.0
-49.0
-22.0
-19.0
19.0
7.0
1.0
7.0
38.0
39.0
-40.0
-67.0
-47.0
-19.0
-15.0
-17.0
-10.0
-34.0
-13.0
31.0
28.0
21.0
-17.0
3.0
19.0
36.0
43.0
40.0
12.0
2.0
36.0
4.0
-3.0
-6.0
-46.0
-37.0
-37.0
-23.0
-3.0
-2.0
-28.0
-25.0
-47.0
-26.0
-101.0
-73.0
-73.0
-105.0
-114.0
-70.0
-8.0
59.0
76.0
71.0
93.0
121.0
122.0
133.0
106.0
107.0
75.0
43.0
-28.0
-7.0
9.0
7.0
10.0
21.0
18.0
26.0
42.0
30.0
25.0
12.0
-18.0
-66.0
-65.0
-53.0
-99.0
-64.0
-40.0
-27.0
-75.0
-94.0
-64.0
-85.0
-81.0
-70.0
-65.0
-55.0
15.0
23.0
52.0
48.0
53.0
113.0
120.0
44.0
41.0
51.0
70.0
59.0
24.0
36.0
14.0
-18.0
-21.0
-33.0
-47.0
-57.0
-45.0
-55.0
-109.0
-21.0
-95.0
-30.0
-32.0
-51.0
-9.0
-35.0
-62.0
-58.0
-55.0
-28.0
-28.0
-40.0
-38.0
-32.0
-35.0
-40.0
-70.0
-74.0
-70.0
-59.0
-22.0
8.0
8.0
15.0
74.0
88.0
111.0
120.0
105.0
92.0
68.0
72.0
68.0
74.0
37.0
24.0
4.0
-69.0
-64.0
-61.0
-58.0
-38.0
-38.0
-19.0
-35.0
4.0
7.0
-35.0
-44.0
-77.0
-57.0
30.0
34.0
24.0
48.0
38.0
26.0
39.0
22.0
24.0
23.0
12.0
9.0
-24.0
-33.0
-26.0
28.0
-32.0
34.0
54.0
30.0
-22.0
-28.0
4.0
-2.0
3.0
-21.0
-37.0
-21.0
-31.0
-42.0
-17.0
-22.0
-98.0
-110.0
-57.0
-70.0
-68.0
-93.0
-52.0
-39.0
15.0
11.0
5.0
46.0
26.0
18.0
37.0
23.0
65.0
15.0
17.0
14.0
32.0
48.0
30.0
38.0
34.0
61.0
44.0
-1.0
17.0
13.0
19.0
22.0
0.0
-25.0
33.0
-16.0
-51.0
-65.0
-46.0
-41.0
14.0
29.0
-3.0
-21.0
-27.0
2.0
-22.0
-35.0
-33.0
-34.0
-1.0
-2.0
16.0
15.0
4.0
13.0
-12.0
-32.0
-17.0
-15.0
-10.0
-9.0
-31.0
-36.0
-30.0
-8.0
-17.0
-5.0
19.0
23.0
31.0
0.0
3.0
32.0
29.0
19.0
13.0
19.0
-21.0
-18.0
56.0
18.0
-52.0
-69.0
-42.0
26.0
-27.0
-28.0
-44.0
-40.0
0.0
14.0
-27.0
10.0
-63.0
-76.0
-67.0
-56.0
-28.0
-41.0
-17.0
-43.0
13.0
14.0
36.0
101.0
122.0
119.0
30.0
23.0
9.0
-8.0
64.0
93.0
44.0
16.0
10.0
1.0
-52.0
-55.0
-35.0
-42.0
-9.0
-23.0
-35.0
-22.0
-49.0
-84.0
-124.0
-120.0
-24.0
-57.0
-47.0
29.0
32.0
-12.0
12.0
-11.0
-23.0
-12.0
-111.0
-106.0
-116.0
-107.0
-37.0
-47.0
3.0
51.0
84.0
86.0
107.0
125.0
131.0
113.0
95.0
91.0
76.0
50.0
36.0
37.0
47.0
38.0
27.0
54.0
-26.0
-19.0
-47.0
-97.0
-92.0
-92.0
-103.0
-86.0
-118.0
-99.0
-65.0
-16.0
53.0
87.0
61.0
66.0
87.0
33.0
41.0
103.0
-57.0
-74.0
1.0
-48.0
81.0
77.0
50.0
18.0
-18.0
-10.0
4.0
-74.0
-79.0
-79.0
-61.0
-60.0
-25.0
-31.0
-44.0
-66.0
-85.0
-47.0
-27.0
-66.0
-11.0
-12.0
-17.0
7.0
14.0
2.0
28.0
50.0
6.0
-28.0
-35.0
-36.0
-3.0
63.0
21.0
43.0
26.0
22.0
46.0
40.0
26.0
29.0
21.0
-4.0
19.0
-47.0
-16.0
-71.0
-55.0
-64.0
-72.0
-76.0
-10.0
30.0
48.0
48.0
47.0
61.0
19.0
-8.0
-25.0
-29.0
-22.0
-23.0
-25.0
-52.0
9.0
27.0
64.0
45.0
19.0
20.0
-19.0
-123.0
-172.0
-104.0
-49.0
-12.0
84.0
67.0
34.0
24.0
45.0
-1.0
10.0
-23.0
0.0
17.0
44.0
36.0
59.0
63.0
37.0
14.0
-20.0
-47.0
-75.0
-38.0
-14.0
57.0
52.0
55.0
34.0
30.0
19.0
11.0
11.0
34.0
9.0
3.0
-2.0
-6.0
42.0
26.0
27.0
7.0
-16.0
-21.0
-10.0
-44.0
-85.0
-87.0
-119.0
-100.0
-100.0
-95.0
-103.0
-46.0
-16.0
11.0
35.0
27.0
63.0
74.0
82.0
45.0
45.0
39.0
37.0
25.0
-14.0
-13.0
-34.0
-24.0
-31.0
-8.0
-16.0
23.0
28.0
29.0
29.0
28.0
2.0
-11.0
-9.0
-53.0
-107.0
-136.0
-139.0
-135.0
-40.0
-36.0
-68.0
-31.0
78.0
163.0
140.0
144.0
94.0
82.0
91.0
90.0
109.0
75.0
15.0
-34.0
-32.0
-107.0
-119.0
-114.0
-99.0
-92.0
-71.0
-77.0
-32.0
2.0
52.0
73.0
108.0
62.0
57.0
56.0
43.0
33.0
20.0
-13.0
-55.0
-59.0
-39.0
-15.0
-67.0
-80.0
-81.0
-61.0
-39.0
-50.0
-71.0
-54.0
-32.0
-24.0
-9.0
-13.0
-30.0
-48.0
-17.0
0.0
7.0
-3.0
-6.0
-13.0
-35.0
-30.0
-49.0
-43.0
-94.0
-47.0
-38.0
-9.0
-4.0
-29.0
-38.0
-38.0
-40.0
-16.0
-35.0
-55.0
-50.0
-27.0
-16.0
14.0
23.0
19.0
-58.0
-135.0
-92.0
-32.0
-17.0
51.0
85.0
127.0
144.0
145.0
149.0
164.0
158.0
114.0
85.0
40.0
51.0
48.0
31.0
34.0
30.0
43.0
79.0
53.0
52.0
41.0
47.0
60.0
27.0
31.0
0.0
-35.0
-40.0
-11.0
-27.0
-72.0
-103.0
-42.0
-57.0
-58.0
-66.0
-135.0
-164.0
-94.0
-114.0
-79.0
-69.0
-56.0
-24.0
-28.0
15.0
40.0
91.0
92.0
74.0
37.0
14.0
79.0
67.0
60.0
100.0
75.0
62.0
50.0
45.0
10.0
-3.0
-36.0
-48.0
-45.0
-61.0
0.0
-46.0
-42.0
-68.0
-82.0
-69.0
-26.0
11.0
5.0
-6.0
-57.0
-72.0
-100.0
-118.0
-130.0
-104.0
-94.0
-14.0
-16.0
4.0
41.0
47.0
57.0
87.0
67.0
112.0
113.0
85.0
80.0
80.0
7.0
33.0
-31.0
-38.0
-28.0
2.0
-15.0
39.0
36.0
22.0
-143.0
-159.0
-88.0
6.0
51.0
65.0
25.0
26.0
31.0
22.0
-30.0
-17.0
-18.0
-72.0
-61.0
-94.0
-108.0
-120.0
-123.0
-101.0
-91.0
-65.0
-56.0
-52.0
-13.0
14.0
48.0
60.0
63.0
65.0
94.0
88.0
72.0
77.0
51.0
99.0
71.0
56.0
59.0
83.0
72.0
74.0
24.0
26.0
5.0
-55.0
-67.0
-61.0
-67.0
-88.0
-40.0
-29.0
-56.0
-47.0
-36.0
-66.0
-41.0
-45.0
-38.0
-79.0
-23.0
-24.0
-32.0
-32.0
3.0
-31.0
-10.0
-5.0
-19.0
-40.0
-76.0
-61.0
-98.0
-87.0
-29.0
24.0
93.0
89.0
98.0
111.0
64.0
74.0
99.0
72.0
66.0
31.0
10.0
46.0
41.0
47.0
20.0
76.0
13.0
7.0
-4.0
-105.0
-69.0
-53.0
-55.0
-48.0
-35.0
3.0
27.0
15.0
80.0
57.0
15.0
6.0
2.0
-14.0
49.0
44.0
-25.0
-33.0
-25.0
12.0
-24.0
-24.0
-28.0
-30.0
-37.0
-72.0
-78.0
-103.0
-90.0
-10.0
34.0
45.0
53.0
36.0
41.0
1.0
-144.0
-99.0
-9.0
120.0
63.0
-48.0
-51.0
-7.0
-35.0
-21.0
-3.0
-20.0
-20.0
-17.0
-21.0
7.0
5.0
21.0
70.0
93.0
75.0
27.0
-12.0
21.0
47.0
18.0
18.0
20.0
28.0
26.0
4.0
6.0
-23.0
-90.0
-86.0
-65.0
-56.0
1.0
-6.0
27.0
55.0
41.0
26.0
33.0
41.0
8.0
7.0
53.0
28.0
13.0
15.0
-64.0
-101.0
-84.0
-78.0
-73.0
-68.0
-103.0
-43.0
-82.0
-89.0
-21.0
49.0
33.0
98.0
40.0
33.0
13.0
-25.0
51.0
39.0
35.0
-23.0
-3.0
-73.0
-26.0
-27.0
-55.0
-82.0
-65.0
-76.0
-54.0
-23.0
-17.0
0.0
4.0
4.0
37.0
-6.0
11.0
-8.0
-40.0
-42.0
25.0
-15.0
-38.0
-43.0
-90.0
-33.0
-19.0
30.0
11.0
-6.0
78.0
92.0
135.0
137.0
87.0
133.0
113.0
108.0
43.0
13.0
-3.0
-22.0
-10.0
-5.0
-18.0
-31.0
-55.0
-50.0
-85.0
-134.0
-97.0
-70.0
-53.0
-56.0
-36.0
39.0
41.0
53.0
51.0
29.0
46.0
19.0
10.0
18.0
43.0
27.0
5.0
24.0
6.0
25.0
-2.0
-10.0
-26.0
-27.0
-53.0
-126.0
-102.0
-83.0
1.0
28.0
69.0
107.0
-34.0
-48.0
-116.0
-98.0
-39.0
-35.0
-79.0
-59.0
-107.0
-120.0
-61.0
-59.0
-52.0
-20.0
-4.0
32.0
72.0
91.0
156.0
139.0
124.0
128.0
110.0
80.0
92.0
66.0
23.0
-2.0
-29.0
-5.0
42.0
39.0
20.0
-13.0
-75.0
-117.0
-99.0
-80.0
-85.0
-83.0
-69.0
-62.0
-27.0
5.0
28.0
23.0
7.0
30.0
33.0
-1.0
31.0
26.0
3.0
-31.0
-35.0
-44.0
-93.0
-98.0
-9.0
64.0
68.0
70.0
52.0
63.0
99.0
85.0
73.0
32.0
9.0
-25.0
-33.0
-36.0
-30.0
-15.0
-38.0
-46.0
-47.0
-46.0
-39.0
-27.0
-90.0
-91.0
-72.0
-110.0
-65.0
-35.0
-45.0
-57.0
-45.0
-76.0
-46.0
-56.0
-46.0
-26.0
23.0
41.0
-27.0
-11.0
64.0
48.0
66.0
59.0
56.0
46.0
117.0
9.0
-35.0
-39.0
-48.0
-22.0
-77.0
-67.0
-35.0
-39.0
30.0
58.0
43.0
41.0
11.0
53.0
-9.0
-11.0
-3.0
36.0
17.0
8.0
51.0
46.0
56.0
18.0
18.0
19.0
3.0
7.0
-56.0
-55.0
-67.0
-91.0
-54.0
-86.0
-125.0
-129.0
-86.0
6.0
76.0
59.0
75.0
37.0
136.0
124.0
101.0
104.0
68.0
70.0
-2.0
-67.0
-124.0
-109.0
-64.0
-16.0
-7.0
-2.0
17.0
13.0
31.0
55.0
67.0
53.0
46.0
12.0
18.0
21.0
14.0
-2.0
22.0
-1.0
-31.0
-40.0
-31.0
-39.0
-38.0
-31.0
-82.0
8.0
-53.0
-82.0
-59.0
-63.0
-120.0
-93.0
-69.0
-66.0
-51.0
-54.0
-74.0
-67.0
-40.0
-44.0
-15.0
-32.0
-10.0
-8.0
-24.0
-95.0
-160.0
-132.0
-71.0
-67.0
-51.0
-59.0
-99.0
-99.0
-59.0
5.0
52.0
55.0
92.0
198.0
212.0
189.0
176.0
178.0
174.0
186.0
149.0
83.0
66.0
43.0
16.0
-6.0
14.0
4.0
-32.0
-30.0
-26.0
-17.0
-50.0
9.0
6.0
17.0
43.0
35.0
-36.0
-49.0
-29.0
-62.0
-85.0
-59.0
-87.0
-17.0
-17.0
-20.0
-62.0
-88.0
-53.0
-27.0
-23.0
-46.0
-23.0
-43.0
-80.0
-73.0
-63.0
-43.0
-58.0
-13.0
32.0
27.0
-19.0
16.0
27.0
28.0
52.0
61.0
50.0
87.0
29.0
42.0
47.0
43.0
27.0
34.0
-7.0
-70.0
-32.0
14.0
-34.0
-124.0
-122.0
-99.0
-67.0
-68.0
-69.0
-40.0
-13.0
34.0
87.0
110.0
114.0
151.0
81.0
76.0
55.0
103.0
95.0
66.0
62.0
57.0
26.0
-17.0
30.0
29.0
34.0
18.0
8.0
-46.0
-19.0
-20.0
-77.0
-102.0
-68.0
-66.0
-15.0
-77.0
-86.0
-128.0
-90.0
-114.0
-84.0
-63.0
-49.0
-46.0
-35.0
-8.0
33.0
79.0
123.0
63.0
-54.0
-83.0
72.0
74.0
158.0
92.0
63.0
-6.0
-45.0
-64.0
-5.0
-4.0
-13.0
-16.0
-78.0
-26.0
-29.0
7.0
25.0
15.0
25.0
18.0
4.0
5.0
-17.0
-14.0
-35.0
-24.0
-45.0
-38.0
-44.0
-24.0
12.0
17.0
90.0
74.0
5.0
30.0
10.0
12.0
-10.0
-42.0
4.0
3.0
-7.0
-2.0
-27.0
-78.0
-125.0
-68.0
-21.0
-10.0
16.0
18.0
9.0
-45.0
6.0
6.0
33.0
8.0
24.0
75.0
17.0
25.0
11.0
-21.0
-33.0
-26.0
-14.0
-9.0
-46.0
-13.0
-3.0
-10.0
-51.0
11.0
38.0
9.0
-2.0
13.0
22.0
-1.0
41.0
43.0
1.0
13.0
56.0
15.0
14.0
-6.0
-5.0
32.0
12.0
18.0
11.0
-37.0
-40.0
-77.0
-92.0
-79.0
-47.0
-28.0
-57.0
-53.0
-24.0
-67.0
-13.0
32.0
13.0
12.0
25.0
28.0
25.0
21.0
6.0
25.0
37.0
52.0
0.0
-11.0
67.0
55.0
93.0
86.0
71.0
14.0
8.0
-25.0
-6.0
-24.0
-22.0
-74.0
-115.0
-115.0
-95.0
-55.0
-74.0
-23.0
-36.0
19.0
2.0
8.0
57.0
51.0
53.0
40.0
0.0
4.0
13.0
0.0
33.0
39.0
5.0
5.0
-30.0
-6.0
-30.0
26.0
31.0
15.0
6.0
22.0
-21.0
-28.0
-105.0
-66.0
-26.0
20.0
-21.0
5.0
-36.0
18.0
6.0
8.0
12.0
-2.0
-28.0
-50.0
-67.0
-79.0
-52.0
-15.0
0.0
1.0
-24.0
72.0
108.0
114.0
33.0
-80.0
-22.0
16.0
48.0
56.0
72.0
51.0
0.0
-9.0
5.0
-9.0
23.0
-10.0
-34.0
-28.0
-51.0
-70.0
-74.0
-35.0
17.0
-32.0
-57.0
-8.0
-22.0
-32.0
-44.0
-52.0
-45.0
-27.0
-10.0
-24.0
-7.0
27.0
26.0
29.0
37.0
50.0
48.0
36.0
22.0
35.0
28.0
28.0
2.0
0.0
43.0
5.0
9.0
-28.0
-5.0
30.0
58.0
-44.0
-4.0
-2.0
-27.0
-31.0
-43.0
-6.0
12.0
-3.0
-39.0
-21.0
-47.0
-48.0
-11.0
0.0
-46.0
-39.0
-34.0
-16.0
-43.0
-18.0
4.0
12.0
-21.0
-65.0
-103.0
-101.0
-115.0
-111.0
-81.0
-57.0
-44.0
-38.0
18.0
86.0
138.0
143.0
244.0
163.0
149.0
117.0
58.0
51.0
34.0
45.0
40.0
37.0
20.0
-19.0
-22.0
-20.0
-98.0
-95.0
-72.0
-92.0
-66.0
-76.0
-92.0
-112.0
-177.0
-144.0
-68.0
-63.0
-88.0
-73.0
-35.0
29.0
66.0
119.0
112.0
86.0
72.0
78.0
55.0
41.0
57.0
31.0
11.0
18.0
-5.0
0.0
-18.0
-20.0
-39.0
-20.0
4.0
-13.0
-23.0
38.0
-12.0
-71.0
-103.0
-99.0
-38.0
-12.0
-34.0
-35.0
-59.0
-86.0
-116.0
-111.0
-71.0
-67.0
-15.0
-9.0
-17.0
-2.0
-6.0
34.0
46.0
45.0
21.0
24.0
-34.0
-41.0
-2.0
-1.0
-8.0
8.0
15.0
28.0
68.0
68.0
37.0
76.0
65.0
18.0
57.0
-4.0
16.0
-17.0
9.0
7.0
-10.0
-4.0
-33.0
-31.0
-30.0
-29.0
-31.0
-54.0
-32.0
-30.0
-27.0
-26.0
12.0
-3.0
11.0
42.0
-32.0
-3.0
-3.0
4.0
38.0
-25.0
-56.0
-69.0
-33.0
-56.0
-52.0
-19.0
-22.0
-15.0
-5.0
-44.0
-205.0
-170.0
67.0
261.0
228.0
147.0
234.0
226.0
189.0
42.0
2.0
-74.0
-105.0
-110.0
-49.0
28.0
78.0
87.0
70.0
92.0
50.0
62.0
29.0
73.0
31.0
30.0
24.0
22.0
47.0
63.0
-3.0
-27.0
-80.0
-143.0
-79.0
-70.0
-70.0
-75.0
-61.0
-87.0
-127.0
-124.0
-94.0
-116.0
-102.0
-87.0
-68.0
-66.0
-31.0
37.0
31.0
70.0
46.0
76.0
108.0
84.0
96.0
94.0
55.0
21.0
23.0
24.0
9.0
22.0
0.0
20.0
5.0
10.0
5.0
-38.0
-31.0
-18.0
-50.0
-22.0
-39.0
-98.0
-74.0
-79.0
-64.0
-103.0
-87.0
-71.0
10.0
34.0
29.0
18.0
35.0
32.0
48.0
60.0
82.0
51.0
-1.0
-9.0
10.0
-7.0
-58.0
-60.0
-106.0
-91.0
-109.0
-28.0
10.0
-11.0
-17.0
22.0
52.0
57.0
30.0
52.0
82.0
92.0
55.0
58.0
48.0
43.0
61.0
62.0
81.0
52.0
29.0
-6.0
-47.0
-99.0
-65.0
-37.0
-23.0
-9.0
0.0
11.0
34.0
-41.0
-15.0
75.0
66.0
76.0
-1.0
-12.0
-9.0
-26.0
-3.0
-45.0
-61.0
-8.0
-50.0
-16.0
-37.0
-38.0
-19.0
-29.0
-40.0
5.0
-20.0
-18.0
-28.0
-40.0
-40.0
-32.0
-48.0
-75.0
-15.0
9.0
1.0
-35.0
-32.0
-58.0
-128.0
-130.0
-77.0
-127.0
-57.0
-75.0
2.0
24.0
29.0
1.0
-5.0
-1.0
37.0
59.0
61.0
38.0
16.0
-22.0
-38.0
-58.0
-5.0
3.0
6.0
28.0
50.0
94.0
106.0
98.0
57.0
64.0
87.0
85.0
49.0
33.0
22.0
8.0
-54.0
37.0
-22.0
-9.0
-133.0
-132.0
-59.0
4.0
-62.0
-37.0
-39.0
-88.0
-151.0
-97.0
-88.0
-81.0
-92.0
-24.0
-10.0
-54.0
26.0
51.0
55.0
51.0
47.0
42.0
107.0
4.0
0.0
-49.0
29.0
111.0
101.0
38.0
-27.0
-28.0
-50.0
-39.0
-26.0
27.0
-19.0
-7.0
-40.0
-20.0
14.0
20.0
-4.0
19.0
31.0
55.0
39.0
19.0
-41.0
-35.0
-22.0
-16.0
14.0
-10.0
-53.0
11.0
-30.0
-28.0
-52.0
-34.0
-48.0
-54.0
-38.0
-62.0
-39.0
-28.0
-21.0
-1.0
-27.0
-11.0
12.0
17.0
1.0
41.0
17.0
-16.0
-22.0
-47.0
-35.0
-8.0
52.0
46.0
28.0
20.0
39.0
32.0
33.0
112.0
134.0
67.0
90.0
98.0
143.0
39.0
56.0
32.0
-34.0
-66.0
-38.0
-19.0
-39.0
-36.0
-29.0
1.0
30.0
7.0
-17.0
-59.0
-36.0
-49.0
-70.0
-69.0
-104.0
-86.0
-125.0
-55.0
-82.0
-97.0
-147.0
-47.0
22.0
30.0
21.0
-46.0
10.0
48.0
-6.0
-31.0
-16.0
-2.0
-32.0
-28.0
-2.0
45.0
80.0
61.0
56.0
104.0
138.0
119.0
160.0
154.0
152.0
86.0
-2.0
9.0
50.0
10.0
-26.0
-73.0
-74.0
-70.0
-55.0
28.0
11.0
-37.0
-3.0
-46.0
-41.0
-36.0
-39.0
-43.0
-29.0
-29.0
-64.0
-28.0
-73.0
-145.0
-120.0
-139.0
-70.0
-73.0
-83.0
-21.0
13.0
-1.0
-26.0
-64.0
-143.0
-108.0
19.0
17.0
124.0
267.0
204.0
120.0
141.0
73.0
1.0
-30.0
-93.0
-90.0
-25.0
9.0
16.0
15.0
-104.0
-139.0
-134.0
-121.0
-108.0
-101.0
-56.0
-87.0
63.0
109.0
-7.0
105.0
166.0
155.0
123.0
119.0
109.0
74.0
80.0
12.0
-21.0
-50.0
-42.0
-41.0
-7.0
-10.0
-32.0
-34.0
-16.0
16.0
-27.0
-15.0
11.0
14.0
16.0
14.0
-65.0
-35.0
-44.0
-48.0
-72.0
-78.0
-77.0
-53.0
-41.0
-38.0
-21.0
-16.0
46.0
70.0
61.0
16.0
-13.0
-45.0
-54.0
-52.0
4.0
5.0
-18.0
-10.0
-23.0
19.0
43.0
38.0
17.0
12.0
67.0
74.0
52.0
26.0
12.0
6.0
-56.0
-63.0
-70.0
-69.0
-13.0
-19.0
-69.0
-76.0
-57.0
-65.0
-46.0
-24.0
1.0
0.0
20.0
17.0
-1.0
-14.0
-57.0
4.0
6.0
9.0
-46.0
-40.0
-9.0
84.0
61.0
64.0
-2.0
14.0
-32.0
-47.0
39.0
36.0
-19.0
13.0
-45.0
-11.0
-13.0
18.0
28.0
36.0
22.0
18.0
-15.0
-18.0
1.0
-34.0
-37.0
23.0
11.0
56.0
70.0
74.0
11.0
-5.0
-14.0
-27.0
-56.0
-71.0
-47.0
-32.0
-10.0
-16.0
17.0
-9.0
27.0
73.0
38.0
44.0
28.0
30.0
33.0
33.0
37.0
47.0
34.0
33.0
35.0
-2.0
-23.0
-98.0
-52.0
-47.0
-64.0
-26.0
-61.0
-98.0
-136.0
-99.0
-92.0
-20.0
64.0
62.0
19.0
39.0
37.0
-10.0
-49.0
-37.0
-28.0
-3.0
-39.0
-38.0
-73.0
-46.0
-31.0
-25.0
-4.0
39.0
60.0
44.0
34.0
30.0
20.0
60.0
70.0
84.0
42.0
31.0
-25.0
-58.0
-15.0
-18.0
10.0
-23.0
24.0
-20.0
-20.0
-69.0
-78.0
-65.0
-3.0
-5.0
-12.0
-15.0
-37.0
43.0
82.0
118.0
100.0
66.0
64.0
61.0
27.0
3.0
24.0
40.0
-4.0
-24.0
7.0
-40.0
-91.0
-94.0
-38.0
14.0
27.0
-22.0
-9.0
22.0
-33.0
-24.0
-51.0
-54.0
-41.0
25.0
30.0
-3.0
4.0
-34.0
32.0
-64.0
-70.0
-70.0
-66.0
-41.0
-28.0
-50.0
-26.0
-36.0
-102.0
-59.0
-59.0
-59.0
-63.0
41.0
78.0
60.0
44.0
6.0
16.0
-15.0
23.0
21.0
79.0
48.0
55.0
16.0
41.0
39.0
61.0
79.0
78.0
79.0
11.0
38.0
71.0
70.0
-3.0
-42.0
-45.0
-83.0
-93.0
-102.0
-125.0
-43.0
-94.0
-52.0
-44.0
-77.0
-50.0
-51.0
-83.0
-83.0
-38.0
-19.0
-39.0
15.0
30.0
15.0
-27.0
54.0
56.0
53.0
68.0
100.0
88.0
77.0
41.0
42.0
1.0
-21.0
-43.0
-43.0
-17.0
-15.0
-30.0
-65.0
-86.0
-37.0
-47.0
-14.0
-6.0
-12.0
-29.0
18.0
12.0
-2.0
11.0
18.0
-2.0
8.0
6.0
5.0
-32.0
10.0
3.0
-18.0
-11.0
-18.0
-52.0
-12.0
9.0
6.0
-4.0
15.0
3.0
-27.0
-38.0
-91.0
-62.0
-54.0
-105.0
-104.0
-88.0
-83.0
-87.0
-48.0
43.0
61.0
100.0
90.0
118.0
127.0
172.0
213.0
201.0
145.0
85.0
85.0
52.0
19.0
-13.0
-21.0
-30.0
49.0
-48.0
-16.0
-19.0
-22.0
-39.0
-10.0
-80.0
-70.0
-69.0
-63.0
-43.0
-37.0
-27.0
-9.0
-17.0
-17.0
-56.0
-61.0
-99.0
-41.0
-121.0
-114.0
-75.0
-63.0
-69.0
-38.0
1.0
0.0
-7.0
50.0
61.0
82.0
56.0
105.0
59.0
40.0
94.0
95.0
121.0
105.0
45.0
25.0
23.0
-50.0
-47.0
-55.0
-75.0
-78.0
-20.0
-57.0
-62.0
-52.0
-46.0
-53.0
-48.0
-34.0
12.0
0.0
-60.0
0.0
3.0
-29.0
-13.0
40.0
59.0
-40.0
-63.0
-59.0
3.0
-11.0
-6.0
-4.0
-3.0
-8.0
-27.0
-34.0
-12.0
-10.0
-6.0
-52.0
-56.0
-23.0
-39.0
28.0
18.0
33.0
43.0
41.0
68.0
33.0
14.0
0.0
46.0
21.0
33.0
-14.0
44.0
46.0
-30.0
15.0
45.0
-15.0
34.0
25.0
-24.0
-4.0
5.0
3.0
-2.0
-25.0
-10.0
-17.0
-24.0
-52.0
-46.0
-118.0
-156.0
-158.0
41.0
124.0
50.0
1.0
-74.0
-113.0
-83.0
-45.0
-26.0
-22.0
-6.0
-28.0
0.0
-40.0
28.0
-21.0
43.0
67.0
71.0
74.0
110.0
125.0
97.0
73.0
100.0
32.0
8.0
16.0
-19.0
-13.0
20.0
-18.0
17.0
16.0
-26.0
-64.0
-82.0
-98.0
-94.0
-95.0
-104.0
-93.0
-96.0
-18.0
-21.0
-33.0
24.0
39.0
46.0
50.0
49.0
80.0
97.0
51.0
61.0
-2.0
-23.0
18.0
54.0
50.0
21.0
15.0
-19.0
-36.0
-17.0
-36.0
-22.0
-34.0
-21.0
-21.0
-9.0
9.0
29.0
76.0
56.0
7.0
-10.0
-2.0
20.0
17.0
31.0
4.0
-19.0
-33.0
-48.0
-49.0
-40.0
-56.0
-47.0
-40.0
-95.0
-112.0
-141.0
-50.0
-47.0
-45.0
18.0
-8.0
22.0
18.0
53.0
38.0
-4.0
-20.0
14.0
28.0
5.0
-20.0
-40.0
-42.0
-11.0
-23.0
14.0
57.0
-14.0
-65.0
-72.0
-75.0
-107.0
-108.0
-98.0
-106.0
-127.0
-55.0
-24.0
23.0
47.0
103.0
107.0
111.0
148.0
177.0
148.0
124.0
132.0
65.0
-8.0
-24.0
-50.0
-54.0
-53.0
-57.0
-25.0
-35.0
17.0
66.0
43.0
50.0
58.0
54.0
53.0
56.0
71.0
48.0
-22.0
-28.0
-10.0
-14.0
-49.0
-50.0
-7.0
-26.0
-38.0
-31.0
-67.0
-58.0
-129.0
-125.0
-196.0
-195.0
-175.0
-106.0
-123.0
-37.0
-22.0
110.0
52.0
24.0
114.0
114.0
140.0
133.0
109.0
121.0
86.0
57.0
18.0
9.0
-3.0
-3.0
43.0
-35.0
-35.0
-24.0
-52.0
-115.0
-4.0
-33.0
-74.0
-67.0
-104.0
-92.0
-15.0
17.0
7.0
-52.0
-105.0
-112.0
-111.0
-106.0
-66.0
-94.0
-48.0
-3.0
43.0
-2.0
66.0
49.0
58.0
59.0
40.0
57.0
13.0
-32.0
0.0
40.0
18.0
14.0
-37.0
-42.0
-120.0
-125.0
-18.0
49.0
35.0
3.0
11.0
-29.0
-11.0
-11.0
-21.0
15.0
28.0
17.0
48.0
69.0
51.0
127.0
38.0
37.0
-4.0
23.0
36.0
42.0
-13.0
-54.0
-25.0
-5.0
0.0
4.0
-16.0
-17.0
-18.0
-33.0
-9.0
-83.0
-109.0
-61.0
-93.0
-89.0
-47.0
-46.0
-6.0
53.0
83.0
44.0
81.0
80.0
54.0
50.0
22.0
71.0
49.0
-22.0
13.0
-25.0
-32.0
-43.0
-7.0
-2.0
-6.0
-15.0
20.0
-7.0
12.0
34.0
45.0
7.0
44.0
45.0
53.0
16.0
-46.0
-21.0
-42.0
-27.0
-5.0
-11.0
-53.0
-51.0
-70.0
-59.0
-82.0
-53.0
-87.0
-46.0
-63.0
-9.0
3.0
8.0
-29.0
41.0
24.0
48.0
41.0
25.0
-10.0
-5.0
-43.0
-42.0
-66.0
-28.0
-11.0
32.0
17.0
34.0
82.0
75.0
106.0
103.0
67.0
19.0
16.0
3.0
-2.0
-18.0
30.0
35.0
-46.0
-42.0
-72.0
-40.0
-1.0
-20.0
-70.0
-19.0
-113.0
-22.0
66.0
68.0
-7.0
-32.0
-150.0
-167.0
-242.0
-143.0
-19.0
-62.0
-38.0
-35.0
40.0
85.0
96.0
123.0
74.0
105.0
84.0
124.0
145.0
146.0
112.0
74.0
59.0
26.0
-44.0
-63.0
-48.0
-40.0
-87.0
-89.0
-62.0
-57.0
-67.0
-75.0
-40.0
-48.0
-59.0
-27.0
-28.0
-33.0
-35.0
8.0
16.0
32.0
48.0
-98.0
-75.0
8.0
11.0
14.0
27.0
55.0
-2.0
-65.0
-28.0
-57.0
2.0
-24.0
-16.0
-17.0
10.0
-18.0
2.0
-13.0
95.0
96.0
38.0
13.0
0.0
1.0
13.0
11.0
51.0
62.0
51.0
29.0
9.0
-29.0
-55.0
-57.0
-37.0
-16.0
-53.0
-88.0
-60.0
-74.0
-38.0
-55.0
-39.0
-36.0
20.0
18.0
22.0
47.0
15.0
-117.0
-58.0
-47.0
-43.0
-41.0
-47.0
-16.0
-11.0
-41.0
-24.0
-12.0
44.0
59.0
68.0
68.0
63.0
34.0
57.0
92.0
94.0
61.0
118.0
80.0
36.0
39.0
87.0
5.0
-38.0
-45.0
-52.0
-26.0
-38.0
-73.0
-40.0
-42.0
-40.0
-6.0
-3.0
-19.0
10.0
26.0
36.0
-23.0
-11.0
-9.0
-13.0
-10.0
-30.0
-52.0
-64.0
-68.0
-82.0
-40.0
-28.0
-26.0
-6.0
-6.0
43.0
31.0
24.0
-44.0
-33.0
-5.0
16.0
19.0
24.0
19.0
-2.0
-19.0
-73.0
-21.0
-13.0
14.0
-5.0
-7.0
-45.0
-184.0
-99.0
-4.0
-3.0
40.0
41.0
2.0
6.0
4.0
-61.0
3.0
0.0
24.0
7.0
7.0
2.0
-16.0
-15.0
-15.0
-52.0
-97.0
-82.0
20.0
-12.0
12.0
25.0
20.0
52.0
58.0
99.0
64.0
39.0
19.0
53.0
74.0
89.0
79.0
3.0
0.0
28.0
12.0
-5.0
-31.0
-30.0
15.0
26.0
20.0
-28.0
-30.0
6.0
-14.0
-28.0
-3.0
-26.0
-16.0
-56.0
3.0
31.0
26.0
8.0
4.0
12.0
14.0
21.0
15.0
-11.0
-21.0
-38.0
-37.0
-36.0
-43.0
-58.0
-53.0
-18.0
1.0
-4.0
15.0
-46.0
-53.0
-51.0
-17.0
-17.0
-7.0
0.0
12.0
31.0
34.0
93.0
87.0
46.0
0.0
-18.0
49.0
-40.0
-68.0
-41.0
12.0
4.0
4.0
-20.0
0.0
-54.0
22.0
-46.0
-70.0
-21.0
-74.0
-86.0
-89.0
-131.0
-126.0
-70.0
-21.0
-36.0
23.0
133.0
167.0
184.0
179.0
137.0
99.0
73.0
91.0
31.0
-6.0
-2.0
-5.0
-26.0
-31.0
-1.0
-52.0
-37.0
-46.0
-64.0
-67.0
-62.0
-4.0
13.0
15.0
-31.0
-17.0
-35.0
-11.0
-43.0
-33.0
-11.0
-24.0
0.0
-4.0
-28.0
-63.0
-72.0
-81.0
-56.0
-83.0
-16.0
-20.0
14.0
15.0
-45.0
8.0
0.0
62.0
102.0
116.0
85.0
77.0
26.0
25.0
28.0
72.0
112.0
20.0
-97.0
-132.0
-91.0
-38.0
-76.0
-70.0
-179.0
-147.0
-101.0
-48.0
-64.0
-48.0
53.0
76.0
133.0
128.0
126.0
116.0
161.0
194.0
170.0
92.0
58.0
93.0
58.0
55.0
31.0
-14.0
-6.0
-29.0
-70.0
-99.0
-104.0
-83.0
-61.0
-68.0
-57.0
-82.0
-24.0
-88.0
-140.0
-138.0
-98.0
-72.0
-74.0
-71.0
-31.0
3.0
-25.0
-25.0
-21.0
-22.0
15.0
-20.0
21.0
15.0
10.0
-12.0
-34.0
-7.0
-23.0
-17.0
19.0
48.0
60.0
62.0
88.0
33.0
44.0
52.0
48.0
78.0
60.0
36.0
16.0
18.0
6.0
-28.0
3.0
6.0
44.0
9.0
25.0
48.0
21.0
16.0
1.0
-25.0
-30.0
-36.0
-63.0
-56.0
-48.0
-24.0
-15.0
-15.0
-38.0
-16.0
19.0
-5.0
11.0
1.0
-18.0
-12.0
-26.0
-22.0
-21.0
-47.0
-48.0
-72.0
-78.0
-94.0
-98.0
-116.0
-100.0
-103.0
63.0
16.0
92.0
94.0
80.0
76.0
68.0
31.0
18.0
22.0
5.0
41.0
67.0
79.0
24.0
43.0
66.0
61.0
36.0
29.0
-71.0
-66.0
-21.0
-60.0
1.0
-46.0
-44.0
-4.0
-10.0
-15.0
-23.0
-5.0
20.0
31.0
23.0
2.0
61.0
8.0
-39.0
-29.0
-114.0
-97.0
-59.0
-6.0
-17.0
-37.0
-46.0
-20.0
27.0
28.0
89.0
74.0
20.0
-10.0
-3.0
-33.0
-50.0
-24.0
-42.0
-51.0
-5.0
-2.0
9.0
18.0
14.0
53.0
77.0
31.0
28.0
26.0
56.0
43.0
3.0
-40.0
-35.0
-59.0
-68.0
-33.0
-123.0
-128.0
-196.0
-178.0
19.0
93.0
160.0
121.0
136.0
55.0
-50.0
-48.0
-82.0
-54.0
3.0
-26.0
-40.0
-43.0
-42.0
-29.0
-17.0
-10.0
22.0
17.0
55.0
39.0
42.0
23.0
76.0
13.0
-1.0
-1.0
61.0
-12.0
-18.0
20.0
19.0
-3.0
-40.0
-46.0
-75.0
-78.0
-27.0
-29.0
-11.0
8.0
-4.0
9.0
-22.0
-48.0
-47.0
-43.0
-31.0
-22.0
-86.0
-113.0
-121.0
-82.0
-85.0
-91.0
-72.0
-77.0
6.0
88.0
87.0
134.0
108.0
122.0
36.0
45.0
117.0
119.0
159.0
106.0
63.0
9.0
-84.0
-44.0
10.0
-18.0
-10.0
-8.0
-14.0
-17.0
-36.0
-7.0
25.0
35.0
-50.0
44.0
51.0
52.0
65.0
33.0
32.0
24.0
6.0
-29.0
-37.0
-39.0
-41.0
-40.0
-47.0
-44.0
-73.0
-66.0
-53.0
-63.0
-24.0
-35.0
-64.0
-63.0
-34.0
-19.0
52.0
-52.0
-39.0
-56.0
14.0
0.0
9.0
11.0
-48.0
-1.0
-46.0
22.0
25.0
-77.0
20.0
-10.0
-69.0
-71.0
-106.0
-85.0
-112.0
-79.0
-76.0
-79.0
2.0
47.0
46.0
47.0
41.0
114.0
174.0
212.0
203.0
128.0
103.0
84.0
20.0
17.0
11.0
-7.0
-16.0
0.0
35.0
-13.0
-77.0
-71.0
-97.0
-99.0
-16.0
-41.0
-41.0
-46.0
-53.0
-10.0
-52.0
-44.0
-45.0
-52.0
-55.0
-66.0
-27.0
-27.0
5.0
8.0
-13.0
-27.0
-3.0
-9.0
55.0
7.0
-3.0
-2.0
0.0
-44.0
-47.0
-43.0
-124.0
-131.0
-78.0
-104.0
-146.0
-105.0
-90.0
68.0
103.0
106.0
138.0
135.0
138.0
117.0
129.0
132.0
128.0
87.0
54.0
1.0
7.0
6.0
-20.0
-2.0
-15.0
23.0
30.0
-51.0
-2.0
-19.0
13.0
15.0
54.0
31.0
30.0
26.0
67.0
35.0
0.0
-26.0
-64.0
-68.0
-40.0
-80.0
-54.0
-62.0
-84.0
-95.0
-62.0
-37.0
-11.0
-10.0
46.0
-26.0
-50.0
-41.0
-33.0
-36.0
-25.0
11.0
54.0
50.0
18.0
-5.0
-56.0
-32.0
-34.0
39.0
0.0
21.0
45.0
41.0
-6.0
-30.0
-58.0
-95.0
-26.0
-21.0
-20.0
-42.0
-7.0
-6.0
-14.0
-7.0
35.0
42.0
20.0
13.0
-29.0
-3.0
-27.0
-28.0
37.0
6.0
40.0
33.0
-21.0
-18.0
14.0
29.0
36.0
35.0
26.0
4.0
47.0
35.0
-11.0
20.0
0.0
-28.0
-87.0
-88.0
-83.0
-60.0
-22.0
-57.0
-49.0
-22.0
-13.0
14.0
44.0
45.0
57.0
22.0
-12.0
-44.0
-9.0
-56.0
-149.0
-27.0
83.0
90.0
122.0
48.0
-22.0
-107.0
-124.0
-75.0
-53.0
-60.0
-49.0
-50.0
-57.0
8.0
70.0
-12.0
42.0
36.0
76.0
20.0
-7.0
-3.0
125.0
128.0
52.0
8.0
35.0
20.0
0.0
-13.0
40.0
41.0
32.0
36.0
-28.0
-125.0
0.0
25.0
37.0
43.0
-11.0
-19.0
12.0
-13.0
-68.0
-112.0
-73.0
-6.0
4.0
-23.0
-72.0
-68.0
-105.0
-154.0
-41.0
6.0
-5.0
19.0
41.0
101.0
71.0
65.0
88.0
103.0
39.0
52.0
70.0
55.0
33.0
-12.0
-17.0
-24.0
-40.0
-51.0
-31.0
-15.0
-22.0
-34.0
1.0
-1.0
-2.0
0.0
50.0
20.0
42.0
7.0
-14.0
11.0
2.0
-9.0
-40.0
-43.0
-44.0
-30.0
-46.0
-35.0
-54.0
-23.0
-20.0
-8.0
-52.0
-59.0
-50.0
-65.0
-9.0
-92.0
-67.0
-12.0
-56.0
20.0
72.0
72.0
39.0
57.0
23.0
7.0
-1.0
-31.0
36.0
53.0
25.0
30.0
-11.0
-78.0
-75.0
-66.0
-44.0
-13.0
-12.0
47.0
33.0
39.0
70.0
100.0
84.0
73.0
39.0
22.0
27.0
12.0
-6.0
-5.0
18.0
65.0
35.0
-26.0
-126.0
-104.0
-69.0
-45.0
-22.0
-26.0
-9.0
-14.0
3.0
10.0
-2.0
-61.0
-16.0
42.0
8.0
7.0
-4.0
9.0
-14.0
-11.0
-11.0
-31.0
-35.0
-5.0
-32.0
-26.0
-26.0
11.0
26.0
60.0
-7.0
-43.0
-73.0
-66.0
-31.0
-30.0
-12.0
-38.0
13.0
0.0
40.0
34.0
56.0
66.0
53.0
48.0
1.0
36.0
10.0
-3.0
-23.0
49.0
24.0
20.0
31.0
39.0
41.0
44.0
32.0
-30.0
-18.0
-20.0
53.0
-20.0
-17.0
-22.0
-26.0
-59.0
-49.0
-13.0
-23.0
-88.0
-100.0
-126.0
-132.0
-128.0
-99.0
-79.0
6.0
47.0
46.0
53.0
61.0
46.0
-7.0
-3.0
18.0
-26.0
11.0
-9.0
26.0
-20.0
-58.0
46.0
36.0
30.0
41.0
73.0
99.0
85.0
23.0
4.0
-5.0
20.0
18.0
20.0
-23.0
-74.0
-49.0
-85.0
-106.0
-74.0
-51.0
-81.0
-67.0
-75.0
-7.0
-24.0
-48.0
-63.0
-4.0
63.0
46.0
47.0
19.0
23.0
-32.0
-43.0
-70.0
-60.0
-20.0
-32.0
19.0
-10.0
-32.0
-31.0
16.0
68.0
20.0
28.0
66.0
55.0
54.0
62.0
16.0
16.0
-35.0
-32.0
-41.0
-2.0
-13.0
-27.0
-40.0
-73.0
-8.0
-8.0
-2.0
-34.0
-56.0
-11.0
-4.0
-22.0
-15.0
1.0
-24.0
-21.0
-42.0
4.0
-11.0
17.0
24.0
-5.0
16.0
2.0
32.0
24.0
12.0
5.0
4.0
-11.0
-14.0
-31.0
1.0
-21.0
-18.0
-19.0
-12.0
-64.0
-38.0
1.0
-12.0
-24.0
-20.0
-6.0
48.0
50.0
9.0
-68.0
-144.0
-73.0
-63.0
-86.0
-56.0
3.0
27.0
25.0
28.0
73.0
74.0
120.0
120.0
113.0
77.0
104.0
129.0
125.0
44.0
116.0
50.0
59.0
52.0
-48.0
38.0
-14.0
22.0
20.0
-38.0
-74.0
-89.0
-84.0
-197.0
-88.0
-21.0
-58.0
-68.0
-63.0
-67.0
30.0
81.0
53.0
57.0
50.0
-9.0
-48.0
-29.0
-31.0
4.0
14.0
-10.0
-38.0
-80.0
-99.0
-55.0
-40.0
5.0
10.0
2.0
-16.0
36.0
-1.0
-11.0
45.0
-15.0
-4.0
0.0
3.0
66.0
66.0
46.0
45.0
27.0
3.0
11.0
16.0
20.0
22.0
30.0
2.0
0.0
-39.0
-83.0
-69.0
-104.0
-79.0
-51.0
-57.0
-45.0
-15.0
-1.0
4.0
34.0
-2.0
62.0
56.0
110.0
112.0
68.0
63.0
-6.0
-15.0
-70.0
-65.0
-104.0
-101.0
-113.0
-114.0
-59.0
-39.0
-18.0
-4.0
47.0
11.0
8.0
89.0
74.0
73.0
45.0
19.0
57.0
50.0
18.0
-12.0
2.0
-25.0
-44.0
-50.0
-43.0
-5.0
-21.0
-15.0
17.0
5.0
3.0
-44.0
-81.0
-78.0
-125.0
-111.0
-32.0
13.0
-22.0
7.0
1.0
27.0
4.0
3.0
-22.0
-36.0
-39.0
-117.0
-32.0
-22.0
-97.0
-177.0
34.0
35.0
93.0
57.0
128.0
204.0
137.0
93.0
49.0
63.0
6.0
7.0
5.0
-26.0
-32.0
-165.0
-87.0
-32.0
48.0
34.0
81.0
78.0
-19.0
-176.0
-127.0
-1.0
-16.0
28.0
45.0
4.0
33.0
38.0
45.0
15.0
30.0
68.0
67.0
76.0
78.0
62.0
55.0
60.0
51.0
30.0
41.0
-33.0
-79.0
-36.0
-29.0
-13.0
-29.0
-32.0
-64.0
-75.0
-51.0
-42.0
-32.0
0.0
-20.0
22.0
-7.0
-8.0
-16.0
-56.0
-47.0
-62.0
-115.0
-29.0
-59.0
-52.0
-52.0
-45.0
15.0
-2.0
1.0
1.0
-34.0
-64.0
-66.0
5.0
54.0
53.0
111.0
127.0
117.0
51.0
-17.0
-125.0
-167.0
-109.0
-72.0
-64.0
72.0
239.0
186.0
-9.0
-114.0
-129.0
-63.0
-16.0
127.0
126.0
132.0
-12.0
-107.0
-55.0
-41.0
-29.0
-75.0
-5.0
40.0
38.0
-72.0
-86.0
-44.0
36.0
61.0
138.0
-14.0
-110.0
-13.0
-15.0
18.0
152.0
98.0
-55.0
-37.0
62.0
122.0
-8.0
16.0
19.0
40.0
-3.0
-61.0
-89.0
-36.0
7.0
-55.0
4.0
-11.0
-20.0
-1.0
8.0
-11.0
-82.0
-85.0
-90.0
18.0
17.0
-10.0
-20.0
-25.0
-39.0
-76.0
-91.0
-50.0
-116.0
-9.0
-27.0
14.0
15.0
-15.0
3.0
90.0
-37.0
97.0
118.0
163.0
107.0
97.0
101.0
53.0
-1.0
21.0
43.0
69.0
16.0
22.0
-46.0
2.0
-4.0
-6.0
-54.0
-31.0
-47.0
-32.0
-17.0
-72.0
-82.0
-142.0
-138.0
-47.0
-2.0
-27.0
-24.0
-9.0
-27.0
-94.0
52.0
116.0
108.0
54.0
5.0
1.0
14.0
-20.0
14.0
17.0
-18.0
30.0
25.0
-29.0
-89.0
-41.0
-58.0
-52.0
-84.0
-27.0
-42.0
1.0
4.0
34.0
-2.0
65.0
62.0
69.0
61.0
34.0
63.0
26.0
26.0
74.0
115.0
49.0
-14.0
-32.0
-3.0
-35.0
4.0
68.0
64.0
-7.0
-27.0
-73.0
-92.0
-26.0
-47.0
-42.0
-61.0
-113.0
-118.0
-78.0
-3.0
31.0
-27.0
-19.0
-38.0
-36.0
9.0
-43.0
-44.0
-54.0
-2.0
-51.0
-77.0
4.0
-28.0
24.0
19.0
4.0
4.0
-14.0
48.0
26.0
-5.0
7.0
13.0
0.0
-46.0
-12.0
-5.0
-26.0
61.0
12.0
-48.0
-8.0
21.0
-15.0
-8.0
-14.0
-17.0
-72.0
-60.0
-22.0
-7.0
28.0
4.0
-19.0
19.0
0.0
4.0
28.0
0.0
-3.0
13.0
-61.0
-77.0
-26.0
89.0
5.0
2.0
5.0
30.0
9.0
55.0
83.0
-11.0
-122.0
-92.0
-18.0
-20.0
-74.0
-7.0
39.0
52.0
61.0
18.0
5.0
-29.0
-20.0
-18.0
-14.0
11.0
-14.0
2.0
49.0
5.0
50.0
25.0
18.0
23.0
23.0
4.0
24.0
16.0
24.0
20.0
38.0
-12.0
-31.0
-33.0
-10.0
-10.0
-9.0
-7.0
-5.0
-13.0
-26.0
-26.0
-5.0
-8.0
-17.0
-16.0
-5.0
-1.0
-33.0
-37.0
-13.0
-47.0
-54.0
-46.0
12.0
28.0
76.0
48.0
1.0
-17.0
-55.0
-95.0
-130.0
-130.0
-108.0
-98.0
-138.0
-55.0
-25.0
-16.0
67.0
59.0
90.0
90.0
36.0
-48.0
-20.0
122.0
176.0
173.0
145.0
56.0
52.0
53.0
3.0
73.0
46.0
-38.0
-63.0
15.0
3.0
83.0
18.0
17.0
-19.0
5.0
-8.0
-24.0
-2.0
-50.0
-49.0
-91.0
-89.0
-93.0
-47.0
-121.0
-38.0
19.0
-45.0
-10.0
-38.0
41.0
-6.0
-15.0
-44.0
-66.0
-91.0
-23.0
-57.0
-43.0
-11.0
-2.0
28.0
29.0
45.0
16.0
39.0
9.0
36.0
39.0
32.0
37.0
54.0
57.0
6.0
-27.0
-17.0
1.0
-13.0
-23.0
-15.0
4.0
22.0
13.0
1.0
9.0
-18.0
-40.0
-29.0
-25.0
3.0
1.0
-12.0
-20.0
-116.0
-50.0
-42.0
-78.0
-97.0
-66.0
-19.0
-28.0
-2.0
2.0
23.0
39.0
38.0
25.0
39.0
77.0
40.0
37.0
43.0
48.0
30.0
52.0
31.0
-2.0
-69.0
-35.0
-10.0
-14.0
22.0
26.0
-11.0
-18.0
-52.0
-28.0
-3.0
-58.0
-61.0
-9.0
47.0
42.0
39.0
-22.0
-37.0
37.0
18.0
74.0
57.0
74.0
5.0
6.0
-2.0
0.0
28.0
-19.0
-190.0
-168.0
2.0
55.0
142.0
143.0
157.0
39.0
-29.0
-39.0
-46.0
-24.0
-50.0
-35.0
-60.0
-57.0
-69.0
-46.0
-21.0
-18.0
-30.0
-25.0
-19.0
9.0
-32.0
-32.0
14.0
59.0
14.0
-11.0
-24.0
-39.0
28.0
33.0
-7.0
-7.0
10.0
-34.0
8.0
7.0
-35.0
-69.0
-42.0
-21.0
15.0
6.0
48.0
-31.0
-66.0
-55.0
-131.0
-76.0
-65.0
-125.0
-40.0
-33.0
96.0
161.0
164.0
123.0
-98.0
-134.0
2.0
145.0
184.0
188.0
82.0
-138.0
-150.0
2.0
51.0
83.0
81.0
33.0
30.0
32.0
30.0
51.0
-11.0
-38.0
-32.0
-43.0
10.0
-42.0
4.0
0.0
30.0
-24.0
-33.0
-31.0
-27.0
24.0
47.0
61.0
61.0
54.0
27.0
21.0
-9.0
-40.0
-35.0
-18.0
-15.0
-11.0
-5.0
-5.0
-9.0
-4.0
-28.0
-27.0
10.0
-35.0
-16.0
-15.0
-55.0
-53.0
-33.0
13.0
-31.0
-34.0
-40.0
-63.0
-45.0
-96.0
-104.0
-99.0
-81.0
-98.0
-66.0
-49.0
-14.0
12.0
13.0
49.0
49.0
45.0
68.0
82.0
81.0
86.0
37.0
1.0
37.0
17.0
-21.0
-28.0
-21.0
-6.0
-15.0
-6.0
-62.0
-6.0
62.0
54.0
28.0
30.0
39.0
30.0
24.0
49.0
68.0
1.0
-4.0
19.0
7.0
4.0
-121.0
-307.0
-182.0
5.0
153.0
50.0
91.0
47.0
43.0
39.0
44.0
1.0
-26.0
-14.0
-8.0
18.0
-29.0
-23.0
8.0
9.0
-25.0
10.0
17.0
-15.0
-29.0
-70.0
-20.0
-17.0
-36.0
-34.0
-16.0
-9.0
-11.0
-54.0
-12.0
-50.0
0.0
14.0
14.0
8.0
5.0
8.0
33.0
6.0
19.0
-30.0
-84.0
-44.0
26.0
26.0
21.0
0.0
-49.0
-31.0
19.0
28.0
49.0
-73.0
1.0
7.0
13.0
6.0
23.0
28.0
2.0
-5.0
-27.0
-12.0
-12.0
-14.0
-38.0
5.0
22.0
-12.0
-9.0
60.0
28.0
6.0
-33.0
-33.0
-27.0
-29.0
-7.0
-49.0
-88.0
-105.0
-67.0
22.0
-32.0
-34.0
5.0
41.0
-30.0
-20.0
-25.0
27.0
129.0
-64.0
-85.0
-104.0
12.0
-32.0
72.0
80.0
109.0
-85.0
-71.0
-50.0
78.0
85.0
134.0
-43.0
-38.0
20.0
52.0
17.0
10.0
13.0
-8.0
-9.0
-11.0
41.0
27.0
-62.0
-14.0
3.0
-82.0
-41.0
35.0
37.0
-20.0
-20.0
-23.0
45.0
1.0
-9.0
7.0
-60.0
43.0
52.0
-16.0
-72.0
-60.0
-9.0
10.0
12.0
42.0
-62.0
15.0
15.0
27.0
3.0
-4.0
52.0
3.0
-16.0
-52.0
-31.0
-60.0
-59.0
-49.0
11.0
5.0
19.0
2.0
19.0
32.0
-16.0
-15.0
-22.0
-30.0
-36.0
-8.0
-7.0
-7.0
-10.0
3.0
-66.0
-73.0
-68.0
-45.0
1.0
-13.0
-7.0
-6.0
-10.0
-10.0
-16.0
8.0
9.0
45.0
25.0
14.0
-18.0
0.0
-15.0
11.0
15.0
0.0
-1.0
1.0
-38.0
31.0
-35.0
22.0
1.0
-44.0
63.0
13.0
13.0
44.0
-20.0
-11.0
-19.0
-66.0
-23.0
-8.0
-10.0
-1.0
2.0
-10.0
-76.0
-15.0
-20.0
-14.0
11.0
5.0
35.0
24.0
23.0
14.0
1.0
-2.0
-7.0
-4.0
-14.0
-41.0
-3.0
27.0
26.0
-24.0
-46.0
-47.0
-64.0
-92.0
-50.0
-89.0
-29.0
-8.0
-6.0
-25.0
19.0
7.0
42.0
74.0
84.0
61.0
4.0
56.0
59.0
-7.0
72.0
38.0
27.0
-19.0
47.0
20.0
-23.0
65.0
67.0
18.0
27.0
29.0
-31.0
-86.0
-57.0
-57.0
6.0
70.0
63.0
-36.0
-86.0
19.0
61.0
8.0
10.0
-23.0
-28.0
32.0
37.0
-83.0
-16.0
31.0
16.0
-31.0
34.0
7.0
2.0
8.0
6.0
-20.0
31.0
-77.0
22.0
-14.0
-2.0
-54.0
-4.0
-5.0
-9.0
-48.0
-29.0
-11.0
5.0
-2.0
27.0
3.0
-3.0
-9.0
-13.0
-13.0
-49.0
-21.0
-7.0
-23.0
-24.0
-20.0
4.0
-2.0
3.0
26.0
-2.0
-28.0
28.0
-28.0
35.0
-16.0
18.0
-18.0
-18.0
18.0
9.0
-19.0
-11.0
-35.0
-15.0
-81.0
-87.0
-72.0
-74.0
-25.0
-29.0
-1.0
32.0
43.0
18.0
-22.0
81.0
57.0
55.0
69.0
56.0
43.0
36.0
-60.0
-115.0
0.0
65.0
66.0
69.0
14.0
15.0
31.0
54.0
56.0
41.0
-39.0
-72.0
-49.0
-52.0
-73.0
-58.0
-129.0
-104.0
-28.0
37.0
-18.0
-31.0
44.0
42.0
17.0
-11.0
43.0
61.0
4.0
28.0
-15.0
56.0
36.0
34.0
12.0
-3.0
-39.0
22.0
-19.0
10.0
2.0
34.0
-28.0
-24.0
2.0
-22.0
-22.0
-63.0
-9.0
-6.0
-3.0
-28.0
-10.0
-1.0
-29.0
-28.0
-64.0
-12.0
-2.0
-19.0
-49.0
-9.0
-8.0
-11.0
-20.0
9.0
13.0
3.0
24.0
6.0
9.0
17.0
-10.0
-13.0
5.0
16.0
27.0
-21.0
-14.0
3.0
-28.0
-30.0
4.0
8.0
-44.0
-30.0
-31.0
14.0
-79.0
-79.0
-49.0
27.0
49.0
48.0
37.0
-8.0
-32.0
-31.0
-33.0
28.0
58.0
16.0
24.0
31.0
0.0
-66.0
-22.0
-35.0
8.0
-28.0
-27.0
-42.0
10.0
13.0
18.0
35.0
24.0
37.0
30.0
34.0
30.0
27.0
-18.0
-19.0
44.0
13.0
16.0
-13.0
-10.0
-50.0
-16.0
34.0
23.0
18.0
-9.0
-60.0
-72.0
-59.0
-33.0
-39.0
-15.0
-43.0
-62.0
-63.0
-12.0
-34.0
44.0
20.0
30.0
6.0
30.0
-11.0
51.0
54.0
23.0
7.0
61.0
43.0
45.0
10.0
17.0
24.0
15.0
18.0
44.0
19.0
-79.0
-74.0
15.0
5.0
34.0
18.0
19.0
17.0
-49.0
-42.0
-19.0
2.0
-39.0
0.0
18.0
-7.0
-22.0
-25.0
9.0
-25.0
-35.0
17.0
50.0
9.0
6.0
-43.0
-52.0
-55.0
-35.0
-36.0
-25.0
-14.0
-44.0
-14.0
27.0
56.0
24.0
23.0
4.0
3.0
25.0
0.0
17.0
6.0
-14.0
-22.0
-9.0
-18.0
-28.0
-56.0
-33.0
9.0
-5.0
-9.0
29.0
-17.0
-60.0
-64.0
-16.0
-17.0
6.0
-78.0
-77.0
-58.0
-36.0
-56.0
-5.0
0.0
1.0
-2.0
-4.0
47.0
-2.0
6.0
14.0
15.0
15.0
12.0
29.0
39.0
39.0
25.0
23.0
20.0
58.0
9.0
-1.0
2.0
0.0
27.0
33.0
25.0
-5.0
-20.0
-13.0
-10.0
8.0
3.0
-18.0
6.0
14.0
-24.0
-72.0
-139.0
-53.0
2.0
27.0
27.0
40.0
19.0
16.0
16.0
0.0
-26.0
-5.0
-18.0
-23.0
-30.0
-13.0
-17.0
-26.0
-20.0
-44.0
25.0
10.0
18.0
5.0
2.0
5.0
-18.0
-1.0
-9.0
-3.0
33.0
-6.0
47.0
21.0
21.0
-46.0
-34.0
17.0
-7.0
-56.0
1.0
-10.0
-33.0
-2.0
6.0
45.0
66.0
27.0
10.0
36.0
-40.0
-1.0
8.0
34.0
35.0
33.0
62.0
7.0
-23.0
-77.0
-28.0
-23.0
-36.0
38.0
28.0
-5.0
-9.0
-13.0
-29.0
-23.0
-35.0
15.0
-4.0
-21.0
-23.0
-27.0
-9.0
9.0
5.0
3.0
-39.0
2.0
5.0
-13.0
-14.0
-5.0
-39.0
-44.0
-60.0
8.0
11.0
36.0
9.0
9.0
6.0
-24.0
-5.0
-27.0
-5.0
-32.0
13.0
-79.0
-11.0
27.0
19.0
-5.0
13.0
18.0
28.0
26.0
55.0
0.0
33.0
12.0
11.0
13.0
10.0
22.0
-18.0
9.0
-20.0
-26.0
-17.0
-38.0
-38.0
-43.0
-59.0
-1.0
8.0
45.0
43.0
10.0
-8.0
-53.0
-51.0
6.0
16.0
43.0
2.0
-13.0
-47.0
-59.0
-115.0
-55.0
-54.0
-23.0
-24.0
-6.0
27.0
44.0
49.0
22.0
33.0
26.0
26.0
18.0
5.0
-20.0
6.0
-41.0
20.0
24.0
5.0
-14.0
-10.0
-30.0
-37.0
-1.0
-2.0
-72.0
-71.0
11.0
44.0
55.0
49.0
30.0
-49.0
-40.0
-39.0
-35.0
-2.0
22.0
14.0
-15.0
-16.0
-4.0
18.0
-8.0
-42.0
5.0
-4.0
-29.0
4.0
-22.0
-26.0
35.0
-3.0
-29.0
-102.0
6.0
-34.0
-6.0
33.0
1.0
9.0
9.0
50.0
9.0
18.0
-4.0
-18.0
9.0
-14.0
-100.0
-100.0
-40.0
-38.0
-15.0
17.0
80.0
-39.0
-63.0
40.0
10.0
6.0
52.0
-19.0
-64.0
-103.0
-30.0
-37.0
48.0
-32.0
21.0
25.0
-29.0
-1.0
-23.0
52.0
66.0
81.0
37.0
17.0
55.0
47.0
-5.0
34.0
40.0
34.0
-3.0
-21.0
-10.0
-41.0
-64.0
-71.0
-39.0
-22.0
-7.0
-56.0
-6.0
-15.0
33.0
22.0
1.0
1.0
-53.0
-34.0
-18.0
-18.0
-42.0
-3.0
37.0
31.0
-19.0
-20.0
-28.0
-38.0
5.0
6.0
-18.0
-5.0
28.0
-28.0
-89.0
-74.0
54.0
-90.0
-33.0
24.0
35.0
44.0
-2.0
-3.0
-68.0
-62.0
-34.0
-1.0
-54.0
-66.0
32.0
-8.0
-32.0
41.0
32.0
28.0
52.0
38.0
60.0
54.0
-20.0
-30.0
-65.0
-39.0
-102.0
-99.0
22.0
81.0
27.0
9.0
49.0
26.0
7.0
-29.0
-18.0
-11.0
9.0
-5.0
-35.0
-2.0
-35.0
-11.0
-78.0
-53.0
-52.0
-47.0
-3.0
-11.0
-29.0
34.0
-42.0
12.0
-3.0
9.0
-10.0
-16.0
16.0
20.0
-49.0
-30.0
-3.0
-11.0
-55.0
25.0
28.0
28.0
-13.0
-51.0
56.0
80.0
43.0
-29.0
-65.0
-36.0
32.0
32.0
15.0
39.0
41.0
16.0
-43.0
41.0
19.0
25.0
14.0
14.0
-17.0
22.0
-31.0
-8.0
-28.0
2.0
-54.0
-36.0
-19.0
-15.0
-18.0
-61.0
-91.0
-61.0
-34.0
-34.0
-42.0
23.0
-12.0
-14.0
38.0
23.0
35.0
42.0
42.0
53.0
42.0
59.0
20.0
18.0
2.0
32.0
-24.0
-50.0
-18.0
-46.0
-59.0
5.0
0.0
-1.0
-31.0
-6.0
6.0
21.0
-15.0
17.0
0.0
-44.0
-47.0
-48.0
-52.0
-15.0
-28.0
17.0
2.0
24.0
-2.0
38.0
27.0
29.0
43.0
35.0
62.0
27.0
3.0
-47.0
-22.0
-46.0
-27.0
-22.0
-46.0
-17.0
-8.0
-9.0
14.0
10.0
16.0
36.0
14.0
14.0
15.0
14.0
11.0
-11.0
-21.0
-30.0
-86.0
-83.0
-113.0
-113.0
-44.0
-32.0
-32.0
28.0
28.0
63.0
75.0
53.0
16.0
15.0
13.0
29.0
10.0
13.0
17.0
-8.0
-14.0
-1.0
-21.0
-21.0
17.0
-9.0
-30.0
-12.0
32.0
-35.0
-45.0
-16.0
-47.0
-50.0
-37.0
-66.0
-47.0
52.0
35.0
-52.0
-66.0
-81.0
-102.0
-99.0
-39.0
-27.0
-10.0
-73.0
-28.0
-72.0
-54.0
-82.0
-13.0
-10.0
5.0
50.0
71.0
69.0
95.0
69.0
66.0
112.0
66.0
61.0
63.0
79.0
48.0
37.0
6.0
-9.0
17.0
9.0
-30.0
-21.0
-81.0
15.0
-50.0
15.0
-24.0
-40.0
-81.0
-97.0
-45.0
-47.0
9.0
-32.0
-39.0
-33.0
-30.0
14.0
10.0
12.0
28.0
22.0
18.0
-36.0
-33.0
-33.0
-13.0
-18.0
-9.0
15.0
7.0
12.0
-8.0
-13.0
-39.0
-31.0
-6.0
-22.0
40.0
38.0
21.0
25.0
9.0
45.0
39.0
37.0
78.0
50.0
4.0
49.0
32.0
32.0
-13.0
-11.0
-39.0
-22.0
-52.0
-35.0
-30.0
-2.0
15.0
15.0
17.0
-3.0
61.0
16.0
-9.0
27.0
40.0
12.0
21.0
18.0
-1.0
-32.0
-43.0
-40.0
-54.0
-24.0
-39.0
-35.0
-19.0
-14.0
3.0
-37.0
-38.0
-28.0
17.0
11.0
27.0
21.0
30.0
29.0
34.0
8.0
-4.0
0.0
-23.0
17.0
-13.0
-13.0
-22.0
-20.0
-15.0
-39.0
-39.0
-15.0
-7.0
20.0
1.0
19.0
-5.0
-5.0
8.0
16.0
-14.0
2.0
2.0
-10.0
-99.0
-89.0
3.0
9.0
15.0
44.0
44.0
-2.0
-3.0
12.0
-21.0
-68.0
6.0
4.0
-97.0
7.0
-30.0
-51.0
70.0
83.0
11.0
64.0
16.0
8.0
63.0
12.0
-11.0
-31.0
-67.0
-86.0
9.0
-82.0
-44.0
-39.0
11.0
-6.0
26.0
13.0
39.0
19.0
3.0
-9.0
-46.0
-48.0
18.0
-46.0
-2.0
-57.0
-40.0
-56.0
12.0
-16.0
23.0
20.0
43.0
32.0
51.0
44.0
45.0
-11.0
44.0
39.0
22.0
22.0
-18.0
17.0
-13.0
-11.0
-13.0
-11.0
-48.0
-35.0
-34.0
-34.0
-30.0
0.0
32.0
-5.0
-68.0
-67.0
-13.0
-63.0
-72.0
-68.0
-14.0
34.0
21.0
-3.0
30.0
19.0
29.0
29.0
-11.0
-16.0
13.0
17.0
11.0
-10.0
-25.0
-1.0
-40.0
-4.0
-60.0
-62.0
-24.0
-40.0
-30.0
-25.0
-38.0
-23.0
-23.0
-13.0
11.0
10.0
20.0
-14.0
-18.0
-1.0
2.0
-1.0
26.0
10.0
4.0
7.0
34.0
15.0
-16.0
-31.0
-18.0
2.0
14.0
30.0
24.0
20.0
-4.0
-41.0
-33.0
-50.0
-65.0
-57.0
-14.0
29.0
27.0
28.0
42.0
-17.0
19.0
13.0
16.0
6.0
7.0
25.0
-9.0
-9.0
1.0
-15.0
-31.0
-47.0
-29.0
-30.0
-20.0
-37.0
-44.0
-41.0
-11.0
-20.0
-42.0
27.0
58.0
2.0
36.0
46.0
64.0
63.0
-32.0
61.0
87.0
7.0
77.0
36.0
15.0
22.0
0.0
2.0
29.0
-10.0
-4.0
-11.0
-17.0
-18.0
-39.0
-38.0
-19.0
-16.0
-13.0
-21.0
-45.0
-21.0
-40.0
-23.0
-8.0
-2.0
-41.0
-45.0
-16.0
-26.0
-35.0
-19.0
18.0
27.0
30.0
36.0
48.0
49.0
8.0
4.0
-19.0
-30.0
-12.0
-16.0
-28.0
8.0
33.0
24.0
7.0
-14.0
-32.0
-7.0
6.0
6.0
14.0
-1.0
-16.0
-19.0
-30.0
-1.0
-22.0
-22.0
-109.0
-79.0
-66.0
-66.0
-43.0
-45.0
-80.0
-34.0
15.0
11.0
67.0
84.0
83.0
41.0
112.0
113.0
94.0
70.0
94.0
52.0
9.0
9.0
35.0
-2.0
33.0
41.0
19.0
1.0
-8.0
2.0
-7.0
-39.0
-45.0
-65.0
-36.0
-40.0
10.0
-9.0
-35.0
-63.0
-3.0
16.0
-10.0
-43.0
-62.0
-62.0
-70.0
-33.0
-3.0
35.0
-7.0
-19.0
-44.0
4.0
-6.0
-9.0
-9.0
37.0
11.0
-3.0
6.0
-2.0
3.0
65.0
6.0
6.0
-10.0
3.0
-14.0
21.0
20.0
-34.0
-26.0
-18.0
-37.0
-43.0
-32.0
-24.0
8.0
-3.0
21.0
-1.0
-13.0
-46.0
-44.0
-42.0
-28.0
16.0
13.0
-34.0
-11.0
-33.0
-28.0
-17.0
-26.0
-26.0
-70.0
-57.0
38.0
19.0
0.0
30.0
-16.0
31.0
18.0
18.0
9.0
27.0
45.0
36.0
7.0
5.0
-4.0
2.0
14.0
18.0
-14.0
26.0
11.0
18.0
17.0
-9.0
11.0
20.0
-52.0
-51.0
8.0
-28.0
-5.0
-13.0
-23.0
-90.0
-50.0
-71.0
-158.0
-162.0
-70.0
-89.0
-5.0
-54.0
10.0
37.0
47.0
49.0
93.0
97.0
82.0
95.0
47.0
74.0
109.0
85.0
54.0
-26.0
-13.0
-14.0
-17.0
-19.0
-13.0
-27.0
-10.0
-29.0
-5.0
-21.0
-2.0
-7.0
-22.0
-27.0
-28.0
0.0
-11.0
-27.0
-29.0
-30.0
-35.0
-38.0
-26.0
-46.0
-41.0
-54.0
-20.0
-48.0
5.0
-18.0
-4.0
-4.0
-51.0
-46.0
-17.0
3.0
4.0
-4.0
29.0
49.0
21.0
25.0
46.0
-41.0
12.0
3.0
27.0
15.0
-11.0
4.0
-28.0
-28.0
-12.0
24.0
33.0
70.0
0.0
3.0
-8.0
-2.0
0.0
-2.0
-5.0
18.0
-20.0
-11.0
-45.0
-102.0
-81.0
-13.0
-8.0
-8.0
-87.0
-70.0
37.0
17.0
6.0
77.0
27.0
17.0
11.0
17.0
9.0
22.0
69.0
4.0
-36.0
-20.0
-4.0
-34.0
4.0
11.0
-47.0
15.0
-28.0
26.0
-33.0
-9.0
-14.0
1.0
34.0
36.0
15.0
21.0
-1.0
-6.0
-22.0
-103.0
-96.0
-80.0
-20.0
-15.0
-54.0
20.0
32.0
17.0
-9.0
-15.0
35.0
55.0
38.0
46.0
28.0
-24.0
8.0
-22.0
18.0
-4.0
10.0
-37.0
-1.0
4.0
12.0
51.0
6.0
-11.0
31.0
-22.0
-27.0
30.0
34.0
34.0
43.0
52.0
22.0
59.0
-40.0
0.0
-14.0
-25.0
-48.0
-49.0
-8.0
-32.0
-14.0
-34.0
-28.0
-30.0
-30.0
-54.0
-50.0
-50.0
-69.0
-97.0
-72.0
-130.0
-90.0
-86.0
-47.0
18.0
3.0
-3.0
-4.0
47.0
64.0
64.0
53.0
78.0
58.0
81.0
69.0
70.0
46.0
49.0
63.0
40.0
32.0
23.0
-74.0
-22.0
-8.0
-14.0
-59.0
-73.0
-34.0
-14.0
13.0
0.0
-5.0
33.0
14.0
19.0
-21.0
18.0
-60.0
-45.0
-27.0
-29.0
-7.0
-16.0
-14.0
-17.0
-56.0
10.0
-41.0
23.0
-44.0
21.0
-50.0
61.0
-70.0
-88.0
47.0
18.0
23.0
-21.0
-20.0
-42.0
3.0
-29.0
19.0
23.0
-48.0
-26.0
-9.0
-30.0
-19.0
-10.0
-28.0
1.0
-30.0
-33.0
-25.0
7.0
11.0
-9.0
25.0
37.0
63.0
26.0
30.0
33.0
57.0
3.0
3.0
17.0
34.0
0.0
-19.0
-12.0
-46.0
-44.0
-4.0
-48.0
-56.0
-15.0
-48.0
-45.0
2.0
19.0
30.0
27.0
7.0
-40.0
-66.0
-58.0
-112.0
-63.0
-31.0
5.0
2.0
1.0
26.0
25.0
65.0
66.0
43.0
28.0
14.0
11.0
18.0
19.0
22.0
39.0
33.0
82.0
13.0
28.0
56.0
33.0
-14.0
-17.0
6.0
50.0
27.0
27.0
4.0
-15.0
-2.0
-32.0
-66.0
-68.0
-93.0
-38.0
-45.0
-102.0
-58.0
-45.0
-19.0
32.0
3.0
5.0
-20.0
-42.0
-35.0
10.0
-27.0
-5.0
-28.0
11.0
13.0
15.0
-1.0
12.0
35.0
11.0
-13.0
-3.0
16.0
1.0
-25.0
-26.0
-15.0
-13.0
-37.0
-8.0
-20.0
-22.0
-3.0
-13.0
-26.0
-25.0
-25.0
1.0
-13.0
-28.0
-54.0
10.0
9.0
0.0
-54.0
-53.0
29.0
32.0
-8.0
-90.0
-22.0
-2.0
-34.0
-15.0
-9.0
-2.0
47.0
20.0
-8.0
-10.0
7.0
39.0
46.0
56.0
-19.0
-31.0
28.0
23.0
5.0
22.0
15.0
-43.0
-16.0
-18.0
12.0
16.0
16.0
28.0
26.0
-15.0
-32.0
-5.0
2.0
-14.0
7.0
6.0
-2.0
-51.0
-51.0
-31.0
-34.0
24.0
-18.0
-16.0
-16.0
-20.0
-31.0
-26.0
-1.0
-7.0
49.0
30.0
35.0
-36.0
-42.0
-47.0
-59.0
-36.0
11.0
7.0
-23.0
-50.0
-15.0
9.0
5.0
1.0
14.0
22.0
44.0
34.0
52.0
37.0
32.0
59.0
-14.0
-13.0
21.0
14.0
14.0
-27.0
-12.0
-34.0
6.0
-18.0
-20.0
-20.0
-16.0
-20.0
-28.0
9.0
16.0
32.0
10.0
2.0
-5.0
-4.0
-18.0
-20.0
68.0
-26.0
6.0
-60.0
26.0
15.0
-24.0
-38.0
4.0
25.0
-20.0
-54.0
-6.0
3.0
11.0
29.0
-6.0
-2.0
-29.0
-40.0
-50.0
-62.0
-26.0
-22.0
-30.0
-7.0
11.0
11.0
-1.0
9.0
28.0
-10.0
12.0
30.0
-8.0
8.0
-8.0
0.0
-12.0
-33.0
-21.0
-30.0
-10.0
-15.0
-18.0
-19.0
3.0
5.0
-4.0
-28.0
-7.0
6.0
12.0
-5.0
6.0
-42.0
26.0
19.0
-6.0
-9.0
-6.0
-48.0
-21.0
-45.0
-12.0
10.0
10.0
14.0
22.0
5.0
-26.0
6.0
-15.0
14.0
19.0
1.0
-16.0
-15.0
-10.0
43.0
68.0
25.0
-7.0
6.0
-21.0
-26.0
-3.0
0.0
8.0
-5.0
23.0
-4.0
5.0
25.0
3.0
15.0
3.0
4.0
-8.0
-14.0
-3.0
22.0
-28.0
-26.0
20.0
17.0
38.0
36.0
15.0
23.0
6.0
-9.0
-42.0
-37.0
-37.0
13.0
-37.0
-50.0
-57.0
-20.0
23.0
-14.0
15.0
8.0
36.0
68.0
43.0
48.0
20.0
41.0
22.0
16.0
4.0
16.0
-2.0
-18.0
-42.0
-42.0
-46.0
-46.0
-133.0
-78.0
-43.0
-30.0
-45.0
-41.0
-43.0
-40.0
-2.0
20.0
40.0
33.0
23.0
-4.0
31.0
43.0
46.0
51.0
7.0
17.0
0.0
21.0
-31.0
-14.0
-18.0
2.0
-13.0
-17.0
-35.0
-49.0
-66.0
-39.0
-32.0
-39.0
26.0
69.0
44.0
44.0
18.0
39.0
14.0
43.0
16.0
-20.0
-3.0
2.0
-4.0
-4.0
7.0
3.0
4.0
-3.0
-3.0
-39.0
4.0
-34.0
6.0
1.0
-31.0
32.0
-10.0
-36.0
-30.0
-41.0
3.0
7.0
-42.0
-41.0
-41.0
-10.0
-72.0
-27.0
-10.0
0.0
25.0
-5.0
0.0
1.0
-50.0
-25.0
7.0
-9.0
-9.0
-12.0
38.0
33.0
26.0
33.0
24.0
-7.0
-50.0
-60.0
32.0
-24.0
13.0
-8.0
13.0
16.0
45.0
45.0
-14.0
-38.0
-29.0
9.0
-15.0
-32.0
-56.0
-59.0
-52.0
37.0
16.0
51.0
26.0
15.0
-10.0
-7.0
-9.0
-7.0
1.0
-14.0
-35.0
1.0
-9.0
-28.0
1.0
-2.0
15.0
11.0
-29.0
-46.0
-10.0
0.0
21.0
56.0
22.0
9.0
-33.0
-26.0
1.0
-19.0
8.0
-9.0
5.0
-38.0
-53.0
-7.0
-7.0
-8.0
-4.0
-18.0
-6.0
-53.0
-9.0
7.0
10.0
-20.0
4.0
7.0
2.0
1.0
3.0
-20.0
21.0
20.0
22.0
-7.0
39.0
39.0
-53.0
-35.0
-18.0
-22.0
3.0
-1.0
-40.0
-11.0
-27.0
-27.0
-30.0
-29.0
-36.0
-10.0
-4.0
5.0
10.0
-33.0
-31.0
-20.0
-29.0
-15.0
2.0
-7.0
22.0
8.0
-21.0
9.0
12.0
11.0
30.0
32.0
-2.0
6.0
17.0
24.0
-10.0
-7.0
11.0
11.0
-69.0
-4.0
44.0
-2.0
10.0
-28.0
-11.0
-34.0
-16.0
-12.0
-18.0
-17.0
10.0
-1.0
7.0
46.0
30.0
24.0
33.0
28.0
3.0
13.0
16.0
28.0
28.0
30.0
57.0
33.0
-8.0
-13.0
-15.0
-18.0
-18.0
-30.0
-14.0
-15.0
-7.0
21.0
-16.0
-13.0
18.0
9.0
28.0
-5.0
-19.0
-39.0
-24.0
-56.0
-43.0
-40.0
-4.0
-33.0
13.0
-9.0
-26.0
-21.0
-2.0
10.0
11.0
10.0
50.0
20.0
-34.0
6.0
-9.0
35.0
-25.0
2.0
-1.0
-1.0
-33.0
-33.0
-11.0
-6.0
8.0
-9.0
7.0
-27.0
15.0
15.0
18.0
-18.0
-35.0
-42.0
-57.0
-47.0
6.0
-23.0
-13.0
-18.0
-17.0
42.0
22.0
9.0
4.0
-15.0
-10.0
-27.0
4.0
7.0
-68.0
6.0
-16.0
14.0
35.0
66.0
-7.0
31.0
44.0
44.0
7.0
-6.0
-37.0
-49.0
-43.0
-45.0
-46.0
-21.0
-25.0
-27.0
15.0
3.0
56.0
28.0
39.0
63.0
55.0
30.0
15.0
11.0
-8.0
12.0
-5.0
-7.0
-26.0
-3.0
11.0
6.0
15.0
12.0
0.0
-14.0
-31.0
-30.0
-78.0
-84.0
-64.0
-71.0
-76.0
-81.0
-73.0
-38.0
-72.0
-22.0
-28.0
84.0
8.0
-39.0
16.0
14.0
53.0
79.0
82.0
42.0
30.0
11.0
20.0
11.0
-3.0
-1.0
9.0
-16.0
16.0
33.0
4.0
4.0
4.0
-11.0
0.0
1.0
-22.0
-26.0
-9.0
-10.0
-5.0
20.0
1.0
-43.0
-29.0
-28.0
-26.0
-23.0
-10.0
-28.0
-54.0
-96.0
-92.0
-67.0
-91.0
-92.0
-79.0
-50.0
-14.0
15.0
19.0
55.0
116.0
115.0
117.0
122.0
69.0
69.0
60.0
46.0
45.0
2.0
39.0
17.0
-19.0
-18.0
-39.0
-11.0
-6.0
-12.0
-16.0
-26.0
-24.0
-27.0
-52.0
-50.0
24.0
-35.0
-58.0
3.0
-11.0
-45.0
-16.0
-34.0
12.0
9.0
-6.0
-1.0
2.0
-5.0
-8.0
-39.0
1.0
-9.0
-10.0
-5.0
-36.0
-68.0
-67.0
-87.0
-35.0
-54.0
-56.0
-4.0
-8.0
-4.0
16.0
-13.0
12.0
16.0
16.0
76.0
63.0
55.0
47.0
44.0
65.0
37.0
41.0
12.0
24.0
50.0
6.0
33.0
-28.0
-22.0
-13.0
4.0
-18.0
-40.0
-24.0
6.0
-3.0
-47.0
-65.0
-60.0
-35.0
-15.0
77.0
33.0
-2.0
19.0
34.0
36.0
31.0
31.0
-27.0
-66.0
-47.0
-63.0
-45.0
-45.0
-22.0
-51.0
-37.0
-39.0
37.0
-4.0
-14.0
-7.0
-11.0
-37.0
-49.0
23.0
-71.0
-73.0
-11.0
-9.0
-63.0
45.0
4.0
-48.0
-32.0
10.0
10.0
12.0
12.0
15.0
56.0
52.0
17.0
-3.0
31.0
16.0
-2.0
-6.0
-16.0
-14.0
4.0
-14.0
6.0
5.0
-9.0
-43.0
-41.0
-42.0
-8.0
-9.0
55.0
0.0
-15.0
-2.0
-33.0
-29.0
5.0
0.0
-42.0
27.0
-5.0
-29.0
-35.0
-33.0
-34.0
2.0
-48.0
-46.0
-45.0
-77.0
-24.0
50.0
11.0
22.0
-15.0
27.0
90.0
86.0
46.0
44.0
51.0
-4.0
19.0
-22.0
20.0
12.0
18.0
19.0
-86.0
-37.0
-38.0
-24.0
-32.0
-25.0
-50.0
5.0
-14.0
-11.0
20.0
-23.0
24.0
-29.0
46.0
-62.0
46.0
10.0
40.0
40.0
70.0
35.0
8.0
15.0
-2.0
6.0
16.0
-6.0
-29.0
-33.0
-30.0
-1.0
8.0
-41.0
-5.0
-56.0
-18.0
-19.0
-36.0
-39.0
1.0
5.0
-19.0
-20.0
-39.0
-42.0
34.0
19.0
39.0
30.0
24.0
13.0
26.0
20.0
11.0
-2.0
12.0
57.0
44.0
42.0
5.0
4.0
-16.0
-25.0
-16.0
-29.0
-88.0
-78.0
-72.0
-72.0
-41.0
-43.0
-21.0
-28.0
-14.0
-8.0
-23.0
15.0
14.0
8.0
29.0
23.0
31.0
-31.0
-20.0
24.0
32.0
4.0
9.0
10.0
16.0
-14.0
-22.0
8.0
-23.0
-12.0
3.0
-36.0
-20.0
-12.0
-11.0
-11.0
-21.0
-59.0
5.0
31.0
-4.0
-45.0
-50.0
-46.0
-26.0
-11.0
16.0
-12.0
-6.0
9.0
16.0
-7.0
-9.0
-4.0
-22.0
-6.0
-20.0
1.0
12.0
33.0
24.0
-18.0
-17.0
-20.0
-4.0
1.0
-6.0
-30.0
-41.0
-23.0
10.0
-18.0
-3.0
-2.0
-10.0
-6.0
-13.0
-37.0
-32.0
-25.0
-12.0
-35.0
-35.0
-38.0
21.0
3.0
3.0
10.0
0.0
30.0
-13.0
-22.0
-1.0
-8.0
-13.0
-9.0
2.0
5.0
1.0
34.0
28.0
9.0
4.0
2.0
7.0
-3.0
2.0
1.0
-6.0
-51.0
4.0
16.0
34.0
30.0
-10.0
-19.0
-29.0
-37.0
-18.0
-26.0
-34.0
-11.0
-3.0
1.0
10.0
9.0
2.0
-4.0
3.0
21.0
7.0
-11.0
8.0
7.0
19.0
9.0
20.0
15.0
-12.0
2.0
-37.0
-28.0
-19.0
-22.0
34.0
-17.0
7.0
9.0
16.0
-5.0
-8.0
22.0
-14.0
-14.0
-12.0
-9.0
-26.0
6.0
-33.0
-7.0
26.0
10.0
-35.0
-33.0
43.0
6.0
-41.0
-29.0
-39.0
-15.0
-15.0
-15.0
8.0
7.0
-3.0
1.0
-16.0
26.0
2.0
17.0
-3.0
5.0
28.0
23.0
-30.0
-10.0
-20.0
-86.0
-22.0
-17.0
-4.0
10.0
-40.0
-46.0
-26.0
-2.0
23.0
21.0
22.0
65.0
41.0
39.0
21.0
19.0
23.0
6.0
-4.0
-35.0
-13.0
15.0
5.0
4.0
-24.0
-18.0
-45.0
-53.0
-39.0
21.0
-29.0
1.0
-6.0
10.0
11.0
10.0
-31.0
-33.0
-33.0
-6.0
-21.0
-45.0
-53.0
-45.0
-57.0
-59.0
-39.0
-29.0
-3.0
-7.0
2.0
42.0
53.0
27.0
6.0
11.0
-9.0
15.0
-10.0
48.0
45.0
44.0
28.0
18.0
-18.0
-16.0
-2.0
-39.0
-35.0
-11.0
6.0
-9.0
16.0
-16.0
-27.0
-28.0
-28.0
-48.0
-41.0
-19.0
-24.0
5.0
18.0
-6.0
-21.0
-26.0
7.0
18.0
-1.0
37.0
13.0
-17.0
22.0
16.0
18.0
18.0
27.0
-32.0
-31.0
-33.0
-58.0
-45.0
1.0
-26.0
18.0
20.0
-26.0
31.0
-59.0
45.0
10.0
-4.0
14.0
-7.0
3.0
3.0
2.0
20.0
22.0
22.0
26.0
-3.0
-2.0
-29.0
-13.0
-6.0
6.0
-20.0
-36.0
-18.0
-38.0
-13.0
12.0
-15.0
-13.0
-12.0
-46.0
-35.0
-40.0
-33.0
11.0
-2.0
-20.0
11.0
9.0
9.0
32.0
45.0
-24.0
-31.0
-8.0
-66.0
-20.0
-7.0
-7.0
-10.0
-8.0
13.0
6.0
26.0
37.0
12.0
11.0
-25.0
-43.0
-43.0
8.0
-12.0
9.0
13.0
8.0
-9.0
-17.0
21.0
-21.0
-20.0
4.0
-9.0
-8.0
4.0
39.0
38.0
-3.0
8.0
-24.0
-16.0
-4.0
-16.0
-8.0
2.0
-8.0
-6.0
-27.0
-12.0
-13.0
-3.0
-8.0
-16.0
-36.0
-14.0
-7.0
-26.0
-3.0
-13.0
32.0
31.0
22.0
-7.0
26.0
22.0
-4.0
-22.0
9.0
8.0
-5.0
-7.0
-2.0
28.0
9.0
2.0
-33.0
-9.0
20.0
6.0
-11.0
-10.0
-30.0
-23.0
-44.0
-13.0
-11.0
-10.0
-10.0
-15.0
-6.0
-5.0
13.0
29.0
33.0
25.0
-14.0
8.0
-5.0
-39.0
-8.0
-9.0
7.0
-37.0
-44.0
30.0
9.0
-8.0
-8.0
-31.0
20.0
25.0
34.0
12.0
-14.0
-13.0
-24.0
-27.0
2.0
-58.0
-35.0
-30.0
1.0
-31.0
2.0
-10.0
12.0
37.0
-5.0
-26.0
27.0
25.0
7.0
55.0
10.0
17.0
-12.0
49.0
-22.0
-46.0
-51.0
-44.0
-38.0
-63.0
-13.0
-11.0
6.0
-9.0
6.0
13.0
6.0
6.0
27.0
19.0
-4.0
-3.0
0.0
-9.0
-2.0
3.0
8.0
-2.0
-1.0
10.0
-3.0
26.0
-1.0
17.0
9.0
-34.0
-12.0
-9.0
-46.0
-42.0
-30.0
-45.0
-32.0
-18.0
-3.0
-21.0
10.0
6.0
22.0
39.0
33.0
27.0
6.0
17.0
9.0
-23.0
-3.0
-3.0
-27.0
19.0
-29.0
-18.0
-8.0
50.0
36.0
45.0
9.0
5.0
18.0
10.0
0.0
-17.0
-15.0
-54.0
-25.0
-45.0
-34.0
-36.0
-18.0
-40.0
-37.0
-76.0
-15.0
-35.0
-19.0
-41.0
5.0
11.0
8.0
3.0
-4.0
9.0
-7.0
-17.0
-36.0
-40.0
1.0
2.0
-1.0
26.0
30.0
31.0
7.0
-20.0
12.0
-9.0
0.0
3.0
-1.0
-23.0
11.0
21.0
59.0
28.0
37.0
32.0
1.0
0.0
-22.0
-42.0
-26.0
-23.0
-9.0
9.0
25.0
9.0
-24.0
-25.0
-24.0
-13.0
23.0
20.0
4.0
-11.0
4.0
2.0
3.0
-2.0
9.0
29.0
8.0
-31.0
-37.0
-32.0
-69.0
4.0
-34.0
-38.0
-43.0
-29.0
23.0
-44.0
11.0
55.0
17.0
0.0
38.0
35.0
45.0
24.0
33.0
-4.0
-2.0
56.0
57.0
56.0
30.0
33.0
-11.0
-63.0
-52.0
-54.0
-44.0
-74.0
-61.0
-55.0
-57.0
-64.0
-44.0
-40.0
-26.0
-45.0
-38.0
-28.0
15.0
-1.0
-23.0
-23.0
13.0
-4.0
-16.0
-33.0
28.0
21.0
-49.0
-4.0
19.0
9.0
26.0
52.0
26.0
-14.0
40.0
28.0
28.0
5.0
26.0
20.0
20.0
1.0
2.0
23.0
21.0
1.0
-8.0
18.0
12.0
16.0
24.0
-6.0
-46.0
-15.0
-4.0
-15.0
-35.0
-57.0
-16.0
-11.0
-39.0
-37.0
27.0
-8.0
-24.0
-12.0
4.0
-27.0
36.0
36.0
-48.0
12.0
-9.0
11.0
-2.0
17.0
30.0
77.0
44.0
44.0
62.0
9.0
-13.0
4.0
-4.0
-8.0
-13.0
-36.0
-47.0
-54.0
-49.0
-24.0
-44.0
-44.0
-39.0
9.0
-8.0
-13.0
2.0
-1.0
-41.0
-62.0
-15.0
-6.0
-24.0
-38.0
-2.0
13.0
9.0
6.0
24.0
31.0
64.0
39.0
39.0
41.0
61.0
36.0
13.0
17.0
32.0
-12.0
-36.0
-45.0
4.0
-45.0
-17.0
-13.0
-10.0
-11.0
-12.0
-42.0
-44.0
-15.0
-12.0
-24.0
-20.0
-18.0
-43.0
-44.0
-46.0
-35.0
12.0
-47.0
4.0
-27.0
9.0
-15.0
-33.0
-31.0
-9.0
-34.0
19.0
41.0
59.0
42.0
28.0
54.0
-17.0
-18.0
-18.0
-16.0
-2.0
19.0
2.0
-17.0
-8.0
0.0
-21.0
-18.0
-7.0
1.0
-19.0
-4.0
9.0
-22.0
-7.0
9.0
5.0
7.0
-11.0
-9.0
-32.0
-15.0
7.0
22.0
31.0
-11.0
30.0
26.0
-13.0
14.0
6.0
0.0
-13.0
31.0
-2.0
31.0
21.0
18.0
12.0
10.0
1.0
-11.0
-35.0
-65.0
-51.0
-53.0
-54.0
-55.0
-77.0
-34.0
18.0
22.0
41.0
27.0
52.0
15.0
30.0
30.0
37.0
40.0
35.0
22.0
19.0
8.0
-50.0
-7.0
-7.0
-4.0
-7.0
-19.0
-53.0
41.0
-2.0
17.0
-4.0
40.0
-17.0
-7.0
4.0
-16.0
-48.0
-51.0
-32.0
-66.0
-15.0
-39.0
-35.0
-33.0
-47.0
-19.0
-17.0
26.0
-38.0
-14.0
-54.0
5.0
-13.0
-17.0
-22.0
0.0
-18.0
10.0
-4.0
-14.0
-17.0
-12.0
5.0
6.0
20.0
13.0
6.0
20.0
-33.0
15.0
-24.0
-13.0
44.0
51.0
46.0
17.0
-7.0
-21.0
-1.0
5.0
11.0
-5.0
24.0
17.0
-22.0
-4.0
-44.0
-27.0
-44.0
-29.0
-36.0
26.0
7.0
7.0
22.0
-18.0
57.0
30.0
49.0
47.0
18.0
24.0
21.0
23.0
24.0
40.0
33.0
-19.0
7.0
16.0
5.0
13.0
-18.0
-20.0
-18.0
-17.0
-14.0
-14.0
15.0
-25.0
1.0
-17.0
-13.0
-14.0
-32.0
-42.0
-42.0
-65.0
-46.0
-50.0
-10.0
-4.0
3.0
10.0
43.0
51.0
4.0
37.0
-52.0
18.0
-13.0
-13.0
-35.0
-36.0
-31.0
-67.0
7.0
35.0
11.0
-31.0
-7.0
-34.0
20.0
21.0
-29.0
-26.0
-17.0
-35.0
-10.0
-4.0
1.0
24.0
26.0
21.0
9.0
41.0
58.0
28.0
50.0
21.0
52.0
22.0
1.0
4.0
-16.0
1.0
30.0
6.0
-26.0
-11.0
-4.0
-76.0
-55.0
-61.0
-66.0
-45.0
-44.0
-43.0
-8.0
-35.0
-35.0
-17.0
2.0
1.0
5.0
-9.0
8.0
24.0
-15.0
-8.0
-41.0
-11.0
-8.0
-6.0
15.0
-20.0
-22.0
-16.0
-5.0
3.0
-7.0
-24.0
6.0
4.0
-2.0
-36.0
-66.0
5.0
16.0
40.0
55.0
55.0
43.0
48.0
36.0
23.0
31.0
-17.0
-22.0
-64.0
-17.0
16.0
3.0
-3.0
-8.0
-38.0
-10.0
-3.0
-21.0
-13.0
-25.0
-30.0
-24.0
-24.0
-32.0
-59.0
-43.0
12.0
21.0
8.0
-29.0
-16.0
-20.0
-24.0
21.0
-6.0
8.0
4.0
-5.0
-2.0
-3.0
11.0
29.0
27.0
2.0
15.0
11.0
31.0
4.0
-2.0
-10.0
-44.0
-24.0
-21.0
-28.0
-12.0
5.0
12.0
-5.0
-2.0
-23.0
-25.0
-63.0
-62.0
-50.0
-57.0
-46.0
-1.0
-28.0
1.0
19.0
18.0
34.0
44.0
46.0
65.0
22.0
52.0
64.0
41.0
54.0
-7.0
60.0
55.0
-17.0
-35.0
-1.0
-1.0
-11.0
-42.0
-42.0
-21.0
0.0
0.0
24.0
42.0
48.0
56.0
20.0
15.0
31.0
3.0
-21.0
-31.0
-42.0
-54.0
-41.0
-93.0
-60.0
-31.0
-45.0
-71.0
-38.0
-35.0
-32.0
-15.0
1.0
12.0
1.0
30.0
25.0
14.0
-2.0
1.0
-23.0
-13.0
-5.0
2.0
-14.0
-17.0
16.0
-10.0
12.0
14.0
-81.0
-40.0
-67.0
-77.0
-64.0
-25.0
-37.0
-9.0
-2.0
-5.0
-2.0
39.0
40.0
63.0
52.0
49.0
56.0
53.0
109.0
108.0
78.0
84.0
62.0
-8.0
9.0
-66.0
-31.0
-46.0
-41.0
-42.0
-37.0
-33.0
-17.0
-30.0
-10.0
-12.0
-31.0
-11.0
1.0
-1.0
-31.0
-25.0
-62.0
-55.0
-41.0
-20.0
-8.0
-15.0
0.0
4.0
19.0
24.0
4.0
22.0
18.0
45.0
13.0
-3.0
4.0
4.0
-17.0
-5.0
-31.0
-40.0
-47.0
-23.0
-6.0
-35.0
-36.0
-35.0
-54.0
-17.0
0.0
14.0
63.0
20.0
36.0
54.0
-10.0
-12.0
-13.0
-3.0
27.0
38.0
57.0
-9.0
-25.0
-19.0
-105.0
-102.0
-30.0
-76.0
-3.0
-22.0
-8.0
13.0
15.0
13.0
16.0
16.0
-4.0
-4.0
14.0
-25.0
-26.0
-25.0
-13.0
-29.0
22.0
23.0
27.0
37.0
44.0
-22.0
12.0
-26.0
-15.0
-17.0
-40.0
-48.0
-98.0
-29.0
14.0
12.0
-85.0
-93.0
-15.0
26.0
45.0
47.0
-25.0
7.0
-22.0
-7.0
-17.0
-40.0
-5.0
2.0
37.0
37.0
12.0
27.0
36.0
-8.0
-17.0
17.0
17.0
-45.0
22.0
29.0
28.0
6.0
72.0
33.0
32.0
15.0
36.0
-29.0
-10.0
-13.0
-53.0
-19.0
-63.0
35.0
-44.0
-26.0
-25.0
-2.0
-18.0
-13.0
-22.0
-20.0
5.0
-2.0
10.0
-44.0
7.0
-11.0
12.0
18.0
13.0
34.0
19.0
19.0
42.0
-1.0
4.0
3.0
4.0
7.0
8.0
-26.0
-16.0
54.0
8.0
26.0
1.0
-20.0
-24.0
-24.0
-80.0
-52.0
-55.0
7.0
-38.0
-46.0
27.0
4.0
-30.0
-31.0
-41.0
-3.0
-21.0
8.0
-42.0
-5.0
3.0
7.0
11.0
8.0
1.0
-6.0
2.0
5.0
3.0
-2.0
-25.0
-20.0
-26.0
-22.0
-37.0
-61.0
-34.0
-46.0
-13.0
9.0
5.0
1.0
-1.0
7.0
26.0
48.0
48.0
48.0
36.0
37.0
25.0
-10.0
28.0
23.0
-7.0
-29.0
-28.0
-40.0
-8.0
-5.0
29.0
26.0
8.0
2.0
20.0
59.0
36.0
15.0
59.0
8.0
-29.0
-36.0
4.0
6.0
10.0
17.0
4.0
-3.0
-11.0
-18.0
-37.0
-18.0
26.0
23.0
6.0
-42.0
-25.0
-23.0
-15.0
24.0
-52.0
-12.0
-53.0
-49.0
37.0
-59.0
4.0
-23.0
-70.0
-38.0
-32.0
-8.0
-1.0
-3.0
-14.0
-1.0
-39.0
-21.0
5.0
-24.0
30.0
16.0
9.0
1.0
13.0
-7.0
-29.0
-54.0
-44.0
10.0
12.0
-8.0
3.0
5.0
22.0
25.0
11.0
-12.0
-16.0
1.0
4.0
-6.0
-16.0
-9.0
14.0
18.0
-31.0
23.0
-20.0
-13.0
13.0
28.0
-61.0
-63.0
-50.0
-2.0
4.0
66.0
112.0
34.0
28.0
-25.0
-44.0
-42.0
-9.0
7.0
0.0
-5.0
-12.0
9.0
-11.0
6.0
-4.0
-7.0
23.0
36.0
-19.0
-22.0
-11.0
-20.0
-30.0
-38.0
-23.0
-26.0
-17.0
-32.0
-8.0
23.0
-7.0
-29.0
-48.0
-89.0
-47.0
-47.0
-50.0
-44.0
-6.0
1.0
25.0
59.0
43.0
50.0
56.0
56.0
60.0
55.0
40.0
39.0
33.0
34.0
13.0
-23.0
-2.0
6.0
-7.0
41.0
21.0
-41.0
-37.0
1.0
69.0
74.0
47.0
43.0
4.0
-26.0
-21.0
-53.0
-68.0
-41.0
-36.0
-18.0
-43.0
-40.0
6.0
-8.0
-27.0
-18.0
-32.0
-9.0
-6.0
2.0
1.0
0.0
-28.0
-11.0
-31.0
-22.0
-48.0
-9.0
25.0
-67.0
1.0
4.0
-32.0
12.0
15.0
16.0
29.0
1.0
-19.0
-4.0
7.0
19.0
-9.0
-5.0
-14.0
-21.0
2.0
18.0
-47.0
-35.0
6.0
8.0
23.0
35.0
42.0
-3.0
13.0
-12.0
22.0
2.0
-24.0
-33.0
-48.0
-44.0
2.0
4.0
-28.0
-53.0
-111.0
-3.0
18.0
18.0
16.0
1.0
25.0
22.0
39.0
-7.0
21.0
49.0
33.0
31.0
37.0
9.0
14.0
34.0
4.0
3.0
-62.0
-47.0
-41.0
-52.0
3.0
36.0
5.0
-45.0
-13.0
-24.0
14.0
-28.0
3.0
7.0
-31.0
-15.0
-52.0
-43.0
-92.0
-5.0
-51.0
-41.0
-17.0
-14.0
-66.0
-8.0
-49.0
-17.0
-18.0
30.0
19.0
37.0
25.0
25.0
23.0
17.0
49.0
32.0
30.0
39.0
45.0
25.0
-3.0
-2.0
-9.0
-14.0
-7.0
45.0
18.0
49.0
-47.0
-39.0
-35.0
-40.0
12.0
-16.0
-1.0
-6.0
-29.0
-1.0
4.0
-19.0
-20.0
-20.0
-4.0
-9.0
-30.0
-15.0
-7.0
8.0
-8.0
-43.0
-34.0
-30.0
-31.0
-15.0
-12.0
-28.0
3.0
-19.0
-12.0
13.0
6.0
1.0
-10.0
-20.0
-15.0
3.0
-24.0
-7.0
4.0
1.0
-3.0
-2.0
-29.0
-4.0
-22.0
22.0
27.0
5.0
-12.0
16.0
41.0
39.0
81.0
59.0
20.0
-10.0
-24.0
-35.0
-20.0
-13.0
-22.0
-25.0
-35.0
-46.0
-55.0
-32.0
-24.0
-24.0
-16.0
-10.0
-22.0
-24.0
8.0
-14.0
12.0
-14.0
-57.0
-39.0
18.0
8.0
28.0
26.0
21.0
-20.0
17.0
6.0
3.0
-14.0
21.0
31.0
7.0
5.0
16.0
-12.0
-2.0
8.0
-32.0
-2.0
-9.0
-22.0
-40.0
-30.0
-7.0
41.0
33.0
-5.0
24.0
10.0
-15.0
-13.0
5.0
6.0
-40.0
-31.0
-33.0
-74.0
17.0
38.0
24.0
-26.0
54.0
58.0
7.0
25.0
-13.0
11.0
-3.0
-6.0
-10.0
-5.0
-6.0
-15.0
-2.0
-2.0
-5.0
-5.0
16.0
-33.0
-48.0
-54.0
-46.0
-52.0
-64.0
-31.0
4.0
-10.0
24.0
16.0
-5.0
21.0
15.0
12.0
14.0
9.0
-21.0
4.0
20.0
-7.0
6.0
17.0
31.0
30.0
34.0
24.0
29.0
25.0
-8.0
-11.0
27.0
23.0
7.0
10.0
7.0
14.0
-26.0
-27.0
-23.0
-21.0
5.0
-2.0
-22.0
-25.0
-8.0
-17.0
-24.0
-13.0
-15.0
47.0
60.0
61.0
11.0
14.0
0.0
-22.0
-3.0
-12.0
-7.0
-15.0
-28.0
-8.0
-15.0
-20.0
15.0
-8.0
-37.0
-15.0
-8.0
12.0
7.0
-31.0
-23.0
-25.0
-52.0
-33.0
-39.0
-52.0
-39.0
-26.0
-7.0
-28.0
7.0
14.0
-5.0
-19.0
-4.0
-17.0
19.0
0.0
48.0
18.0
19.0
16.0
33.0
-15.0
28.0
-9.0
-12.0
-2.0
23.0
8.0
13.0
8.0
-10.0
-22.0
-6.0
0.0
-3.0
23.0
-2.0
-14.0
17.0
3.0
-13.0
-6.0
3.0
-5.0
5.0
0.0
-8.0
-38.0
30.0
30.0
-19.0
33.0
12.0
2.0
-31.0
-39.0
-70.0
-63.0
-69.0
-70.0
-4.0
-58.0
-48.0
-46.0
-52.0
0.0
-13.0
-14.0
-3.0
-3.0
24.0
34.0
44.0
52.0
28.0
6.0
55.0
-3.0
11.0
11.0
22.0
28.0
-19.0
-29.0
7.0
-18.0
-30.0
-39.0
-10.0
-13.0
-2.0
-2.0
-29.0
-19.0
-25.0
-54.0
-62.0
15.0
-27.0
-30.0
-25.0
-13.0
-21.0
-17.0
11.0
42.0
33.0
27.0
0.0
-1.0
-11.0
26.0
2.0
-19.0
-31.0
-7.0
-29.0
-3.0
15.0
15.0
-11.0
1.0
-13.0
-44.0
11.0
5.0
24.0
-24.0
-18.0
-18.0
39.0
53.0
70.0
-4.0
16.0
-22.0
2.0
-79.0
-65.0
-76.0
2.0
-54.0
-39.0
-22.0
-24.0
-57.0
-23.0
34.0
1.0
-2.0
-4.0
-25.0
8.0
12.0
3.0
-20.0
-8.0
-36.0
-5.0
3.0
-7.0
-25.0
6.0
-9.0
-5.0
-13.0
-12.0
4.0
-15.0
-16.0
-14.0
-30.0
-40.0
15.0
-9.0
54.0
13.0
18.0
-20.0
-23.0
-7.0
7.0
-11.0
-13.0
18.0
-16.0
-33.0
-11.0
0.0
-3.0
-22.0
-45.0
-30.0
0.0
8.0
27.0
50.0
15.0
23.0
17.0
9.0
-13.0
-20.0
-38.0
-24.0
16.0
-4.0
26.0
-36.0
-32.0
89.0
87.0
71.0
44.0
9.0
16.0
-21.0
-44.0
-28.0
-31.0
-72.0
-57.0
-60.0
-25.0
-37.0
-94.0
-3.0
-15.0
-15.0
-11.0
-29.0
8.0
2.0
6.0
19.0
31.0
50.0
-25.0
12.0
7.0
-70.0
-16.0
-16.0
-19.0
13.0
8.0
-7.0
-29.0
-51.0
-48.0
-13.0
18.0
24.0
-26.0
-24.0
25.0
5.0
0.0
-22.0
-27.0
-31.0
-17.0
-56.0
-46.0
30.0
19.0
39.0
24.0
28.0
24.0
30.0
45.0
13.0
12.0
17.0
52.0
7.0
18.0
-28.0
-31.0
-27.0
-40.0
-43.0
-37.0
-49.0
-47.0
-22.0
-18.0
-22.0
-24.0
-5.0
-31.0
-30.0
-40.0
-73.0
-11.0
-25.0
6.0
-14.0
-8.0
-10.0
1.0
-21.0
29.0
46.0
52.0
60.0
73.0
47.0
51.0
24.0
-10.0
3.0
-15.0
-17.0
-14.0
21.0
6.0
6.0
-1.0
-22.0
-34.0
-9.0
-21.0
-79.0
-48.0
-27.0
-6.0
-30.0
-29.0
20.0
24.0
-7.0
-27.0
-6.0
-25.0
-34.0
-5.0
0.0
-4.0
-6.0
5.0
-35.0
-23.0
-9.0
-26.0
16.0
10.0
15.0
15.0
29.0
40.0
45.0
31.0
17.0
37.0
53.0
1.0
-4.0
-3.0
2.0
-39.0
-86.0
-72.0
-58.0
-43.0
-34.0
-37.0
-1.0
-9.0
-40.0
27.0
64.0
43.0
47.0
25.0
4.0
41.0
9.0
6.0
18.0
6.0
-21.0
-13.0
-46.0
-22.0
-12.0
-7.0
-15.0
-15.0
-14.0
6.0
-9.0
-4.0
-8.0
-33.0
-10.0
-40.0
-35.0
-42.0
1.0
14.0
-6.0
-25.0
-19.0
-18.0
24.0
45.0
13.0
10.0
-42.0
9.0
-1.0
2.0
-1.0
-7.0
-13.0
15.0
-6.0
-1.0
-12.0
-15.0
-17.0
-23.0
6.0
18.0
23.0
-14.0
-16.0
-13.0
3.0
10.0
11.0
-13.0
9.0
-18.0
-11.0
-9.0
-13.0
-7.0
4.0
17.0
14.0
24.0
-22.0
-5.0
1.0
-2.0
4.0
13.0
14.0
-37.0
6.0
3.0
7.0
-7.0
16.0
39.0
10.0
13.0
6.0
-33.0
-56.0
-30.0
-22.0
-25.0
-77.0
-30.0
-4.0
-2.0
-17.0
4.0
2.0
12.0
7.0
-20.0
6.0
3.0
-1.0
2.0
11.0
-13.0
-27.0
-29.0
20.0
28.0
27.0
-29.0
-26.0
-19.0
-34.0
19.0
36.0
-16.0
9.0
-39.0
-4.0
19.0
12.0
14.0
-16.0
0.0
20.0
30.0
12.0
60.0
-26.0
-42.0
-24.0
-23.0
-13.0
5.0
4.0
-29.0
-40.0
-14.0
1.0
23.0
-70.0
-76.0
13.0
-3.0
10.0
-8.0
-20.0
-29.0
-2.0
-9.0
-4.0
-1.0
-26.0
-24.0
-8.0
29.0
13.0
2.0
54.0
44.0
53.0
57.0
17.0
25.0
-33.0
11.0
-12.0
-74.0
-49.0
-58.0
-62.0
-48.0
-59.0
-2.0
-35.0
10.0
13.0
20.0
26.0
30.0
27.0
24.0
42.0
20.0
18.0
37.0
22.0
-17.0
-45.0
-12.0
-17.0
-21.0
-26.0
1.0
6.0
-12.0
-22.0
-29.0
-11.0
-3.0
-15.0
-15.0
-33.0
-45.0
-42.0
-49.0
-46.0
29.0
0.0
-7.0
16.0
26.0
-5.0
-7.0
21.0
47.0
33.0
46.0
33.0
20.0
42.0
45.0
26.0
-22.0
-1.0
-37.0
-49.0
-48.0
0.0
19.0
10.0
8.0
10.0
-6.0
-5.0
-18.0
-44.0
-30.0
-42.0
-52.0
-38.0
-47.0
-17.0
-39.0
-68.0
-30.0
-50.0
-7.0
-27.0
5.0
29.0
32.0
36.0
52.0
85.0
88.0
68.0
65.0
39.0
-1.0
-14.0
-20.0
-13.0
-18.0
-50.0
-36.0
-30.0
-6.0
-17.0
-22.0
-21.0
-26.0
-9.0
-33.0
-20.0
-43.0
-2.0
-26.0
-39.0
-17.0
-20.0
-15.0
-2.0
-8.0
5.0
-3.0
-15.0
-40.0
-40.0
-44.0
-60.0
-62.0
-6.0
24.0
-15.0
18.0
31.0
32.0
25.0
41.0
57.0
85.0
25.0
-39.0
-35.0
-61.0
-18.0
-4.0
-31.0
-83.0
-48.0
-41.0
2.0
-22.0
-19.0
-20.0
35.0
0.0
39.0
34.0
48.0
48.0
69.0
24.0
45.0
35.0
8.0
36.0
-6.0
25.0
-6.0
-8.0
54.0
22.0
9.0
17.0
-29.0
-27.0
-40.0
-36.0
-47.0
-44.0
-37.0
-29.0
9.0
-51.0
22.0
24.0
35.0
-15.0
40.0
38.0
28.0
-3.0
25.0
14.0
-12.0
-4.0
-40.0
-12.0
-22.0
-20.0
-13.0
1.0
32.0
-31.0
-44.0
-27.0
-45.0
-32.0
-30.0
-31.0
-9.0
-40.0
-37.0
-15.0
-12.0
-39.0
16.0
26.0
54.0
60.0
56.0
63.0
51.0
7.0
-40.0
-16.0
-17.0
-6.0
-3.0
-6.0
-15.0
13.0
11.0
-18.0
-59.0
-10.0
-48.0
-47.0
-44.0
-45.0
17.0
-7.0
-31.0
5.0
6.0
30.0
29.0
7.0
0.0
3.0
18.0
31.0
3.0
-26.0
-52.0
0.0
-13.0
37.0
39.0
42.0
52.0
-13.0
9.0
-20.0
-81.0
-74.0
-43.0
-38.0
-5.0
-1.0
-11.0
14.0
2.0
-22.0
12.0
20.0
15.0
22.0
21.0
16.0
19.0
18.0
26.0
33.0
37.0
37.0
30.0
-25.0
-33.0
-29.0
-58.0
-35.0
-23.0
4.0
11.0
2.0
5.0
9.0
0.0
2.0
21.0
24.0
45.0
26.0
2.0
8.0
-9.0
-8.0
-2.0
3.0
22.0
29.0
-45.0
-56.0
-35.0
-12.0
-33.0
-52.0
30.0
31.0
-41.0
20.0
29.0
23.0
22.0
8.0
39.0
-66.0
-45.0
-46.0
-40.0
-18.0
-12.0
-18.0
-1.0
-24.0
4.0
-9.0
32.0
32.0
-11.0
-46.0
-16.0
-43.0
-37.0
-20.0
-48.0
8.0
-15.0
-17.0
12.0
-8.0
1.0
6.0
23.0
6.0
-25.0
-34.0
-48.0
-43.0
-22.0
14.0
3.0
3.0
-15.0
-46.0
-63.0
-103.0
-31.0
-35.0
18.0
-22.0
48.0
48.0
16.0
-23.0
-2.0
47.0
33.0
33.0
11.0
-34.0
-18.0
-29.0
-4.0
27.0
23.0
2.0
39.0
38.0
38.0
49.0
59.0
43.0
-6.0
8.0
2.0
-13.0
-11.0
-17.0
4.0
-6.0
-37.0
-35.0
-8.0
-38.0
-63.0
-20.0
7.0
3.0
18.0
-6.0
9.0
24.0
35.0
14.0
19.0
9.0
0.0
-1.0
-28.0
11.0
27.0
14.0
-3.0
-35.0
-4.0
39.0
7.0
7.0
-16.0
-37.0
-23.0
-38.0
-20.0
4.0
-9.0
-4.0
-30.0
-42.0
-42.0
13.0
8.0
-9.0
22.0
2.0
18.0
-7.0
-21.0
-18.0
-18.0
4.0
14.0
53.0
21.0
10.0
-17.0
-39.0
-26.0
-21.0
15.0
-32.0
-35.0
-11.0
-26.0
-10.0
-43.0
-57.0
-44.0
-41.0
10.0
0.0
-2.0
3.0
27.0
6.0
-12.0
28.0
4.0
6.0
-31.0
-53.0
-16.0
-13.0
8.0
17.0
9.0
-35.0
-20.0
-17.0
-3.0
-12.0
-40.0
-49.0
-51.0
-22.0
20.0
-34.0
-33.0
-38.0
-10.0
26.0
33.0
36.0
59.0
69.0
50.0
38.0
28.0
26.0
2.0
-2.0
7.0
-20.0
-57.0
-20.0
-22.0
-17.0
-23.0
-27.0
-37.0
-29.0
-34.0
-29.0
11.0
26.0
13.0
22.0
-15.0
-26.0
7.0
22.0
0.0
-19.0
-24.0
-4.0
-23.0
-2.0
1.0
-3.0
-15.0
-17.0
-11.0
11.0
17.0
-5.0
-23.0
-1.0
-2.0
8.0
-18.0
0.0
7.0
23.0
-2.0
-34.0
-26.0
-23.0
15.0
26.0
-2.0
33.0
13.0
-25.0
-2.0
-46.0
10.0
-2.0
-26.0
-23.0
-20.0
-20.0
-2.0
1.0
9.0
-15.0
-11.0
-13.0
-25.0
-25.0
-20.0
-8.0
-18.0
-38.0
-10.0
24.0
-11.0
6.0
-14.0
-13.0
24.0
13.0
16.0
-10.0
1.0
6.0
-61.0
-40.0
12.0
12.0
-26.0
35.0
-3.0
-24.0
2.0
14.0
25.0
20.0
5.0
-6.0
30.0
-5.0
33.0
-13.0
13.0
-1.0
12.0
53.0
45.0
40.0
33.0
19.0
-13.0
-13.0
-47.0
-13.0
-28.0
-45.0
-47.0
-50.0
-34.0
-37.0
-47.0
-16.0
-3.0
-6.0
-21.0
-21.0
-13.0
-3.0
39.0
10.0
4.0
-27.0
-42.0
14.0
-8.0
-55.0
-46.0
-42.0
-35.0
-28.0
-15.0
-1.0
12.0
7.0
-6.0
13.0
-29.0
-37.0
2.0
-14.0
0.0
11.0
-30.0
-44.0
9.0
13.0
7.0
6.0
4.0
-20.0
11.0
26.0
37.0
39.0
-27.0
26.0
22.0
32.0
32.0
-20.0
0.0
0.0
-15.0
-6.0
10.0
-16.0
-33.0
-25.0
-21.0
0.0
-16.0
-19.0
-4.0
41.0
-15.0
5.0
7.0
4.0
-46.0
-30.0
13.0
-17.0
14.0
25.0
-36.0
45.0
-5.0
-4.0
1.0
1.0
-10.0
-27.0
23.0
25.0
27.0
-24.0
-14.0
-17.0
-38.0
-11.0
-20.0
6.0
-1.0
13.0
-15.0
-1.0
12.0
2.0
-6.0
26.0
-26.0
4.0
20.0
-1.0
-20.0
10.0
-18.0
-22.0
-33.0
-32.0
-26.0
-18.0
19.0
2.0
5.0
40.0
38.0
39.0
17.0
-20.0
-2.0
-20.0
9.0
-37.0
3.0
-26.0
-77.0
-82.0
-67.0
-5.0
24.0
7.0
0.0
3.0
-11.0
14.0
0.0
6.0
-9.0
-17.0
-28.0
25.0
-10.0
7.0
-20.0
-11.0
-24.0
-24.0
-13.0
13.0
28.0
-5.0
23.0
35.0
-5.0
36.0
3.0
3.0
-19.0
-36.0
-46.0
19.0
-17.0
33.0
9.0
0.0
-46.0
-47.0
-24.0
-27.0
19.0
51.0
53.0
43.0
52.0
12.0
28.0
25.0
39.0
6.0
2.0
-3.0
-26.0
-45.0
-33.0
-23.0
-9.0
-7.0
-33.0
-11.0
-31.0
-23.0
-16.0
4.0
-33.0
-24.0
11.0
11.0
28.0
6.0
-24.0
-10.0
-21.0
-11.0
14.0
27.0
-25.0
-31.0
-4.0
-11.0
-3.0
14.0
-7.0
-17.0
-7.0
0.0
-18.0
-12.0
2.0
29.0
-2.0
10.0
-33.0
47.0
-37.0
-3.0
-83.0
-96.0
-38.0
-4.0
3.0
29.0
-35.0
-53.0
-17.0
38.0
-4.0
-1.0
3.0
-11.0
9.0
84.0
59.0
4.0
-48.0
-7.0
-18.0
-8.0
-5.0
-6.0
8.0
-6.0
-39.0
-21.0
-12.0
15.0
1.0
9.0
-17.0
-37.0
12.0
-5.0
-28.0
-48.0
-43.0
-8.0
20.0
16.0
-17.0
-10.0
-14.0
-22.0
64.0
-7.0
40.0
4.0
18.0
15.0
22.0
15.0
40.0
-7.0
-1.0
-29.0
-47.0
-77.0
-80.0
-77.0
-60.0
-31.0
-3.0
-28.0
17.0
-8.0
-1.0
-62.0
-35.0
-32.0
16.0
-11.0
-45.0
8.0
3.0
8.0
-21.0
-36.0
11.0
14.0
34.0
-23.0
-23.0
25.0
-37.0
-31.0
27.0
50.0
50.0
55.0
6.0
52.0
11.0
24.0
0.0
8.0
8.0
10.0
24.0
20.0
-5.0
-10.0
-14.0
-13.0
-4.0
-29.0
-22.0
-33.0
17.0
22.0
3.0
0.0
-27.0
-5.0
-20.0
-9.0
-3.0
-25.0
-11.0
-12.0
-53.0
-26.0
-22.0
11.0
26.0
12.0
-5.0
3.0
5.0
5.0
10.0
-10.0
-38.0
-22.0
8.0
0.0
13.0
-8.0
-37.0
-40.0
-27.0
-2.0
-3.0
38.0
5.0
-14.0
-34.0
7.0
-5.0
-9.0
-15.0
9.0
8.0
26.0
-5.0
4.0
-13.0
0.0
-11.0
-7.0
-39.0
43.0
9.0
33.0
-15.0
14.0
21.0
27.0
2.0
2.0
-5.0
9.0
-19.0
-33.0
11.0
27.0
4.0
0.0
-23.0
-23.0
40.0
-9.0
-48.0
6.0
46.0
38.0
35.0
-24.0
-9.0
-4.0
-10.0
-47.0
-43.0
-35.0
-45.0
-41.0
-72.0
-37.0
-30.0
-35.0
-26.0
-14.0
-16.0
2.0
-34.0
-4.0
-1.0
-2.0
17.0
18.0
26.0
16.0
-16.0
-1.0
30.0
-20.0
-6.0
11.0
-7.0
-9.0
22.0
25.0
8.0
-41.0
-10.0
-15.0
11.0
-34.0
-8.0
-10.0
-24.0
4.0
-1.0
-3.0
14.0
-11.0
19.0
-4.0
-25.0
-31.0
-17.0
-16.0
-11.0
9.0
-23.0
-30.0
-7.0
3.0
-13.0
-16.0
13.0
7.0
0.0
-4.0
22.0
0.0
-12.0
9.0
-10.0
-19.0
11.0
32.0
43.0
27.0
18.0
-8.0
-38.0
-69.0
-55.0
-58.0
10.0
24.0
6.0
-17.0
-13.0
-10.0
-26.0
-23.0
-4.0
-13.0
-13.0
-32.0
6.0
4.0
-33.0
-40.0
-7.0
-29.0
-8.0
-2.0
18.0
39.0
18.0
18.0
43.0
39.0
11.0
33.0
-1.0
-1.0
31.0
-22.0
-59.0
-15.0
8.0
-22.0
18.0
-20.0
-2.0
-4.0
-46.0
-70.0
-40.0
-4.0
23.0
47.0
31.0
22.0
52.0
50.0
28.0
0.0
16.0
-13.0
-27.0
20.0
-12.0
-39.0
-32.0
-21.0
9.0
2.0
12.0
-25.0
-6.0
-74.0
-66.0
-37.0
-46.0
-48.0
-25.0
43.0
22.0
19.0
5.0
-14.0
5.0
-9.0
6.0
1.0
-8.0
72.0
24.0
-12.0
-13.0
9.0
17.0
38.0
28.0
30.0
2.0
1.0
7.0
-7.0
-40.0
-33.0
-35.0
-7.0
-13.0
-19.0
-1.0
-25.0
13.0
-5.0
-11.0
19.0
-21.0
-9.0
-35.0
-36.0
-16.0
-60.0
-32.0
-30.0
-2.0
-18.0
15.0
10.0
-5.0
-2.0
21.0
-3.0
13.0
28.0
1.0
-7.0
-3.0
-37.0
-29.0
-33.0
-7.0
-9.0
-23.0
-2.0
20.0
20.0
5.0
-26.0
-8.0
-11.0
13.0
-11.0
12.0
24.0
-4.0
-28.0
-37.0
-20.0
-32.0
-24.0
-27.0
-7.0
-12.0
-18.0
-44.0
-50.0
-36.0
-4.0
-1.0
0.0
12.0
28.0
10.0
-29.0
-24.0
15.0
-12.0
30.0
38.0
39.0
-10.0
-12.0
7.0
33.0
38.0
26.0
-1.0
-2.0
-51.0
-51.0
37.0
-42.0
12.0
11.0
35.0
9.0
-7.0
16.0
31.0
40.0
-4.0
-23.0
-39.0
15.0
-19.0
-4.0
-27.0
-2.0
-25.0
-30.0
-6.0
-18.0
-23.0
-10.0
-15.0
-47.0
-11.0
-12.0
-9.0
-16.0
-19.0
8.0
-2.0
5.0
-27.0
-9.0
7.0
2.0
-4.0
-4.0
10.0
7.0
-17.0
-4.0
37.0
-4.0
-26.0
-11.0
11.0
2.0
-2.0
24.0
17.0
-10.0
-31.0
9.0
4.0
-10.0
-37.0
-34.0
17.0
-21.0
-3.0
-18.0
5.0
-11.0
10.0
1.0
-30.0
-28.0
-2.0
9.0
12.0
11.0
17.0
15.0
0.0
21.0
-3.0
-2.0
-5.0
-23.0
0.0
21.0
-24.0
-14.0
14.0
14.0
23.0
19.0
-11.0
12.0
-15.0
1.0
6.0
35.0
50.0
36.0
18.0
15.0
5.0
13.0
-30.0
6.0
-15.0
-8.0
-29.0
-6.0
-45.0
-45.0
-2.0
-5.0
-10.0
-17.0
1.0
-20.0
-18.0
-17.0
1.0
-6.0
-29.0
-37.0
-24.0
-26.0
-9.0
-14.0
54.0
41.0
1.0
3.0
-6.0
-7.0
39.0
20.0
-26.0
-29.0
-5.0
-23.0
-1.0
-6.0
1.0
-4.0
-15.0
-5.0
10.0
8.0
-1.0
-37.0
-11.0
-7.0
6.0
-35.0
-46.0
-53.0
-10.0
-44.0
-22.0
-19.0
16.0
13.0
3.0
4.0
-3.0
-9.0
-9.0
10.0
2.0
37.0
6.0
10.0
5.0
8.0
-12.0
-10.0
-33.0
19.0
41.0
14.0
-11.0
-5.0
27.0
-7.0
6.0
1.0
-4.0
-16.0
-17.0
9.0
-9.0
-5.0
-1.0
10.0
-11.0
-12.0
-10.0
-33.0
-60.0
-8.0
-18.0
-20.0
-12.0
17.0
13.0
12.0
-28.0
-12.0
-16.0
-1.0
-8.0
-11.0
-33.0
8.0
20.0
8.0
29.0
56.0
24.0
-8.0
-29.0
-29.0
-14.0
-33.0
-17.0
19.0
-15.0
-19.0
1.0
7.0
-7.0
-2.0
-27.0
-15.0
-11.0
15.0
10.0
6.0
-15.0
-14.0
1.0
1.0
-10.0
-32.0
-7.0
5.0
5.0
-26.0
-19.0
-21.0
-27.0
-26.0
19.0
8.0
13.0
27.0
41.0
39.0
38.0
36.0
15.0
15.0
2.0
1.0
-18.0
-37.0
-3.0
-14.0
-39.0
-1.0
6.0
7.0
-5.0
-4.0
20.0
0.0
-16.0
5.0
-15.0
-41.0
-36.0
-43.0
-16.0
-12.0
-10.0
-45.0
-18.0
-7.0
2.0
-61.0
-53.0
-54.0
-53.0
-42.0
46.0
11.0
29.0
29.0
31.0
20.0
34.0
32.0
10.0
35.0
39.0
20.0
9.0
-19.0
-4.0
19.0
0.0
-3.0
-25.0
-35.0
-32.0
-25.0
-37.0
-18.0
-19.0
-17.0
-18.0
-18.0
-9.0
-4.0
19.0
10.0
10.0
-23.0
-3.0
-27.0
-27.0
-33.0
-54.0
-19.0
-7.0
2.0
-24.0
-24.0
-34.0
-15.0
-51.0
-54.0
-34.0
8.0
-17.0
-36.0
-49.0
-19.0
-23.0
-3.0
4.0
-6.0
36.0
8.0
-34.0
-5.0
16.0
-15.0
-19.0
13.0
13.0
14.0
3.0
7.0
3.0
4.0
2.0
-7.0
-6.0
13.0
26.0
14.0
33.0
31.0
18.0
18.0
7.0
26.0
28.0
42.0
45.0
40.0
31.0
20.0
3.0
11.0
30.0
23.0
23.0
33.0
27.0
28.0
24.0
57.0
62.0
44.0
57.0
49.0
45.0
61.0
49.0
55.0
65.0
43.0
50.0
14.0
-9.0
-14.0
-6.0
-13.0
-86.0
-95.0
-70.0
-143.0
-123.0
-103.0
-106.0
-103.0
-100.0
-114.0
-112.0
-117.0
-85.0
-79.0
-46.0
-64.0
18.0
-40.0
-25.0
-54.0
-3.0
-5.0
-36.0
-9.0
-25.0
-18.0
-14.0
-33.0
-17.0
-25.0
-40.0
-39.0
-36.0
-8.0
-22.0
-1.0
2.0
-14.0
17.0
50.0
60.0
69.0
32.0
41.0
20.0
3.0
-14.0
20.0
-1.0
-12.0
-17.0
-15.0
-36.0
-20.0
0.0
-48.0
-9.0
-29.0
-41.0
-21.0
-33.0
-22.0
-27.0
-11.0
-18.0
-7.0
-24.0
-34.0
-9.0
-34.0
15.0
25.0
-6.0
3.0
32.0
60.0
61.0
46.0
61.0
53.0
54.0
57.0
26.0
52.0
31.0
33.0
2.0
-7.0
-32.0
-20.0
-31.0
-34.0
3.0
-32.0
6.0
-2.0
10.0
-17.0
-35.0
-31.0
-2.0
3.0
-2.0
-12.0
-8.0
-30.0
-28.0
-22.0
3.0
6.0
7.0
13.0
3.0
-14.0
10.0
19.0
35.0
34.0
8.0
-4.0
26.0
16.0
-20.0
13.0
-15.0
-31.0
-43.0
-21.0
-18.0
-4.0
-26.0
-33.0
-35.0
-19.0
5.0
13.0
23.0
8.0
-13.0
6.0
10.0
15.0
16.0
-1.0
11.0
18.0
10.0
-25.0
-43.0
-6.0
-11.0
-13.0
-8.0
-1.0
-23.0
-16.0
-13.0
9.0
14.0
-13.0
-37.0
-33.0
-31.0
-4.0
-25.0
-1.0
-16.0
-9.0
-21.0
3.0
12.0
4.0
-3.0
-1.0
29.0
19.0
20.0
42.0
7.0
6.0
38.0
37.0
23.0
22.0
-10.0
-14.0
-2.0
3.0
4.0
-23.0
-27.0
-25.0
13.0
15.0
-14.0
-8.0
-14.0
-2.0
-8.0
19.0
32.0
35.0
-16.0
-36.0
-28.0
13.0
15.0
-1.0
-49.0
1.0
19.0
25.0
19.0
23.0
10.0
20.0
25.0
-16.0
-37.0
-7.0
-18.0
-15.0
-34.0
-35.0
-33.0
-20.0
-30.0
-15.0
4.0
0.0
11.0
16.0
-33.0
2.0
-11.0
7.0
22.0
-9.0
-12.0
-11.0
-6.0
-12.0
23.0
28.0
-17.0
-60.0
-70.0
23.0
-22.0
21.0
13.0
6.0
-2.0
-9.0
-9.0
27.0
16.0
-1.0
-1.0
-35.0
-21.0
-17.0
-15.0
-20.0
-35.0
-46.0
-33.0
-42.0
-11.0
-13.0
-7.0
-4.0
16.0
50.0
44.0
9.0
-7.0
-2.0
-2.0
10.0
-12.0
-12.0
-21.0
16.0
-35.0
-15.0
-14.0
-29.0
-57.0
5.0
33.0
43.0
44.0
49.0
20.0
13.0
-39.0
9.0
-37.0
4.0
30.0
25.0
54.0
32.0
54.0
38.0
18.0
-1.0
4.0
-5.0
8.0
16.0
-10.0
-5.0
-25.0
-41.0
-33.0
-32.0
-2.0
-30.0
2.0
-6.0
-5.0
-2.0
20.0
-35.0
-2.0
-15.0
32.0
-11.0
20.0
23.0
-23.0
-51.0
-29.0
-35.0
-21.0
-7.0
-2.0
-18.0
-4.0
-5.0
-18.0
10.0
37.0
3.0
-28.0
4.0
-12.0
8.0
-23.0
-25.0
18.0
19.0
43.0
10.0
11.0
-3.0
-8.0
-5.0
-9.0
-2.0
-22.0
4.0
2.0
-15.0
-34.0
-5.0
-20.0
13.0
-5.0
-17.0
4.0
26.0
26.0
-17.0
-37.0
-10.0
-41.0
-34.0
2.0
0.0
3.0
-47.0
-11.0
-13.0
15.0
-31.0
14.0
-16.0
5.0
-2.0
-4.0
-14.0
-35.0
-22.0
-11.0
-22.0
-20.0
27.0
13.0
13.0
25.0
-10.0
-7.0
3.0
5.0
-5.0
-5.0
0.0
15.0
15.0
33.0
27.0
-69.0
-8.0
-8.0
12.0
38.0
41.0
8.0
2.0
6.0
-2.0
3.0
-11.0
-39.0
-17.0
-27.0
-1.0
-35.0
-41.0
8.0
-10.0
-2.0
-8.0
0.0
-22.0
-28.0
-38.0
-76.0
-80.0
-11.0
10.0
46.0
83.0
51.0
11.0
19.0
22.0
37.0
33.0
-20.0
-6.0
-26.0
-31.0
-34.0
-64.0
-15.0
-40.0
2.0
-2.0
-42.0
-4.0
16.0
-3.0
6.0
-10.0
-26.0
-28.0
-27.0
-24.0
-8.0
-9.0
9.0
8.0
1.0
-16.0
32.0
41.0
39.0
43.0
32.0
31.0
8.0
-3.0
22.0
25.0
4.0
24.0
-3.0
-2.0
-27.0
-26.0
-7.0
6.0
-11.0
-28.0
-36.0
-19.0
-27.0
-36.0
2.0
-35.0
-39.0
-42.0
-21.0
18.0
8.0
10.0
34.0
37.0
29.0
7.0
-3.0
-11.0
-2.0
-28.0
-29.0
-40.0
-28.0
-23.0
-39.0
-33.0
17.0
7.0
1.0
4.0
-12.0
-37.0
-27.0
-32.0
-47.0
-24.0
36.0
13.0
5.0
54.0
13.0
11.0
-28.0
-30.0
-6.0
-25.0
-4.0
-39.0
-8.0
18.0
35.0
17.0
6.0
5.0
11.0
4.0
-6.0
7.0
9.0
-15.0
20.0
-17.0
-13.0
-15.0
-60.0
-82.0
-19.0
-17.0
17.0
-14.0
6.0
2.0
26.0
26.0
15.0
44.0
37.0
46.0
26.0
0.0
38.0
16.0
-2.0
1.0
-66.0
-15.0
-1.0
-11.0
-24.0
-26.0
-36.0
-15.0
-30.0
-35.0
-61.0
-42.0
-43.0
-28.0
10.0
25.0
37.0
28.0
41.0
39.0
6.0
5.0
27.0
15.0
2.0
-27.0
-6.0
-25.0
-13.0
-17.0
-18.0
-12.0
-17.0
-44.0
-19.0
-31.0
-15.0
-6.0
-22.0
-24.0
17.0
-15.0
28.0
-21.0
-46.0
-4.0
-29.0
-29.0
-35.0
-29.0
-31.0
-37.0
8.0
25.0
0.0
17.0
26.0
41.0
13.0
10.0
46.0
5.0
7.0
-20.0
-10.0
4.0
2.0
-4.0
6.0
6.0
-46.0
-27.0
-56.0
-29.0
-57.0
-39.0
22.0
45.0
29.0
29.0
26.0
18.0
21.0
-1.0
14.0
31.0
25.0
31.0
38.0
43.0
12.0
-44.0
-26.0
-37.0
-6.0
-5.0
-80.0
-7.0
-33.0
-40.0
-69.0
-43.0
-30.0
-81.0
-20.0
-14.0
-31.0
-13.0
18.0
25.0
86.0
-14.0
-23.0
8.0
-4.0
7.0
-40.0
-6.0
4.0
4.0
-3.0
-27.0
10.0
-12.0
-1.0
7.0
-36.0
-49.0
-4.0
0.0
-1.0
23.0
-4.0
-17.0
2.0
1.0
36.0
36.0
65.0
56.0
65.0
27.0
50.0
11.0
5.0
5.0
-15.0
-38.0
-3.0
-6.0
3.0
-18.0
-62.0
-18.0
-31.0
14.0
0.0
16.0
-10.0
-6.0
-28.0
-8.0
-46.0
-15.0
-25.0
-33.0
-68.0
-1.0
1.0
4.0
-16.0
-33.0
-37.0
53.0
19.0
21.0
15.0
1.0
20.0
23.0
-13.0
-21.0
-16.0
10.0
32.0
20.0
-17.0
-31.0
-51.0
-48.0
9.0
-4.0
2.0
9.0
-12.0
-20.0
-23.0
-32.0
3.0
4.0
-6.0
15.0
-21.0
-8.0
12.0
6.0
5.0
3.0
55.0
59.0
28.0
17.0
9.0
-1.0
-7.0
-24.0
-42.0
-22.0
-36.0
-26.0
-16.0
-8.0
12.0
15.0
-18.0
-13.0
-6.0
18.0
-18.0
-21.0
-12.0
-6.0
8.0
-1.0
-55.0
4.0
-11.0
7.0
-42.0
-39.0
-16.0
-13.0
-33.0
-31.0
-8.0
-18.0
-4.0
10.0
38.0
39.0
49.0
17.0
6.0
-15.0
-12.0
-51.0
-166.0
-96.0
38.0
41.0
-43.0
33.0
32.0
18.0
52.0
13.0
4.0
16.0
20.0
20.0
-3.0
-9.0
27.0
-3.0
17.0
23.0
-29.0
-16.0
-11.0
-9.0
1.0
20.0
2.0
2.0
-15.0
-6.0
-1.0
16.0
6.0
6.0
6.0
22.0
25.0
-7.0
3.0
-5.0
-22.0
-19.0
7.0
4.0
7.0
-14.0
-22.0
7.0
25.0
-18.0
-42.0
-65.0
-39.0
-38.0
-17.0
-9.0
-11.0
11.0
3.0
9.0
12.0
0.0
19.0
18.0
24.0
-18.0
-16.0
-49.0
3.0
13.0
-24.0
-16.0
-28.0
-26.0
-23.0
-28.0
8.0
8.0
-9.0
8.0
27.0
-19.0
27.0
27.0
62.0
80.0
25.0
5.0
-2.0
-1.0
4.0
9.0
-17.0
-11.0
-2.0
-28.0
-14.0
7.0
6.0
-48.0
-44.0
-26.0
-30.0
-29.0
7.0
-20.0
11.0
27.0
2.0
-20.0
-13.0
-12.0
27.0
29.0
2.0
-15.0
19.0
-44.0
-19.0
-42.0
-32.0
-11.0
-61.0
-59.0
-31.0
-7.0
-7.0
-7.0
36.0
12.0
41.0
39.0
12.0
8.0
6.0
-9.0
17.0
-27.0
-4.0
3.0
36.0
7.0
-1.0
-3.0
-9.0
-52.0
-74.0
-43.0
1.0
1.0
25.0
40.0
24.0
23.0
3.0
11.0
16.0
13.0
5.0
4.0
-24.0
-17.0
-48.0
-46.0
-51.0
-57.0
-46.0
-22.0
-26.0
-1.0
-1.0
-7.0
25.0
22.0
29.0
22.0
26.0
15.0
10.0
23.0
-17.0
-1.0
6.0
-3.0
3.0
-16.0
-17.0
0.0
2.0
-4.0
-4.0
-11.0
-16.0
-6.0
-13.0
-29.0
7.0
15.0
19.0
50.0
-19.0
6.0
-14.0
-9.0
-24.0
3.0
-28.0
-81.0
-72.0
-97.0
-127.0
-23.0
-24.0
-35.0
-58.0
-14.0
21.0
51.0
72.0
91.0
50.0
26.0
28.0
29.0
34.0
54.0
29.0
21.0
27.0
26.0
14.0
-13.0
9.0
7.0
-18.0
-46.0
-6.0
-24.0
-32.0
-37.0
-75.0
-40.0
-23.0
-22.0
-40.0
-41.0
-59.0
-29.0
-13.0
-8.0
3.0
-9.0
24.0
23.0
42.0
25.0
55.0
90.0
31.0
43.0
20.0
7.0
-2.0
-7.0
-18.0
-13.0
25.0
-4.0
0.0
-12.0
-18.0
8.0
-18.0
-7.0
-13.0
-41.0
-32.0
-49.0
-53.0
-48.0
-93.0
-127.0
-85.0
-90.0
-13.0
11.0
17.0
-15.0
10.0
59.0
61.0
70.0
75.0
72.0
33.0
6.0
16.0
16.0
-6.0
20.0
14.0
-7.0
3.0
3.0
-33.0
-35.0
-46.0
-69.0
-51.0
-70.0
-24.0
-24.0
-20.0
-19.0
-19.0
1.0
-3.0
17.0
4.0
19.0
30.0
6.0
0.0
2.0
15.0
-26.0
-15.0
-23.0
-12.0
52.0
-13.0
-2.0
-35.0
-29.0
6.0
-12.0
-11.0
7.0
-18.0
-32.0
-10.0
-36.0
-30.0
-35.0
-21.0
-13.0
-26.0
6.0
2.0
-22.0
-14.0
10.0
17.0
16.0
9.0
-20.0
-9.0
7.0
28.0
31.0
1.0
22.0
-25.0
-18.0
-47.0
-27.0
-37.0
-29.0
-10.0
-28.0
-12.0
17.0
-15.0
-27.0
6.0
18.0
35.0
-7.0
-20.0
-1.0
-2.0
19.0
-31.0
-27.0
-16.0
-13.0
20.0
-2.0
17.0
-11.0
-8.0
24.0
19.0
23.0
-20.0
-14.0
-36.0
-26.0
-15.0
6.0
-39.0
-9.0
-42.0
-29.0
-1.0
-24.0
6.0
-29.0
-11.0
13.0
-1.0
-12.0
32.0
42.0
43.0
35.0
70.0
28.0
27.0
11.0
5.0
-5.0
-28.0
-27.0
-1.0
-6.0
0.0
24.0
-13.0
-48.0
-28.0
-24.0
5.0
-6.0
-10.0
-22.0
-20.0
-18.0
-5.0
-4.0
3.0
-8.0
9.0
10.0
6.0
37.0
5.0
9.0
-6.0
-4.0
-7.0
-64.0
-54.0
-49.0
-57.0
-44.0
-55.0
-48.0
-64.0
-33.0
-63.0
-6.0
48.0
53.0
-4.0
3.0
81.0
69.0
28.0
11.0
43.0
18.0
29.0
30.0
26.0
-14.0
-15.0
5.0
6.0
35.0
31.0
27.0
17.0
13.0
7.0
7.0
-20.0
14.0
-43.0
-16.0
-20.0
9.0
-29.0
-23.0
-7.0
-2.0
-8.0
-5.0
-4.0
19.0
-1.0
-23.0
-6.0
-9.0
-50.0
-53.0
-35.0
-3.0
-22.0
-4.0
-10.0
3.0
6.0
7.0
4.0
4.0
-40.0
-41.0
-1.0
-27.0
-10.0
-15.0
-13.0
-5.0
-15.0
12.0
-37.0
-20.0
-17.0
-2.0
-4.0
24.0
18.0
19.0
14.0
1.0
3.0
16.0
38.0
-12.0
-20.0
-26.0
-4.0
0.0
-2.0
14.0
-2.0
-8.0
4.0
-21.0
-31.0
-14.0
16.0
13.0
-17.0
-26.0
-19.0
-28.0
31.0
9.0
-8.0
9.0
18.0
17.0
4.0
-10.0
-20.0
11.0
4.0
-22.0
0.0
-14.0
-11.0
-15.0
1.0
20.0
25.0
54.0
15.0
4.0
15.0
30.0
-21.0
-22.0
-13.0
4.0
33.0
15.0
-28.0
-23.0
-30.0
-48.0
-27.0
-20.0
-17.0
-30.0
-21.0
39.0
2.0
12.0
27.0
11.0
0.0
0.0
34.0
4.0
-11.0
-31.0
-19.0
-26.0
-29.0
-51.0
-5.0
4.0
11.0
-2.0
-15.0
-23.0
-18.0
-39.0
-3.0
-4.0
-5.0
-7.0
9.0
2.0
9.0
-7.0
17.0
12.0
45.0
19.0
18.0
13.0
7.0
25.0
2.0
-5.0
-24.0
0.0
-17.0
-11.0
-38.0
-35.0
-22.0
-15.0
10.0
8.0
-11.0
4.0
-20.0
0.0
4.0
0.0
-31.0
-48.0
21.0
23.0
17.0
29.0
33.0
7.0
13.0
10.0
-37.0
13.0
28.0
31.0
16.0
9.0
-17.0
-38.0
-25.0
-22.0
-2.0
-19.0
-11.0
10.0
26.0
-13.0
28.0
16.0
-13.0
-9.0
18.0
-15.0
6.0
-58.0
-55.0
-36.0
32.0
45.0
9.0
12.0
-21.0
-30.0
-52.0
-13.0
-12.0
7.0
23.0
4.0
25.0
23.0
-7.0
9.0
-15.0
-23.0
-19.0
-40.0
-10.0
13.0
-3.0
1.0
41.0
12.0
-18.0
-4.0
2.0
-28.0
-37.0
-37.0
-13.0
-21.0
-17.0
-6.0
7.0
-7.0
31.0
-36.0
-12.0
4.0
-14.0
-15.0
20.0
-13.0
-17.0
-5.0
10.0
27.0
6.0
46.0
26.0
26.0
3.0
-14.0
-23.0
-11.0
0.0
-38.0
-45.0
-51.0
-5.0
-3.0
-9.0
-11.0
-4.0
31.0
-17.0
4.0
-8.0
1.0
-14.0
-17.0
-13.0
-26.0
-2.0
-22.0
-5.0
-7.0
-8.0
-7.0
-13.0
-10.0
-8.0
-14.0
18.0
-2.0
3.0
-27.0
-16.0
-20.0
-24.0
-22.0
6.0
-11.0
12.0
0.0
2.0
3.0
5.0
8.0
8.0
6.0
-1.0
-26.0
-10.0
20.0
26.0
-16.0
-5.0
12.0
10.0
10.0
-11.0
4.0
-37.0
-26.0
-18.0
-34.0
-19.0
8.0
-2.0
0.0
-48.0
-14.0
-3.0
-1.0
-1.0
13.0
44.0
19.0
41.0
43.0
22.0
9.0
27.0
0.0
-5.0
-26.0
0.0
-37.0
18.0
10.0
-18.0
-6.0
-33.0
-14.0
-24.0
-2.0
-24.0
-34.0
-16.0
-20.0
-10.0
5.0
19.0
-17.0
-21.0
4.0
4.0
-3.0
-9.0
-5.0
1.0
-11.0
-50.0
46.0
-5.0
19.0
2.0
20.0
21.0
20.0
-18.0
-21.0
-39.0
-26.0
-7.0
25.0
-11.0
-33.0
-19.0
-19.0
-1.0
-5.0
-19.0
-6.0
9.0
22.0
-28.0
6.0
39.0
38.0
4.0
7.0
-9.0
3.0
33.0
-25.0
-49.0
-20.0
-36.0
-36.0
20.0
-2.0
-15.0
-2.0
-67.0
-30.0
-2.0
2.0
20.0
24.0
6.0
50.0
21.0
15.0
11.0
-29.0
-14.0
21.0
-3.0
-7.0
-20.0
-26.0
-7.0
-13.0
10.0
13.0
-18.0
-7.0
-16.0
-15.0
-6.0
-7.0
-21.0
-1.0
-9.0
-16.0
1.0
-8.0
8.0
11.0
22.0
11.0
-8.0
-14.0
0.0
11.0
-9.0
-27.0
16.0
19.0
10.0
0.0
-22.0
-3.0
-20.0
-18.0
-13.0
-11.0
-23.0
-26.0
-35.0
-10.0
-7.0
9.0
-3.0
-13.0
-16.0
-10.0
-15.0
-23.0
-11.0
-1.0
-9.0
11.0
5.0
22.0
-6.0
-13.0
-14.0
-28.0
-22.0
-25.0
-5.0
-29.0
7.0
-20.0
-43.0
-4.0
-53.0
-63.0
-57.0
84.0
-35.0
36.0
43.0
35.0
39.0
18.0
20.0
24.0
20.0
-17.0
-32.0
3.0
-6.0
-29.0
-21.0
-35.0
-39.0
-43.0
9.0
-11.0
20.0
-4.0
-22.0
-20.0
-11.0
4.0
8.0
0.0
10.0
8.0
-46.0
16.0
36.0
30.0
32.0
-38.0
-20.0
-21.0
-8.0
-5.0
39.0
-4.0
-20.0
-28.0
-4.0
-9.0
-18.0
-25.0
-59.0
-5.0
20.0
5.0
-6.0
-10.0
2.0
11.0
20.0
22.0
2.0
-18.0
-28.0
11.0
-11.0
-11.0
-14.0
-2.0
-13.0
-8.0
-9.0
6.0
-34.0
11.0
32.0
32.0
13.0
6.0
3.0
-1.0
-42.0
-10.0
-23.0
-31.0
-37.0
-12.0
-38.0
3.0
-11.0
-10.0
1.0
2.0
-5.0
16.0
4.0
-22.0
-13.0
13.0
13.0
10.0
17.0
-10.0
-2.0
-18.0
-6.0
-5.0
5.0
-21.0
-24.0
-26.0
28.0
13.0
16.0
20.0
3.0
-4.0
9.0
-23.0
-18.0
-21.0
7.0
-10.0
-10.0
-13.0
-13.0
-17.0
-12.0
28.0
-4.0
4.0
7.0
7.0
-31.0
-28.0
-9.0
-20.0
-35.0
-29.0
-33.0
-30.0
-4.0
5.0
10.0
20.0
15.0
-2.0
34.0
18.0
4.0
-2.0
4.0
-3.0
7.0
-7.0
28.0
34.0
-40.0
24.0
-26.0
-24.0
0.0
-50.0
-29.0
1.0
-31.0
17.0
14.0
-78.0
-64.0
-65.0
-25.0
1.0
32.0
18.0
-7.0
17.0
32.0
0.0
-59.0
-53.0
-62.0
-50.0
-28.0
-17.0
-13.0
30.0
46.0
0.0
19.0
20.0
-20.0
-17.0
4.0
6.0
-29.0
-6.0
13.0
12.0
38.0
39.0
31.0
42.0
2.0
-2.0
-9.0
21.0
14.0
-13.0
-30.0
-32.0
37.0
6.0
30.0
33.0
22.0
-7.0
-39.0
-13.0
-66.0
-74.0
-59.0
-28.0
-72.0
-24.0
12.0
-29.0
-22.0
42.0
32.0
34.0
43.0
28.0
25.0
-6.0
-42.0
-6.0
-20.0
27.0
-23.0
-26.0
-19.0
-24.0
-17.0
-8.0
13.0
7.0
-18.0
-10.0
-5.0
-4.0
-9.0
11.0
-15.0
-10.0
-2.0
2.0
20.0
-25.0
-28.0
-22.0
-20.0
-17.0
-41.0
-24.0
-19.0
-48.0
-50.0
-62.0
-33.0
-29.0
-38.0
-58.0
-5.0
-14.0
33.0
49.0
46.0
23.0
26.0
29.0
65.0
25.0
2.0
-2.0
-32.0
-35.0
-6.0
-15.0
-13.0
-11.0
70.0
56.0
60.0
51.0
20.0
-6.0
-13.0
-17.0
-40.0
-40.0
-74.0
-13.0
-36.0
-19.0
-16.0
-21.0
-1.0
20.0
-11.0
-7.0
-29.0
-11.0
12.0
9.0
3.0
-34.0
-17.0
-3.0
-18.0
-22.0
-35.0
-9.0
11.0
0.0
12.0
17.0
-11.0
11.0
-2.0
0.0
2.0
-10.0
-39.0
-1.0
-19.0
-33.0
-28.0
-53.0
-50.0
-52.0
-18.0
-36.0
-21.0
-21.0
6.0
-6.0
-4.0
29.0
50.0
45.0
16.0
-24.0
11.0
-3.0
18.0
13.0
41.0
17.0
-5.0
-9.0
-36.0
-21.0
-52.0
11.0
3.0
0.0
0.0
10.0
-3.0
-7.0
7.0
11.0
24.0
6.0
-10.0
-17.0
-31.0
-4.0
-16.0
-21.0
-38.0
-8.0
31.0
0.0
10.0
17.0
28.0
35.0
47.0
43.0
22.0
12.0
-1.0
11.0
33.0
17.0
0.0
-8.0
-25.0
-33.0
-56.0
-25.0
-55.0
-18.0
-19.0
-4.0
9.0
11.0
-8.0
-12.0
-9.0
-5.0
20.0
-11.0
-18.0
-41.0
-15.0
9.0
17.0
16.0
5.0
5.0
30.0
36.0
22.0
29.0
6.0
-1.0
27.0
18.0
-16.0
-27.0
-28.0
-8.0
-16.0
11.0
-2.0
18.0
6.0
4.0
-4.0
-6.0
-2.0
-6.0
-18.0
-5.0
12.0
-3.0
-8.0
-11.0
-37.0
-18.0
-23.0
-2.0
-26.0
-18.0
-15.0
-20.0
-100.0
-94.0
-7.0
37.0
56.0
7.0
-3.0
26.0
3.0
-5.0
39.0
39.0
-10.0
2.0
-14.0
15.0
-20.0
33.0
18.0
-14.0
-4.0
3.0
14.0
11.0
30.0
16.0
6.0
-1.0
-14.0
-57.0
-29.0
-31.0
30.0
-1.0
-13.0
-40.0
-34.0
-53.0
-30.0
-1.0
-16.0
-18.0
8.0
-13.0
46.0
6.0
-21.0
3.0
13.0
12.0
7.0
10.0
14.0
17.0
-4.0
-12.0
-53.0
-51.0
-39.0
7.0
20.0
26.0
-7.0
26.0
15.0
41.0
6.0
22.0
8.0
-1.0
-60.0
-58.0
-53.0
-23.0
-20.0
-23.0
-37.0
1.0
-16.0
-22.0
-11.0
-9.0
-29.0
11.0
-7.0
-6.0
9.0
31.0
-5.0
-1.0
15.0
15.0
-20.0
3.0
-26.0
-18.0
-13.0
0.0
-61.0
-70.0
-39.0
-39.0
-21.0
27.0
41.0
22.0
-33.0
11.0
37.0
24.0
20.0
23.0
23.0
15.0
23.0
21.0
23.0
34.0
17.0
17.0
2.0
4.0
-32.0
-40.0
-17.0
9.0
-22.0
-41.0
-12.0
-19.0
-30.0
-34.0
-24.0
-72.0
-35.0
-51.0
-25.0
-36.0
8.0
-11.0
-18.0
-18.0
-24.0
11.0
-16.0
32.0
18.0
30.0
30.0
4.0
5.0
0.0
-14.0
-17.0
-67.0
-40.0
-45.0
4.0
36.0
34.0
36.0
43.0
50.0
64.0
49.0
44.0
14.0
37.0
1.0
-4.0
-17.0
-16.0
-1.0
-23.0
-25.0
14.0
0.0
-37.0
-48.0
-42.0
-17.0
-17.0
-58.0
-34.0
-30.0
-57.0
-15.0
-33.0
-18.0
-20.0
-6.0
-1.0
-1.0
0.0
11.0
-8.0
-57.0
-8.0
-67.0
-36.0
-39.0
-37.0
-4.0
-9.0
52.0
11.0
-4.0
51.0
41.0
84.0
50.0
53.0
32.0
43.0
28.0
48.0
40.0
6.0
-42.0
-26.0
2.0
-4.0
-31.0
-17.0
-23.0
-24.0
-35.0
-49.0
-26.0
-36.0
-65.0
-63.0
-69.0
-19.0
-11.0
-4.0
41.0
33.0
21.0
31.0
3.0
2.0
-15.0
6.0
18.0
25.0
38.0
35.0
4.0
-28.0
-46.0
-45.0
-24.0
-30.0
-41.0
-46.0
-33.0
-51.0
-34.0
-42.0
-47.0
-36.0
6.0
-5.0
-40.0
-22.0
-32.0
-8.0
8.0
1.0
9.0
5.0
-5.0
4.0
-3.0
2.0
-17.0
39.0
38.0
16.0
-12.0
-11.0
-46.0
-3.0
13.0
-12.0
-31.0
-12.0
-11.0
14.0
33.0
37.0
33.0
0.0
2.0
-25.0
-54.0
-55.0
-30.0
-30.0
-18.0
-12.0
-33.0
-25.0
-114.0
-20.0
-14.0
-2.0
20.0
76.0
42.0
37.0
42.0
61.0
41.0
21.0
5.0
42.0
23.0
24.0
38.0
41.0
5.0
-9.0
18.0
65.0
26.0
44.0
13.0
40.0
42.0
41.0
-4.0
14.0
-30.0
-46.0
-50.0
-66.0
-43.0
-15.0
4.0
9.0
33.0
37.0
27.0
25.0
43.0
42.0
39.0
28.0
26.0
29.0
-11.0
-30.0
-6.0
-20.0
4.0
-42.0
-13.0
-46.0
-28.0
-27.0
-26.0
-20.0
-35.0
-72.0
-85.0
-21.0
-33.0
-15.0
-43.0
-44.0
-11.0
-29.0
8.0
5.0
-33.0
-23.0
-23.0
0.0
-42.0
-38.0
-24.0
-22.0
-51.0
3.0
-19.0
-13.0
9.0
-17.0
-15.0
-14.0
-4.0
-2.0
2.0
34.0
19.0
11.0
-2.0
3.0
4.0
11.0
10.0
0.0
-66.0
-54.0
-1.0
9.0
-11.0
-20.0
11.0
18.0
-10.0
-15.0
13.0
-22.0
-32.0
-16.0
-8.0
26.0
-14.0
-11.0
3.0
-51.0
-96.0
-107.0
-33.0
-18.0
47.0
66.0
91.0
92.0
74.0
88.0
67.0
37.0
48.0
22.0
21.0
17.0
43.0
38.0
13.0
22.0
-29.0
-1.0
8.0
-19.0
17.0
12.0
-17.0
-11.0
-49.0
-38.0
-9.0
-34.0
-44.0
-30.0
-31.0
0.0
-19.0
-26.0
-45.0
-94.0
-97.0
-102.0
-44.0
-44.0
3.0
32.0
69.0
72.0
84.0
83.0
103.0
126.0
108.0
87.0
43.0
56.0
44.0
39.0
33.0
22.0
-19.0
-14.0
-12.0
-68.0
-33.0
-35.0
-47.0
-45.0
-52.0
-27.0
-54.0
-28.0
-44.0
-59.0
-33.0
-32.0
-25.0
-27.0
-42.0
-79.0
-108.0
-20.0
-31.0
-21.0
-13.0
-17.0
-11.0
-13.0
5.0
10.0
4.0
7.0
-11.0
-27.0
-19.0
-3.0
-2.0
-3.0
10.0
3.0
17.0
18.0
53.0
-9.0
21.0
27.0
38.0
41.0
34.0
13.0
1.0
17.0
12.0
-10.0
-18.0
-31.0
-53.0
-54.0
13.0
10.0
-5.0
7.0
-43.0
24.0
-9.0
-14.0
-9.0
-17.0
-2.0
-17.0
-36.0
-51.0
-48.0
-30.0
-17.0
-10.0
27.0
26.0
11.0
-5.0
27.0
23.0
23.0
14.0
8.0
-5.0
-9.0
-10.0
-32.0
-20.0
-12.0
4.0
4.0
17.0
-3.0
7.0
12.0
11.0
-14.0
-7.0
-24.0
17.0
5.0
-18.0
-30.0
-39.0
-12.0
-11.0
-3.0
15.0
-12.0
41.0
17.0
35.0
34.0
41.0
20.0
20.0
19.0
23.0
-2.0
-3.0
9.0
20.0
-16.0
-26.0
-32.0
-36.0
-52.0
11.0
20.0
-6.0
-4.0
-31.0
-36.0
-29.0
-32.0
-29.0
-6.0
-30.0
-2.0
-34.0
14.0
23.0
-12.0
55.0
13.0
11.0
51.0
11.0
-8.0
30.0
1.0
-37.0
-25.0
5.0
6.0
2.0
6.0
-28.0
-22.0
-42.0
-12.0
8.0
-48.0
-30.0
-4.0
-7.0
5.0
6.0
-30.0
-21.0
-17.0
-5.0
9.0
-30.0
29.0
36.0
-6.0
22.0
-11.0
8.0
4.0
-15.0
5.0
-2.0
-12.0
-10.0
-20.0
-26.0
-45.0
4.0
-6.0
-2.0
-25.0
-37.0
-10.0
-15.0
-26.0
-59.0
-23.0
4.0
25.0
-31.0
-24.0
4.0
50.0
52.0
17.0
1.0
-7.0
6.0
4.0
-2.0
6.0
31.0
20.0
18.0
-7.0
12.0
14.0
6.0
32.0
-7.0
-9.0
-13.0
-9.0
-6.0
14.0
10.0
-14.0
6.0
-25.0
-23.0
-25.0
-24.0
-57.0
-52.0
-31.0
24.0
33.0
40.0
6.0
-6.0
-5.0
-9.0
-32.0
-29.0
-26.0
-16.0
-29.0
3.0
9.0
3.0
-39.0
-56.0
-54.0
-54.0
-64.0
-37.0
-14.0
-10.0
-4.0
-12.0
8.0
26.0
-4.0
-2.0
25.0
21.0
65.0
52.0
63.0
53.0
38.0
44.0
31.0
28.0
-23.0
-50.0
-44.0
-32.0
-4.0
-24.0
2.0
-15.0
-1.0
-6.0
25.0
5.0
29.0
24.0
-17.0
2.0
-25.0
-34.0
-29.0
-28.0
-1.0
-2.0
-13.0
13.0
-19.0
-24.0
-20.0
-21.0
-32.0
-33.0
-23.0
-31.0
-16.0
-9.0
-29.0
-4.0
12.0
6.0
11.0
13.0
15.0
21.0
11.0
-9.0
-8.0
-27.0
-12.0
-43.0
-10.0
-9.0
0.0
2.0
-3.0
2.0
-17.0
9.0
45.0
-7.0
-2.0
-4.0
14.0
-11.0
1.0
-31.0
-49.0
-22.0
10.0
40.0
7.0
5.0
-21.0
-27.0
-28.0
2.0
12.0
38.0
-2.0
11.0
7.0
9.0
-33.0
-26.0
-27.0
-26.0
7.0
-22.0
-42.0
-25.0
-22.0
-17.0
-28.0
32.0
4.0
59.0
29.0
3.0
-25.0
7.0
6.0
6.0
-17.0
30.0
-2.0
22.0
-72.0
-60.0
-41.0
4.0
-4.0
-6.0
4.0
14.0
15.0
1.0
5.0
-9.0
-19.0
15.0
4.0
8.0
2.0
-21.0
-19.0
-24.0
-18.0
-67.0
-33.0
-42.0
-13.0
-16.0
13.0
-9.0
-11.0
15.0
19.0
34.0
22.0
63.0
13.0
9.0
30.0
49.0
35.0
37.0
-9.0
6.0
12.0
14.0
-5.0
4.0
-9.0
-25.0
-6.0
6.0
0.0
5.0
-20.0
-33.0
-40.0
-41.0
-28.0
-75.0
-77.0
-44.0
-27.0
8.0
10.0
42.0
10.0
8.0
-14.0
55.0
52.0
-5.0
22.0
-21.0
-55.0
-28.0
-12.0
-10.0
9.0
-2.0
-1.0
-4.0
-6.0
1.0
-27.0
4.0
-12.0
-9.0
-3.0
8.0
10.0
35.0
7.0
-16.0
-59.0
-30.0
21.0
18.0
22.0
-16.0
-32.0
18.0
0.0
10.0
11.0
-32.0
24.0
19.0
-26.0
-10.0
45.0
13.0
-25.0
-30.0
15.0
7.0
14.0
13.0
7.0
-9.0
4.0
-23.0
-22.0
-19.0
-15.0
-12.0
-20.0
-20.0
3.0
-12.0
-6.0
-36.0
-15.0
6.0
-15.0
-9.0
16.0
13.0
2.0
-39.0
-28.0
22.0
-2.0
10.0
7.0
-6.0
4.0
5.0
25.0
15.0
26.0
-24.0
-12.0
-12.0
-25.0
-22.0
-22.0
-18.0
-28.0
-22.0
-44.0
-15.0
-20.0
-20.0
18.0
-16.0
22.0
22.0
29.0
14.0
37.0
21.0
2.0
-8.0
37.0
29.0
18.0
20.0
42.0
-15.0
54.0
21.0
-16.0
-11.0
-107.0
-28.0
-6.0
-3.0
-34.0
-3.0
14.0
-1.0
0.0
-17.0
11.0
13.0
-17.0
-23.0
-16.0
-6.0
-21.0
-95.0
-120.0
-102.0
-48.0
-18.0
27.0
27.0
19.0
65.0
47.0
68.0
71.0
55.0
14.0
12.0
15.0
19.0
19.0
7.0
-22.0
-37.0
-37.0
-40.0
-39.0
-52.0
-27.0
-31.0
26.0
6.0
-9.0
22.0
22.0
-2.0
13.0
44.0
23.0
26.0
34.0
1.0
48.0
-3.0
-6.0
-15.0
14.0
-16.0
-40.0
-40.0
-21.0
-19.0
10.0
6.0
-28.0
-10.0
-71.0
-84.0
-29.0
-32.0
-60.0
-33.0
-47.0
-31.0
8.0
-8.0
-15.0
30.0
13.0
20.0
14.0
-5.0
30.0
7.0
35.0
-4.0
7.0
0.0
-35.0
-37.0
-66.0
-35.0
-29.0
20.0
17.0
16.0
14.0
43.0
5.0
4.0
-8.0
32.0
10.0
33.0
-6.0
-17.0
3.0
-10.0
-22.0
-28.0
-42.0
-27.0
-17.0
-71.0
-33.0
-34.0
-54.0
-14.0
10.0
15.0
-4.0
8.0
-29.0
-20.0
-27.0
-19.0
-4.0
16.0
-5.0
-5.0
32.0
52.0
50.0
32.0
3.0
42.0
30.0
0.0
12.0
12.0
37.0
7.0
-19.0
-40.0
-45.0
-47.0
-18.0
18.0
-5.0
-10.0
-83.0
-83.0
-42.0
16.0
-8.0
20.0
25.0
36.0
49.0
45.0
-9.0
-10.0
-40.0
-40.0
-97.0
-57.0
-50.0
-3.0
-7.0
-5.0
37.0
32.0
56.0
17.0
71.0
43.0
27.0
38.0
26.0
27.0
68.0
45.0
-13.0
2.0
10.0
-9.0
-12.0
-19.0
-21.0
-22.0
-17.0
6.0
-31.0
-44.0
-66.0
-27.0
-46.0
-34.0
-42.0
-39.0
-83.0
-50.0
2.0
-30.0
-5.0
-14.0
-58.0
6.0
-9.0
-5.0
19.0
-14.0
57.0
27.0
38.0
12.0
45.0
0.0
18.0
20.0
10.0
23.0
2.0
0.0
-56.0
-28.0
-38.0
13.0
-2.0
-9.0
-29.0
-29.0
9.0
3.0
6.0
-22.0
-5.0
6.0
42.0
38.0
-12.0
12.0
17.0
18.0
25.0
-18.0
1.0
4.0
3.0
0.0
-14.0
13.0
13.0
-11.0
-34.0
-21.0
-14.0
15.0
-16.0
-15.0
-25.0
-17.0
-26.0
5.0
-72.0
-22.0
7.0
-6.0
19.0
15.0
6.0
18.0
12.0
12.0
45.0
10.0
52.0
-14.0
3.0
4.0
-1.0
-8.0
14.0
-2.0
-16.0
0.0
0.0
16.0
-5.0
0.0
-11.0
-9.0
1.0
-13.0
-27.0
-27.0
-7.0
12.0
8.0
15.0
14.0
-11.0
0.0
28.0
-38.0
-1.0
-22.0
-5.0
-26.0
-19.0
-16.0
3.0
8.0
-26.0
-26.0
-6.0
-3.0
5.0
-7.0
-2.0
27.0
-11.0
37.0
43.0
52.0
35.0
-7.0
-8.0
13.0
20.0
20.0
33.0
-24.0
-28.0
22.0
-19.0
-3.0
33.0
13.0
19.0
-13.0
-54.0
-13.0
-28.0
-24.0
16.0
-33.0
-17.0
-35.0
-32.0
-12.0
-14.0
-33.0
-22.0
-27.0
8.0
-51.0
-37.0
-43.0
-39.0
-6.0
-12.0
31.0
20.0
15.0
12.0
21.0
4.0
27.0
23.0
-13.0
-42.0
-35.0
-23.0
49.0
7.0
20.0
-35.0
-7.0
-3.0
11.0
15.0
-29.0
-14.0
9.0
-10.0
5.0
-7.0
-6.0
-7.0
-9.0
-37.0
-16.0
0.0
-21.0
-4.0
8.0
-8.0
-20.0
-18.0
-9.0
-39.0
-21.0
-44.0
-20.0
-28.0
17.0
16.0
-4.0
-2.0
-9.0
3.0
-23.0
9.0
2.0
-1.0
35.0
10.0
25.0
17.0
17.0
26.0
21.0
9.0
-11.0
-10.0
12.0
-3.0
-6.0
-5.0
35.0
2.0
10.0
-19.0
-22.0
-15.0
-43.0
-13.0
-52.0
-53.0
30.0
32.0
-24.0
-2.0
-2.0
-13.0
-14.0
1.0
9.0
5.0
12.0
14.0
-11.0
-10.0
-4.0
3.0
-39.0
-68.0
-52.0
-52.0
-51.0
-40.0
-76.0
-95.0
-9.0
17.0
60.0
50.0
73.0
80.0
69.0
48.0
53.0
76.0
56.0
6.0
29.0
32.0
36.0
32.0
15.0
3.0
-5.0
50.0
10.0
-2.0
-50.0
-25.0
-40.0
-38.0
-60.0
-35.0
-21.0
-39.0
-23.0
1.0
-8.0
-20.0
24.0
26.0
-13.0
-28.0
-53.0
-6.0
0.0
22.0
10.0
4.0
-7.0
-13.0
-30.0
-7.0
-17.0
12.0
16.0
-24.0
-18.0
-17.0
-4.0
2.0
-20.0
-17.0
-24.0
-5.0
2.0
-18.0
-38.0
-24.0
-11.0
-11.0
41.0
-13.0
32.0
-11.0
-31.0
-19.0
-77.0
-79.0
-13.0
-7.0
1.0
9.0
15.0
49.0
22.0
1.0
41.0
61.0
69.0
60.0
22.0
8.0
8.0
7.0
9.0
-42.0
-41.0
-38.0
22.0
24.0
29.0
-3.0
-16.0
22.0
-29.0
-30.0
-23.0
-39.0
-14.0
-13.0
-4.0
35.0
12.0
-3.0
-14.0
7.0
7.0
4.0
-16.0
-17.0
-12.0
-1.0
-2.0
2.0
-5.0
-28.0
-34.0
-12.0
24.0
18.0
16.0
-4.0
-41.0
-18.0
-26.0
-32.0
-10.0
-31.0
-1.0
-2.0
-7.0
8.0
24.0
-7.0
27.0
33.0
28.0
18.0
7.0
10.0
-25.0
11.0
-22.0
-18.0
33.0
22.0
18.0
18.0
21.0
22.0
9.0
-19.0
-32.0
-26.0
0.0
-4.0
-58.0
2.0
-31.0
-29.0
-10.0
-5.0
3.0
3.0
-7.0
25.0
-5.0
-23.0
-53.0
-57.0
-20.0
3.0
0.0
-13.0
23.0
-21.0
-63.0
-50.0
-11.0
-5.0
-13.0
-34.0
17.0
7.0
42.0
23.0
35.0
28.0
7.0
13.0
-11.0
-42.0
-46.0
-38.0
-7.0
-19.0
11.0
-9.0
22.0
23.0
-5.0
-13.0
18.0
-10.0
-15.0
-13.0
-4.0
-18.0
-18.0
-25.0
-12.0
-32.0
-29.0
-41.0
-14.0
-11.0
-4.0
-22.0
13.0
11.0
11.0
23.0
13.0
-25.0
-51.0
-35.0
-41.0
25.0
22.0
17.0
29.0
25.0
18.0
23.0
24.0
21.0
4.0
15.0
-6.0
-6.0
27.0
9.0
-21.0
-7.0
9.0
-10.0
6.0
-27.0
-56.0
-54.0
-63.0
-3.0
9.0
51.0
-30.0
5.0
20.0
-20.0
8.0
6.0
20.0
7.0
13.0
13.0
-5.0
13.0
-21.0
5.0
13.0
12.0
31.0
17.0
-7.0
4.0
21.0
6.0
-35.0
-44.0
-33.0
-34.0
-66.0
-23.0
28.0
-37.0
-45.0
-5.0
-11.0
-35.0
7.0
8.0
4.0
0.0
-1.0
15.0
-6.0
14.0
24.0
59.0
-35.0
-31.0
-5.0
42.0
26.0
26.0
3.0
-16.0
-30.0
6.0
-4.0
-5.0
-28.0
-20.0
-9.0
2.0
-39.0
-40.0
-25.0
14.0
4.0
6.0
-35.0
-12.0
-52.0
-1.0
-42.0
-22.0
38.0
28.0
59.0
67.0
-2.0
15.0
-4.0
-2.0
25.0
34.0
-20.0
-53.0
-14.0
-22.0
11.0
28.0
8.0
13.0
-38.0
-39.0
-11.0
-1.0
5.0
4.0
5.0
30.0
-28.0
21.0
5.0
17.0
-7.0
-24.0
8.0
4.0
-7.0
17.0
28.0
-14.0
-24.0
-13.0
2.0
-49.0
-74.0
-83.0
-14.0
-3.0
4.0
0.0
0.0
21.0
-12.0
-20.0
-53.0
-50.0
-9.0
7.0
24.0
34.0
55.0
20.0
42.0
30.0
39.0
40.0
-23.0
4.0
-28.0
8.0
-16.0
-45.0
-33.0
-33.0
-41.0
-45.0
-39.0
-20.0
-44.0
-23.0
-16.0
10.0
-14.0
-9.0
20.0
24.0
6.0
22.0
5.0
15.0
13.0
-15.0
-37.0
-36.0
-20.0
-28.0
-7.0
-25.0
-34.0
-24.0
-40.0
22.0
-18.0
-32.0
-80.0
-85.0
-1.0
11.0
-7.0
21.0
5.0
14.0
11.0
-6.0
-8.0
-17.0
-3.0
10.0
-19.0
-29.0
-16.0
1.0
-10.0
4.0
-34.0
-34.0
-22.0
9.0
28.0
-5.0
-6.0
-15.0
-12.0
12.0
-5.0
-8.0
-14.0
-18.0
5.0
14.0
5.0
29.0
4.0
-11.0
-7.0
1.0
25.0
31.0
8.0
18.0
-9.0
6.0
-5.0
-8.0
-18.0
-17.0
-15.0
-24.0
15.0
10.0
-16.0
-5.0
31.0
5.0
15.0
8.0
26.0
20.0
8.0
-6.0
-39.0
-48.0
-4.0
-23.0
-33.0
-33.0
-6.0
-34.0
-23.0
10.0
4.0
-14.0
-1.0
3.0
-19.0
-23.0
-4.0
-3.0
10.0
-13.0
-13.0
-22.0
-32.0
-23.0
-20.0
-15.0
22.0
29.0
11.0
42.0
40.0
60.0
17.0
27.0
19.0
12.0
10.0
12.0
-21.0
-65.0
-33.0
-32.0
-51.0
-18.0
-43.0
-58.0
-21.0
4.0
35.0
44.0
29.0
16.0
8.0
-27.0
6.0
5.0
-41.0
-2.0
-15.0
33.0
45.0
-18.0
-6.0
-22.0
24.0
19.0
-15.0
-39.0
-34.0
-10.0
-29.0
-12.0
-38.0
-21.0
18.0
18.0
18.0
9.0
-8.0
4.0
-5.0
-41.0
-32.0
27.0
1.0
5.0
74.0
22.0
17.0
-8.0
-20.0
-33.0
-9.0
-3.0
-9.0
-7.0
-26.0
-51.0
-36.0
-35.0
-46.0
-34.0
-39.0
-27.0
-4.0
6.0
36.0
19.0
-1.0
-24.0
0.0
-1.0
32.0
43.0
22.0
18.0
-15.0
7.0
-28.0
-45.0
-97.0
-136.0
13.0
25.0
20.0
24.0
-12.0
38.0
-17.0
9.0
-4.0
34.0
33.0
21.0
16.0
12.0
10.0
32.0
4.0
-9.0
67.0
0.0
8.0
9.0
10.0
9.0
3.0
-9.0
-42.0
-43.0
11.0
-24.0
-14.0
-39.0
-39.0
-38.0
-7.0
11.0
28.0
23.0
0.0
-5.0
-35.0
5.0
-15.0
-10.0
-3.0
-22.0
-10.0
-26.0
-97.0
-8.0
-54.0
26.0
27.0
24.0
-12.0
-7.0
-13.0
-29.0
4.0
-7.0
25.0
-13.0
1.0
-3.0
14.0
39.0
56.0
50.0
61.0
49.0
52.0
33.0
9.0
13.0
15.0
0.0
-17.0
-28.0
-28.0
-83.0
-34.0
-29.0
-13.0
-10.0
0.0
-7.0
-22.0
12.0
36.0
-13.0
-16.0
21.0
-14.0
-21.0
2.0
-13.0
12.0
-15.0
43.0
5.0
12.0
12.0
-16.0
-13.0
-34.0
-31.0
-63.0
-52.0
-22.0
-11.0
-15.0
8.0
19.0
14.0
-22.0
4.0
0.0
22.0
1.0
22.0
13.0
6.0
10.0
10.0
7.0
-18.0
6.0
-6.0
35.0
-33.0
-2.0
-27.0
0.0
-4.0
-14.0
-44.0
-66.0
-43.0
11.0
2.0
-5.0
-53.0
9.0
6.0
-59.0
-65.0
-25.0
43.0
8.0
25.0
-7.0
24.0
7.0
8.0
-7.0
-18.0
-30.0
-15.0
-6.0
-22.0
-16.0
-29.0
10.0
12.0
-6.0
-33.0
-15.0
5.0
5.0
11.0
31.0
-7.0
8.0
4.0
12.0
-25.0
-20.0
-41.0
-48.0
2.0
49.0
30.0
7.0
17.0
27.0
51.0
32.0
67.0
54.0
20.0
39.0
2.0
9.0
19.0
-4.0
-31.0
4.0
6.0
-42.0
-34.0
-22.0
-33.0
-14.0
-5.0
30.0
46.0
-16.0
-10.0
0.0
-23.0
-15.0
-25.0
-8.0
-6.0
-29.0
-84.0
-72.0
-27.0
3.0
-21.0
9.0
33.0
5.0
-1.0
-5.0
-28.0
19.0
24.0
-6.0
25.0
11.0
-18.0
-65.0
-69.0
-61.0
-2.0
30.0
29.0
5.0
-8.0
-62.0
-54.0
-19.0
-28.0
2.0
10.0
32.0
19.0
20.0
18.0
34.0
80.0
54.0
52.0
43.0
26.0
7.0
-7.0
-2.0
-31.0
-17.0
-28.0
-16.0
-12.0
-11.0
-8.0
4.0
-2.0
-32.0
-50.0
-3.0
3.0
-19.0
-26.0
-6.0
-8.0
-21.0
-47.0
-7.0
-2.0
-34.0
-29.0
-47.0
-50.0
-4.0
-42.0
-12.0
-11.0
-38.0
-10.0
20.0
-18.0
41.0
42.0
30.0
77.0
73.0
72.0
37.0
0.0
-2.0
-5.0
-17.0
-16.0
-23.0
-7.0
-15.0
20.0
0.0
-15.0
24.0
-3.0
4.0
1.0
-37.0
-14.0
-40.0
-15.0
-2.0
-10.0
2.0
-5.0
-5.0
-11.0
7.0
-23.0
-37.0
-25.0
-49.0
-56.0
-49.0
-52.0
-21.0
-28.0
10.0
37.0
38.0
66.0
72.0
53.0
62.0
38.0
27.0
37.0
60.0
40.0
31.0
40.0
18.0
-31.0
-31.0
-111.0
-123.0
-111.0
-68.0
-30.0
18.0
49.0
-22.0
3.0
77.0
29.0
16.0
22.0
-8.0
-10.0
39.0
34.0
-2.0
-13.0
-9.0
-13.0
-20.0
-19.0
-43.0
-64.0
-67.0
-51.0
-17.0
-27.0
-4.0
-24.0
-57.0
-56.0
-30.0
-32.0
-17.0
12.0
-39.0
-29.0
-42.0
-42.0
-12.0
-18.0
-63.0
-30.0
-31.0
5.0
13.0
8.0
31.0
38.0
63.0
61.0
72.0
85.0
67.0
44.0
20.0
31.0
-31.0
-27.0
-33.0
-37.0
-53.0
-40.0
-7.0
-5.0
-55.0
-91.0
-83.0
-50.0
-30.0
-18.0
1.0
-23.0
30.0
24.0
28.0
44.0
21.0
49.0
36.0
38.0
24.0
-18.0
-2.0
27.0
6.0
-29.0
-11.0
25.0
23.0
21.0
4.0
16.0
-71.0
-65.0
-31.0
-32.0
-4.0
-39.0
-44.0
-52.0
-43.0
-57.0
-31.0
-15.0
25.0
46.0
27.0
9.0
5.0
4.0
10.0
13.0
0.0
20.0
-20.0
-24.0
-20.0
-24.0
-9.0
-13.0
4.0
-1.0
-34.0
-56.0
-11.0
-24.0
-6.0
-19.0
14.0
9.0
35.0
16.0
31.0
17.0
35.0
0.0
22.0
-14.0
14.0
15.0
-40.0
-8.0
18.0
14.0
18.0
-13.0
-28.0
-13.0
-56.0
-60.0
-46.0
-27.0
-12.0
-18.0
-14.0
-61.0
-8.0
29.0
11.0
13.0
59.0
43.0
29.0
38.0
-4.0
-7.0
19.0
9.0
34.0
28.0
35.0
36.0
19.0
26.0
23.0
17.0
43.0
-39.0
53.0
59.0
-33.0
-9.0
-32.0
-29.0
-6.0
-30.0
2.0
39.0
29.0
34.0
-21.0
-1.0
-25.0
-38.0
-5.0
-36.0
-52.0
-31.0
-18.0
-12.0
-22.0
-3.0
0.0
28.0
14.0
13.0
31.0
-13.0
32.0
37.0
6.0
8.0
-17.0
-11.0
-56.0
-64.0
-70.0
-49.0
10.0
16.0
33.0
25.0
6.0
-1.0
23.0
30.0
55.0
3.0
24.0
27.0
-6.0
-3.0
-5.0
0.0
-24.0
-35.0
-26.0
-42.0
-21.0
-19.0
-22.0
-15.0
-31.0
-14.0
-20.0
-20.0
-15.0
-23.0
-31.0
-30.0
-41.0
-24.0
1.0
-18.0
-17.0
-21.0
13.0
5.0
-16.0
-15.0
-32.0
-29.0
-13.0
34.0
19.0
-4.0
-7.0
-1.0
15.0
13.0
10.0
-14.0
-32.0
-32.0
-11.0
-7.0
-44.0
17.0
5.0
5.0
-2.0
-3.0
-32.0
-40.0
-67.0
-57.0
-13.0
43.0
31.0
25.0
81.0
38.0
45.0
40.0
52.0
16.0
17.0
18.0
45.0
47.0
-2.0
4.0
10.0
-2.0
-15.0
-22.0
-23.0
-29.0
-35.0
-41.0
-40.0
-13.0
-17.0
-40.0
-24.0
-37.0
-20.0
-3.0
-21.0
-19.0
0.0
-42.0
-46.0
-44.0
2.0
-13.0
-17.0
-27.0
-2.0
-3.0
15.0
16.0
11.0
-10.0
-11.0
2.0
-1.0
33.0
8.0
7.0
-7.0
19.0
23.0
3.0
2.0
-26.0
33.0
3.0
-17.0
-17.0
5.0
-7.0
-2.0
-20.0
-2.0
-7.0
7.0
3.0
-23.0
-20.0
-34.0
-23.0
8.0
1.0
12.0
-10.0
-41.0
-36.0
-31.0
-30.0
1.0
13.0
12.0
9.0
-9.0
-3.0
21.0
33.0
0.0
-1.0
-22.0
-3.0
9.0
25.0
5.0
8.0
-3.0
10.0
16.0
13.0
13.0
8.0
-16.0
-1.0
10.0
-9.0
6.0
-16.0
-31.0
-41.0
14.0
-4.0
-26.0
-16.0
-15.0
4.0
-10.0
3.0
-15.0
-18.0
-23.0
-12.0
-4.0
-1.0
-25.0
2.0
11.0
6.0
-43.0
-44.0
-21.0
-17.0
-18.0
-22.0
-15.0
-24.0
8.0
18.0
14.0
13.0
-3.0
-4.0
-25.0
4.0
2.0
23.0
-10.0
-18.0
-9.0
-6.0
-18.0
-21.0
31.0
-8.0
0.0
-11.0
10.0
-29.0
-30.0
-39.0
-14.0
10.0
28.0
6.0
-13.0
1.0
-8.0
-13.0
0.0
-3.0
1.0
27.0
-29.0
-42.0
-42.0
-11.0
-8.0
-19.0
-11.0
-5.0
10.0
16.0
-4.0
-22.0
31.0
9.0
23.0
33.0
-23.0
-18.0
-8.0
9.0
-34.0
-25.0
-54.0
-32.0
-41.0
-46.0
-35.0
-43.0
-22.0
0.0
18.0
26.0
51.0
72.0
29.0
3.0
54.0
50.0
-19.0
53.0
-1.0
-1.0
-30.0
-6.0
11.0
11.0
-22.0
-17.0
54.0
21.0
54.0
-93.0
26.0
-105.0
19.0
-37.0
39.0
43.0
-33.0
31.0
30.0
6.0
-31.0
-39.0
-38.0
-50.0
-26.0
-17.0
-4.0
-34.0
16.0
33.0
47.0
30.0
23.0
31.0
-21.0
-20.0
13.0
-53.0
-26.0
-18.0
-29.0
-45.0
-27.0
-9.0
-10.0
-11.0
-26.0
0.0
-38.0
17.0
18.0
-44.0
8.0
-28.0
-3.0
3.0
-20.0
-2.0
33.0
-23.0
-6.0
-4.0
-28.0
-52.0
-51.0
-41.0
-8.0
44.0
18.0
10.0
-8.0
-12.0
15.0
-4.0
2.0
6.0
8.0
-7.0
30.0
-4.0
-7.0
8.0
26.0
22.0
34.0
39.0
-11.0
-14.0
-30.0
-21.0
-70.0
-77.0
-26.0
-51.0
-34.0
-38.0
-18.0
48.0
23.0
3.0
-8.0
13.0
4.0
31.0
56.0
57.0
19.0
0.0
-15.0
-42.0
-34.0
-43.0
-46.0
-33.0
-6.0
-1.0
-67.0
24.0
-25.0
5.0
8.0
15.0
5.0
-7.0
1.0
5.0
-67.0
-6.0
5.0
18.0
33.0
-16.0
-23.0
-14.0
-13.0
-2.0
11.0
11.0
-13.0
-59.0
12.0
-32.0
-27.0
-52.0
-35.0
-38.0
-18.0
-3.0
6.0
-21.0
19.0
-13.0
17.0
-9.0
-41.0
-47.0
-64.0
-36.0
53.0
52.0
32.0
17.0
36.0
49.0
28.0
27.0
12.0
40.0
27.0
-26.0
-17.0
-1.0
37.0
-32.0
-21.0
-20.0
-23.0
-7.0
-23.0
-54.0
60.0
51.0
34.0
17.0
51.0
60.0
-6.0
-32.0
-78.0
-54.0
-39.0
-81.0
-49.0
-105.0
-5.0
-5.0
-17.0
-22.0
-40.0
57.0
86.0
69.0
79.0
79.0
103.0
111.0
110.0
60.0
78.0
23.0
2.0
9.0
-30.0
-42.0
-24.0
-24.0
-48.0
-8.0
-34.0
-29.0
-29.0
-37.0
-31.0
29.0
-11.0
-15.0
27.0
-9.0
-23.0
-24.0
24.0
-28.0
-48.0
-42.0
-60.0
-64.0
-63.0
-46.0
-59.0
-87.0
-64.0
-63.0
-35.0
-51.0
-48.0
-42.0
-108.0
-56.0
-21.0
-5.0
-9.0
-15.0
11.0
32.0
50.0
46.0
49.0
22.0
46.0
8.0
13.0
21.0
51.0
30.0
14.0
11.0
11.0
0.0
7.0
15.0
5.0
20.0
-23.0
-40.0
-59.0
-71.0
-46.0
-65.0
-92.0
-30.0
-35.0
7.0
44.0
72.0
126.0
125.0
112.0
112.0
105.0
53.0
93.0
54.0
-22.0
-7.0
-9.0
-27.0
-28.0
-34.0
-39.0
-63.0
-65.0
-50.0
-88.0
-38.0
-54.0
-51.0
-62.0
-47.0
-49.0
-41.0
-19.0
7.0
11.0
28.0
-12.0
-20.0
-16.0
-24.0
-44.0
-11.0
-49.0
-20.0
-11.0
8.0
-7.0
-7.0
-11.0
-1.0
23.0
42.0
27.0
45.0
50.0
-24.0
35.0
41.0
50.0
17.0
-62.0
-65.0
-23.0
16.0
32.0
-14.0
-16.0
-22.0
-50.0
-60.0
-28.0
-25.0
-10.0
20.0
25.0
63.0
94.0
92.0
99.0
104.0
79.0
62.0
11.0
-39.0
22.0
17.0
47.0
46.0
35.0
-7.0
-4.0
-23.0
-10.0
-28.0
-22.0
-6.0
0.0
3.0
-14.0
-16.0
-28.0
-37.0
-14.0
-39.0
-43.0
-55.0
-68.0
-66.0
-77.0
-52.0
-94.0
-41.0
12.0
6.0
3.0
16.0
-14.0
-20.0
85.0
29.0
38.0
33.0
35.0
17.0
20.0
12.0
-20.0
-16.0
1.0
27.0
2.0
-37.0
-22.0
-50.0
-34.0
-30.0
-26.0
-24.0
-46.0
-72.0
-39.0
-28.0
-1.0
-33.0
-8.0
-14.0
-14.0
-9.0
22.0
26.0
-17.0
14.0
-12.0
12.0
33.0
-5.0
47.0
53.0
19.0
22.0
-30.0
-13.0
-27.0
14.0
-26.0
-13.0
-14.0
-13.0
20.0
-22.0
-3.0
-54.0
-18.0
-3.0
9.0
-52.0
-56.0
-61.0
-29.0
-59.0
-72.0
-51.0
12.0
-12.0
46.0
66.0
41.0
45.0
28.0
43.0
43.0
96.0
62.0
96.0
86.0
70.0
60.0
57.0
39.0
22.0
-23.0
-29.0
-51.0
-80.0
-52.0
-48.0
-60.0
-55.0
-13.0
-4.0
-31.0
-38.0
-48.0
-9.0
-86.0
-28.0
-64.0
-76.0
11.0
17.0
6.0
-23.0
-38.0
4.0
13.0
5.0
26.0
31.0
5.0
27.0
29.0
-32.0
-47.0
-48.0
-77.0
-50.0
8.0
15.0
-11.0
9.0
20.0
15.0
45.0
26.0
13.0
36.0
44.0
48.0
40.0
22.0
-4.0
-41.0
25.0
48.0
9.0
-25.0
-35.0
-37.0
-14.0
-9.0
-21.0
-25.0
-28.0
-52.0
-28.0
-37.0
-8.0
5.0
-46.0
1.0
25.0
-35.0
-3.0
12.0
27.0
32.0
-18.0
-15.0
41.0
-27.0
-39.0
-42.0
8.0
-20.0
-38.0
-16.0
-32.0
-28.0
28.0
35.0
55.0
27.0
15.0
-34.0
-24.0
10.0
-36.0
-36.0
-57.0
-41.0
-20.0
-25.0
-6.0
22.0
56.0
55.0
81.0
80.0
52.0
48.0
15.0
65.0
48.0
48.0
37.0
21.0
-15.0
-9.0
-23.0
-60.0
-63.0
-70.0
-84.0
-36.0
-6.0
1.0
20.0
26.0
2.0
17.0
-13.0
-15.0
-4.0
-20.0
-5.0
-10.0
-15.0
-20.0
-24.0
-28.0
6.0
-48.0
-17.0
1.0
-64.0
-59.0
-45.0
-47.0
-46.0
-64.0
-40.0
-27.0
-3.0
42.0
13.0
36.0
14.0
14.0
10.0
-5.0
62.0
18.0
-25.0
25.0
-79.0
-18.0
-40.0
-37.0
55.0
-55.0
-38.0
-81.0
-53.0
-55.0
-34.0
9.0
47.0
33.0
53.0
101.0
60.0
74.0
55.0
45.0
38.0
11.0
31.0
33.0
29.0
29.0
24.0
-12.0
-27.0
-13.0
-78.0
-48.0
-69.0
-69.0
-78.0
-71.0
-54.0
-13.0
3.0
-14.0
30.0
42.0
37.0
39.0
42.0
40.0
6.0
33.0
-7.0
37.0
-16.0
-40.0
-23.0
-29.0
-19.0
-30.0
-11.0
-13.0
-16.0
-28.0
-35.0
-53.0
-43.0
-38.0
-31.0
-11.0
4.0
-56.0
0.0
-2.0
-9.0
-4.0
7.0
7.0
19.0
46.0
6.0
20.0
-20.0
-24.0
-25.0
20.0
2.0
4.0
33.0
-4.0
-21.0
-34.0
8.0
2.0
7.0
-30.0
-1.0
-2.0
-13.0
1.0
12.0
8.0
0.0
-29.0
-32.0
29.0
28.0
31.0
63.0
53.0
22.0
-20.0
-33.0
-7.0
-46.0
-79.0
15.0
15.0
2.0
54.0
29.0
10.0
-18.0
-44.0
-42.0
-63.0
-68.0
-71.0
-60.0
-15.0
-5.0
4.0
6.0
-14.0
33.0
30.0
46.0
46.0
30.0
-13.0
-3.0
11.0
20.0
32.0
59.0
26.0
-2.0
2.0
-22.0
-18.0
-2.0
11.0
-13.0
-30.0
-23.0
-21.0
-49.0
-49.0
-41.0
-29.0
-34.0
-22.0
38.0
8.0
-16.0
-9.0
35.0
36.0
-10.0
-34.0
-52.0
-7.0
-5.0
1.0
0.0
-23.0
4.0
5.0
-6.0
48.0
40.0
37.0
4.0
-23.0
-21.0
-14.0
7.0
3.0
11.0
-44.0
-50.0
24.0
30.0
32.0
18.0
13.0
-40.0
-33.0
20.0
27.0
14.0
-36.0
17.0
15.0
45.0
-76.0
11.0
12.0
68.0
50.0
38.0
21.0
37.0
-8.0
-53.0
-37.0
-7.0
-5.0
3.0
27.0
19.0
75.0
46.0
37.0
-24.0
-23.0
1.0
-1.0
-11.0
-27.0
-28.0
-9.0
-21.0
-15.0
-5.0
-9.0
2.0
-1.0
-40.0
6.0
11.0
-35.0
9.0
-1.0
-42.0
-46.0
-51.0
-36.0
-89.0
-84.0
-126.0
-55.0
-4.0
41.0
46.0
70.0
38.0
34.0
-9.0
3.0
9.0
15.0
17.0
51.0
10.0
24.0
17.0
11.0
29.0
18.0
7.0
18.0
21.0
-4.0
-42.0
-64.0
-8.0
23.0
148.0
297.0
313.0
304.0
268.0
268.0
244.0
279.0
225.0
232.0
203.0
135.0
60.0
-35.0
-62.0
-97.0
-160.0
-154.0
-154.0
-166.0
-121.0
-149.0
-183.0
-106.0
-119.0
-113.0
-128.0
-106.0
-117.0
-125.0
-121.0
-161.0
-124.0
-74.0
-131.0
-96.0
-83.0
-94.0
-55.0
-58.0
-75.0
-112.0
-117.0
-80.0
-1.0
-51.0
-48.0
-45.0
-64.0
-52.0
-9.0
-32.0
-42.0
-21.0
-16.0
-39.0
-47.0
12.0
41.0
38.0
-35.0
3.0
18.0
19.0
10.0
-13.0
12.0
4.0
-9.0
-8.0
-18.0
-5.0
-10.0
-15.0
34.0
19.0
-11.0
-23.0
-65.0
-68.0
-66.0
-41.0
-100.0
-51.0
-56.0
-46.0
-54.0
-37.0
-28.0
-11.0
26.0
75.0
-9.0
66.0
113.0
71.0
94.0
44.0
57.0
60.0
-12.0
32.0
5.0
107.0
95.0
76.0
77.0
100.0
119.0
96.0
72.0
19.0
41.0
16.0
-3.0
-19.0
-18.0
-92.0
-74.0
-70.0
-123.0
-85.0
-96.0
-140.0
-82.0
17.0
61.0
53.0
29.0
27.0
30.0
36.0
81.0
83.0
69.0
40.0
32.0
18.0
-14.0
-23.0
62.0
17.0
11.0
-15.0
4.0
-13.0
-14.0
-22.0
-16.0
-1.0
-9.0
-19.0
-11.0
-39.0
-17.0
-32.0
3.0
-34.0
-12.0
-22.0
-17.0
-12.0
9.0
18.0
14.0
-26.0
2.0
-12.0
-22.0
-31.0
-15.0
24.0
1.0
-11.0
-63.0
6.0
-26.0
26.0
-10.0
-1.0
10.0
-9.0
-1.0
-12.0
-14.0
10.0
-5.0
-26.0
-8.0
-17.0
-24.0
-44.0
-19.0
8.0
48.0
20.0
36.0
-2.0
-8.0
-5.0
-15.0
17.0
17.0
25.0
12.0
-61.0
-91.0
40.0
38.0
45.0
13.0
12.0
17.0
-10.0
-38.0
35.0
7.0
-68.0
-22.0
-46.0
-101.0
75.0
313.0
313.0
313.0
313.0
313.0
313.0
313.0
313.0
313.0
313.0
313.0
313.0
152.0
107.0
-19.0
-72.0
-180.0
-214.0
-313.0
-313.0
-313.0
-313.0
-313.0
-313.0
-313.0
-313.0
-313.0
-313.0
-313.0
-313.0
-313.0
-313.0
-313.0
-313.0
-310.0
-275.0
-285.0
-273.0
-301.0
-276.0
-220.0
-250.0
-230.0
-226.0
-203.0
-238.0
-196.0
-197.0
-173.0
-111.0
-106.0
-110.0
-105.0
-83.0
-72.0
-70.0
-41.0
-46.0
-53.0
-38.0
-49.0
-69.0
-52.0
-63.0
14.0
16.0
-18.0
-11.0
-40.0
-17.0
-8.0
3.0
-3.0
-12.0
-45.0
-33.0
-72.0
-78.0
-68.0
-62.0
-66.0
-71.0
-30.0
-33.0
26.0
74.0
66.0
68.0
81.0
81.0
43.0
95.0
54.0
75.0
83.0
55.0
37.0
41.0
-22.0
-13.0
-30.0
-16.0
-5.0
-17.0
29.0
33.0
36.0
33.0
20.0
39.0
27.0
28.0
-13.0
-15.0
-39.0
-41.0
-22.0
-15.0
-14.0
-9.0
3.0
56.0
21.0
41.0
23.0
10.0
34.0
42.0
9.0
34.0
22.0
-24.0
-30.0
-6.0
-15.0
-11.0
-14.0
-18.0
-13.0
28.0
-7.0
-31.0
10.0
-10.0
-19.0
-30.0
3.0
1.0
-7.0
16.0
29.0
-12.0
-4.0
-6.0
9.0
-10.0
30.0
30.0
50.0
24.0
33.0
16.0
-28.0
-11.0
15.0
-4.0
-4.0
6.0
-14.0
7.0
-1.0
-25.0
16.0
-9.0
9.0
16.0
-4.0
-2.0
6.0
36.0
6.0
78.0
92.0
62.0
36.0
50.0
30.0
31.0
-14.0
7.0
28.0
-1.0
9.0
16.0
34.0
-26.0
32.0
36.0
4.0
4.0
-15.0
44.0
9.0
-18.0
-8.0
-9.0
-16.0
-17.0
18.0
21.0
9.0
43.0
21.0
-7.0
-55.0
-46.0
-35.0
-30.0
-46.0
-16.0
-2.0
-23.0
-42.0
40.0
3.0
-44.0
-29.0
-28.0
-27.0
-2.0
-19.0
-22.0
13.0
29.0
30.0
40.0
86.0
88.0
36.0
44.0
44.0
69.0
-3.0
-11.0
-9.0
6.0
16.0
19.0
-7.0
-1.0
-9.0
-32.0
-5.0
-13.0
-8.0
-20.0
-93.0
-93.0
-57.0
1.0
-22.0
4.0
-26.0
-66.0
-58.0
-50.0
-52.0
-55.0
-37.0
4.0
34.0
79.0
99.0
93.0
97.0
65.0
94.0
90.0
47.0
84.0
18.0
24.0
64.0
41.0
10.0
-13.0
7.0
7.0
-34.0
-32.0
-102.0
-59.0
-33.0
-18.0
-20.0
-32.0
-21.0
-17.0
-28.0
-14.0
4.0
-4.0
-1.0
-20.0
-66.0
-136.0
-99.0
-97.0
-46.0
41.0
-42.0
5.0
22.0
26.0
56.0
41.0
29.0
27.0
21.0
19.0
-4.0
70.0
22.0
28.0
25.0
6.0
17.0
16.0
-15.0
1.0
-26.0
-3.0
-36.0
-47.0
-45.0
-35.0
-85.0
-94.0
-89.0
-31.0
-37.0
-42.0
-41.0
10.0
-23.0
-20.0
-34.0
-20.0
1.0
48.0
61.0
70.0
54.0
17.0
34.0
-8.0
8.0
4.0
-23.0
-12.0
3.0
-19.0
3.0
6.0
-19.0
-16.0
-31.0
-24.0
-17.0
-32.0
-31.0
-81.0
-101.0
-96.0
-36.0
-31.0
-17.0
-13.0
72.0
100.0
137.0
152.0
111.0
102.0
114.0
85.0
66.0
66.0
30.0
-5.0
-29.0
-58.0
-24.0
-51.0
-77.0
-77.0
-62.0
-63.0
-70.0
-85.0
-59.0
-57.0
-10.0
-12.0
-19.0
-45.0
-54.0
-49.0
-58.0
-46.0
-23.0
-55.0
-15.0
-70.0
-30.0
-5.0
9.0
10.0
-7.0
-10.0
-3.0
3.0
-13.0
7.0
38.0
18.0
11.0
12.0
15.0
26.0
14.0
-20.0
-24.0
-66.0
-79.0
-17.0
-6.0
-7.0
16.0
54.0
66.0
86.0
72.0
40.0
67.0
61.0
34.0
33.0
-8.0
-8.0
5.0
-1.0
18.0
23.0
-1.0
-1.0
-23.0
-18.0
-8.0
-45.0
-41.0
-57.0
-66.0
-63.0
-66.0
-54.0
-50.0
-50.0
-61.0
-46.0
-31.0
-29.0
-47.0
-8.0
-2.0
26.0
31.0
35.0
17.0
17.0
30.0
14.0
24.0
47.0
33.0
60.0
34.0
31.0
-15.0
-15.0
-29.0
-30.0
-11.0
-36.0
-26.0
0.0
-13.0
-12.0
-23.0
-4.0
-17.0
-12.0
-2.0
-21.0
-27.0
-35.0
-14.0
-9.0
-13.0
-13.0
-19.0
-13.0
15.0
33.0
39.0
68.0
51.0
53.0
61.0
26.0
33.0
13.0
-26.0
-43.0
-25.0
-5.0
-37.0
-39.0
-19.0
-18.0
3.0
-30.0
0.0
8.0
-12.0
9.0
13.0
23.0
-22.0
21.0
-3.0
-25.0
-9.0
-2.0
-51.0
-33.0
-61.0
-61.0
-27.0
-13.0
7.0
21.0
18.0
14.0
22.0
67.0
40.0
37.0
19.0
16.0
-4.0
-24.0
-23.0
-51.0
-57.0
-43.0
-36.0
-17.0
-58.0
-39.0
-33.0
-20.0
-67.0
-24.0
31.0
-13.0
-19.0
-9.0
-12.0
-9.0
-13.0
14.0
-13.0
-13.0
-53.0
-26.0
-35.0
-29.0
-25.0
-12.0
7.0
49.0
3.0
-9.0
-33.0
-54.0
-48.0
-49.0
-40.0
-60.0
-13.0
16.0
66.0
61.0
89.0
96.0
83.0
93.0
76.0
65.0
60.0
92.0
73.0
53.0
37.0
-1.0
-29.0
-26.0
-44.0
-49.0
-66.0
-118.0
-17.0
2.0
-26.0
-51.0
-37.0
-40.0
-33.0
-34.0
-73.0
-88.0
-132.0
-111.0
-27.0
32.0
67.0
61.0
92.0
111.0
77.0
80.0
60.0
84.0
58.0
12.0
34.0
39.0
20.0
12.0
13.0
-34.0
-65.0
-70.0
-68.0
-66.0
-28.0
-35.0
-72.0
-54.0
-49.0
-50.0
-37.0
-44.0
-65.0
-59.0
-59.0
-52.0
-64.0
-45.0
-23.0
-8.0
-12.0
28.0
-20.0
-31.0
4.0
5.0
-14.0
11.0
19.0
-26.0
-20.0
-48.0
4.0
-7.0
-7.0
-6.0
2.0
8.0
6.0
23.0
33.0
72.0
40.0
-4.0
25.0
35.0
56.0
65.0
42.0
22.0
-6.0
29.0
-40.0
-8.0
-21.0
-31.0
-40.0
-47.0
-22.0
-2.0
-6.0
7.0
1.0
12.0
-11.0
-18.0
-37.0
-62.0
-105.0
-53.0
-13.0
9.0
38.0
70.0
101.0
98.0
143.0
111.0
93.0
92.0
49.0
23.0
22.0
19.0
3.0
2.0
-20.0
-35.0
-42.0
-46.0
-71.0
-74.0
-67.0
-50.0
-26.0
-23.0
-1.0
-1.0
7.0
-24.0
-26.0
-43.0
-72.0
-28.0
17.0
23.0
-2.0
-9.0
1.0
-16.0
-6.0
-24.0
-26.0
-16.0
-11.0
-12.0
-38.0
-11.0
-13.0
-11.0
-7.0
-30.0
-57.0
-45.0
-66.0
-64.0
-59.0
-53.0
-31.0
-10.0
16.0
-3.0
27.0
48.0
81.0
79.0
13.0
12.0
60.0
83.0
78.0
9.0
23.0
47.0
50.0
49.0
16.0
-1.0
3.0
-4.0
9.0
-21.0
-49.0
-37.0
-44.0
-44.0
-71.0
-46.0
-20.0
-19.0
30.0
57.0
97.0
51.0
74.0
73.0
50.0
72.0
27.0
10.0
-9.0
-10.0
56.0
49.0
-9.0
-7.0
12.0
24.0
-34.0
-36.0
-9.0
-26.0
-59.0
-63.0
-65.0
-59.0
-41.0
-61.0
-63.0
-58.0
-61.0
-28.0
-73.0
-75.0
-92.0
-94.0
-74.0
-30.0
-72.0
-66.0
-10.0
26.0
18.0
18.0
11.0
11.0
5.0
-1.0
-34.0
-28.0
-58.0
-61.0
-53.0
-25.0
3.0
2.0
18.0
40.0
70.0
71.0
136.0
100.0
109.0
125.0
86.0
88.0
19.0
4.0
27.0
-12.0
42.0
46.0
15.0
19.0
8.0
9.0
15.0
-11.0
-27.0
-31.0
-55.0
-81.0
-87.0
-68.0
-74.0
-69.0
-97.0
-48.0
-45.0
-78.0
-86.0
-146.0
-50.0
-41.0
-33.0
-35.0
-4.0
16.0
12.0
34.0
34.0
-2.0
-18.0
-22.0
-62.0
-69.0
-26.0
20.0
26.0
68.0
33.0
45.0
5.0
-22.0
-29.0
-35.0
-47.0
-19.0
1.0
3.0
50.0
82.0
85.0
109.0
114.0
126.0
116.0
97.0
64.0
54.0
69.0
58.0
37.0
-8.0
-22.0
-24.0
-34.0
-32.0
-58.0
-78.0
-78.0
-52.0
-81.0
-43.0
-42.0
-36.0
-12.0
-17.0
-56.0
-38.0
-80.0
-29.0
-31.0
8.0
21.0
22.0
31.0
-10.0
-7.0
25.0
19.0
-8.0
-5.0
2.0
36.0
31.0
14.0
4.0
-32.0
-57.0
-61.0
-50.0
-48.0
-15.0
23.0
32.0
17.0
48.0
17.0
105.0
95.0
88.0
100.0
70.0
33.0
31.0
12.0
15.0
-16.0
2.0
19.0
18.0
26.0
-13.0
-36.0
-35.0
5.0
3.0
-26.0
-20.0
-5.0
-40.0
-33.0
-56.0
-76.0
-83.0
-77.0
-74.0
-110.0
-115.0
-99.0
-60.0
0.0
21.0
25.0
33.0
36.0
-6.0
15.0
24.0
39.0
-9.0
-12.0
-18.0
-2.0
-7.0
-43.0
-47.0
-56.0
-36.0
-29.0
-28.0
-22.0
-12.0
-60.0
-61.0
-67.0
-67.0
-45.0
-25.0
48.0
121.0
159.0
174.0
164.0
166.0
131.0
109.0
70.0
39.0
58.0
48.0
2.0
70.0
20.0
25.0
9.0
-14.0
-27.0
-71.0
-108.0
-70.0
-80.0
-105.0
-127.0
-120.0
-103.0
-109.0
-75.0
-26.0
-52.0
-5.0
22.0
19.0
18.0
15.0
37.0
3.0
-20.0
-34.0
3.0
-24.0
-11.0
-32.0
-1.0
-4.0
-17.0
-18.0
-59.0
-30.0
-55.0
-31.0
-27.0
-38.0
-11.0
-11.0
7.0
-13.0
-2.0
14.0
14.0
43.0
14.0
25.0
45.0
37.0
38.0
8.0
12.0
41.0
-40.0
-22.0
-41.0
0.0
-14.0
-18.0
-43.0
-7.0
1.0
-18.0
-24.0
-46.0
-19.0
-39.0
-12.0
-10.0
26.0
44.0
15.0
-47.0
-81.0
-54.0
-57.0
-70.0
-52.0
-48.0
49.0
87.0
100.0
113.0
105.0
136.0
118.0
127.0
111.0
108.0
72.0
58.0
34.0
8.0
-5.0
-17.0
-68.0
-58.0
-61.0
-70.0
-95.0
-58.0
-31.0
-40.0
-26.0
12.0
8.0
-33.0
-12.0
-9.0
-3.0
-7.0
-36.0
-7.0
-23.0
-16.0
-48.0
-49.0
-73.0
-68.0
-78.0
-63.0
-33.0
-18.0
-44.0
-64.0
-31.0
-47.0
-64.0
-70.0
-52.0
-24.0
-10.0
26.0
53.0
64.0
82.0
60.0
61.0
63.0
19.0
83.0
89.0
69.0
27.0
-2.0
-55.0
-51.0
-44.0
-46.0
-30.0
-55.0
-57.0
-64.0
-59.0
-61.0
-17.0
0.0
-5.0
1.0
9.0
39.0
56.0
54.0
25.0
17.0
41.0
29.0
31.0
31.0
29.0
2.0
16.0
-13.0
-44.0
-42.0
-43.0
-6.0
10.0
8.0
-22.0
-16.0
-20.0
-17.0
0.0
-17.0
-10.0
6.0
-52.0
-48.0
-16.0
-20.0
-12.0
5.0
45.0
35.0
65.0
22.0
49.0
54.0
78.0
76.0
58.0
34.0
25.0
2.0
-42.0
-47.0
-78.0
-81.0
-77.0
-65.0
-85.0
-68.0
-104.0
-89.0
-81.0
-42.0
-91.0
-92.0
0.0
2.0
61.0
125.0
119.0
111.0
109.0
110.0
113.0
116.0
67.0
26.0
-3.0
-11.0
-76.0
-55.0
-35.0
-7.0
-40.0
-38.0
-96.0
-60.0
-106.0
-89.0
-100.0
-66.0
-50.0
-28.0
9.0
6.0
-17.0
9.0
16.0
49.0
39.0
58.0
52.0
36.0
69.0
65.0
23.0
-7.0
-14.0
-35.0
-43.0
-61.0
-56.0
-51.0
-48.0
-41.0
-62.0
-70.0
-85.0
-76.0
-47.0
-39.0
-39.0
-7.0
-24.0
-21.0
-7.0
0.0
10.0
11.0
9.0
3.0
-2.0
3.0
18.0
22.0
38.0
-25.0
-8.0
-20.0
-23.0
6.0
1.0
24.0
24.0
24.0
44.0
47.0
88.0
67.0
71.0
56.0
38.0
16.0
-21.0
-22.0
-34.0
-68.0
-7.0
-2.0
22.0
6.0
-18.0
-4.0
-43.0
-40.0
1.0
-15.0
-50.0
-36.0
-20.0
-8.0
-16.0
20.0
-7.0
-11.0
-49.0
-39.0
-46.0
-39.0
-15.0
16.0
-4.0
66.0
85.0
79.0
92.0
98.0
107.0
85.0
44.0
56.0
14.0
8.0
-13.0
-16.0
-14.0
-17.0
-64.0
-31.0
-24.0
-24.0
-42.0
-34.0
-56.0
-56.0
-52.0
-40.0
-61.0
-52.0
-60.0
-66.0
-40.0
-34.0
-39.0
-41.0
-11.0
-25.0
-29.0
-14.0
-41.0
-61.0
-30.0
-14.0
9.0
8.0
-24.0
-2.0
-4.0
14.0
-32.0
-24.0
-17.0
-26.0
-4.0
2.0
9.0
7.0
22.0
35.0
11.0
15.0
-40.0
-13.0
-20.0
-21.0
-10.0
18.0
25.0
16.0
4.0
-21.0
18.0
13.0
24.0
28.0
40.0
37.0
27.0
27.0
0.0
-14.0
-21.0
-6.0
-26.0
-25.0
-15.0
24.0
8.0
46.0
23.0
2.0
46.0
33.0
39.0
38.0
18.0
27.0
36.0
-1.0
-18.0
-22.0
8.0
-7.0
-80.0
-85.0
-90.0
10.0
-4.0
25.0
-2.0
-15.0
9.0
-3.0
-14.0
-22.0
-14.0
-11.0
1.0
0.0
-9.0
-25.0
-29.0
-68.0
-28.0
-27.0
-36.0
-16.0
-25.0
-12.0
-41.0
-26.0
-1.0
18.0
24.0
23.0
9.0
26.0
24.0
8.0
-1.0
-8.0
-1.0
3.0
-28.0
-28.0
-7.0
-18.0
-19.0
-5.0
-5.0
7.0
14.0
3.0
7.0
12.0
9.0
5.0
12.0
4.0
11.0
-13.0
-16.0
9.0
13.0
8.0
2.0
-41.0
-12.0
-11.0
21.0
-16.0
-3.0
-26.0
-34.0
-30.0
-41.0
-70.0
-66.0
-21.0
-33.0
-20.0
-12.0
-10.0
9.0
8.0
-35.0
-35.0
-33.0
6.0
22.0
3.0
-5.0
-8.0
-12.0
-5.0
33.0
40.0
29.0
23.0
19.0
-6.0
-42.0
-22.0
-14.0
-15.0
-32.0
-14.0
-5.0
-5.0
56.0
22.0
-10.0
8.0
-25.0
-22.0
-79.0
-40.0
12.0
26.0
18.0
11.0
0.0
-8.0
-15.0
-12.0
-4.0
26.0
28.0
6.0
-21.0
-35.0
-18.0
66.0
61.0
68.0
25.0
25.0
28.0
31.0
17.0
4.0
1.0
-3.0
2.0
7.0
3.0
26.0
22.0
1.0
-13.0
-61.0
-49.0
-30.0
-47.0
-46.0
7.0
7.0
-7.0
-6.0
2.0
4.0
-7.0
-20.0
-25.0
-31.0
-19.0
-18.0
-42.0
-50.0
-21.0
-44.0
-23.0
6.0
27.0
26.0
39.0
16.0
39.0
31.0
34.0
38.0
53.0
50.0
61.0
58.0
36.0
20.0
24.0
-10.0
15.0
-21.0
-48.0
-53.0
-21.0
-21.0
-33.0
-48.0
-56.0
-41.0
-44.0
-26.0
-19.0
-1.0
46.0
53.0
31.0
28.0
59.0
62.0
27.0
35.0
8.0
5.0
-8.0
-5.0
-24.0
-34.0
-18.0
-74.0
-37.0
-74.0
-20.0
0.0
-36.0
-34.0
-10.0
2.0
-34.0
-22.0
-26.0
-19.0
-26.0
-14.0
-24.0
-26.0
-41.0
-66.0
-25.0
-3.0
-25.0
-7.0
-15.0
-24.0
24.0
20.0
0.0
4.0
-9.0
-45.0
-40.0
6.0
-24.0
23.0
50.0
45.0
71.0
55.0
13.0
-5.0
-65.0
1.0
43.0
20.0
5.0
14.0
21.0
4.0
-27.0
12.0
-16.0
-23.0
-15.0
-47.0
-32.0
-37.0
-79.0
-96.0
-35.0
-9.0
-11.0
13.0
93.0
111.0
83.0
81.0
64.0
53.0
63.0
44.0
21.0
18.0
12.0
23.0
-17.0
-22.0
-24.0
-27.0
-17.0
-25.0
-16.0
-73.0
-68.0
-86.0
-78.0
-74.0
-51.0
-41.0
-60.0
-54.0
-4.0
22.0
7.0
17.0
15.0
16.0
5.0
8.0
15.0
-20.0
-37.0
15.0
12.0
21.0
-22.0
-21.0
-14.0
-10.0
-8.0
7.0
3.0
25.0
-6.0
-13.0
3.0
4.0
2.0
-30.0
-62.0
-17.0
-22.0
-31.0
-36.0
15.0
-45.0
-46.0
-27.0
-48.0
-18.0
-19.0
2.0
8.0
8.0
22.0
15.0
13.0
16.0
20.0
36.0
28.0
12.0
30.0
22.0
25.0
21.0
17.0
-11.0
-18.0
0.0
-5.0
-11.0
-64.0
-19.0
-8.0
-24.0
-24.0
9.0
35.0
-4.0
8.0
-9.0
15.0
11.0
-4.0
-2.0
-12.0
-27.0
-16.0
-26.0
-25.0
-14.0
-9.0
-19.0
-14.0
5.0
5.0
-35.0
-17.0
-10.0
23.0
40.0
40.0
-7.0
-7.0
20.0
21.0
19.0
8.0
9.0
20.0
8.0
-3.0
4.0
-26.0
-10.0
-9.0
-1.0
6.0
7.0
-12.0
28.0
8.0
-49.0
-20.0
-25.0
-27.0
3.0
3.0
-15.0
-7.0
-21.0
-25.0
-34.0
-13.0
-18.0
-16.0
-23.0
-55.0
-19.0
6.0
-29.0
-19.0
-53.0
-45.0
-17.0
-20.0
25.0
37.0
88.0
47.0
8.0
17.0
-5.0
-18.0
3.0
-2.0
-9.0
36.0
7.0
22.0
16.0
9.0
22.0
-4.0
-8.0
-1.0
1.0
-25.0
38.0
44.0
6.0
21.0
-1.0
2.0
-1.0
-2.0
-7.0
-13.0
-19.0
1.0
4.0
-24.0
12.0
10.0
-2.0
-2.0
18.0
3.0
39.0
-18.0
-37.0
-61.0
-55.0
-35.0
-65.0
-69.0
-34.0
-23.0
-47.0
18.0
31.0
35.0
34.0
63.0
14.0
17.0
29.0
32.0
18.0
-2.0
18.0
14.0
-11.0
0.0
7.0
10.0
7.0
-15.0
-33.0
-48.0
-50.0
-32.0
-41.0
-48.0
-31.0
-35.0
-28.0
-28.0
8.0
7.0
2.0
-30.0
-37.0
-19.0
9.0
7.0
21.0
-28.0
-42.0
-63.0
-42.0
-4.0
-2.0
-25.0
4.0
6.0
15.0
6.0
9.0
8.0
-52.0
-27.0
-24.0
-2.0
24.0
21.0
32.0
68.0
50.0
41.0
13.0
46.0
20.0
-4.0
-33.0
-39.0
-40.0
-28.0
-10.0
-1.0
31.0
13.0
1.0
45.0
52.0
62.0
56.0
26.0
10.0
26.0
23.0
12.0
12.0
-2.0
-11.0
-15.0
1.0
-15.0
-22.0
-57.0
-84.0
-94.0
-81.0
-78.0
-63.0
-63.0
-60.0
-78.0
-34.0
-33.0
-36.0
-44.0
-31.0
-21.0
-19.0
-18.0
16.0
21.0
7.0
14.0
40.0
34.0
45.0
8.0
29.0
31.0
51.0
47.0
53.0
1.0
-25.0
-16.0
-39.0
-78.0
-2.0
-7.0
-43.0
28.0
18.0
31.0
26.0
3.0
5.0
-9.0
-11.0
-10.0
5.0
-21.0
-15.0
-22.0
-9.0
-2.0
6.0
-21.0
-15.0
-17.0
-23.0
-25.0
-21.0
-40.0
-26.0
-25.0
-32.0
0.0
-6.0
-5.0
-22.0
-16.0
-11.0
10.0
10.0
1.0
-5.0
-9.0
-2.0
-2.0
-6.0
14.0
3.0
-5.0
-20.0
-17.0
-26.0
-53.0
-49.0
-57.0
-32.0
-19.0
-39.0
-37.0
-6.0
1.0
-53.0
6.0
17.0
11.0
-12.0
2.0
18.0
3.0
-22.0
30.0
23.0
23.0
34.0
33.0
24.0
26.0
43.0
21.0
12.0
2.0
17.0
36.0
-7.0
-11.0
-9.0
-24.0
-19.0
-16.0
15.0
-7.0
-19.0
37.0
44.0
39.0
6.0
6.0
-2.0
14.0
-2.0
5.0
16.0
12.0
-44.0
-51.0
21.0
2.0
16.0
16.0
-6.0
-7.0
-5.0
-38.0
-2.0
-3.0
-9.0
-17.0
-16.0
-11.0
-22.0
-4.0
-28.0
-23.0
-24.0
-21.0
-26.0
-38.0
-30.0
-25.0
-16.0
15.0
-8.0
-8.0
-32.0
-29.0
-43.0
-20.0
-9.0
23.0
3.0
31.0
26.0
8.0
-12.0
-16.0
-27.0
-8.0
7.0
9.0
9.0
17.0
7.0
-30.0
-35.0
-29.0
-42.0
-77.0
-96.0
5.0
29.0
58.0
76.0
94.0
89.0
93.0
116.0
99.0
72.0
35.0
50.0
29.0
5.0
47.0
27.0
28.0
4.0
-18.0
-25.0
29.0
4.0
-9.0
-19.0
-53.0
-69.0
-60.0
-69.0
-74.0
-63.0
-35.0
-52.0
-37.0
-40.0
-36.0
-48.0
-52.0
-84.0
-61.0
-34.0
-21.0
-32.0
-24.0
-23.0
-54.0
-31.0
-32.0
-59.0
-25.0
-18.0
-7.0
-24.0
-32.0
-26.0
9.0
32.0
32.0
32.0
92.0
102.0
110.0
96.0
82.0
66.0
53.0
48.0
43.0
29.0
-8.0
-23.0
-24.0
-50.0
-33.0
-26.0
-44.0
-44.0
-43.0
-57.0
-58.0
-70.0
-62.0
-53.0
-101.0
-93.0
-68.0
-64.0
-57.0
-16.0
5.0
18.0
18.0
28.0
56.0
35.0
45.0
15.0
10.0
-18.0
-42.0
-33.0
-15.0
17.0
8.0
-38.0
-13.0
-23.0
-19.0
-50.0
-46.0
22.0
32.0
7.0
-36.0
-41.0
-59.0
-65.0
-69.0
-51.0
13.0
30.0
50.0
99.0
79.0
94.0
84.0
70.0
66.0
70.0
41.0
51.0
9.0
-19.0
-41.0
-9.0
-50.0
-64.0
-66.0
-90.0
-42.0
-44.0
-61.0
-75.0
-46.0
-44.0
-2.0
-12.0
-13.0
62.0
58.0
74.0
49.0
65.0
62.0
40.0
0.0
29.0
29.0
14.0
11.0
-46.0
-46.0
-42.0
-59.0
-41.0
-49.0
-69.0
-73.0
-48.0
-72.0
-59.0
-70.0
-79.0
-58.0
-47.0
-33.0
-22.0
-21.0
5.0
-40.0
-26.0
-23.0
-44.0
-27.0
41.0
34.0
55.0
50.0
45.0
54.0
32.0
5.0
6.0
16.0
7.0
4.0
26.0
21.0
41.0
14.0
7.0
3.0
2.0
-25.0
5.0
-14.0
2.0
7.0
0.0
13.0
0.0
-14.0
-38.0
-15.0
-41.0
-33.0
-2.0
-6.0
-16.0
-4.0
17.0
15.0
56.0
31.0
76.0
53.0
42.0
40.0
31.0
27.0
31.0
35.0
-7.0
-48.0
-46.0
-40.0
-35.0
-40.0
-23.0
-28.0
-21.0
-25.0
-12.0
-13.0
-36.0
-14.0
-60.0
-60.0
0.0
-30.0
-25.0
18.0
27.0
37.0
60.0
20.0
50.0
42.0
70.0
44.0
39.0
56.0
43.0
2.0
-4.0
-26.0
-42.0
-46.0
-41.0
-49.0
-26.0
-21.0
-52.0
-23.0
-33.0
24.0
5.0
8.0
16.0
21.0
3.0
-6.0
3.0
-4.0
-18.0
-29.0
-31.0
-32.0
-85.0
-47.0
-48.0
-51.0
-69.0
-41.0
-30.0
-41.0
-37.0
-35.0
-25.0
-29.0
-27.0
-8.0
33.0
39.0
47.0
35.0
75.0
81.0
41.0
58.0
44.0
41.0
9.0
-21.0
-12.0
30.0
-28.0
-27.0
-25.0
-50.0
-47.0
-36.0
-27.0
-52.0
-61.0
-22.0
-40.0
-37.0
-7.0
-7.0
-27.0
-61.0
-13.0
13.0
16.0
54.0
29.0
35.0
50.0
31.0
-13.0
13.0
33.0
14.0
14.0
-3.0
11.0
10.0
3.0
-12.0
-4.0
-20.0
-10.0
-16.0
24.0
-11.0
-16.0
-10.0
18.0
-1.0
-30.0
-33.0
-26.0
-36.0
10.0
-1.0
6.0
0.0
-25.0
-24.0
-13.0
-39.0
-14.0
6.0
-40.0
-55.0
-18.0
-22.0
-34.0
1.0
6.0
7.0
39.0
30.0
25.0
38.0
58.0
56.0
47.0
23.0
1.0
8.0
-6.0
-4.0
13.0
-15.0
-25.0
-21.0
-42.0
-32.0
-15.0
-46.0
-50.0
-26.0
-19.0
-8.0
-5.0
-2.0
22.0
49.0
18.0
20.0
-12.0
5.0
6.0
10.0
-32.0
-35.0
1.0
-4.0
-14.0
-12.0
-4.0
-35.0
-35.0
-24.0
-33.0
-34.0
-48.0
-12.0
28.0
41.0
39.0
40.0
64.0
46.0
38.0
43.0
33.0
8.0
21.0
2.0
11.0
-9.0
5.0
-15.0
-9.0
-15.0
-49.0
-25.0
-15.0
-20.0
10.0
-23.0
-15.0
-66.0
-14.0
-2.0
27.0
4.0
-2.0
-22.0
-13.0
-21.0
-37.0
-74.0
-65.0
-61.0
-19.0
7.0
20.0
-21.0
-5.0
-22.0
-5.0
-7.0
11.0
6.0
11.0
4.0
-11.0
-13.0
-20.0
-32.0
-21.0
7.0
29.0
22.0
-4.0
-31.0
-4.0
26.0
33.0
-4.0
-4.0
-7.0
3.0
0.0
31.0
5.0
14.0
11.0
-44.0
-5.0
-42.0
-38.0
-22.0
-26.0
-12.0
-6.0
37.0
20.0
75.0
42.0
63.0
67.0
-2.0
2.0
-16.0
-8.0
-2.0
0.0
-12.0
-16.0
-55.0
-54.0
-35.0
-40.0
-72.0
-62.0
-59.0
-50.0
-56.0
-37.0
-29.0
-19.0
7.0
11.0
-12.0
-6.0
-1.0
-15.0
-24.0
-51.0
3.0
-35.0
-12.0
-9.0
-14.0
1.0
31.0
7.0
-21.0
-33.0
-12.0
3.0
36.0
35.0
47.0
45.0
17.0
-47.0
-29.0
22.0
-7.0
-16.0
24.0
20.0
13.0
32.0
23.0
-17.0
-16.0
-15.0
29.0
6.0
-16.0
-7.0
-32.0
-31.0
-33.0
0.0
34.0
6.0
-22.0
-64.0
-45.0
-42.0
-57.0
-11.0
-1.0
39.0
9.0
20.0
-4.0
-15.0
18.0
11.0
13.0
19.0
17.0
-6.0
42.0
2.0
5.0
35.0
32.0
26.0
1.0
-4.0
-14.0
-11.0
-28.0
-32.0
4.0
-11.0
-32.0
-26.0
-14.0
-2.0
-22.0
-15.0
-31.0
11.0
-31.0
7.0
18.0
21.0
40.0
46.0
21.0
24.0
2.0
11.0
28.0
28.0
8.0
5.0
-26.0
-24.0
4.0
-18.0
-24.0
-33.0
-31.0
-40.0
-55.0
-52.0
-8.0
0.0
41.0
31.0
31.0
13.0
12.0
1.0
32.0
29.0
-22.0
-40.0
-42.0
-36.0
-11.0
-11.0
-7.0
-22.0
-41.0
-49.0
-36.0
-33.0
-49.0
-32.0
-46.0
-28.0
-30.0
-17.0
-18.0
-18.0
-9.0
-6.0
14.0
-21.0
21.0
19.0
47.0
29.0
13.0
12.0
-1.0
11.0
-9.0
-21.0
2.0
25.0
-7.0
-24.0
-36.0
-39.0
-4.0
-21.0
-20.0
-8.0
-3.0
20.0
-11.0
-27.0
15.0
17.0
57.0
46.0
19.0
-17.0
-32.0
-28.0
-20.0
-33.0
-23.0
-24.0
-8.0
16.0
34.0
51.0
42.0
35.0
51.0
35.0
21.0
15.0
28.0
33.0
16.0
-6.0
6.0
38.0
34.0
-16.0
-65.0
-64.0
-52.0
-71.0
-42.0
-33.0
14.0
28.0
-7.0
36.0
16.0
18.0
16.0
-15.0
-3.0
-32.0
-14.0
-6.0
-26.0
-5.0
-7.0
-3.0
-15.0
-64.0
-9.0
-25.0
-16.0
-7.0
-41.0
-42.0
-48.0
-51.0
-4.0
-31.0
4.0
48.0
32.0
33.0
6.0
-17.0
-23.0
-27.0
-6.0
0.0
23.0
27.0
-18.0
-58.0
-22.0
-35.0
-53.0
-54.0
-59.0
-33.0
-6.0
15.0
15.0
47.0
34.0
59.0
72.0
80.0
45.0
47.0
-20.0
-5.0
32.0
28.0
9.0
0.0
13.0
15.0
-38.0
-68.0
-40.0
-43.0
-52.0
-60.0
-48.0
-46.0
-48.0
-53.0
-72.0
-28.0
-47.0
-44.0
-31.0
-43.0
-46.0
-15.0
5.0
0.0
29.0
39.0
52.0
52.0
49.0
55.0
44.0
37.0
23.0
18.0
26.0
-6.0
-7.0
-22.0
12.0
-5.0
-37.0
-4.0
2.0
2.0
-13.0
-11.0
-12.0
6.0
-7.0
-14.0
-1.0
-3.0
-22.0
-32.0
-27.0
-61.0
-61.0
-71.0
-34.0
-5.0
-12.0
25.0
-7.0
-8.0
-27.0
-12.0
-11.0
11.0
-8.0
-32.0
19.0
-15.0
-19.0
-21.0
0.0
-25.0
-27.0
-22.0
-21.0
24.0
17.0
2.0
24.0
26.0
2.0
18.0
-8.0
20.0
16.0
-10.0
-6.0
-31.0
-39.0
-34.0
-18.0
-31.0
-28.0
-4.0
-2.0
42.0
29.0
27.0
27.0
29.0
7.0
12.0
50.0
57.0
42.0
46.0
36.0
35.0
26.0
32.0
4.0
-36.0
-40.0
-27.0
-33.0
-36.0
-33.0
-43.0
-9.0
-8.0
48.0
41.0
42.0
-19.0
29.0
12.0
20.0
12.0
1.0
3.0
-19.0
-45.0
-56.0
-43.0
7.0
33.0
59.0
34.0
32.0
36.0
21.0
36.0
8.0
-4.0
16.0
-46.0
-26.0
-44.0
-63.0
-65.0
-58.0
-36.0
-56.0
-48.0
-49.0
-22.0
-19.0
-9.0
-8.0
-16.0
-49.0
-50.0
-52.0
-48.0
-73.0
-40.0
-4.0
21.0
23.0
17.0
-3.0
-16.0
-39.0
-93.0
-22.0
-27.0
40.0
33.0
29.0
32.0
45.0
-16.0
19.0
-15.0
-17.0
-8.0
-16.0
1.0
17.0
15.0
35.0
51.0
63.0
47.0
51.0
48.0
23.0
-2.0
33.0
35.0
48.0
-46.0
-38.0
-26.0
10.0
-16.0
-52.0
-54.0
-52.0
-52.0
-81.0
-59.0
-57.0
-34.0
-38.0
-18.0
-36.0
-17.0
-9.0
-7.0
-9.0
-7.0
-3.0
38.0
8.0
-9.0
-1.0
39.0
50.0
53.0
36.0
12.0
4.0
-39.0
-73.0
-24.0
-84.0
-67.0
-23.0
-20.0
5.0
18.0
35.0
18.0
32.0
5.0
4.0
-12.0
-7.0
-7.0
0.0
14.0
20.0
27.0
-22.0
-29.0
4.0
-17.0
31.0
30.0
31.0
11.0
-12.0
-33.0
-19.0
-18.0
2.0
-1.0
11.0
5.0
-10.0
12.0
-4.0
-26.0
-7.0
3.0
5.0
-17.0
13.0
11.0
-2.0
-19.0
-7.0
4.0
2.0
-15.0
-35.0
-29.0
-29.0
-31.0
9.0
4.0
11.0
46.0
43.0
66.0
67.0
48.0
54.0
54.0
26.0
26.0
37.0
20.0
17.0
10.0
-17.0
-5.0
-39.0
-46.0
-35.0
-37.0
-30.0
-46.0
-27.0
4.0
1.0
-8.0
-11.0
-6.0
-28.0
29.0
9.0
-11.0
-13.0
-9.0
-7.0
-4.0
38.0
39.0
-12.0
12.0
14.0
27.0
-23.0
-72.0
-39.0
-28.0
1.0
4.0
28.0
-29.0
-3.0
-32.0
-26.0
-32.0
-67.0
-71.0
-66.0
-64.0
-26.0
-30.0
-33.0
-41.0
-43.0
-42.0
-50.0
-44.0
-4.0
-6.0
15.0
35.0
52.0
85.0
45.0
79.0
43.0
77.0
59.0
48.0
22.0
5.0
-5.0
-21.0
-8.0
-8.0
-23.0
-44.0
-25.0
-23.0
-27.0
4.0
-31.0
-51.0
-26.0
-37.0
-42.0
-2.0
7.0
11.0
-2.0
26.0
9.0
17.0
-13.0
8.0
-4.0
0.0
10.0
6.0
-5.0
1.0
13.0
1.0
-30.0
-29.0
-27.0
-32.0
5.0
6.0
48.0
21.0
13.0
20.0
45.0
65.0
36.0
-48.0
-37.0
-32.0
32.0
7.0
-28.0
-44.0
-39.0
-41.0
-49.0
-82.0
-68.0
-53.0
-30.0
-11.0
-5.0
-9.0
27.0
26.0
17.0
4.0
-28.0
-29.0
-104.0
-66.0
-124.0
-24.0
28.0
60.0
70.0
42.0
60.0
55.0
26.0
25.0
54.0
34.0
10.0
-3.0
-2.0
11.0
18.0
20.0
-8.0
15.0
11.0
-6.0
-72.0
5.0
-31.0
-4.0
18.0
16.0
8.0
-28.0
-22.0
-66.0
-71.0
-40.0
-58.0
-57.0
-31.0
-26.0
-22.0
-32.0
-6.0
-25.0
-21.0
1.0
-25.0
-30.0
-6.0
-5.0
-4.0
24.0
63.0
52.0
104.0
92.0
59.0
41.0
28.0
33.0
10.0
33.0
3.0
-1.0
-17.0
0.0
-11.0
-14.0
-24.0
-28.0
-17.0
-7.0
-44.0
1.0
-6.0
-42.0
-47.0
-26.0
-3.0
-2.0
-32.0
-21.0
-47.0
-14.0
-40.0
-29.0
-50.0
-39.0
-25.0
-28.0
-18.0
-16.0
-26.0
8.0
-38.0
-1.0
1.0
45.0
30.0
34.0
21.0
18.0
31.0
38.0
75.0
90.0
29.0
-10.0
-16.0
-13.0
-3.0
-35.0
-89.0
-88.0
-68.0
-38.0
9.0
30.0
38.0
35.0
44.0
30.0
67.0
36.0
65.0
54.0
57.0
13.0
13.0
7.0
-10.0
-44.0
-71.0
-106.0
-84.0
-62.0
-50.0
-46.0
-47.0
-40.0
-48.0
-40.0
-27.0
-24.0
-36.0
-50.0
-66.0
-48.0
-42.0
-40.0
-10.0
7.0
18.0
2.0
23.0
31.0
35.0
15.0
9.0
15.0
-2.0
13.0
50.0
47.0
3.0
-41.0
0.0
30.0
1.0
7.0
15.0
-9.0
-7.0
-49.0
-67.0
-24.0
-5.0
10.0
-14.0
-11.0
-32.0
-46.0
-35.0
-34.0
-110.0
-98.0
-36.0
17.0
45.0
40.0
80.0
65.0
56.0
92.0
89.0
145.0
33.0
41.0
42.0
45.0
47.0
36.0
35.0
0.0
-9.0
-19.0
-21.0
-8.0
-51.0
-55.0
-58.0
-72.0
-81.0
-63.0
-70.0
-36.0
-41.0
-26.0
-29.0
-28.0
-79.0
-57.0
-28.0
-90.0
6.0
-7.0
20.0
58.0
64.0
63.0
79.0
87.0
97.0
65.0
76.0
49.0
38.0
2.0
2.0
-2.0
-32.0
-28.0
-64.0
-85.0
-83.0
-47.0
-65.0
-65.0
-66.0
-71.0
-56.0
7.0
22.0
81.0
33.0
44.0
28.0
38.0
28.0
27.0
24.0
-4.0
22.0
14.0
-33.0
-21.0
-37.0
-27.0
-45.0
-39.0
-63.0
-28.0
-55.0
-120.0
-50.0
-17.0
-10.0
-24.0
-41.0
-42.0
2.0
-21.0
-33.0
-33.0
-32.0
-31.0
-15.0
8.0
46.0
43.0
61.0
78.0
154.0
146.0
149.0
113.0
126.0
107.0
62.0
61.0
46.0
68.0
33.0
-20.0
-35.0
-45.0
-58.0
-57.0
-56.0
-57.0
-30.0
12.0
13.0
-6.0
11.0
5.0
-24.0
-33.0
-56.0
-57.0
-55.0
-47.0
-82.0
-104.0
-185.0
-56.0
-52.0
-68.0
-82.0
-83.0
-99.0
-80.0
-76.0
-48.0
-24.0
-6.0
-5.0
-42.0
-52.0
-44.0
-29.0
12.0
-8.0
53.0
45.0
17.0
-2.0
15.0
38.0
44.0
62.0
42.0
27.0
23.0
-8.0
5.0
25.0
-6.0
7.0
11.0
5.0
-53.0
-57.0
-77.0
-17.0
18.0
16.0
31.0
5.0
5.0
-8.0
-23.0
-4.0
-13.0
-38.0
-20.0
-6.0
-22.0
-11.0
-17.0
-18.0
-8.0
-13.0
48.0
50.0
35.0
36.0
16.0
35.0
27.0
-12.0
25.0
12.0
14.0
28.0
23.0
7.0
15.0
20.0
20.0
-6.0
41.0
2.0
10.0
-21.0
7.0
-34.0
-29.0
-12.0
-2.0
-27.0
-43.0
-53.0
-41.0
-21.0
11.0
-1.0
-23.0
-11.0
-9.0
21.0
15.0
26.0
30.0
6.0
52.0
18.0
53.0
22.0
26.0
-11.0
10.0
29.0
37.0
-24.0
-34.0
-8.0
-10.0
-39.0
-37.0
-15.0
-6.0
-11.0
9.0
-32.0
-18.0
-17.0
-28.0
-82.0
-85.0
-84.0
-73.0
-57.0
-15.0
53.0
78.0
100.0
103.0
123.0
128.0
145.0
111.0
126.0
92.0
42.0
30.0
37.0
-5.0
-20.0
-26.0
-45.0
-55.0
-47.0
-104.0
-104.0
-79.0
-82.0
-85.0
-71.0
-70.0
-75.0
-85.0
-66.0
-48.0
-43.0
-11.0
5.0
-18.0
-16.0
-16.0
-41.0
-47.0
-30.0
-30.0
7.0
56.0
66.0
88.0
68.0
66.0
72.0
77.0
46.0
65.0
17.0
-5.0
29.0
-1.0
-3.0
0.0
-36.0
-41.0
-74.0
-53.0
-70.0
-69.0
-74.0
-63.0
-68.0
-71.0
-47.0
-41.0
-33.0
-31.0
-27.0
-13.0
-28.0
-1.0
-3.0
4.0
-4.0
-28.0
-43.0
-38.0
-33.0
-47.0
-47.0
-6.0
4.0
5.0
-11.0
29.0
49.0
53.0
-3.0
-1.0
19.0
18.0
-8.0
-3.0
22.0
42.0
6.0
-13.0
25.0
-25.0
40.0
8.0
24.0
27.0
48.0
2.0
-16.0
-8.0
-11.0
-17.0
18.0
23.0
7.0
3.0
48.0
43.0
17.0
24.0
-48.0
21.0
8.0
-9.0
9.0
13.0
-28.0
12.0
-24.0
-34.0
8.0
6.0
-1.0
25.0
-17.0
-20.0
15.0
21.0
-3.0
16.0
-38.0
-36.0
-5.0
16.0
-7.0
-17.0
-4.0
-32.0
20.0
1.0
-20.0
-12.0
-17.0
-7.0
-42.0
-50.0
-42.0
-30.0
-21.0
-19.0
22.0
43.0
51.0
39.0
8.0
7.0
27.0
67.0
76.0
24.0
-36.0
-19.0
-7.0
-11.0
-41.0
-45.0
-50.0
11.0
10.0
-7.0
35.0
10.0
-3.0
12.0
-35.0
-31.0
25.0
28.0
30.0
-13.0
19.0
24.0
31.0
20.0
-19.0
-18.0
13.0
-11.0
-12.0
-56.0
-72.0
-52.0
-57.0
-12.0
-4.0
0.0
-25.0
-25.0
-49.0
-7.0
-8.0
-35.0
-52.0
-89.0
-42.0
-34.0
-29.0
-28.0
-5.0
-21.0
-16.0
-37.0
-23.0
-46.0
-18.0
-15.0
-9.0
-31.0
21.0
53.0
35.0
27.0
-19.0
7.0
-40.0
-63.0
49.0
33.0
44.0
44.0
11.0
7.0
-37.0
-38.0
-50.0
-47.0
-25.0
-31.0
-30.0
-7.0
2.0
2.0
21.0
28.0
58.0
52.0
82.0
41.0
40.0
35.0
21.0
20.0
34.0
16.0
25.0
20.0
13.0
-36.0
-20.0
-24.0
-22.0
-53.0
-48.0
-87.0
-52.0
-51.0
-26.0
-28.0
-29.0
-49.0
-55.0
-18.0
42.0
30.0
10.0
4.0
13.0
45.0
67.0
85.0
74.0
37.0
30.0
54.0
24.0
23.0
45.0
-8.0
-22.0
-59.0
-54.0
-31.0
-5.0
-36.0
-29.0
-33.0
-75.0
-82.0
6.0
9.0
-10.0
-10.0
-8.0
-28.0
-3.0
-5.0
-1.0
-7.0
-13.0
-7.0
-35.0
-2.0
-17.0
1.0
3.0
2.0
4.0
-42.0
-63.0
-46.0
-55.0
-53.0
-31.0
-3.0
3.0
2.0
28.0
20.0
64.0
52.0
91.0
114.0
83.0
57.0
59.0
62.0
77.0
78.0
64.0
57.0
32.0
20.0
-2.0
17.0
-12.0
-17.0
-31.0
-30.0
-41.0
-44.0
-24.0
-4.0
-55.0
-22.0
2.0
-3.0
35.0
-4.0
-34.0
-48.0
-56.0
-1.0
-13.0
-2.0
-68.0
-67.0
-22.0
-64.0
-112.0
-69.0
-34.0
-35.0
-46.0
-46.0
4.0
11.0
14.0
4.0
-3.0
-20.0
17.0
27.0
11.0
-7.0
22.0
29.0
19.0
5.0
-1.0
-2.0
-11.0
0.0
-5.0
6.0
-2.0
-2.0
-24.0
-30.0
-2.0
11.0
6.0
22.0
32.0
23.0
34.0
37.0
10.0
36.0
23.0
35.0
33.0
-27.0
-13.0
25.0
30.0
28.0
7.0
-6.0
-16.0
-24.0
-33.0
-67.0
-81.0
-60.0
-16.0
-18.0
29.0
-14.0
1.0
-33.0
-37.0
-84.0
-19.0
-22.0
-18.0
-23.0
-5.0
-17.0
-11.0
-17.0
0.0
13.0
-4.0
15.0
-8.0
-6.0
3.0
6.0
0.0
-13.0
13.0
-13.0
9.0
1.0
-43.0
-41.0
-3.0
-5.0
10.0
1.0
23.0
14.0
8.0
23.0
15.0
10.0
37.0
19.0
-10.0
8.0
-2.0
-5.0
-4.0
5.0
-1.0
-4.0
-24.0
-27.0
14.0
-11.0
4.0
-42.0
46.0
47.0
25.0
27.0
7.0
-15.0
20.0
39.0
-11.0
-36.0
19.0
4.0
17.0
16.0
10.0
-3.0
11.0
4.0
-11.0
15.0
-1.0
-14.0
-13.0
-15.0
-5.0
-37.0
-3.0
5.0
-12.0
-1.0
-17.0
2.0
-32.0
-33.0
-14.0
0.0
-5.0
-37.0
-50.0
-53.0
-30.0
-1.0
11.0
6.0
-49.0
-13.0
-8.0
30.0
10.0
-52.0
-21.0
13.0
8.0
5.0
13.0
-16.0
27.0
20.0
-4.0
2.0
12.0
22.0
11.0
13.0
-1.0
-36.0
-15.0
-22.0
-15.0
-6.0
9.0
-22.0
-8.0
-8.0
-9.0
6.0
11.0
18.0
-10.0
-35.0
13.0
-22.0
-45.0
-38.0
-65.0
-26.0
-50.0
-22.0
11.0
36.0
18.0
56.0
79.0
79.0
68.0
82.0
90.0
61.0
69.0
34.0
29.0
0.0
-7.0
-8.0
-5.0
-18.0
-47.0
-26.0
-13.0
-61.0
-37.0
-16.0
-9.0
-10.0
-26.0
-58.0
-68.0
-77.0
-57.0
-75.0
-72.0
-97.0
-81.0
-80.0
-54.0
-47.0
-12.0
15.0
-79.0
-85.0
-71.0
-55.0
-24.0
-19.0
-14.0
-48.0
-34.0
-41.0
-7.0
11.0
62.0
63.0
57.0
60.0
111.0
108.0
79.0
74.0
76.0
69.0
15.0
4.0
19.0
18.0
-6.0
-12.0
-1.0
-40.0
-25.0
-44.0
-29.0
-35.0
-54.0
-55.0
-21.0
-17.0
-9.0
-1.0
-27.0
3.0
24.0
-16.0
7.0
6.0
10.0
-11.0
-40.0
-44.0
-14.0
-14.0
-37.0
-51.0
-31.0
-28.0
-6.0
-13.0
-12.0
-43.0
-60.0
-24.0
-17.0
4.0
25.0
33.0
30.0
43.0
15.0
18.0
-8.0
20.0
22.0
11.0
-12.0
-12.0
-8.0
-48.0
-83.0
-36.0
-26.0
18.0
35.0
93.0
143.0
138.0
144.0
153.0
144.0
113.0
132.0
145.0
121.0
68.0
35.0
30.0
-5.0
13.0
-49.0
-61.0
-46.0
-50.0
-90.0
-83.0
-125.0
-125.0
-119.0
-111.0
-69.0
-95.0
-99.0
-83.0
-70.0
-57.0
-37.0
-31.0
-31.0
-26.0
-29.0
-26.0
-28.0
-22.0
-20.0
-50.0
-46.0
-43.0
-61.0
-41.0
-14.0
31.0
44.0
67.0
49.0
54.0
63.0
62.0
45.0
71.0
34.0
66.0
53.0
2.0
3.0
11.0
-27.0
-29.0
-23.0
-5.0
-44.0
-42.0
-55.0
-50.0
-72.0
-38.0
7.0
5.0
15.0
19.0
63.0
75.0
38.0
21.0
13.0
116.0
97.0
94.0
99.0
69.0
43.0
28.0
8.0
-6.0
-15.0
-40.0
-25.0
-30.0
-44.0
-85.0
-72.0
-63.0
-53.0
-46.0
-41.0
-63.0
-95.0
-93.0
-62.0
-35.0
-21.0
-29.0
-13.0
-26.0
-23.0
-13.0
-51.0
-53.0
17.0
-43.0
-43.0
6.0
-8.0
-10.0
-10.0
-16.0
18.0
19.0
18.0
-25.0
-12.0
-24.0
-23.0
-7.0
-5.0
1.0
24.0
21.0
44.0
24.0
29.0
55.0
63.0
57.0
75.0
57.0
48.0
49.0
42.0
50.0
42.0
42.0
48.0
28.0
16.0
10.0
22.0
22.0
-41.0
-5.0
-11.0
-16.0
-19.0
-37.0
-10.0
-50.0
-53.0
-52.0
-9.0
-31.0
-29.0
-18.0
-30.0
-46.0
-22.0
-52.0
-9.0
4.0
-9.0
-24.0
-34.0
-43.0
-14.0
-27.0
-1.0
1.0
35.0
37.0
23.0
9.0
-14.0
39.0
23.0
2.0
51.0
31.0
9.0
6.0
2.0
7.0
10.0
-1.0
-2.0
-3.0
-9.0
-13.0
5.0
3.0
-32.0
-17.0
-38.0
-38.0
-87.0
-30.0
-1.0
-20.0
8.0
6.0
-21.0
-1.0
13.0
19.0
-18.0
11.0
19.0
18.0
12.0
12.0
9.0
14.0
-21.0
-41.0
-25.0
-24.0
-23.0
26.0
-28.0
-29.0
-24.0
-45.0
-3.0
6.0
-41.0
-6.0
-16.0
-8.0
12.0
13.0
-39.0
39.0
19.0
39.0
31.0
49.0
9.0
-32.0
-22.0
-12.0
4.0
-6.0
20.0
1.0
-31.0
-33.0
-27.0
-21.0
-51.0
-50.0
-56.0
-76.0
5.0
-32.0
45.0
-27.0
-56.0
25.0
22.0
25.0
68.0
70.0
60.0
61.0
11.0
0.0
-13.0
-10.0
-24.0
-27.0
-32.0
-46.0
-2.0
33.0
30.0
19.0
37.0
21.0
27.0
26.0
51.0
42.0
64.0
28.0
7.0
-16.0
-2.0
-4.0
-38.0
-38.0
-26.0
-16.0
-31.0
-34.0
5.0
10.0
4.0
-1.0
-17.0
-19.0
-39.0
-43.0
-42.0
-40.0
-11.0
-32.0
-17.0
-70.0
-54.0
-56.0
-55.0
-40.0
33.0
14.0
63.0
61.0
4.0
22.0
26.0
28.0
52.0
20.0
-27.0
5.0
17.0
-27.0
-31.0
-14.0
-42.0
-36.0
-40.0
-37.0
-22.0
-68.0
-62.0
-31.0
-29.0
-26.0
-43.0
-36.0
-6.0
-24.0
-27.0
22.0
20.0
10.0
-7.0
-24.0
31.0
30.0
2.0
-7.0
44.0
10.0
17.0
31.0
-18.0
-80.0
-25.0
-19.0
-49.0
-25.0
28.0
56.0
30.0
37.0
36.0
24.0
26.0
23.0
-4.0
-2.0
-25.0
-2.0
6.0
25.0
2.0
5.0
26.0
29.0
16.0
20.0
22.0
8.0
-16.0
-8.0
19.0
-4.0
-12.0
-16.0
-40.0
-15.0
5.0
-5.0
-42.0
-60.0
-57.0
-47.0
-40.0
-43.0
-30.0
-8.0
21.0
23.0
57.0
52.0
29.0
51.0
50.0
48.0
50.0
38.0
11.0
-1.0
-10.0
24.0
-28.0
-17.0
-13.0
-19.0
-25.0
-16.0
-78.0
-70.0
-50.0
-37.0
-64.0
-81.0
-54.0
-48.0
-24.0
-51.0
-16.0
-10.0
8.0
11.0
28.0
19.0
5.0
-4.0
1.0
-19.0
-13.0
-25.0
-12.0
-8.0
17.0
31.0
17.0
15.0
-4.0
0.0
-14.0
2.0
2.0
-21.0
-20.0
-13.0
2.0
1.0
6.0
14.0
9.0
-10.0
-44.0
-18.0
-15.0
15.0
77.0
76.0
60.0
45.0
52.0
57.0
61.0
60.0
53.0
1.0
-18.0
-21.0
0.0
-47.0
-11.0
-35.0
-33.0
-42.0
-47.0
-66.0
-62.0
-65.0
-77.0
-40.0
-28.0
19.0
-30.0
-17.0
-23.0
-20.0
18.0
11.0
17.0
11.0
49.0
13.0
0.0
-4.0
17.0
7.0
5.0
0.0
-18.0
1.0
0.0
-15.0
-11.0
7.0
-10.0
30.0
-4.0
-4.0
-10.0
-9.0
-13.0
-13.0
-17.0
-43.0
-27.0
-12.0
-22.0
-28.0
24.0
20.0
0.0
18.0
21.0
31.0
35.0
45.0
74.0
73.0
80.0
71.0
40.0
27.0
37.0
30.0
63.0
-29.0
6.0
9.0
-4.0
-11.0
-33.0
-105.0
-74.0
-50.0
-19.0
-70.0
-55.0
-52.0
-100.0
-75.0
-33.0
17.0
36.0
35.0
13.0
9.0
19.0
11.0
17.0
-19.0
-21.0
-2.0
-25.0
-32.0
24.0
8.0
60.0
61.0
83.0
65.0
53.0
13.0
33.0
48.0
67.0
47.0
9.0
5.0
-29.0
-52.0
-63.0
-21.0
-38.0
-42.0
-17.0
-25.0
-13.0
-14.0
-21.0
-13.0
-19.0
-99.0
-40.0
-26.0
-21.0
-38.0
-46.0
-46.0
51.0
-18.0
31.0
-41.0
-43.0
-30.0
-40.0
-20.0
8.0
5.0
-41.0
-35.0
-47.0
-47.0
-45.0
-12.0
28.0
61.0
22.0
18.0
3.0
13.0
-32.0
-5.0
-26.0
-20.0
-18.0
-8.0
-20.0
-19.0
-29.0
-33.0
-16.0
-20.0
-6.0
-10.0
14.0
33.0
19.0
19.0
-4.0
-6.0
8.0
-13.0
-13.0
-16.0
24.0
33.0
12.0
13.0
27.0
42.0
9.0
-57.0
-16.0
1.0
-18.0
-22.0
-14.0
-13.0
10.0
15.0
28.0
32.0
-25.0
9.0
-8.0
-2.0
-12.0
-10.0
-15.0
-26.0
-40.0
-60.0
-56.0
-28.0
-14.0
-25.0
-24.0
-24.0
-38.0
5.0
20.0
30.0
63.0
62.0
73.0
102.0
72.0
75.0
99.0
98.0
94.0
90.0
44.0
41.0
8.0
19.0
-38.0
-49.0
-54.0
-54.0
-17.0
-18.0
-11.0
3.0
-27.0
-43.0
-51.0
-45.0
-34.0
-65.0
-49.0
-26.0
-2.0
-66.0
-36.0
-34.0
-37.0
-39.0
-11.0
-38.0
-37.0
-36.0
-16.0
-42.0
2.0
-34.0
-9.0
-5.0
15.0
4.0
-17.0
51.0
1.0
55.0
64.0
80.0
73.0
80.0
73.0
34.0
8.0
6.0
-3.0
-17.0
-7.0
-40.0
-38.0
-39.0
-7.0
-50.0
-28.0
-11.0
3.0
-38.0
-54.0
-13.0
-24.0
-28.0
-15.0
-44.0
-92.0
-87.0
-32.0
-37.0
0.0
43.0
21.0
21.0
-22.0
-54.0
-55.0
-37.0
-5.0
15.0
19.0
51.0
46.0
48.0
86.0
-11.0
103.0
52.0
4.0
11.0
38.0
19.0
39.0
33.0
9.0
27.0
34.0
1.0
-38.0
-54.0
22.0
-14.0
-6.0
-11.0
-34.0
-37.0
-39.0
-10.0
-33.0
-9.0
-5.0
-26.0
-26.0
-26.0
-73.0
-105.0
-17.0
-26.0
19.0
0.0
24.0
-61.0
-11.0
-8.0
-12.0
10.0
7.0
5.0
-24.0
-32.0
-15.0
48.0
50.0
46.0
26.0
22.0
28.0
-8.0
12.0
-17.0
-13.0
4.0
-20.0
-11.0
10.0
-10.0
10.0
46.0
23.0
5.0
-31.0
-29.0
0.0
4.0
-34.0
12.0
-22.0
-12.0
-38.0
-22.0
-26.0
-50.0
-30.0
-31.0
-52.0
-52.0
-61.0
-23.0
-20.0
-32.0
29.0
44.0
33.0
32.0
75.0
62.0
55.0
45.0
62.0
64.0
33.0
51.0
9.0
2.0
-31.0
-13.0
-15.0
-12.0
-13.0
-25.0
-18.0
-24.0
-18.0
-13.0
-30.0
-35.0
-31.0
-14.0
-10.0
-29.0
-18.0
22.0
49.0
45.0
6.0
17.0
30.0
17.0
-5.0
-5.0
-13.0
-1.0
2.0
0.0
-31.0
-14.0
-19.0
-53.0
-16.0
-25.0
-3.0
-21.0
-5.0
-9.0
-1.0
13.0
-61.0
-50.0
25.0
0.0
28.0
42.0
11.0
4.0
29.0
-18.0
-55.0
-73.0
-40.0
-5.0
19.0
34.0
31.0
28.0
-17.0
-33.0
-32.0
-27.0
-43.0
-50.0
9.0
-16.0
-22.0
-16.0
-15.0
33.0
37.0
61.0
53.0
36.0
24.0
68.0
41.0
43.0
46.0
39.0
-10.0
-16.0
3.0
-18.0
-54.0
-53.0
-59.0
-56.0
-58.0
-59.0
-28.0
-15.0
-34.0
-32.0
-55.0
-39.0
-30.0
-33.0
-44.0
-57.0
-7.0
-30.0
-23.0
13.0
5.0
-3.0
19.0
24.0
46.0
31.0
15.0
-4.0
26.0
27.0
38.0
25.0
26.0
17.0
25.0
-19.0
2.0
22.0
46.0
44.0
18.0
22.0
-1.0
3.0
13.0
21.0
-21.0
-31.0
5.0
-24.0
-42.0
-72.0
-71.0
-70.0
-101.0
-44.0
-26.0
14.0
-39.0
-50.0
-41.0
-33.0
-52.0
-53.0
-11.0
-46.0
-8.0
-19.0
-2.0
-12.0
21.0
-10.0
-1.0
-1.0
-20.0
-27.0
-41.0
-12.0
-15.0
-11.0
-7.0
13.0
6.0
3.0
28.0
24.0
21.0
47.0
-8.0
-19.0
3.0
-12.0
1.0
0.0
17.0
25.0
7.0
17.0
-17.0
-21.0
-37.0
-9.0
-30.0
-31.0
-39.0
-52.0
-5.0
6.0
55.0
75.0
34.0
55.0
47.0
42.0
6.0
12.0
37.0
-6.0
-17.0
-12.0
-13.0
-35.0
-9.0
-4.0
-6.0
-10.0
6.0
-5.0
23.0
10.0
-9.0
18.0
-2.0
-2.0
23.0
3.0
-28.0
-15.0
-31.0
-21.0
-32.0
-5.0
-7.0
-11.0
19.0
16.0
31.0
4.0
53.0
58.0
54.0
43.0
-11.0
-13.0
-3.0
-13.0
-22.0
-37.0
-1.0
35.0
55.0
57.0
63.0
62.0
8.0
21.0
27.0
0.0
-7.0
-32.0
-21.0
-15.0
-45.0
-48.0
-38.0
-47.0
-72.0
-53.0
-49.0
-42.0
-19.0
-35.0
-51.0
-49.0
3.0
-17.0
-60.0
-28.0
-47.0
-23.0
-8.0
-29.0
-41.0
-40.0
-4.0
18.0
-29.0
25.0
7.0
31.0
27.0
-6.0
41.0
40.0
61.0
50.0
43.0
10.0
15.0
-13.0
17.0
-61.0
-43.0
-40.0
-70.0
-41.0
-66.0
-69.0
-50.0
-80.0
-71.0
-91.0
-36.0
-22.0
8.0
26.0
-7.0
4.0
39.0
42.0
7.0
38.0
-8.0
-12.0
-18.0
9.0
-14.0
3.0
32.0
18.0
30.0
16.0
14.0
14.0
54.0
28.0
45.0
-10.0
23.0
18.0
-32.0
-7.0
11.0
10.0
-22.0
-10.0
-23.0
-27.0
-38.0
-54.0
-59.0
-30.0
-49.0
-52.0
-29.0
-5.0
-18.0
-5.0
8.0
-9.0
-46.0
10.0
-8.0
-2.0
-4.0
26.0
0.0
12.0
20.0
-8.0
49.0
21.0
-21.0
-21.0
-25.0
26.0
26.0
23.0
-16.0
-34.0
-15.0
-8.0
-9.0
-10.0
-44.0
-21.0
-24.0
-29.0
9.0
-45.0
-26.0
-18.0
2.0
6.0
25.0
-5.0
-6.0
22.0
9.0
23.0
15.0
25.0
31.0
28.0
46.0
54.0
39.0
63.0
45.0
16.0
21.0
21.0
56.0
58.0
46.0
68.0
13.0
-31.0
-7.0
5.0
-29.0
-34.0
-30.0
-30.0
-10.0
-40.0
-40.0
-47.0
-24.0
22.0
14.0
6.0
12.0
10.0
-59.0
-21.0
-9.0
-28.0
-42.0
-38.0
-25.0
-18.0
-3.0
-7.0
-4.0
-41.0
-49.0
-47.0
-36.0
-5.0
-14.0
-29.0
-10.0
-11.0
-49.0
-10.0
9.0
-13.0
34.0
18.0
0.0
9.0
-13.0
-9.0
9.0
20.0
18.0
7.0
-26.0
-37.0
-38.0
-61.0
28.0
29.0
15.0
-11.0
-27.0
-2.0
35.0
48.0
29.0
39.0
12.0
8.0
-2.0
24.0
74.0
25.0
19.0
8.0
42.0
5.0
-13.0
-7.0
-29.0
-30.0
-28.0
-25.0
-18.0
-14.0
21.0
12.0
17.0
14.0
41.0
72.0
53.0
32.0
67.0
29.0
27.0
49.0
18.0
18.0
-9.0
-10.0
-1.0
-21.0
-58.0
-30.0
-49.0
-11.0
-73.0
-70.0
-49.0
-49.0
-63.0
-11.0
-15.0
-48.0
-42.0
-33.0
-29.0
-34.0
-2.0
25.0
31.0
-15.0
15.0
-43.0
-24.0
-5.0
4.0
6.0
-1.0
4.0
-31.0
-41.0
-35.0
-29.0
14.0
-44.0
0.0
4.0
34.0
48.0
45.0
47.0
30.0
26.0
33.0
-52.0
34.0
27.0
7.0
-26.0
-29.0
-13.0
-62.0
-61.0
-30.0
-4.0
39.0
44.0
91.0
106.0
113.0
58.0
96.0
81.0
88.0
28.0
4.0
6.0
5.0
-2.0
-14.0
11.0
-36.0
-23.0
-95.0
-108.0
-116.0
-121.0
-132.0
-136.0
-92.0
-92.0
-75.0
-92.0
-98.0
-77.0
-49.0
-49.0
-4.0
-46.0
-76.0
-36.0
-64.0
-55.0
-20.0
-33.0
7.0
1.0
5.0
7.0
-7.0
-13.0
-84.0
-50.0
-66.0
-17.0
78.0
83.0
63.0
83.0
72.0
59.0
56.0
37.0
30.0
27.0
39.0
37.0
61.0
46.0
39.0
34.0
-4.0
-34.0
-45.0
-23.0
-1.0
2.0
7.0
9.0
25.0
22.0
15.0
-4.0
16.0
15.0
3.0
-5.0
-5.0
-33.0
-53.0
-43.0
-19.0
-23.0
-13.0
35.0
29.0
30.0
80.0
19.0
-13.0
0.0
-20.0
-20.0
-9.0
-26.0
-15.0
-18.0
10.0
-14.0
12.0
22.0
-3.0
-18.0
-27.0
-35.0
4.0
9.0
17.0
-10.0
-32.0
23.0
36.0
62.0
73.0
39.0
60.0
57.0
33.0
-6.0
13.0
43.0
31.0
57.0
30.0
14.0
-32.0
-34.0
-22.0
37.0
13.0
-16.0
-27.0
-27.0
-20.0
-21.0
-25.0
-26.0
-22.0
-33.0
-23.0
-7.0
-50.0
-59.0
-75.0
-86.0
-45.0
-43.0
-21.0
2.0
60.0
55.0
69.0
102.0
93.0
99.0
93.0
92.0
74.0
76.0
50.0
36.0
19.0
-16.0
-21.0
-33.0
-43.0
-45.0
-71.0
-75.0
-90.0
-73.0
-53.0
-49.0
-87.0
-68.0
-99.0
-95.0
-62.0
-41.0
-25.0
-16.0
-10.0
-24.0
8.0
4.0
-3.0
-4.0
-44.0
-70.0
-90.0
0.0
-8.0
-50.0
-44.0
-21.0
9.0
14.0
3.0
-21.0
-32.0
-31.0
-5.0
20.0
20.0
0.0
25.0
21.0
41.0
57.0
68.0
31.0
12.0
25.0
-8.0
40.0
-99.0
-100.0
-50.0
2.0
13.0
25.0
21.0
24.0
34.0
76.0
48.0
46.0
77.0
85.0
31.0
17.0
-25.0
68.0
40.0
56.0
-3.0
2.0
-18.0
-29.0
-57.0
-87.0
-80.0
-80.0
-48.0
-25.0
-4.0
-4.0
22.0
24.0
-15.0
-35.0
6.0
33.0
11.0
-2.0
34.0
35.0
-8.0
20.0
36.0
-3.0
-2.0
-32.0
-51.0
-83.0
-85.0
-86.0
-74.0
-112.0
-75.0
-45.0
-31.0
-22.0
-50.0
-64.0
-50.0
-49.0
-10.0
-12.0
-19.0
-19.0
41.0
20.0
-40.0
-24.0
-10.0
-7.0
-16.0
5.0
-27.0
28.0
15.0
50.0
66.0
70.0
67.0
68.0
50.0
88.0
64.0
28.0
49.0
41.0
-8.0
-6.0
22.0
18.0
17.0
-2.0
-32.0
-17.0
29.0
-23.0
-40.0
-12.0
-40.0
-35.0
-41.0
-14.0
-40.0
-56.0
10.0
11.0
-10.0
-22.0
-38.0
-39.0
-74.0
-70.0
-125.0
-52.0
-38.0
-21.0
37.0
41.0
34.0
30.0
-10.0
24.0
30.0
9.0
22.0
33.0
48.0
15.0
-7.0
-6.0
2.0
6.0
18.0
19.0
-24.0
-32.0
-31.0
-50.0
-21.0
-18.0
2.0
-1.0
24.0
26.0
45.0
55.0
65.0
67.0
82.0
84.0
64.0
13.0
14.0
8.0
27.0
-5.0
6.0
-47.0
-55.0
-57.0
-23.0
-28.0
-19.0
23.0
-11.0
-38.0
-102.0
-90.0
-54.0
-57.0
-62.0
-51.0
-37.0
-5.0
12.0
40.0
27.0
19.0
62.0
66.0
40.0
13.0
22.0
31.0
37.0
6.0
-13.0
-5.0
-9.0
-4.0
-3.0
-10.0
-25.0
-29.0
-69.0
-38.0
-72.0
-58.0
-49.0
-46.0
-40.0
-37.0
-35.0
-23.0
-19.0
-4.0
27.0
44.0
28.0
27.0
15.0
8.0
4.0
8.0
34.0
33.0
20.0
24.0
8.0
10.0
43.0
18.0
0.0
18.0
-21.0
-26.0
-30.0
-19.0
1.0
-4.0
-53.0
-48.0
-44.0
-84.0
-32.0
-33.0
-13.0
-19.0
-29.0
-31.0
16.0
19.0
7.0
10.0
-19.0
-58.0
-65.0
-84.0
-40.0
-33.0
-19.0
24.0
39.0
7.0
47.0
52.0
53.0
48.0
46.0
47.0
28.0
22.0
-60.0
-54.0
44.0
34.0
20.0
53.0
6.0
3.0
-22.0
-15.0
27.0
21.0
21.0
-25.0
-37.0
-55.0
-38.0
-31.0
-46.0
16.0
34.0
62.0
45.0
69.0
52.0
69.0
51.0
52.0
64.0
26.0
27.0
8.0
10.0
-5.0
-47.0
-55.0
-62.0
-57.0
-43.0
-52.0
-33.0
-60.0
-29.0
-44.0
-33.0
-24.0
-51.0
-51.0
-66.0
-46.0
-75.0
-42.0
-52.0
-41.0
-59.0
-39.0
-23.0
-23.0
-20.0
-16.0
-5.0
-42.0
-33.0
-23.0
-12.0
39.0
-27.0
-29.0
-16.0
-13.0
-28.0
2.0
33.0
28.0
20.0
4.0
23.0
24.0
32.0
0.0
-9.0
-53.0
-20.0
-19.0
-27.0
-72.0
-59.0
-55.0
-37.0
-24.0
-17.0
14.0
84.0
132.0
165.0
147.0
122.0
120.0
77.0
99.0
91.0
98.0
55.0
48.0
34.0
17.0
-40.0
-44.0
-21.0
-62.0
-89.0
-56.0
-64.0
-48.0
-33.0
-49.0
-44.0
-40.0
-36.0
-22.0
-57.0
-57.0
-15.0
-39.0
-50.0
-56.0
-72.0
-68.0
-51.0
-26.0
-37.0
-50.0
-56.0
-16.0
-17.0
18.0
10.0
1.0
23.0
-8.0
-4.0
-21.0
-32.0
13.0
27.0
38.0
48.0
43.0
14.0
22.0
34.0
22.0
40.0
66.0
32.0
25.0
-1.0
0.0
5.0
10.0
-42.0
-29.0
-52.0
-25.0
-28.0
-43.0
-39.0
-34.0
-26.0
25.0
24.0
12.0
27.0
15.0
-15.0
-26.0
-30.0
-28.0
-40.0
-46.0
-16.0
-17.0
-30.0
-26.0
-24.0
-18.0
-58.0
-57.0
-47.0
-48.0
-31.0
-2.0
38.0
63.0
81.0
65.0
62.0
60.0
46.0
42.0
41.0
28.0
-24.0
12.0
14.0
-3.0
13.0
17.0
-5.0
1.0
0.0
3.0
9.0
1.0
-30.0
-55.0
-46.0
-54.0
-59.0
-86.0
-49.0
-67.0
-64.0
-35.0
-22.0
5.0
-51.0
-45.0
33.0
7.0
8.0
12.0
30.0
33.0
4.0
0.0
-44.0
-47.0
-21.0
-49.0
-51.0
-59.0
-39.0
-16.0
16.0
13.0
49.0
58.0
37.0
47.0
97.0
125.0
74.0
111.0
81.0
61.0
3.0
-7.0
-11.0
-14.0
-48.0
-8.0
-10.0
-21.0
-26.0
-8.0
-19.0
-23.0
-23.0
0.0
-15.0
-11.0
4.0
-14.0
11.0
-3.0
-12.0
-13.0
-42.0
-45.0
-50.0
-46.0
-36.0
-85.0
-58.0
-44.0
-48.0
-48.0
-40.0
9.0
0.0
-26.0
-7.0
33.0
4.0
-32.0
-38.0
-40.0
-44.0
-57.0
-2.0
-2.0
38.0
21.0
27.0
26.0
41.0
34.0
49.0
22.0
15.0
33.0
8.0
-59.0
-29.0
-46.0
25.0
25.0
-46.0
-30.0
-21.0
-22.0
-62.0
-46.0
-35.0
-13.0
-7.0
-8.0
12.0
-7.0
-3.0
-3.0
-15.0
-43.0
-35.0
-23.0
-27.0
-27.0
-16.0
8.0
42.0
44.0
61.0
79.0
111.0
89.0
102.0
98.0
83.0
89.0
50.0
47.0
-21.0
-27.0
-15.0
-25.0
-34.0
-33.0
5.0
-18.0
-48.0
-50.0
-67.0
-69.0
-86.0
-74.0
-63.0
-71.0
-55.0
-40.0
-46.0
-26.0
6.0
8.0
9.0
-10.0
-24.0
-27.0
-33.0
-6.0
-11.0
-3.0
6.0
-28.0
-32.0
-31.0
-61.0
-64.0
11.0
11.0
32.0
29.0
-12.0
4.0
23.0
-12.0
-15.0
-5.0
11.0
-28.0
-53.0
7.0
-4.0
-11.0
8.0
12.0
55.0
57.0
19.0
17.0
8.0
13.0
25.0
6.0
24.0
64.0
53.0
55.0
92.0
109.0
77.0
81.0
80.0
3.0
-49.0
-85.0
-74.0
-72.0
-140.0
-65.0
-26.0
-8.0
14.0
-7.0
-3.0
105.0
149.0
149.0
104.0
110.0
100.0
48.0
37.0
18.0
-27.0
-43.0
-31.0
-26.0
13.0
8.0
-20.0
-36.0
-33.0
-28.0
-41.0
-64.0
-56.0
-56.0
-92.0
-105.0
-125.0
-86.0
-48.0
-26.0
-6.0
-27.0
-46.0
-48.0
-71.0
-88.0
-48.0
-60.0
-8.0
-13.0
-76.0
-30.0
-16.0
-7.0
8.0
11.0
12.0
-5.0
7.0
-7.0
3.0
15.0
-8.0
-10.0
-1.0
67.0
46.0
-46.0
-85.0
-32.0
12.0
-6.0
-9.0
-15.0
25.0
67.0
55.0
92.0
88.0
73.0
-3.0
39.0
44.0
42.0
24.0
17.0
0.0
-21.0
-33.0
-21.0
7.0
11.0
-5.0
-11.0
-20.0
-38.0
-15.0
-71.0
-46.0
-40.0
-35.0
-59.0
-35.0
-41.0
-23.0
-3.0
-9.0
-6.0
-79.0
-25.0
7.0
24.0
56.0
58.0
12.0
-2.0
-6.0
-11.0
-1.0
-32.0
-58.0
-68.0
-48.0
-47.0
-34.0
-16.0
21.0
62.0
98.0
159.0
177.0
174.0
158.0
155.0
131.0
117.0
122.0
90.0
53.0
26.0
-7.0
-41.0
-68.0
-75.0
-44.0
-67.0
-63.0
-94.0
-92.0
-104.0
-108.0
-95.0
-96.0
-96.0
-83.0
-59.0
-80.0
-101.0
-67.0
-70.0
-55.0
-37.0
-44.0
-50.0
-108.0
-68.0
-57.0
-10.0
12.0
17.0
-27.0
2.0
2.0
4.0
-5.0
25.0
54.0
39.0
4.0
-4.0
-14.0
35.0
56.0
50.0
32.0
-5.0
21.0
-24.0
-20.0
-21.0
-15.0
-37.0
-16.0
-17.0
3.0
-13.0
-4.0
-6.0
1.0
3.0
8.0
-8.0
7.0
8.0
9.0
10.0
18.0
11.0
-11.0
30.0
46.0
71.0
45.0
47.0
14.0
-26.0
9.0
28.0
-24.0
-15.0
-40.0
9.0
-44.0
-46.0
-19.0
3.0
42.0
42.0
26.0
-37.0
-29.0
-82.0
-93.0
-83.0
-90.0
-58.0
6.0
49.0
89.0
91.0
91.0
89.0
100.0
101.0
77.0
75.0
72.0
5.0
-1.0
13.0
24.0
36.0
-16.0
-20.0
-43.0
-4.0
-8.0
-22.0
-51.0
-28.0
-37.0
-43.0
42.0
43.0
10.0
-17.0
-43.0
-60.0
-22.0
-11.0
-45.0
-71.0
-125.0
-121.0
-72.0
-28.0
-43.0
-9.0
-49.0
-29.0
-32.0
-8.0
20.0
16.0
24.0
-4.0
31.0
16.0
12.0
6.0
4.0
-29.0
1.0
1.0
22.0
17.0
-3.0
6.0
-24.0
-61.0
-67.0
-58.0
-10.0
-16.0
-6.0
35.0
47.0
26.0
60.0
47.0
34.0
40.0
46.0
46.0
52.0
35.0
1.0
49.0
6.0
10.0
-26.0
-53.0
-36.0
-31.0
4.0
16.0
-16.0
-50.0
-9.0
-45.0
-54.0
-39.0
-31.0
-33.0
-73.0
-53.0
-23.0
3.0
-19.0
-17.0
-11.0
-27.0
-11.0
-13.0
-2.0
-50.0
-20.0
-17.0
-28.0
-12.0
-1.0
-11.0
7.0
7.0
-14.0
-61.0
-143.0
-61.0
-14.0
8.0
27.0
15.0
36.0
37.0
50.0
19.0
18.0
-3.0
3.0
4.0
11.0
3.0
-13.0
-14.0
10.0
24.0
18.0
-5.0
-12.0
-14.0
-46.0
-79.0
-112.0
-103.0
-16.0
-10.0
16.0
11.0
35.0
22.0
30.0
21.0
28.0
31.0
52.0
12.0
-41.0
-172.0
-159.0
-12.0
80.0
104.0
100.0
99.0
107.0
80.0
54.0
72.0
95.0
72.0
39.0
50.0
40.0
37.0
21.0
34.0
26.0
-26.0
-40.0
-38.0
-16.0
-38.0
-40.0
-38.0
-20.0
-26.0
20.0
-21.0
-12.0
-3.0
17.0
20.0
-20.0
-22.0
-26.0
-4.0
-63.0
-22.0
2.0
-6.0
-28.0
-24.0
-78.0
-75.0
-49.0
-39.0
-7.0
-57.0
-74.0
-18.0
-11.0
-2.0
-28.0
-32.0
-38.0
-61.0
-34.0
-171.0
-117.0
-25.0
8.0
23.0
59.0
59.0
56.0
35.0
39.0
59.0
43.0
31.0
90.0
93.0
80.0
83.0
52.0
20.0
29.0
18.0
6.0
-17.0
-10.0
-7.0
-34.0
-39.0
-52.0
-34.0
-5.0
-28.0
-24.0
-57.0
-17.0
-50.0
-24.0
-26.0
-22.0
-17.0
-22.0
-52.0
-46.0
-23.0
-13.0
7.0
-2.0
-2.0
4.0
-27.0
-23.0
-44.0
-25.0
-32.0
8.0
-17.0
14.0
12.0
-4.0
10.0
86.0
18.0
7.0
23.0
18.0
5.0
3.0
-1.0
-22.0
8.0
35.0
12.0
-4.0
-2.0
-5.0
-29.0
-37.0
-35.0
-9.0
21.0
15.0
8.0
0.0
-27.0
-12.0
-1.0
69.0
74.0
44.0
-2.0
-34.0
-55.0
-26.0
-18.0
-4.0
-9.0
-15.0
-11.0
-6.0
19.0
-11.0
-16.0
-29.0
-39.0
-5.0
-7.0
13.0
6.0
-9.0
17.0
15.0
3.0
2.0
4.0
-1.0
-31.0
-12.0
-12.0
17.0
28.0
-9.0
-16.0
-23.0
-41.0
-36.0
-6.0
-13.0
-10.0
-16.0
-12.0
8.0
18.0
28.0
33.0
-12.0
16.0
40.0
46.0
63.0
11.0
-11.0
-24.0
-42.0
-1.0
11.0
42.0
-64.0
-63.0
-43.0
-8.0
-19.0
-9.0
16.0
44.0
11.0
-33.0
6.0
7.0
15.0
-48.0
-53.0
-59.0
-27.0
16.0
-28.0
-39.0
17.0
18.0
-66.0
13.0
-16.0
22.0
1.0
6.0
-11.0
-23.0
-1.0
-3.0
0.0
37.0
12.0
12.0
-20.0
-4.0
11.0
6.0
1.0
-3.0
-1.0
-5.0
-33.0
-16.0
21.0
8.0
5.0
15.0
32.0
35.0
21.0
-6.0
0.0
-27.0
-11.0
-5.0
11.0
0.0
-9.0
-13.0
-56.0
-35.0
4.0
1.0
31.0
28.0
-21.0
-37.0
-32.0
-37.0
-2.0
22.0
19.0
-10.0
-37.0
4.0
14.0
2.0
3.0
-3.0
-9.0
18.0
13.0
-46.0
-95.0
-48.0
-36.0
25.0
47.0
37.0
11.0
12.0
36.0
41.0
62.0
50.0
20.0
6.0
32.0
35.0
26.0
8.0
-26.0
-18.0
-10.0
-35.0
-37.0
-45.0
-43.0
-43.0
-40.0
-30.0
-14.0
-2.0
-18.0
-31.0
-30.0
-42.0
-29.0
-23.0
-45.0
-80.0
16.0
-12.0
-1.0
3.0
17.0
37.0
38.0
41.0
26.0
20.0
10.0
17.0
1.0
3.0
-29.0
9.0
-16.0
-24.0
6.0
-12.0
-36.0
-12.0
25.0
42.0
20.0
36.0
-10.0
-7.0
29.0
51.0
35.0
6.0
11.0
-11.0
-39.0
-25.0
-29.0
-37.0
16.0
20.0
46.0
-8.0
-12.0
-38.0
-17.0
-28.0
-31.0
-31.0
-4.0
-25.0
-48.0
-29.0
-9.0
1.0
-36.0
-22.0
-36.0
-35.0
-70.0
-64.0
7.0
-25.0
-99.0
-42.0
-63.0
-14.0
-16.0
-15.0
-33.0
-34.0
14.0
-5.0
-3.0
-25.0
-57.0
-58.0
-58.0
-56.0
-32.0
-34.0
21.0
17.0
15.0
47.0
49.0
48.0
17.0
13.0
92.0
71.0
76.0
74.0
67.0
25.0
2.0
-10.0
-61.0
-63.0
13.0
77.0
48.0
41.0
23.0
34.0
-5.0
-10.0
1.0
0.0
-49.0
-59.0
-6.0
-25.0
-17.0
-35.0
-52.0
-65.0
-45.0
-50.0
-85.0
-32.0
-24.0
-40.0
-65.0
-63.0
-42.0
-14.0
0.0
1.0
7.0
21.0
20.0
29.0
24.0
32.0
51.0
18.0
25.0
24.0
43.0
31.0
-3.0
31.0
46.0
27.0
33.0
19.0
36.0
39.0
24.0
-13.0
-28.0
-14.0
-6.0
-27.0
-16.0
-33.0
-31.0
-31.0
-64.0
-44.0
-60.0
-63.0
-17.0
-45.0
0.0
20.0
1.0
4.0
23.0
26.0
41.0
15.0
-10.0
-12.0
24.0
44.0
39.0
40.0
25.0
-22.0
-28.0
-52.0
-30.0
-55.0
-47.0
-38.0
5.0
-1.0
-2.0
0.0
42.0
69.0
26.0
19.0
14.0
87.0
45.0
45.0
36.0
-2.0
-39.0
-35.0
-26.0
-22.0
-5.0
-27.0
-53.0
-50.0
-65.0
-74.0
-84.0
-39.0
-30.0
-7.0
9.0
52.0
74.0
79.0
49.0
30.0
51.0
59.0
40.0
56.0
16.0
46.0
-29.0
-33.0
4.0
8.0
-24.0
-48.0
-17.0
-37.0
-28.0
-56.0
-55.0
-51.0
-48.0
-61.0
-52.0
-58.0
-54.0
-71.0
-42.0
-55.0
-10.0
-4.0
10.0
-15.0
28.0
55.0
37.0
52.0
29.0
38.0
53.0
55.0
60.0
31.0
29.0
26.0
17.0
-20.0
-63.0
-73.0
-32.0
-24.0
-44.0
-63.0
-50.0
-28.0
-25.0
-21.0
-49.0
-23.0
6.0
7.0
0.0
18.0
-5.0
28.0
64.0
35.0
25.0
0.0
14.0
21.0
-44.0
2.0
9.0
-21.0
6.0
-6.0
-40.0
-55.0
-67.0
-65.0
-49.0
-50.0
19.0
17.0
5.0
34.0
38.0
35.0
51.0
54.0
57.0
59.0
67.0
61.0
53.0
36.0
-10.0
-34.0
8.0
7.0
-25.0
-29.0
-31.0
-11.0
-41.0
22.0
23.0
85.0
52.0
51.0
2.0
-46.0
-30.0
5.0
-21.0
-62.0
-51.0
-23.0
-52.0
-51.0
-24.0
-39.0
-90.0
-74.0
-40.0
-40.0
1.0
-14.0
39.0
44.0
34.0
34.0
-5.0
63.0
80.0
96.0
47.0
27.0
6.0
8.0
-35.0
-25.0
-52.0
-41.0
-73.0
-90.0
-48.0
26.0
39.0
37.0
22.0
-8.0
2.0
-5.0
9.0
-45.0
-16.0
31.0
58.0
60.0
56.0
-6.0
-59.0
-137.0
-70.0
-80.0
-76.0
-60.0
-89.0
-86.0
-26.0
41.0
37.0
60.0
33.0
36.0
82.0
55.0
7.0
5.0
-5.0
-16.0
-40.0
-3.0
3.0
8.0
19.0
4.0
-14.0
-13.0
-43.0
-75.0
-38.0
13.0
-31.0
25.0
-3.0
17.0
56.0
54.0
65.0
69.0
51.0
10.0
-7.0
-14.0
-44.0
-43.0
-37.0
-32.0
-41.0
-78.0
-128.0
-117.0
-75.0
-76.0
-43.0
-50.0
-24.0
-24.0
-47.0
-7.0
-16.0
-9.0
-11.0
-32.0
-21.0
-47.0
-21.0
-16.0
-9.0
-39.0
-29.0
-9.0
5.0
51.0
12.0
26.0
33.0
35.0
23.0
16.0
-2.0
-38.0
-56.0
-65.0
-87.0
-54.0
6.0
9.0
29.0
96.0
115.0
115.0
117.0
145.0
122.0
136.0
127.0
129.0
125.0
70.0
84.0
36.0
-2.0
-27.0
-20.0
-6.0
2.0
5.0
-32.0
0.0
-35.0
23.0
26.0
16.0
-11.0
-49.0
-35.0
-34.0
-44.0
-39.0
-52.0
-81.0
-64.0
-39.0
-62.0
-105.0
-75.0
-71.0
-42.0
-84.0
-81.0
-2.0
-16.0
30.0
-6.0
37.0
61.0
60.0
30.0
5.0
-6.0
17.0
-3.0
14.0
-32.0
-51.0
-72.0
-75.0
-49.0
-18.0
-50.0
-15.0
-16.0
-19.0
-15.0
-86.0
-40.0
-43.0
-14.0
22.0
27.0
10.0
4.0
0.0
-5.0
-40.0
5.0
4.0
15.0
16.0
-4.0
9.0
-21.0
25.0
48.0
33.0
37.0
39.0
-4.0
27.0
9.0
11.0
3.0
14.0
66.0
56.0
26.0
22.0
-13.0
-50.0
-29.0
-4.0
35.0
25.0
54.0
45.0
12.0
8.0
-20.0
-20.0
-59.0
-57.0
-52.0
-34.0
-1.0
26.0
7.0
8.0
-15.0
-3.0
-52.0
14.0
23.0
35.0
13.0
-11.0
-14.0
-20.0
-9.0
-22.0
10.0
-28.0
1.0
32.0
12.0
-19.0
-22.0
-22.0
-15.0
-32.0
-19.0
-3.0
1.0
-2.0
4.0
29.0
16.0
13.0
-3.0
0.0
-17.0
-8.0
-29.0
-28.0
-51.0
1.0
-44.0
-44.0
-9.0
-34.0
-34.0
-43.0
-62.0
14.0
36.0
-6.0
9.0
13.0
-7.0
-25.0
-19.0
29.0
30.0
2.0
-11.0
-8.0
-22.0
-21.0
-40.0
-51.0
-25.0
9.0
6.0
6.0
62.0
60.0
59.0
60.0
44.0
69.0
54.0
23.0
35.0
39.0
14.0
-5.0
-19.0
-20.0
-35.0
-30.0
-32.0
-29.0
-40.0
-53.0
-59.0
-59.0
-49.0
-50.0
-65.0
-72.0
-42.0
-46.0
-1.0
24.0
30.0
48.0
53.0
52.0
23.0
44.0
22.0
63.0
42.0
51.0
46.0
28.0
16.0
19.0
-23.0
-58.0
-38.0
-33.0
-45.0
-27.0
-30.0
-38.0
-51.0
-51.0
-25.0
-54.0
-33.0
-74.0
-91.0
-42.0
-30.0
-35.0
-15.0
-13.0
-23.0
12.0
-47.0
-72.0
-85.0
-40.0
-4.0
31.0
81.0
86.0
101.0
118.0
141.0
154.0
121.0
110.0
104.0
84.0
35.0
31.0
7.0
25.0
27.0
-31.0
-10.0
-21.0
-9.0
-63.0
-48.0
-49.0
-79.0
-74.0
-79.0
-85.0
-86.0
-64.0
-71.0
-78.0
-86.0
-84.0
-85.0
-79.0
-18.0
4.0
-24.0
-9.0
36.0
-10.0
32.0
27.0
27.0
39.0
22.0
36.0
25.0
11.0
0.0
-17.0
1.0
6.0
-16.0
-19.0
0.0
6.0
34.0
7.0
16.0
2.0
3.0
1.0
-21.0
-75.0
-22.0
-48.0
-23.0
-22.0
9.0
-24.0
-19.0
-26.0
-19.0
-7.0
27.0
33.0
36.0
-88.0
3.0
39.0
31.0
35.0
47.0
8.0
-27.0
-29.0
-15.0
2.0
-5.0
18.0
-9.0
-7.0
-1.0
-36.0
-9.0
3.0
-14.0
0.0
36.0
-12.0
-4.0
-7.0
-17.0
-4.0
-1.0
1.0
3.0
-9.0
2.0
-22.0
-1.0
3.0
13.0
14.0
-10.0
-5.0
-9.0
-63.0
-22.0
-27.0
-1.0
-3.0
60.0
6.0
22.0
36.0
52.0
35.0
28.0
55.0
13.0
14.0
-4.0
27.0
3.0
-44.0
-49.0
-52.0
-65.0
-50.0
-21.0
-20.0
-23.0
-14.0
-15.0
-16.0
-1.0
5.0
34.0
-20.0
-18.0
-23.0
11.0
2.0
0.0
2.0
11.0
10.0
-21.0
37.0
-40.0
-34.0
-45.0
-45.0
-35.0
-18.0
-19.0
-2.0
11.0
35.0
38.0
39.0
69.0
48.0
31.0
47.0
59.0
28.0
9.0
19.0
22.0
21.0
19.0
-20.0
-68.0
-80.0
-74.0
-74.0
-91.0
-49.0
-2.0
3.0
25.0
21.0
-19.0
41.0
64.0
54.0
50.0
9.0
26.0
27.0
38.0
46.0
19.0
-27.0
-56.0
-30.0
-21.0
-78.0
-94.0
-98.0
-116.0
-95.0
-34.0
-9.0
-4.0
-15.0
-17.0
-17.0
-32.0
-30.0
4.0
-9.0
-33.0
43.0
35.0
34.0
-21.0
13.0
21.0
15.0
-7.0
-16.0
38.0
8.0
-18.0
-19.0
-16.0
2.0
-7.0
-10.0
-12.0
-64.0
-47.0
-44.0
-49.0
-30.0
9.0
32.0
20.0
18.0
41.0
54.0
50.0
31.0
-5.0
2.0
18.0
-7.0
-30.0
-24.0
-5.0
-40.0
-5.0
-23.0
-26.0
-19.0
-28.0
-49.0
-41.0
-41.0
-6.0
-52.0
-1.0
-16.0
19.0
22.0
-22.0
-19.0
-5.0
4.0
-137.0
-56.0
-52.0
44.0
-55.0
5.0
42.0
26.0
15.0
18.0
45.0
27.0
57.0
49.0
40.0
23.0
15.0
14.0
66.0
68.0
28.0
3.0
-2.0
-4.0
67.0
27.0
-25.0
-27.0
-7.0
-7.0
-41.0
-25.0
-25.0
-11.0
2.0
-43.0
-31.0
-30.0
-13.0
-16.0
-24.0
-51.0
-19.0
-16.0
28.0
33.0
23.0
-1.0
-17.0
-16.0
12.0
14.0
6.0
-19.0
-32.0
-11.0
-15.0
-28.0
-54.0
-50.0
-22.0
-11.0
-18.0
-10.0
2.0
37.0
-17.0
-11.0
6.0
9.0
29.0
-30.0
-55.0
-71.0
-41.0
3.0
29.0
33.0
60.0
55.0
72.0
55.0
43.0
45.0
31.0
17.0
9.0
-16.0
4.0
0.0
19.0
4.0
7.0
-10.0
-49.0
-31.0
-20.0
-31.0
-18.0
-16.0
-2.0
-17.0
-36.0
-44.0
-65.0
-85.0
-57.0
-31.0
-24.0
-20.0
-40.0
-21.0
1.0
26.0
13.0
20.0
28.0
-23.0
-36.0
-39.0
-45.0
-18.0
3.0
-13.0
22.0
40.0
42.0
68.0
72.0
77.0
71.0
53.0
26.0
15.0
-6.0
-19.0
22.0
-64.0
-19.0
-18.0
26.0
54.0
8.0
10.0
2.0
69.0
25.0
13.0
-18.0
-15.0
0.0
-7.0
-66.0
-66.0
-37.0
-83.0
-89.0
-67.0
-26.0
-28.0
-55.0
-63.0
-71.0
-61.0
-61.0
-35.0
5.0
-31.0
-57.0
-56.0
-15.0
-13.0
-23.0
-16.0
-31.0
-29.0
-2.0
-21.0
-88.0
-88.0
-53.0
-47.0
-26.0
-17.0
18.0
73.0
77.0
65.0
130.0
124.0
105.0
87.0
80.0
81.0
76.0
63.0
73.0
38.0
12.0
16.0
17.0
-8.0
-24.0
-14.0
-65.0
-27.0
-52.0
-111.0
-78.0
-80.0
-84.0
-111.0
-117.0
-99.0
-62.0
4.0
59.0
93.0
76.0
73.0
93.0
106.0
96.0
59.0
36.0
35.0
4.0
-5.0
-12.0
-18.0
-57.0
-75.0
-73.0
-104.0
-98.0
-98.0
-68.0
-32.0
13.0
17.0
47.0
50.0
50.0
55.0
61.0
56.0
74.0
67.0
34.0
33.0
40.0
-17.0
-28.0
-131.0
-127.0
-63.0
11.0
-32.0
5.0
2.0
-41.0
-130.0
-117.0
-126.0
-70.0
-46.0
-25.0
14.0
69.0
71.0
148.0
153.0
157.0
141.0
111.0
105.0
90.0
67.0
57.0
59.0
79.0
94.0
45.0
35.0
-7.0
-43.0
-60.0
-95.0
-130.0
-118.0
-17.0
-57.0
-61.0
-32.0
-37.0
-20.0
-3.0
-6.0
-17.0
-18.0
-20.0
-17.0
-30.0
-37.0
-62.0
-39.0
-46.0
-59.0
-48.0
-46.0
-68.0
-44.0
-54.0
-91.0
-73.0
-79.0
-59.0
-67.0
-50.0
-49.0
-25.0
-8.0
0.0
8.0
13.0
30.0
29.0
6.0
9.0
9.0
-23.0
18.0
16.0
9.0
-24.0
-43.0
-10.0
30.0
34.0
38.0
36.0
8.0
8.0
25.0
22.0
36.0
52.0
40.0
35.0
33.0
-31.0
-81.0
-11.0
34.0
-7.0
-33.0
-28.0
-31.0
-52.0
-53.0
-18.0
-62.0
-78.0
-70.0
-31.0
-44.0
-44.0
20.0
12.0
8.0
40.0
108.0
105.0
98.0
121.0
129.0
115.0
71.0
67.0
70.0
20.0
-60.0
-90.0
-71.0
-40.0
4.0
8.0
46.0
67.0
66.0
79.0
-8.0
-23.0
-16.0
41.0
48.0
27.0
49.0
32.0
28.0
-73.0
-37.0
-44.0
11.0
-27.0
-46.0
-60.0
-82.0
-75.0
-73.0
-50.0
-30.0
-20.0
-67.0
-33.0
-30.0
-18.0
-42.0
-17.0
-22.0
-14.0
-33.0
22.0
30.0
-37.0
-44.0
-10.0
5.0
35.0
35.0
8.0
7.0
-5.0
-19.0
-8.0
-46.0
-36.0
-37.0
-73.0
-74.0
-82.0
-77.0
-63.0
-61.0
-24.0
-5.0
59.0
77.0
114.0
113.0
138.0
121.0
145.0
184.0
186.0
121.0
105.0
81.0
35.0
32.0
-38.0
-51.0
-13.0
-57.0
-76.0
-30.0
-39.0
-13.0
2.0
-3.0
-12.0
-11.0
1.0
-15.0
-55.0
-44.0
-73.0
-32.0
-64.0
-72.0
-94.0
-71.0
-53.0
-49.0
-55.0
-78.0
-64.0
-71.0
-30.0
-29.0
4.0
-42.0
-58.0
-56.0
-81.0
-65.0
-72.0
-24.0
2.0
0.0
24.0
95.0
117.0
106.0
111.0
80.0
42.0
73.0
57.0
52.0
32.0
50.0
1.0
-8.0
-43.0
-54.0
-38.0
-21.0
-35.0
-32.0
12.0
-47.0
-26.0
-36.0
0.0
7.0
-31.0
-13.0
-12.0
-15.0
-36.0
1.0
-11.0
-34.0
-20.0
-44.0
-2.0
46.0
48.0
46.0
39.0
59.0
-23.0
-76.0
-20.0
20.0
71.0
33.0
54.0
49.0
28.0
9.0
19.0
-52.0
-76.0
-42.0
4.0
3.0
-23.0
-17.0
-20.0
-49.0
-16.0
3.0
-35.0
-72.0
-51.0
-80.0
-51.0
-46.0
-12.0
-8.0
4.0
-5.0
-7.0
-92.0
-58.0
-10.0
5.0
9.0
37.0
43.0
23.0
-34.0
-92.0
-51.0
-43.0
48.0
57.0
53.0
33.0
55.0
20.0
23.0
61.0
50.0
65.0
22.0
20.0
19.0
-21.0
-6.0
-6.0
-19.0
-45.0
-20.0
-31.0
44.0
73.0
71.0
88.0
82.0
86.0
124.0
82.0
94.0
66.0
42.0
15.0
15.0
10.0
-12.0
6.0
-15.0
-49.0
-50.0
-73.0
-94.0
-98.0
-98.0
-86.0
-59.0
-40.0
-61.0
-81.0
-37.0
-64.0
-85.0
-49.0
-44.0
-53.0
-40.0
-23.0
-13.0
-26.0
-4.0
5.0
-11.0
-13.0
-18.0
-28.0
-57.0
-90.0
-31.0
-57.0
-6.0
1.0
27.0
-11.0
-9.0
12.0
55.0
81.0
65.0
19.0
28.0
31.0
40.0
7.0
9.0
-48.0
-63.0
-53.0
-36.0
1.0
-3.0
33.0
106.0
50.0
50.0
36.0
71.0
78.0
70.0
24.0
-23.0
-2.0
-5.0
-34.0
-32.0
-2.0
-22.0
-83.0
-24.0
13.0
-35.0
-59.0
-54.0
-82.0
-77.0
-58.0
-39.0
3.0
-54.0
-8.0
17.0
23.0
44.0
-8.0
-9.0
16.0
28.0
-24.0
-2.0
10.0
-5.0
18.0
7.0
-72.0
-68.0
-41.0
-46.0
-34.0
6.0
26.0
47.0
38.0
58.0
39.0
34.0
-22.0
26.0
24.0
9.0
3.0
-9.0
-11.0
-16.0
9.0
8.0
-14.0
-50.0
-50.0
-41.0
-23.0
-13.0
-32.0
-56.0
2.0
5.0
-13.0
-35.0
-39.0
-19.0
-34.0
-23.0
-36.0
-53.0
-79.0
-75.0
-87.0
-47.0
53.0
50.0
65.0
37.0
94.0
102.0
99.0
104.0
98.0
163.0
111.0
93.0
30.0
27.0
19.0
7.0
-17.0
-11.0
-8.0
-27.0
-24.0
-31.0
-47.0
-121.0
-103.0
-69.0
-63.0
-65.0
-71.0
-43.0
-59.0
-70.0
-62.0
-39.0
-68.0
-94.0
-65.0
-68.0
-67.0
-42.0
22.0
-21.0
-6.0
10.0
-24.0
12.0
19.0
24.0
68.0
47.0
55.0
-4.0
20.0
39.0
27.0
22.0
21.0
19.0
0.0
42.0
9.0
-9.0
-24.0
4.0
-43.0
-39.0
-50.0
-42.0
-48.0
-25.0
-10.0
9.0
13.0
24.0
14.0
12.0
-86.0
-99.0
-157.0
-12.0
45.0
134.0
65.0
67.0
77.0
69.0
33.0
40.0
19.0
15.0
-29.0
21.0
-28.0
-43.0
-46.0
-54.0
-61.0
-68.0
-72.0
-52.0
-13.0
33.0
40.0
10.0
-9.0
0.0
-12.0
-11.0
24.0
63.0
66.0
62.0
35.0
25.0
10.0
-31.0
19.0
21.0
-10.0
-2.0
-17.0
-24.0
41.0
-26.0
-89.0
-49.0
-10.0
-14.0
0.0
-43.0
-44.0
-56.0
-19.0
-50.0
10.0
17.0
12.0
11.0
-7.0
24.0
45.0
12.0
-5.0
5.0
27.0
49.0
10.0
15.0
-4.0
-40.0
-15.0
-32.0
-80.0
-81.0
-51.0
-53.0
-70.0
-68.0
-91.0
-74.0
-32.0
-33.0
-44.0
-19.0
-50.0
-48.0
-56.0
-51.0
-50.0
-21.0
10.0
73.0
139.0
64.0
103.0
118.0
120.0
123.0
120.0
79.0
70.0
53.0
51.0
31.0
8.0
-31.0
-48.0
-46.0
0.0
0.0
-18.0
-17.0
7.0
-33.0
-13.0
9.0
-34.0
-36.0
-52.0
-40.0
-46.0
-63.0
-36.0
-62.0
-49.0
-31.0
-42.0
-41.0
-42.0
-20.0
-69.0
-98.0
-46.0
9.0
-20.0
-29.0
-74.0
-78.0
-59.0
-60.0
-26.0
-8.0
18.0
26.0
88.0
111.0
60.0
59.0
92.0
76.0
109.0
94.0
106.0
56.0
21.0
37.0
49.0
51.0
-14.0
-64.0
-113.0
-129.0
-116.0
-76.0
-42.0
20.0
42.0
51.0
115.0
39.0
60.0
93.0
60.0
183.0
174.0
117.0
-32.0
-37.0
-70.0
1.0
63.0
48.0
36.0
-50.0
-158.0
-150.0
-142.0
-141.0
-108.0
-147.0
-146.0
-118.0
-77.0
-52.0
-40.0
-22.0
-26.0
-29.0
-23.0
18.0
21.0
17.0
25.0
0.0
-6.0
5.0
-18.0
-14.0
-21.0
-48.0
-66.0
-50.0
-34.0
-23.0
-45.0
-17.0
18.0
23.0
-5.0
-21.0
-17.0
-8.0
-49.0
-35.0
-9.0
-9.0
-12.0
-15.0
1.0
-33.0
-31.0
-35.0
-49.0
-33.0
-19.0
2.0
-16.0
-15.0
-22.0
-52.0
31.0
70.0
82.0
53.0
66.0
7.0
54.0
56.0
22.0
-11.0
10.0
-37.0
-26.0
-5.0
-40.0
-3.0
-23.0
-20.0
85.0
79.0
2.0
74.0
115.0
136.0
111.0
113.0
46.0
39.0
26.0
7.0
54.0
2.0
-11.0
-36.0
-37.0
-45.0
-52.0
-60.0
-81.0
-89.0
-79.0
-103.0
-57.0
-48.0
-41.0
-64.0
-126.0
-124.0
-94.0
-109.0
-141.0
-53.0
-17.0
35.0
46.0
83.0
65.0
67.0
93.0
130.0
151.0
90.0
33.0
73.0
83.0
44.0
45.0
50.0
47.0
77.0
47.0
44.0
63.0
53.0
-9.0
7.0
-25.0
-31.0
-57.0
-68.0
-70.0
-133.0
-94.0
-51.0
-65.0
-71.0
-55.0
-48.0
-62.0
-85.0
-10.0
4.0
-13.0
-12.0
7.0
4.0
3.0
5.0
-10.0
-18.0
-23.0
-37.0
-17.0
-27.0
-36.0
-22.0
-45.0
-45.0
-60.0
-98.0
-65.0
-23.0
-63.0
-28.0
-12.0
-10.0
50.0
58.0
-21.0
-12.0
-2.0
11.0
0.0
36.0
47.0
4.0
-3.0
-10.0
12.0
-10.0
-4.0
-3.0
-4.0
22.0
22.0
7.0
-5.0
-15.0
-55.0
-56.0
-61.0
-103.0
-73.0
-103.0
-49.0
21.0
61.0
65.0
113.0
100.0
106.0
96.0
19.0
10.0
0.0
8.0
-10.0
-6.0
1.0
30.0
21.0
-6.0
67.0
60.0
35.0
25.0
49.0
52.0
50.0
22.0
12.0
46.0
-37.0
-69.0
-72.0
-58.0
-59.0
-61.0
-61.0
-31.0
12.0
12.0
36.0
33.0
93.0
39.0
25.0
29.0
36.0
11.0
19.0
-4.0
-34.0
-60.0
-76.0
-50.0
-38.0
-36.0
-23.0
25.0
34.0
74.0
68.0
44.0
25.0
10.0
-2.0
-4.0
-6.0
7.0
-62.0
-29.0
-8.0
6.0
4.0
26.0
-1.0
2.0
21.0
-21.0
-30.0
9.0
63.0
9.0
-34.0
-64.0
-68.0
-68.0
-86.0
-141.0
-100.0
-37.0
-22.0
-8.0
1.0
-49.0
-34.0
-31.0
-8.0
23.0
57.0
21.0
-1.0
30.0
-15.0
-46.0
-52.0
-48.0
-18.0
-45.0
-22.0
-3.0
-7.0
-10.0
30.0
35.0
54.0
56.0
0.0
49.0
21.0
33.0
18.0
7.0
3.0
9.0
-9.0
-2.0
10.0
2.0
6.0
17.0
26.0
20.0
1.0
-1.0
-25.0
-26.0
-5.0
-20.0
-22.0
-73.0
-62.0
-60.0
-52.0
-68.0
8.0
15.0
30.0
-13.0
-1.0
11.0
-30.0
-17.0
5.0
29.0
34.0
29.0
-2.0
5.0
-8.0
40.0
10.0
18.0
-14.0
-51.0
-18.0
-7.0
30.0
-54.0
-31.0
-37.0
37.0
-17.0
22.0
33.0
26.0
27.0
-33.0
1.0
6.0
63.0
39.0
-2.0
32.0
13.0
-38.0
-43.0
-51.0
-47.0
-42.0
-16.0
-20.0
9.0
4.0
-55.0
-69.0
-72.0
-48.0
-22.0
-10.0
-4.0
17.0
-40.0
-42.0
-15.0
45.0
49.0
20.0
28.0
24.0
15.0
4.0
4.0
-103.0
-48.0
28.0
30.0
22.0
-16.0
26.0
15.0
28.0
39.0
87.0
82.0
18.0
16.0
63.0
18.0
-2.0
60.0
-23.0
-29.0
-74.0
-91.0
16.0
18.0
4.0
3.0
30.0
32.0
42.0
30.0
-21.0
11.0
42.0
45.0
39.0
-21.0
-31.0
-16.0
-9.0
-34.0
-48.0
-38.0
-52.0
-46.0
-44.0
-52.0
-27.0
-36.0
-20.0
-39.0
-46.0
-54.0
13.0
14.0
-4.0
-41.0
-60.0
-11.0
-20.0
-17.0
-6.0
-4.0
11.0
14.0
20.0
13.0
-19.0
16.0
-15.0
-33.0
38.0
11.0
-22.0
-17.0
52.0
56.0
22.0
25.0
-17.0
15.0
-6.0
-21.0
-86.0
-79.0
-26.0
-12.0
-14.0
-9.0
-20.0
-51.0
-45.0
-22.0
-72.0
-72.0
-41.0
-62.0
-48.0
10.0
7.0
29.0
-52.0
9.0
53.0
59.0
93.0
55.0
60.0
53.0
59.0
24.0
-25.0
-31.0
19.0
19.0
52.0
33.0
20.0
13.0
-29.0
-32.0
-7.0
-14.0
-19.0
-11.0
1.0
-10.0
-12.0
-19.0
-31.0
-50.0
-39.0
-37.0
-71.0
-75.0
-53.0
-28.0
11.0
-10.0
-12.0
-40.0
-36.0
-10.0
0.0
8.0
22.0
10.0
-7.0
83.0
113.0
87.0
73.0
79.0
85.0
78.0
51.0
17.0
1.0
13.0
18.0
-10.0
-47.0
-60.0
-44.0
-42.0
-48.0
-23.0
-41.0
-22.0
-3.0
-22.0
-18.0
-63.0
-27.0
-31.0
34.0
7.0
37.0
-54.0
-88.0
-77.0
-89.0
-23.0
-8.0
-9.0
-19.0
-46.0
-42.0
-18.0
-37.0
-11.0
-16.0
19.0
18.0
18.0
-36.0
-22.0
-5.0
11.0
77.0
83.0
85.0
71.0
61.0
58.0
67.0
77.0
25.0
20.0
1.0
0.0
-34.0
-39.0
-12.0
-7.0
16.0
41.0
52.0
18.0
-7.0
10.0
-49.0
-31.0
-57.0
-57.0
-98.0
-110.0
-112.0
-49.0
-11.0
31.0
41.0
32.0
22.0
24.0
30.0
7.0
22.0
-26.0
-42.0
-32.0
-8.0
29.0
-62.0
-64.0
10.0
50.0
6.0
-14.0
19.0
6.0
-26.0
-73.0
-49.0
-45.0
0.0
-39.0
-12.0
6.0
-19.0
-10.0
47.0
-4.0
-7.0
-6.0
-57.0
-121.0
-201.0
-208.0
-103.0
-49.0
58.0
74.0
90.0
85.0
-52.0
-145.0
-42.0
21.0
130.0
149.0
161.0
81.0
92.0
90.0
60.0
53.0
-14.0
-120.0
-165.0
-68.0
-46.0
26.0
105.0
107.0
59.0
49.0
77.0
61.0
55.0
12.0
31.0
-5.0
4.0
-1.0
-28.0
-27.0
-57.0
-75.0
-58.0
-55.0
-32.0
-51.0
-66.0
-69.0
-111.0
-78.0
-53.0
-31.0
-12.0
-55.0
-1.0
16.0
17.0
13.0
78.0
48.0
37.0
54.0
73.0
38.0
42.0
44.0
-6.0
-15.0
-4.0
1.0
-14.0
-19.0
-3.0
6.0
-3.0
-70.0
-45.0
-42.0
-33.0
-40.0
-7.0
4.0
45.0
-18.0
-2.0
18.0
-51.0
-47.0
-64.0
-21.0
-5.0
-4.0
28.0
38.0
-40.0
-3.0
43.0
46.0
59.0
71.0
48.0
20.0
15.0
19.0
15.0
-17.0
-39.0
-42.0
-26.0
-17.0
-55.0
-59.0
-68.0
-90.0
-57.0
-15.0
-2.0
2.0
48.0
34.0
64.0
64.0
48.0
37.0
51.0
71.0
50.0
45.0
-20.0
14.0
-4.0
-54.0
-34.0
-34.0
-71.0
-52.0
-36.0
-40.0
-3.0
-39.0
-15.0
-39.0
-28.0
-60.0
-82.0
-55.0
-68.0
-64.0
-99.0
-63.0
-51.0
-35.0
5.0
58.0
71.0
61.0
71.0
81.0
73.0
10.0
35.0
36.0
-10.0
28.0
44.0
95.0
74.0
74.0
74.0
44.0
20.0
7.0
20.0
-44.0
-27.0
-62.0
-91.0
-88.0
7.0
22.0
-51.0
18.0
-8.0
-31.0
-25.0
-27.0
-67.0
-69.0
-90.0
-6.0
47.0
21.0
46.0
10.0
25.0
44.0
35.0
41.0
44.0
53.0
17.0
8.0
1.0
-7.0
-32.0
-32.0
-74.0
-74.0
-43.0
-77.0
0.0
-13.0
11.0
42.0
46.0
10.0
72.0
70.0
76.0
39.0
-24.0
-27.0
-40.0
-11.0
-52.0
-53.0
-51.0
-52.0
-40.0
-89.0
-90.0
-37.0
-68.0
-95.0
-81.0
-77.0
-100.0
-102.0
-60.0
-14.0
52.0
31.0
82.0
140.0
151.0
134.0
80.0
86.0
63.0
74.0
76.0
112.0
88.0
50.0
19.0
-30.0
-42.0
-41.0
-92.0
-108.0
-116.0
-112.0
-188.0
-136.0
-82.0
-18.0
-31.0
-37.0
-42.0
10.0
55.0
60.0
69.0
92.0
55.0
-35.0
-13.0
-7.0
11.0
9.0
7.0
-9.0
17.0
50.0
65.0
59.0
74.0
76.0
48.0
51.0
21.0
16.0
32.0
-8.0
-9.0
-16.0
-91.0
-87.0
-144.0
-132.0
-142.0
-147.0
-144.0
-112.0
-87.0
-71.0
-28.0
-18.0
-11.0
6.0
-12.0
-24.0
18.0
-10.0
-15.0
-16.0
-47.0
-48.0
-66.0
-45.0
-58.0
-66.0
-64.0
4.0
-24.0
-31.0
-99.0
-97.0
-33.0
41.0
8.0
55.0
44.0
-47.0
-59.0
-3.0
-10.0
-9.0
-25.0
3.0
34.0
80.0
108.0
111.0
66.0
76.0
116.0
117.0
49.0
33.0
45.0
26.0
-21.0
-10.0
-11.0
-18.0
7.0
10.0
-13.0
9.0
-26.0
-66.0
-110.0
-81.0
-33.0
-39.0
4.0
-3.0
17.0
88.0
97.0
52.0
88.0
134.0
116.0
109.0
71.0
73.0
48.0
3.0
-59.0
-30.0
-31.0
-17.0
8.0
-25.0
6.0
7.0
-49.0
-39.0
-26.0
-123.0
-123.0
-201.0
-160.0
-41.0
26.0
30.0
86.0
34.0
1.0
-53.0
-74.0
-59.0
-45.0
-76.0
-56.0
-51.0
-12.0
9.0
-7.0
24.0
69.0
69.0
88.0
61.0
53.0
48.0
16.0
31.0
26.0
33.0
20.0
23.0
26.0
15.0
-13.0
-11.0
-32.0
-23.0
-43.0
-75.0
-87.0
-109.0
-164.0
-207.0
-78.0
-72.0
6.0
41.0
76.0
65.0
-15.0
-104.0
-96.0
-46.0
-14.0
-16.0
42.0
104.0
102.0
84.0
67.0
32.0
29.0
89.0
35.0
38.0
17.0
48.0
54.0
45.0
52.0
9.0
-2.0
-36.0
-51.0
-46.0
-74.0
-9.0
-23.0
3.0
1.0
-18.0
-42.0
-35.0
-28.0
-30.0
-1.0
-34.0
-16.0
-15.0
-20.0
12.0
-8.0
-29.0
-72.0
-66.0
-41.0
-35.0
-41.0
-7.0
-19.0
-11.0
9.0
0.0
13.0
13.0
5.0
11.0
31.0
3.0
7.0
37.0
11.0
-2.0
-43.0
-43.0
18.0
3.0
42.0
-41.0
-31.0
-1.0
-8.0
-38.0
-23.0
-21.0
-40.0
-40.0
-29.0
-35.0
-36.0
-39.0
-29.0
-4.0
39.0
40.0
72.0
90.0
67.0
68.0
62.0
51.0
47.0
1.0
13.0
9.0
-22.0
8.0
22.0
2.0
2.0
-16.0
-22.0
-62.0
-78.0
-79.0
-39.0
-18.0
6.0
-17.0
-11.0
-50.0
-35.0
-45.0
-21.0
-22.0
-84.0
-30.0
1.0
-41.0
-26.0
-68.0
-86.0
-83.0
-9.0
-8.0
50.0
91.0
61.0
99.0
163.0
129.0
92.0
115.0
-45.0
-52.0
-88.0
11.0
148.0
2.0
-14.0
-85.0
-76.0
25.0
0.0
3.0
-43.0
-45.0
-76.0
-86.0
-95.0
33.0
113.0
101.0
10.0
13.0
54.0
131.0
133.0
41.0
-30.0
45.0
28.0
-9.0
-51.0
-50.0
-64.0
-23.0
-26.0
-38.0
-130.0
-181.0
-144.0
-101.0
-69.0
-71.0
-140.0
-68.0
2.0
50.0
62.0
4.0
-5.0
-6.0
60.0
57.0
17.0
34.0
37.0
40.0
17.0
-4.0
-11.0
5.0
-11.0
-7.0
-13.0
-47.0
-9.0
9.0
9.0
26.0
28.0
12.0
-37.0
-38.0
-53.0
-83.0
-25.0
51.0
37.0
-33.0
-22.0
-40.0
-106.0
-103.0
-74.0
-59.0
21.0
23.0
29.0
2.0
17.0
28.0
28.0
26.0
0.0
21.0
17.0
16.0
-20.0
-43.0
-27.0
28.0
-31.0
-31.0
-25.0
3.0
40.0
24.0
15.0
-18.0
34.0
-10.0
-65.0
-69.0
-16.0
7.0
-8.0
-24.0
-25.0
-48.0
-66.0
-42.0
12.0
17.0
45.0
64.0
48.0
13.0
66.0
9.0
-5.0
8.0
50.0
51.0
48.0
25.0
31.0
38.0
-8.0
0.0
-24.0
-38.0
-37.0
-34.0
-50.0
-41.0
-45.0
-52.0
-79.0
-62.0
-32.0
-17.0
-9.0
-12.0
-6.0
9.0
7.0
41.0
-5.0
-26.0
5.0
-34.0
20.0
22.0
36.0
48.0
13.0
9.0
-36.0
-92.0
-78.0
-62.0
-16.0
-22.0
-39.0
8.0
22.0
-4.0
3.0
18.0
21.0
29.0
5.0
1.0
-1.0
37.0
17.0
31.0
19.0
-2.0
-5.0
-25.0
-13.0
-11.0
-47.0
-67.0
-51.0
-99.0
-98.0
-87.0
-30.0
3.0
60.0
67.0
98.0
134.0
127.0
92.0
67.0
82.0
131.0
81.0
39.0
37.0
34.0
31.0
6.0
-30.0
-55.0
-85.0
-49.0
-67.0
-80.0
-79.0
-82.0
-67.0
-66.0
-98.0
-75.0
-87.0
-79.0
-75.0
-117.0
-116.0
-103.0
-40.0
20.0
52.0
55.0
45.0
59.0
99.0
59.0
55.0
64.0
83.0
85.0
37.0
39.0
45.0
9.0
10.0
2.0
0.0
-14.0
-16.0
-28.0
5.0
-45.0
-66.0
-6.0
-3.0
-78.0
-74.0
-86.0
-86.0
-55.0
-1.0
-48.0
-90.0
-82.0
-103.0
-61.0
-61.0
-2.0
14.0
-20.0
-43.0
-45.0
-52.0
-14.0
-69.0
-81.0
-76.0
-99.0
-106.0
-38.0
-57.0
29.0
127.0
123.0
174.0
214.0
222.0
272.0
252.0
225.0
203.0
142.0
115.0
91.0
73.0
76.0
75.0
28.0
-5.0
-45.0
-37.0
-31.0
-30.0
-52.0
-57.0
-64.0
-58.0
-21.0
-69.0
-50.0
-77.0
-64.0
-65.0
-107.0
-124.0
-92.0
-95.0
-120.0
-105.0
-118.0
-123.0
-86.0
-99.0
-7.0
-49.0
15.0
11.0
18.0
38.0
28.0
-10.0
38.0
31.0
19.0
26.0
0.0
-1.0
-33.0
24.0
-4.0
-41.0
13.0
11.0
-40.0
8.0
-23.0
-23.0
-34.0
-37.0
-74.0
-66.0
-59.0
-18.0
-14.0
-2.0
11.0
9.0
46.0
20.0
14.0
23.0
23.0
-7.0
0.0
-1.0
36.0
32.0
22.0
45.0
5.0
-10.0
-17.0
-37.0
-15.0
-2.0
-35.0
-35.0
-23.0
1.0
-24.0
-52.0
-5.0
44.0
21.0
14.0
34.0
35.0
22.0
52.0
50.0
-2.0
30.0
26.0
-36.0
-3.0
56.0
53.0
18.0
-40.0
-2.0
25.0
-4.0
-22.0
-52.0
18.0
14.0
21.0
-39.0
-65.0
-47.0
-61.0
4.0
8.0
55.0
10.0
76.0
75.0
56.0
24.0
29.0
40.0
-86.0
-109.0
-15.0
-46.0
-22.0
-26.0
24.0
44.0
31.0
85.0
12.0
-148.0
-191.0
-129.0
-34.0
-30.0
75.0
88.0
96.0
86.0
35.0
-3.0
-65.0
-20.0
-17.0
-14.0
53.0
27.0
63.0
37.0
23.0
50.0
50.0
23.0
33.0
38.0
-13.0
-26.0
-38.0
-80.0
-37.0
7.0
6.0
-12.0
-27.0
-23.0
6.0
-67.0
-27.0
85.0
101.0
51.0
17.0
-38.0
-33.0
-44.0
-3.0
17.0
-32.0
15.0
13.0
-116.0
-94.0
-74.0
-28.0
-24.0
53.0
92.0
46.0
-5.0
1.0
19.0
13.0
-62.0
-57.0
-57.0
-33.0
-19.0
-22.0
-35.0
-34.0
-8.0
17.0
4.0
-26.0
-30.0
-7.0
-1.0
-16.0
-8.0
8.0
15.0
-10.0
-3.0
30.0
25.0
2.0
-12.0
-28.0
-118.0
-120.0
15.0
79.0
30.0
-36.0
-27.0
42.0
36.0
6.0
-10.0
-15.0
50.0
20.0
-18.0
-33.0
-32.0
-11.0
-12.0
9.0
-166.0
-90.0
-14.0
53.0
131.0
80.0
81.0
77.0
84.0
89.0
114.0
95.0
22.0
48.0
-17.0
-53.0
-51.0
-16.0
-37.0
-57.0
-71.0
-56.0
-105.0
-116.0
-63.0
-76.0
-79.0
-67.0
-54.0
-20.0
11.0
-35.0
-3.0
43.0
24.0
54.0
50.0
23.0
-24.0
-9.0
-4.0
-14.0
-28.0
-40.0
-48.0
-81.0
-79.0
-40.0
-36.0
-9.0
-14.0
-28.0
-47.0
-15.0
19.0
80.0
81.0
18.0
35.0
22.0
-8.0
0.0
38.0
56.0
52.0
8.0
6.0
6.0
14.0
31.0
19.0
38.0
24.0
-38.0
-18.0
-38.0
-35.0
-29.0
-17.0
3.0
-12.0
-65.0
-17.0
16.0
17.0
-18.0
-15.0
9.0
-37.0
-81.0
-72.0
-10.0
-3.0
46.0
41.0
47.0
44.0
49.0
59.0
24.0
-41.0
-39.0
26.0
5.0
-29.0
-11.0
-8.0
33.0
14.0
6.0
12.0
22.0
-24.0
28.0
13.0
15.0
13.0
-6.0
0.0
10.0
72.0
27.0
-17.0
-94.0
-162.0
-80.0
-79.0
-36.0
-42.0
-26.0
-19.0
-6.0
4.0
3.0
64.0
-17.0
-14.0
-66.0
-12.0
18.0
8.0
-82.0
-45.0
-69.0
-5.0
67.0
62.0
39.0
62.0
5.0
47.0
69.0
76.0
63.0
-20.0
-19.0
-19.0
40.0
32.0
-40.0
-12.0
5.0
40.0
-19.0
7.0
-17.0
-16.0
-5.0
-26.0
5.0
-46.0
0.0
46.0
-29.0
-32.0
-43.0
-39.0
-42.0
-109.0
-117.0
-107.0
-36.0
6.0
-45.0
-39.0
-53.0
-53.0
-31.0
4.0
29.0
26.0
21.0
3.0
-33.0
-33.0
-28.0
-28.0
4.0
1.0
-19.0
-50.0
-110.0
-92.0
-8.0
10.0
70.0
72.0
97.0
98.0
116.0
94.0
88.0
60.0
52.0
44.0
57.0
67.0
35.0
34.0
44.0
35.0
74.0
48.0
61.0
25.0
-5.0
-5.0
-14.0
17.0
13.0
-3.0
-26.0
-53.0
-55.0
-90.0
-85.0
-81.0
-39.0
-93.0
-124.0
-74.0
-75.0
-35.0
-45.0
-57.0
-101.0
-100.0
-72.0
-71.0
-34.0
19.0
29.0
4.0
41.0
46.0
48.0
46.0
58.0
56.0
19.0
32.0
8.0
-39.0
4.0
36.0
35.0
36.0
57.0
-22.0
-11.0
-33.0
-36.0
-28.0
-50.0
-18.0
-30.0
-30.0
-13.0
-45.0
-45.0
-67.0
-34.0
0.0
84.0
98.0
128.0
121.0
66.0
32.0
21.0
75.0
9.0
-16.0
-18.0
0.0
-45.0
-46.0
-72.0
-62.0
-33.0
-6.0
-15.0
-10.0
3.0
-39.0
-8.0
-11.0
-28.0
-26.0
-22.0
1.0
-21.0
22.0
-1.0
19.0
11.0
16.0
17.0
-87.0
-97.0
2.0
44.0
46.0
8.0
27.0
21.0
23.0
-33.0
-66.0
-42.0
-90.0
-89.0
-110.0
-77.0
-46.0
12.0
9.0
50.0
56.0
63.0
65.0
69.0
86.0
64.0
45.0
32.0
24.0
53.0
-1.0
-20.0
-18.0
-46.0
-5.0
-43.0
-42.0
-31.0
-32.0
-25.0
18.0
29.0
22.0
9.0
36.0
22.0
42.0
26.0
29.0
24.0
9.0
-36.0
-42.0
-39.0
-29.0
-11.0
-18.0
-65.0
-66.0
-182.0
-141.0
-90.0
-31.0
5.0
-42.0
-58.0
-28.0
20.0
22.0
-7.0
-26.0
-28.0
-56.0
-59.0
-43.0
-55.0
-55.0
-30.0
-28.0
-17.0
-22.0
-11.0
27.0
73.0
48.0
60.0
158.0
150.0
145.0
133.0
106.0
90.0
74.0
70.0
52.0
-78.0
-72.0
-20.0
-17.0
37.0
0.0
-46.0
-71.0
-79.0
-74.0
-89.0
-115.0
-90.0
-92.0
-68.0
-62.0
-77.0
-33.0
-34.0
22.0
-23.0
8.0
12.0
14.0
-1.0
46.0
31.0
4.0
23.0
5.0
-33.0
-10.0
9.0
5.0
35.0
43.0
22.0
26.0
27.0
-24.0
-24.0
-57.0
4.0
4.0
-42.0
-22.0
-54.0
-24.0
-22.0
35.0
35.0
32.0
37.0
40.0
74.0
62.0
18.0
-11.0
-52.0
-68.0
-16.0
32.0
79.0
83.0
34.0
-29.0
40.0
14.0
-43.0
-20.0
-61.0
-19.0
-31.0
-36.0
17.0
-16.0
5.0
11.0
66.0
-3.0
-12.0
24.0
12.0
8.0
-20.0
-24.0
-56.0
-97.0
-94.0
-34.0
-4.0
-36.0
-20.0
-20.0
-5.0
26.0
-33.0
24.0
12.0
19.0
34.0
12.0
-42.0
-43.0
1.0
-2.0
-5.0
30.0
33.0
40.0
73.0
19.0
43.0
41.0
79.0
92.0
129.0
120.0
87.0
66.0
60.0
39.0
40.0
35.0
17.0
-10.0
13.0
-20.0
-58.0
-88.0
-92.0
-95.0
-86.0
-83.0
-67.0
-81.0
-58.0
-69.0
-60.0
-94.0
-85.0
-82.0
-65.0
-73.0
-68.0
-104.0
-32.0
29.0
45.0
44.0
48.0
-11.0
-24.0
-28.0
-29.0
0.0
2.0
17.0
32.0
5.0
-24.0
8.0
32.0
29.0
-11.0
-21.0
-56.0
-52.0
-51.0
-30.0
-29.0
-28.0
-19.0
-25.0
-58.0
-106.0
-71.0
-37.0
-14.0
14.0
76.0
79.0
131.0
128.0
159.0
175.0
204.0
171.0
165.0
146.0
160.0
81.0
59.0
50.0
14.0
-8.0
50.0
-19.0
-103.0
-92.0
-72.0
-96.0
-86.0
-85.0
-84.0
-111.0
-86.0
-139.0
-74.0
-78.0
-74.0
-26.0
-17.0
-18.0
-54.0
-67.0
-69.0
-37.0
-37.0
-91.0
-118.0
-136.0
-81.0
-83.0
-19.0
59.0
70.0
98.0
85.0
83.0
106.0
-21.0
-35.0
-37.0
85.0
128.0
68.0
-61.0
-11.0
19.0
5.0
-5.0
39.0
43.0
101.0
79.0
23.0
-65.0
-65.0
-41.0
-12.0
7.0
26.0
22.0
36.0
-15.0
10.0
3.0
35.0
31.0
-3.0
-19.0
-46.0
-42.0
-20.0
-30.0
-57.0
-21.0
-11.0
-41.0
-6.0
2.0
-26.0
-27.0
-15.0
-3.0
-69.0
-20.0
-50.0
-78.0
-9.0
-37.0
-74.0
-74.0
-135.0
-52.0
-15.0
69.0
94.0
137.0
116.0
152.0
130.0
131.0
156.0
129.0
101.0
78.0
74.0
60.0
0.0
-33.0
-46.0
-43.0
-24.0
-3.0
-8.0
-61.0
-115.0
-138.0
-182.0
-162.0
-126.0
-122.0
-90.0
-128.0
-253.0
-179.0
-45.0
46.0
77.0
-70.0
-47.0
-37.0
70.0
-18.0
19.0
41.0
72.0
21.0
20.0
9.0
19.0
13.0
34.0
-7.0
-80.0
-39.0
-10.0
10.0
33.0
107.0
111.0
112.0
83.0
10.0
27.0
41.0
61.0
53.0
-13.0
7.0
13.0
10.0
-27.0
5.0
20.0
52.0
28.0
10.0
30.0
75.0
34.0
36.0
6.0
12.0
6.0
-44.0
-49.0
-50.0
-52.0
-54.0
-83.0
-85.0
-106.0
-87.0
-92.0
-108.0
-73.0
53.0
49.0
27.0
57.0
56.0
0.0
-28.0
-4.0
-34.0
-34.0
-11.0
4.0
22.0
10.0
5.0
-42.0
-54.0
-97.0
-87.0
-59.0
-32.0
-34.0
27.0
-19.0
-15.0
9.0
44.0
43.0
-60.0
20.0
26.0
43.0
52.0
52.0
58.0
2.0
28.0
-2.0
-2.0
2.0
15.0
20.0
19.0
10.0
12.0
32.0
31.0
46.0
18.0
-25.0
-34.0
5.0
-19.0
-51.0
-55.0
10.0
20.0
11.0
18.0
9.0
-28.0
-21.0
-26.0
-11.0
0.0
-20.0
-62.0
-37.0
-19.0
-24.0
-20.0
8.0
38.0
-1.0
-6.0
-4.0
-17.0
32.0
41.0
39.0
52.0
33.0
-27.0
-28.0
-29.0
-71.0
-83.0
-31.0
-21.0
12.0
-24.0
-35.0
-130.0
-207.0
-214.0
-159.0
-105.0
10.0
91.0
123.0
31.0
-70.0
-21.0
70.0
75.0
112.0
143.0
128.0
23.0
36.0
4.0
0.0
-24.0
-18.0
-9.0
62.0
57.0
53.0
72.0
68.0
62.0
78.0
57.0
57.0
52.0
34.0
33.0
-46.0
3.0
-25.0
-18.0
-45.0
-64.0
-91.0
-92.0
-78.0
-118.0
-48.0
-98.0
-102.0
6.0
42.0
9.0
-24.0
-23.0
3.0
-31.0
-11.0
-29.0
8.0
-10.0
15.0
-17.0
12.0
16.0
9.0
-12.0
-75.0
-54.0
-16.0
-10.0
-41.0
-54.0
-151.0
-145.0
-137.0
-101.0
-54.0
19.0
22.0
79.0
35.0
61.0
18.0
18.0
29.0
50.0
48.0
21.0
60.0
91.0
27.0
29.0
42.0
38.0
-24.0
-42.0
-20.0
-41.0
-49.0
-54.0
-4.0
32.0
37.0
33.0
12.0
-28.0
14.0
3.0
-17.0
-8.0
-31.0
-25.0
-36.0
-40.0
-35.0
0.0
-26.0
-6.0
6.0
-36.0
2.0
4.0
1.0
4.0
-36.0
-58.0
-55.0
7.0
12.0
-19.0
15.0
24.0
-21.0
-24.0
3.0
-2.0
-7.0
45.0
17.0
9.0
15.0
-5.0
5.0
5.0
-36.0
-32.0
-32.0
-20.0
34.0
-16.0
15.0
25.0
25.0
20.0
-21.0
-44.0
-4.0
63.0
12.0
0.0
21.0
-8.0
29.0
30.0
26.0
-18.0
-23.0
64.0
48.0
63.0
63.0
-15.0
-7.0
-6.0
27.0
-2.0
-52.0
-17.0
-20.0
-20.0
-27.0
-48.0
-20.0
-20.0
-29.0
-19.0
-37.0
-17.0
-12.0
7.0
22.0
10.0
-8.0
-5.0
-2.0
8.0
-12.0
-39.0
-36.0
-48.0
4.0
20.0
53.0
55.0
27.0
24.0
37.0
15.0
53.0
101.0
-187.0
-180.0
-130.0
-134.0
-52.0
38.0
138.0
88.0
86.0
62.0
73.0
16.0
22.0
18.0
-72.0
-75.0
-125.0
-83.0
-32.0
-34.0
-18.0
1.0
3.0
0.0
15.0
31.0
51.0
35.0
61.0
38.0
47.0
6.0
-33.0
-36.0
-53.0
-26.0
-22.0
25.0
53.0
85.0
92.0
53.0
-4.0
-8.0
-6.0
70.0
46.0
28.0
-8.0
-25.0
-29.0
-69.0
-39.0
-41.0
-53.0
-79.0
-74.0
-74.0
-21.0
-10.0
-97.0
-44.0
-36.0
-37.0
-26.0
-66.0
-42.0
-46.0
-33.0
-106.0
-19.0
9.0
-29.0
-29.0
-35.0
-29.0
-24.0
-1.0
12.0
23.0
48.0
-32.0
-32.0
-31.0
-14.0
36.0
55.0
85.0
30.0
13.0
22.0
-32.0
-46.0
-51.0
-11.0
-15.0
-25.0
-46.0
-49.0
13.0
56.0
-22.0
21.0
29.0
11.0
57.0
79.0
62.0
31.0
23.0
9.0
-19.0
7.0
2.0
-36.0
-1.0
2.0
-2.0
-70.0
-77.0
-48.0
-1.0
-3.0
-5.0
-49.0
-87.0
-117.0
-123.0
-21.0
-40.0
17.0
60.0
76.0
70.0
99.0
119.0
144.0
226.0
262.0
257.0
121.0
75.0
-15.0
-18.0
-43.0
-16.0
-66.0
-90.0
-79.0
-114.0
-122.0
-145.0
-110.0
-112.0
-111.0
-50.0
3.0
41.0
27.0
6.0
-22.0
-35.0
-13.0
-13.0
8.0
-42.0
-15.0
-12.0
-33.0
-32.0
-18.0
1.0
-64.0
-66.0
-113.0
-123.0
-105.0
-100.0
-68.0
-46.0
1.0
5.0
42.0
47.0
64.0
93.0
59.0
68.0
74.0
86.0
54.0
40.0
9.0
7.0
12.0
25.0
40.0
-26.0
-23.0
-26.0
-52.0
-46.0
-7.0
-6.0
-12.0
-21.0
-49.0
-43.0
-60.0
-55.0
-48.0
-58.0
-72.0
-66.0
-13.0
16.0
46.0
17.0
13.0
1.0
-24.0
13.0
16.0
11.0
1.0
-32.0
-17.0
18.0
-5.0
65.0
8.0
16.0
57.0
59.0
65.0
29.0
18.0
64.0
31.0
26.0
59.0
-7.0
-49.0
-50.0
-30.0
-17.0
25.0
26.0
31.0
18.0
11.0
-17.0
-26.0
-32.0
-19.0
-20.0
-40.0
-33.0
-44.0
-24.0
-8.0
-10.0
8.0
12.0
36.0
-12.0
30.0
-12.0
-53.0
-52.0
-40.0
-73.0
-47.0
-50.0
-35.0
10.0
-29.0
-9.0
48.0
83.0
116.0
114.0
66.0
63.0
58.0
3.0
15.0
51.0
-16.0
-22.0
-35.0
-83.0
-58.0
-57.0
-19.0
-6.0
17.0
19.0
-10.0
-2.0
-48.0
-1.0
35.0
34.0
20.0
16.0
18.0
-10.0
15.0
-73.0
-24.0
-20.0
-38.0
-41.0
-1.0
-58.0
-119.0
-77.0
-52.0
-34.0
-9.0
12.0
42.0
49.0
92.0
34.0
-3.0
58.0
38.0
29.0
18.0
-18.0
-17.0
-18.0
-37.0
-12.0
-19.0
-63.0
-84.0
-70.0
-49.0
-17.0
-18.0
-17.0
-43.0
3.0
15.0
74.0
37.0
9.0
27.0
97.0
90.0
91.0
61.0
38.0
57.0
-27.0
-52.0
-67.0
-39.0
-32.0
-87.0
-86.0
-51.0
-51.0
-14.0
13.0
13.0
30.0
53.0
44.0
41.0
36.0
6.0
-11.0
-10.0
6.0
-20.0
-26.0
-39.0
-69.0
-11.0
-10.0
4.0
21.0
35.0
23.0
-3.0
7.0
-34.0
-14.0
-38.0
-29.0
-12.0
-5.0
-85.0
-75.0
13.0
6.0
11.0
-19.0
-73.0
-71.0
-16.0
-29.0
-4.0
26.0
-47.0
-37.0
-2.0
-18.0
33.0
39.0
9.0
-25.0
-11.0
-27.0
-37.0
-1.0
-61.0
-32.0
-31.0
-33.0
-36.0
-2.0
25.0
38.0
34.0
49.0
80.0
90.0
50.0
46.0
35.0
0.0
-34.0
-25.0
47.0
21.0
16.0
2.0
-243.0
-247.0
-223.0
-196.0
-75.0
17.0
57.0
103.0
177.0
126.0
115.0
112.0
122.0
128.0
57.0
14.0
-24.0
-3.0
-34.0
-17.0
5.0
7.0
6.0
-28.0
-40.0
-47.0
-37.0
-4.0
-10.0
-31.0
-11.0
-14.0
-3.0
-17.0
4.0
9.0
-8.0
-30.0
-31.0
-77.0
-73.0
-77.0
-49.0
-44.0
-28.0
-30.0
-2.0
-79.0
-66.0
-57.0
-41.0
-38.0
-83.0
-51.0
-41.0
-9.0
35.0
18.0
16.0
46.0
4.0
0.0
30.0
64.0
62.0
45.0
70.0
30.0
-7.0
-17.0
-46.0
-45.0
7.0
30.0
0.0
-28.0
-5.0
-23.0
-19.0
-7.0
-29.0
-27.0
-46.0
23.0
-51.0
-67.0
-105.0
18.0
6.0
16.0
28.0
31.0
28.0
-31.0
3.0
16.0
8.0
25.0
-22.0
-62.0
-75.0
-67.0
-3.0
-13.0
2.0
-20.0
-9.0
6.0
25.0
11.0
25.0
27.0
55.0
19.0
-35.0
-64.0
-70.0
-79.0
-12.0
4.0
-25.0
-28.0
6.0
36.0
27.0
39.0
-39.0
-83.0
-69.0
-61.0
-14.0
-12.0
20.0
38.0
56.0
11.0
92.0
109.0
74.0
69.0
68.0
73.0
112.0
103.0
88.0
49.0
24.0
18.0
21.0
-12.0
-11.0
-15.0
-37.0
-67.0
-34.0
-57.0
-90.0
-75.0
-43.0
-55.0
-31.0
-29.0
-10.0
36.0
-12.0
-17.0
-2.0
35.0
4.0
23.0
-22.0
-22.0
-67.0
-47.0
-61.0
-85.0
-99.0
-134.0
-67.0
-13.0
-5.0
-2.0
19.0
89.0
53.0
100.0
132.0
128.0
88.0
34.0
28.0
24.0
-19.0
-7.0
-42.0
-62.0
-29.0
-15.0
-39.0
-20.0
13.0
9.0
20.0
6.0
8.0
7.0
13.0
-13.0
-83.0
-78.0
-62.0
-57.0
-95.0
-73.0
-34.0
-39.0
-55.0
-27.0
-56.0
-9.0
-33.0
-39.0
-57.0
-80.0
-79.0
-54.0
7.0
-46.0
-90.0
-80.0
-75.0
-69.0
-37.0
-38.0
-22.0
8.0
41.0
70.0
126.0
55.0
49.0
52.0
85.0
132.0
156.0
151.0
146.0
29.0
39.0
64.0
31.0
35.0
63.0
15.0
-6.0
-11.0
-61.0
-67.0
-39.0
-29.0
-42.0
-40.0
-30.0
-71.0
-79.0
-40.0
-10.0
4.0
-9.0
-37.0
-55.0
-58.0
-78.0
-50.0
-61.0
-61.0
-67.0
-46.0
-43.0
-11.0
14.0
17.0
-20.0
-43.0
13.0
33.0
51.0
70.0
22.0
22.0
16.0
18.0
40.0
34.0
110.0
70.0
1.0
21.0
-1.0
45.0
6.0
2.0
25.0
3.0
-3.0
-22.0
-81.0
-11.0
3.0
-43.0
-60.0
-56.0
-37.0
-24.0
-25.0
-23.0
-46.0
-107.0
-118.0
-86.0
-78.0
-81.0
39.0
36.0
21.0
33.0
53.0
3.0
25.0
101.0
111.0
112.0
53.0
74.0
35.0
23.0
33.0
-24.0
-32.0
37.0
4.0
4.0
4.0
-21.0
-59.0
-28.0
-42.0
-61.0
-89.0
-57.0
-62.0
-64.0
-63.0
-43.0
-45.0
8.0
2.0
-3.0
-36.0
23.0
15.0
16.0
28.0
-29.0
-20.0
12.0
55.0
48.0
14.0
21.0
-3.0
-1.0
3.0
-40.0
-80.0
-15.0
28.0
17.0
21.0
-28.0
-39.0
-30.0
-58.0
-46.0
-52.0
-45.0
-1.0
-27.0
-18.0
-61.0
-39.0
-37.0
-30.0
-9.0
1.0
26.0
7.0
13.0
8.0
-1.0
39.0
40.0
62.0
58.0
46.0
52.0
38.0
37.0
3.0
0.0
1.0
2.0
-8.0
-15.0
33.0
14.0
-21.0
-15.0
-12.0
-5.0
-2.0
3.0
40.0
4.0
-26.0
-50.0
-40.0
-19.0
-32.0
-8.0
20.0
20.0
24.0
-13.0
-8.0
-54.0
-44.0
-12.0
-38.0
-52.0
-52.0
-52.0
-86.0
-45.0
8.0
81.0
-3.0
-33.0
-65.0
-62.0
-41.0
-44.0
-33.0
4.0
24.0
41.0
52.0
66.0
84.0
41.0
73.0
74.0
94.0
91.0
76.0
19.0
20.0
-17.0
51.0
25.0
36.0
31.0
41.0
19.0
2.0
28.0
44.0
15.0
-18.0
-41.0
-37.0
-40.0
-44.0
-69.0
-119.0
-92.0
-78.0
-80.0
-79.0
-126.0
-131.0
-133.0
-105.0
-89.0
-90.0
-86.0
-32.0
35.0
78.0
77.0
118.0
120.0
96.0
89.0
118.0
109.0
59.0
55.0
-15.0
20.0
-4.0
-6.0
-22.0
-52.0
-64.0
-106.0
-77.0
-62.0
-58.0
-33.0
9.0
4.0
25.0
3.0
-16.0
-36.0
-14.0
2.0
-3.0
-21.0
-17.0
-13.0
-17.0
-13.0
-44.0
-85.0
-63.0
-47.0
-26.0
-23.0
-20.0
-26.0
-29.0
-18.0
-14.0
-17.0
-13.0
17.0
39.0
16.0
72.0
72.0
95.0
108.0
92.0
57.0
93.0
85.0
19.0
31.0
35.0
32.0
-41.0
-35.0
-80.0
-83.0
-75.0
6.0
21.0
65.0
56.0
55.0
67.0
74.0
16.0
36.0
25.0
-16.0
-17.0
-47.0
-33.0
-24.0
-50.0
-48.0
-39.0
-69.0
-93.0
-55.0
-77.0
-73.0
-95.0
-97.0
-57.0
-21.0
53.0
75.0
-37.0
2.0
-7.0
-42.0
-17.0
-16.0
38.0
71.0
89.0
29.0
-48.0
-76.0
-1.0
93.0
104.0
118.0
70.0
-35.0
-119.0
-31.0
20.0
-29.0
-17.0
88.0
67.0
71.0
-27.0
-5.0
-26.0
3.0
12.0
18.0
30.0
17.0
-21.0
-20.0
-5.0
-31.0
-41.0
-31.0
-62.0
-58.0
-59.0
-23.0
-28.0
-29.0
-1.0
-13.0
-36.0
-48.0
-3.0
-13.0
-20.0
8.0
-39.0
-43.0
-24.0
-10.0
26.0
44.0
0.0
-46.0
5.0
1.0
9.0
20.0
41.0
11.0
-25.0
27.0
8.0
-40.0
17.0
-28.0
4.0
8.0
-33.0
-66.0
-8.0
-10.0
53.0
24.0
5.0
-15.0
-40.0
-31.0
7.0
-13.0
25.0
21.0
25.0
19.0
12.0
-31.0
-27.0
-29.0
2.0
-3.0
40.0
6.0
-19.0
-18.0
35.0
57.0
-11.0
-13.0
-32.0
-58.0
-13.0
-37.0
-11.0
30.0
13.0
68.0
18.0
15.0
-36.0
-26.0
44.0
43.0
48.0
-29.0
-26.0
-19.0
-2.0
-2.0
20.0
26.0
32.0
-63.0
-9.0
77.0
-22.0
-73.0
-14.0
-13.0
-1.0
-33.0
-35.0
-29.0
-22.0
-9.0
2.0
27.0
-5.0
-2.0
0.0
55.0
11.0
-19.0
13.0
43.0
26.0
21.0
10.0
6.0
-52.0
-65.0
-65.0
-72.0
6.0
7.0
-23.0
-56.0
-15.0
-15.0
-4.0
-10.0
33.0
32.0
44.0
46.0
33.0
-31.0
-27.0
-28.0
-13.0
-6.0
-72.0
-88.0
-38.0
-36.0
40.0
71.0
32.0
30.0
39.0
24.0
-5.0
-26.0
0.0
-46.0
-8.0
-35.0
33.0
34.0
48.0
65.0
56.0
50.0
41.0
13.0
25.0
5.0
-5.0
-4.0
-5.0
-30.0
-14.0
-7.0
-13.0
-51.0
-42.0
-67.0
-75.0
-81.0
-44.0
-25.0
-59.0
-84.0
-170.0
-111.0
-103.0
-96.0
-14.0
-3.0
9.0
70.0
116.0
74.0
58.0
81.0
95.0
70.0
73.0
76.0
52.0
48.0
5.0
-14.0
4.0
-11.0
-43.0
-48.0
-24.0
-20.0
-3.0
3.0
-27.0
-84.0
-78.0
-87.0
-42.0
-13.0
-31.0
-29.0
-28.0
-17.0
-13.0
-14.0
-7.0
-31.0
-31.0
-32.0
-13.0
-13.0
0.0
-24.0
70.0
71.0
24.0
-33.0
-12.0
-61.0
-69.0
-65.0
-42.0
-15.0
49.0
51.0
-49.0
-52.0
-16.0
30.0
75.0
75.0
57.0
6.0
-6.0
39.0
42.0
66.0
43.0
15.0
-19.0
-20.0
7.0
-21.0
10.0
-17.0
10.0
19.0
-21.0
-10.0
29.0
32.0
-11.0
-24.0
12.0
31.0
36.0
-2.0
58.0
38.0
-5.0
-3.0
-55.0
-30.0
-8.0
-20.0
-24.0
-7.0
-4.0
19.0
0.0
2.0
10.0
65.0
57.0
41.0
6.0
5.0
12.0
42.0
36.0
32.0
22.0
-14.0
-48.0
-11.0
-17.0
-14.0
-44.0
7.0
-1.0
-3.0
-3.0
-5.0
-39.0
-56.0
-55.0
-112.0
-64.0
-57.0
25.0
31.0
44.0
0.0
11.0
22.0
24.0
31.0
-38.0
-66.0
-13.0
-16.0
27.0
11.0
-20.0
-72.0
-65.0
-58.0
-18.0
-18.0
-35.0
-39.0
-39.0
6.0
8.0
9.0
-4.0
12.0
27.0
72.0
12.0
9.0
-47.0
-97.0
-75.0
-120.0
-75.0
-22.0
22.0
-123.0
-89.0
-83.0
-20.0
89.0
173.0
148.0
79.0
-4.0
-39.0
-22.0
41.0
46.0
34.0
79.0
20.0
4.0
-26.0
45.0
37.0
-26.0
-61.0
-60.0
-64.0
-48.0
-36.0
-57.0
-64.0
-41.0
-7.0
76.0
16.0
12.0
-45.0
-34.0
-96.0
-27.0
31.0
14.0
-19.0
-34.0
-17.0
-12.0
-22.0
24.0
43.0
82.0
121.0
119.0
59.0
61.0
17.0
13.0
43.0
82.0
28.0
31.0
18.0
13.0
9.0
-50.0
-67.0
-64.0
-63.0
-52.0
-100.0
-79.0
-94.0
-110.0
-103.0
-75.0
-35.0
-34.0
-29.0
-12.0
-10.0
-35.0
-82.0
-25.0
-29.0
-33.0
-13.0
-13.0
-7.0
51.0
66.0
34.0
54.0
76.0
54.0
73.0
58.0
51.0
-14.0
-28.0
-8.0
-16.0
0.0
10.0
-6.0
-2.0
-17.0
-11.0
-74.0
-60.0
-38.0
-15.0
-54.0
-17.0
55.0
58.0
14.0
11.0
38.0
10.0
-13.0
0.0
5.0
32.0
-2.0
1.0
-31.0
-31.0
-43.0
-30.0
-31.0
-23.0
-28.0
40.0
41.0
31.0
31.0
38.0
24.0
-15.0
-36.0
-13.0
13.0
13.0
37.0
3.0
23.0
26.0
36.0
41.0
5.0
-33.0
-9.0
-56.0
3.0
-65.0
-98.0
-99.0
-116.0
-87.0
-53.0
-61.0
-39.0
70.0
96.0
108.0
90.0
84.0
34.0
57.0
12.0
87.0
11.0
40.0
-13.0
-2.0
-7.0
-10.0
-15.0
-29.0
-23.0
-66.0
-10.0
-31.0
40.0
7.0
41.0
37.0
47.0
25.0
-24.0
-13.0
35.0
42.0
29.0
34.0
20.0
20.0
2.0
33.0
-9.0
-48.0
-100.0
-51.0
-49.0
8.0
1.0
-6.0
-23.0
-24.0
-30.0
-33.0
57.0
-22.0
-41.0
-46.0
-85.0
-87.0
-66.0
-1.0
1.0
-7.0
-28.0
30.0
8.0
8.0
7.0
9.0
6.0
-15.0
-54.0
-16.0
-11.0
6.0
-10.0
36.0
26.0
27.0
18.0
-10.0
-74.0
-62.0
-55.0
-41.0
-33.0
-16.0
-3.0
-2.0
-48.0
-38.0
-46.0
-111.0
-20.0
103.0
151.0
136.0
75.0
68.0
64.0
46.0
52.0
25.0
8.0
61.0
67.0
11.0
40.0
39.0
25.0
-20.0
-47.0
-26.0
-19.0
-22.0
7.0
1.0
-33.0
-36.0
6.0
-3.0
11.0
16.0
17.0
43.0
-6.0
-2.0
-25.0
-24.0
-39.0
-149.0
-198.0
-194.0
-98.0
-17.0
26.0
48.0
75.0
75.0
56.0
61.0
40.0
59.0
56.0
42.0
33.0
-94.0
-150.0
-150.0
-93.0
-51.0
39.0
65.0
117.0
60.0
26.0
41.0
29.0
29.0
53.0
-10.0
8.0
25.0
-38.0
-61.0
-32.0
-1.0
-13.0
-19.0
-11.0
-72.0
-181.0
-103.0
-85.0
-28.0
17.0
46.0
36.0
37.0
19.0
8.0
-41.0
-50.0
-64.0
-22.0
14.0
-5.0
5.0
7.0
12.0
-27.0
-24.0
-32.0
-64.0
-47.0
-8.0
22.0
-6.0
-10.0
-17.0
-2.0
0.0
9.0
0.0
-19.0
3.0
-15.0
-21.0
-19.0
-38.0
-26.0
-2.0
-18.0
45.0
2.0
30.0
94.0
112.0
116.0
119.0
93.0
87.0
80.0
49.0
11.0
1.0
-28.0
-41.0
-43.0
-46.0
-51.0
-28.0
-72.0
-66.0
-46.0
-74.0
-33.0
-22.0
-26.0
-31.0
-42.0
-50.0
-74.0
-57.0
-68.0
-60.0
-41.0
-34.0
-30.0
-33.0
18.0
12.0
6.0
-27.0
-8.0
-32.0
-69.0
-71.0
-81.0
-89.0
-87.0
-38.0
-6.0
50.0
87.0
131.0
165.0
165.0
165.0
173.0
153.0
107.0
64.0
110.0
77.0
45.0
45.0
17.0
9.0
29.0
-39.0
-90.0
-49.0
-59.0
-86.0
-58.0
-73.0
-103.0
-101.0
-86.0
-28.0
10.0
1.0
-13.0
-41.0
-57.0
-44.0
-3.0
-7.0
1.0
-14.0
-19.0
-35.0
38.0
71.0
-4.0
-81.0
-17.0
-22.0
-9.0
-19.0
13.0
-11.0
-19.0
-44.0
-26.0
48.0
44.0
45.0
5.0
-56.0
-2.0
79.0
53.0
-26.0
-221.0
-151.0
-33.0
-31.0
16.0
46.0
70.0
44.0
3.0
-5.0
34.0
53.0
27.0
29.0
-12.0
7.0
12.0
-40.0
-8.0
-2.0
23.0
36.0
12.0
17.0
-5.0
-57.0
-25.0
31.0
23.0
24.0
-35.0
-12.0
0.0
-1.0
-7.0
-5.0
-28.0
-10.0
-15.0
-2.0
-7.0
-24.0
-33.0
-32.0
-60.0
-53.0
-11.0
-32.0
-15.0
-33.0
-50.0
-18.0
0.0
1.0
-28.0
-54.0
21.0
56.0
39.0
37.0
-13.0
-6.0
34.0
32.0
59.0
50.0
37.0
30.0
33.0
-67.0
-18.0
30.0
51.0
54.0
7.0
-21.0
-12.0
-14.0
-29.0
-22.0
-52.0
-55.0
-57.0
-53.0
-11.0
-21.0
18.0
-19.0
20.0
16.0
-12.0
35.0
40.0
46.0
74.0
58.0
49.0
-51.0
-68.0
-54.0
-53.0
-14.0
3.0
3.0
-11.0
-22.0
31.0
19.0
31.0
32.0
53.0
-4.0
-2.0
-4.0
44.0
24.0
-7.0
-5.0
12.0
-46.0
-40.0
-12.0
-96.0
-90.0
-51.0
-15.0
-2.0
-15.0
-58.0
-44.0
-25.0
-64.0
-55.0
-58.0
-46.0
-25.0
0.0
-10.0
-37.0
23.0
-6.0
5.0
32.0
33.0
27.0
14.0
20.0
22.0
-18.0
-48.0
-22.0
8.0
24.0
28.0
3.0
-11.0
-9.0
7.0
22.0
-13.0
-11.0
-15.0
-19.0
-24.0
-25.0
29.0
-17.0
-2.0
21.0
-37.0
2.0
-34.0
-4.0
-9.0
3.0
8.0
-50.0
-76.0
5.0
119.0
97.0
34.0
21.0
17.0
-93.0
-65.0
-3.0
13.0
-26.0
-22.0
24.0
52.0
55.0
55.0
44.0
38.0
53.0
58.0
42.0
-14.0
-77.0
-138.0
-84.0
-83.0
-15.0
76.0
83.0
61.0
34.0
-1.0
10.0
-2.0
-10.0
-5.0
-24.0
-21.0
-71.0
-71.0
-67.0
-35.0
-51.0
-154.0
-87.0
-79.0
-41.0
-5.0
12.0
27.0
18.0
30.0
10.0
30.0
35.0
43.0
0.0
7.0
-15.0
-17.0
-11.0
6.0
9.0
11.0
-7.0
-1.0
-11.0
-10.0
-30.0
-22.0
-22.0
-48.0
12.0
50.0
50.0
50.0
4.0
-38.0
24.0
39.0
1.0
-20.0
-18.0
33.0
-38.0
-46.0
-29.0
5.0
-6.0
-14.0
-30.0
-31.0
1.0
4.0
-36.0
-39.0
-16.0
-21.0
-41.0
-28.0
-40.0
-21.0
-11.0
-20.0
-24.0
-24.0
-28.0
-28.0
-112.0
-110.0
-62.0
-41.0
-1.0
11.0
74.0
77.0
141.0
112.0
113.0
82.0
96.0
145.0
105.0
29.0
52.0
50.0
122.0
168.0
96.0
96.0
80.0
81.0
46.0
-26.0
-56.0
-57.0
-74.0
-234.0
-166.0
-89.0
5.0
-30.0
-42.0
-47.0
-64.0
-64.0
-57.0
-46.0
-26.0
-21.0
-86.0
-67.0
-67.0
-16.0
-2.0
-9.0
16.0
16.0
-5.0
28.0
31.0
36.0
62.0
55.0
15.0
13.0
6.0
31.0
24.0
-20.0
-37.0
-37.0
-85.0
-34.0
-55.0
-56.0
-25.0
-51.0
-80.0
-59.0
-34.0
-72.0
-13.0
14.0
-18.0
-19.0
-69.0
-33.0
-16.0
24.0
24.0
-15.0
6.0
12.0
-10.0
-7.0
-27.0
-64.0
-72.0
11.0
62.0
90.0
63.0
45.0
90.0
88.0
105.0
98.0
92.0
106.0
79.0
38.0
23.0
-1.0
-52.0
-57.0
-70.0
-57.0
-39.0
-32.0
-41.0
-45.0
-32.0
-96.0
-62.0
-71.0
-27.0
0.0
-51.0
3.0
81.0
65.0
28.0
20.0
-5.0
-10.0
-73.0
-99.0
-94.0
-73.0
-59.0
-80.0
-55.0
-43.0
-5.0
-3.0
12.0
-41.0
-116.0
-49.0
56.0
109.0
81.0
78.0
86.0
85.0
59.0
-3.0
0.0
-11.0
-2.0
-11.0
-66.0
10.0
70.0
73.0
109.0
31.0
4.0
-5.0
28.0
57.0
56.0
51.0
37.0
39.0
5.0
-11.0
-23.0
-69.0
-77.0
-98.0
-74.0
-104.0
-76.0
-77.0
-70.0
-50.0
-13.0
-4.0
77.0
116.0
140.0
132.0
68.0
71.0
31.0
52.0
16.0
0.0
11.0
0.0
-42.0
-12.0
-42.0
-44.0
-92.0
-129.0
-95.0
-39.0
-1.0
-29.0
-33.0
-54.0
3.0
9.0
37.0
16.0
-13.0
-25.0
-8.0
-2.0
-37.0
-4.0
-84.0
-84.0
-50.0
-75.0
-50.0
-48.0
-4.0
-4.0
14.0
1.0
-2.0
3.0
14.0
75.0
4.0
-27.0
5.0
-43.0
-9.0
-15.0
14.0
12.0
-19.0
-20.0
17.0
7.0
-14.0
-16.0
-9.0
-61.0
-53.0
-48.0
-55.0
-16.0
74.0
42.0
33.0
1.0
17.0
-10.0
54.0
45.0
58.0
57.0
3.0
-68.0
-55.0
-33.0
-26.0
-26.0
40.0
42.0
36.0
42.0
11.0
-12.0
-16.0
-54.0
-37.0
-20.0
-4.0
-2.0
-36.0
-5.0
29.0
68.0
44.0
47.0
36.0
39.0
-18.0
-17.0
9.0
-2.0
13.0
17.0
-26.0
16.0
-7.0
-31.0
-40.0
-37.0
-20.0
-35.0
-67.0
-32.0
-11.0
8.0
19.0
-2.0
-6.0
0.0
18.0
3.0
33.0
-15.0
39.0
-46.0
-115.0
-37.0
-12.0
-10.0
3.0
48.0
8.0
-24.0
-7.0
-19.0
-26.0
-2.0
60.0
68.0
84.0
102.0
53.0
5.0
-12.0
-26.0
-57.0
-3.0
-22.0
-27.0
-47.0
-36.0
-13.0
-26.0
-18.0
10.0
-52.0
-31.0
-59.0
-67.0
-12.0
9.0
-35.0
-32.0
-80.0
-41.0
-23.0
-7.0
-9.0
-19.0
59.0
79.0
-35.0
3.0
58.0
87.0
90.0
127.0
163.0
160.0
17.0
18.0
30.0
67.0
57.0
26.0
0.0
10.0
-7.0
-8.0
-104.0
-224.0
-154.0
25.0
32.0
15.0
-37.0
-30.0
-57.0
-63.0
-53.0
-56.0
-13.0
-1.0
8.0
-40.0
-29.0
-18.0
32.0
38.0
28.0
-22.0
-35.0
-22.0
-30.0
-9.0
-1.0
-6.0
-12.0
-5.0
13.0
1.0
-2.0
-52.0
-57.0
-43.0
13.0
-1.0
-37.0
-35.0
-21.0
-44.0
0.0
20.0
32.0
61.0
51.0
36.0
46.0
49.0
31.0
-13.0
-72.0
-128.0
-59.0
-22.0
51.0
50.0
27.0
38.0
-1.0
-9.0
-57.0
-63.0
-18.0
-21.0
-63.0
21.0
12.0
9.0
53.0
43.0
42.0
79.0
35.0
49.0
23.0
13.0
59.0
65.0
22.0
-17.0
40.0
25.0
-7.0
-4.0
-50.0
-34.0
-123.0
-132.0
-198.0
25.0
92.0
15.0
-9.0
-105.0
-57.0
59.0
72.0
71.0
70.0
63.0
43.0
44.0
18.0
35.0
-24.0
-76.0
17.0
16.0
21.0
80.0
83.0
57.0
53.0
39.0
24.0
9.0
-9.0
-8.0
-16.0
8.0
-44.0
-60.0
-34.0
-86.0
-76.0
-94.0
-114.0
-110.0
-131.0
-85.0
-46.0
-14.0
-21.0
-40.0
-39.0
-63.0
-20.0
-17.0
8.0
45.0
-17.0
-113.0
-4.0
37.0
32.0
-49.0
-11.0
-12.0
-37.0
-4.0
10.0
25.0
-11.0
-10.0
6.0
-5.0
13.0
9.0
-20.0
-2.0
32.0
11.0
24.0
-28.0
0.0
-50.0
-15.0
-19.0
15.0
-74.0
-40.0
55.0
30.0
-1.0
25.0
46.0
20.0
25.0
42.0
19.0
42.0
37.0
26.0
5.0
-20.0
1.0
52.0
50.0
27.0
15.0
13.0
51.0
-9.0
-20.0
10.0
13.0
20.0
19.0
1.0
-21.0
-20.0
26.0
-10.0
-28.0
-146.0
-155.0
-51.0
-42.0
-22.0
-34.0
-133.0
-121.0
-26.0
-76.0
-51.0
23.0
62.0
68.0
87.0
147.0
125.0
104.0
93.0
114.0
87.0
76.0
51.0
47.0
79.0
83.0
50.0
22.0
-85.0
-97.0
-124.0
-119.0
-75.0
-77.0
-56.0
-78.0
-76.0
-48.0
-64.0
18.0
-70.0
-110.0
-85.0
-87.0
-55.0
-43.0
-55.0
-58.0
-38.0
-40.0
-63.0
-74.0
-63.0
-65.0
-31.0
-4.0
-13.0
-18.0
-5.0
-21.0
-58.0
28.0
9.0
9.0
-19.0
16.0
90.0
55.0
88.0
68.0
80.0
91.0
27.0
23.0
-18.0
38.0
40.0
-27.0
17.0
-9.0
-11.0
41.0
24.0
19.0
51.0
-9.0
31.0
3.0
-35.0
-40.0
-18.0
-23.0
-29.0
-25.0
-8.0
-14.0
-12.0
-14.0
-5.0
-12.0
-60.0
-53.0
-107.0
-108.0
-38.0
-10.0
22.0
62.0
56.0
76.0
35.0
-1.0
25.0
27.0
58.0
69.0
66.0
34.0
11.0
2.0
15.0
-3.0
-22.0
-24.0
-47.0
-6.0
46.0
21.0
-25.0
-26.0
-30.0
1.0
17.0
24.0
4.0
-109.0
-187.0
-136.0
-52.0
-18.0
28.0
46.0
53.0
37.0
24.0
-22.0
7.0
-50.0
-54.0
-46.0
42.0
89.0
14.0
10.0
-7.0
-1.0
34.0
-2.0
23.0
2.0
4.0
6.0
-9.0
-11.0
20.0
15.0
-42.0
-26.0
-6.0
3.0
-17.0
2.0
-20.0
-22.0
-25.0
-2.0
25.0
53.0
34.0
37.0
61.0
23.0
24.0
24.0
24.0
17.0
50.0
40.0
-3.0
-39.0
-18.0
-40.0
-35.0
-32.0
-57.0
-56.0
-65.0
-14.0
19.0
-46.0
-37.0
-56.0
-27.0
-28.0
11.0
-21.0
-69.0
-9.0
6.0
-34.0
-7.0
-17.0
11.0
0.0
57.0
19.0
13.0
22.0
25.0
-9.0
-33.0
-83.0
-56.0
-60.0
-9.0
24.0
23.0
-5.0
33.0
-2.0
-57.0
-77.0
-47.0
-53.0
-75.0
-84.0
-86.0
-63.0
8.0
74.0
105.0
141.0
161.0
165.0
135.0
105.0
112.0
95.0
80.0
82.0
79.0
-38.0
-68.0
-58.0
-14.0
-33.0
-83.0
-69.0
-77.0
-73.0
-47.0
-25.0
-29.0
-32.0
-14.0
-102.0
-92.0
-82.0
-78.0
-29.0
-82.0
-66.0
-56.0
-48.0
-55.0
-52.0
-45.0
-64.0
-79.0
-53.0
-92.0
-71.0
-5.0
1.0
40.0
56.0
123.0
110.0
138.0
111.0
108.0
101.0
78.0
72.0
62.0
76.0
119.0
57.0
-31.0
-107.0
-68.0
1.0
0.0
-3.0
8.0
-14.0
-40.0
-39.0
-63.0
-53.0
-29.0
-38.0
-46.0
-42.0
-40.0
-1.0
5.0
-26.0
-12.0
-29.0
-11.0
-5.0
-21.0
-27.0
-43.0
-44.0
-61.0
-40.0
-8.0
55.0
22.0
-19.0
-16.0
-12.0
9.0
36.0
-20.0
-7.0
13.0
-29.0
-40.0
-60.0
-61.0
-60.0
58.0
96.0
100.0
67.0
46.0
23.0
28.0
1.0
-7.0
-16.0
-2.0
31.0
-9.0
-60.0
-12.0
16.0
-16.0
-15.0
-21.0
-16.0
-10.0
17.0
11.0
7.0
-5.0
-35.0
-31.0
-52.0
21.0
16.0
-54.0
-113.0
-127.0
-3.0
-13.0
33.0
46.0
58.0
53.0
40.0
-20.0
-9.0
15.0
-25.0
-39.0
-72.0
3.0
24.0
25.0
23.0
1.0
-11.0
-14.0
-29.0
-28.0
-9.0
35.0
17.0
-4.0
-10.0
-17.0
-16.0
-17.0
-24.0
-51.0
-76.0
-30.0
3.0
12.0
6.0
88.0
52.0
-20.0
-18.0
12.0
-36.0
-14.0
49.0
25.0
27.0
15.0
-51.0
-50.0
1.0
37.0
-17.0
-61.0
-56.0
-70.0
-72.0
-82.0
-65.0
7.0
36.0
-39.0
-122.0
14.0
12.0
59.0
51.0
112.0
58.0
24.0
35.0
66.0
17.0
11.0
-53.0
-2.0
6.0
5.0
52.0
25.0
-23.0
-8.0
-36.0
-83.0
-29.0
-65.0
-59.0
-89.0
-42.0
0.0
-52.0
-3.0
-73.0
-128.0
-46.0
-39.0
-42.0
-34.0
-67.0
30.0
49.0
-137.0
-6.0
144.0
146.0
146.0
144.0
98.0
90.0
63.0
55.0
58.0
15.0
64.0
40.0
15.0
11.0
-22.0
-14.0
-12.0
4.0
36.0
53.0
0.0
-13.0
-3.0
-7.0
-19.0
-10.0
-28.0
-59.0
-31.0
-47.0
-3.0
19.0
-34.0
-35.0
-24.0
-46.0
-29.0
-4.0
-20.0
-27.0
-48.0
-52.0
-33.0
-33.0
-41.0
-29.0
-55.0
-12.0
-13.0
54.0
38.0
17.0
34.0
28.0
-7.0
-16.0
51.0
41.0
-13.0
3.0
5.0
21.0
-6.0
-5.0
-44.0
-46.0
-2.0
-4.0
-34.0
-77.0
-68.0
-19.0
-1.0
0.0
-2.0
-21.0
-1.0
4.0
18.0
-3.0
-25.0
-93.0
-32.0
-24.0
29.0
41.0
53.0
49.0
15.0
18.0
30.0
30.0
26.0
25.0
-40.0
-51.0
-8.0
38.0
-7.0
-13.0
31.0
-20.0
-92.0
-86.0
-3.0
-16.0
-17.0
21.0
-26.0
-22.0
-81.0
-53.0
12.0
17.0
3.0
72.0
38.0
71.0
61.0
49.0
29.0
17.0
33.0
36.0
37.0
16.0
31.0
19.0
13.0
0.0
-13.0
1.0
-60.0
-59.0
-77.0
-38.0
-22.0
-8.0
-2.0
-7.0
-80.0
-74.0
-75.0
-71.0
-14.0
16.0
48.0
16.0
9.0
25.0
-2.0
-7.0
-8.0
-9.0
7.0
17.0
-1.0
-16.0
23.0
-17.0
9.0
24.0
-19.0
-23.0
-6.0
-8.0
52.0
13.0
-49.0
-45.0
6.0
28.0
-28.0
-26.0
-30.0
35.0
37.0
11.0
-25.0
-50.0
-42.0
-15.0
-104.0
-100.0
-76.0
-25.0
48.0
-12.0
6.0
19.0
53.0
29.0
36.0
38.0
46.0
19.0
3.0
6.0
4.0
-40.0
-57.0
-104.0
-111.0
-104.0
-84.0
-8.0
6.0
46.0
63.0
59.0
26.0
-12.0
-52.0
-57.0
-34.0
26.0
10.0
19.0
-46.0
-8.0
-34.0
-48.0
-3.0
-2.0
4.0
34.0
51.0
71.0
65.0
47.0
39.0
57.0
56.0
62.0
34.0
-12.0
12.0
-4.0
-18.0
-73.0
-96.0
-116.0
-118.0
-118.0
-98.0
-50.0
-44.0
-15.0
-13.0
21.0
9.0
9.0
44.0
48.0
44.0
45.0
-7.0
-54.0
-46.0
-50.0
-43.0
-11.0
-62.0
-65.0
-88.0
-61.0
-19.0
-11.0
67.0
81.0
-11.0
-67.0
-80.0
-77.0
-94.0
-118.0
-34.0
36.0
24.0
-10.0
35.0
90.0
113.0
104.0
72.0
57.0
86.0
88.0
1.0
-38.0
-7.0
-27.0
-41.0
-49.0
-45.0
-37.0
-84.0
51.0
27.0
96.0
116.0
44.0
6.0
2.0
-16.0
-26.0
-79.0
-53.0
-54.0
-16.0
-10.0
7.0
-23.0
-29.0
-23.0
-41.0
-33.0
-13.0
-11.0
26.0
58.0
30.0
35.0
38.0
-1.0
-3.0
22.0
14.0
-27.0
-31.0
-6.0
17.0
24.0
19.0
-19.0
-33.0
9.0
1.0
-58.0
-147.0
-87.0
32.0
7.0
7.0
-29.0
-113.0
-57.0
-28.0
14.0
31.0
29.0
30.0
-37.0
-34.0
-27.0
33.0
-28.0
-27.0
58.0
31.0
35.0
31.0
30.0
34.0
15.0
40.0
55.0
39.0
20.0
52.0
35.0
46.0
41.0
40.0
-47.0
-49.0
4.0
-16.0
15.0
-8.0
-21.0
59.0
35.0
46.0
47.0
-22.0
-56.0
-56.0
-64.0
-45.0
-7.0
-72.0
-55.0
-66.0
-24.0
-5.0
14.0
6.0
18.0
-25.0
-31.0
-12.0
3.0
8.0
-6.0
-7.0
24.0
14.0
1.0
11.0
-38.0
-30.0
11.0
6.0
47.0
-32.0
-30.0
-29.0
-63.0
-21.0
4.0
19.0
28.0
21.0
30.0
-8.0
6.0
-16.0
5.0
27.0
-2.0
19.0
-20.0
-32.0
-12.0
14.0
53.0
63.0
16.0
3.0
1.0
-5.0
-34.0
-32.0
-57.0
-56.0
-50.0
-9.0
-23.0
-39.0
-58.0
-76.0
-81.0
-78.0
-75.0
-143.0
-61.0
-7.0
-17.0
14.0
94.0
123.0
129.0
119.0
107.0
163.0
151.0
126.0
66.0
79.0
15.0
37.0
43.0
38.0
12.0
-7.0
-33.0
-77.0
-54.0
-87.0
-94.0
-90.0
-71.0
-72.0
-47.0
0.0
3.0
-88.0
-71.0
-64.0
-64.0
-14.0
3.0
10.0
-3.0
15.0
12.0
-28.0
-55.0
-58.0
-43.0
-86.0
-40.0
-45.0
33.0
29.0
61.0
31.0
6.0
63.0
66.0
54.0
46.0
40.0
10.0
-35.0
0.0
-5.0
-5.0
-10.0
-22.0
-15.0
43.0
41.0
44.0
47.0
-15.0
-12.0
-58.0
-42.0
-58.0
-72.0
-26.0
-19.0
17.0
30.0
18.0
-15.0
-2.0
-4.0
-31.0
-46.0
-17.0
-18.0
-55.0
-35.0
10.0
33.0
14.0
-3.0
49.0
31.0
13.0
8.0
41.0
6.0
24.0
3.0
0.0
-14.0
-13.0
-27.0
-35.0
-42.0
-36.0
20.0
22.0
20.0
-14.0
-43.0
25.0
-37.0
-10.0
-10.0
-14.0
-13.0
-51.0
-49.0
-61.0
59.0
43.0
13.0
-15.0
-20.0
-23.0
-15.0
1.0
1.0
27.0
-14.0
-8.0
-22.0
-48.0
-51.0
-46.0
-14.0
-27.0
37.0
93.0
51.0
88.0
6.0
15.0
4.0
4.0
-4.0
-38.0
-49.0
-49.0
-44.0
-96.0
-67.0
-33.0
-28.0
-60.0
-82.0
32.0
179.0
165.0
72.0
57.0
145.0
165.0
167.0
171.0
164.0
176.0
148.0
89.0
40.0
-5.0
-33.0
-46.0
-54.0
-53.0
-104.0
-117.0
-109.0
-71.0
-76.0
-40.0
-33.0
-71.0
-69.0
-67.0
-6.0
-61.0
-51.0
-69.0
-91.0
-109.0
-64.0
-65.0
-67.0
-79.0
-111.0
-103.0
-87.0
-20.0
-14.0
19.0
43.0
94.0
94.0
92.0
20.0
42.0
72.0
93.0
43.0
77.0
47.0
19.0
17.0
29.0
10.0
-10.0
-42.0
-52.0
-127.0
-42.0
-21.0
-25.0
-18.0
-20.0
-66.0
-43.0
-63.0
-89.0
-66.0
-79.0
-80.0
-69.0
-80.0
-60.0
-60.0
-67.0
-80.0
-62.0
35.0
60.0
45.0
54.0
50.0
-9.0
-32.0
-61.0
-91.0
-55.0
-39.0
88.0
128.0
155.0
167.0
133.0
103.0
143.0
143.0
181.0
162.0
136.0
127.0
90.0
89.0
56.0
10.0
19.0
10.0
1.0
-16.0
-48.0
-60.0
-99.0
-102.0
-104.0
-133.0
-75.0
-74.0
-104.0
-107.0
-13.0
41.0
6.0
7.0
46.0
-22.0
35.0
-30.0
0.0
-2.0
-5.0
-35.0
-92.0
-103.0
-189.0
-169.0
-120.0
6.0
42.0
-54.0
-48.0
82.0
117.0
110.0
83.0
4.0
74.0
137.0
96.0
6.0
-24.0
44.0
35.0
26.0
-11.0
-88.0
-98.0
-42.0
-9.0
66.0
124.0
110.0
62.0
49.0
47.0
28.0
25.0
-4.0
7.0
5.0
-19.0
-29.0
-28.0
-19.0
-8.0
-15.0
-52.0
-98.0
-93.0
-127.0
-124.0
-71.0
-68.0
-65.0
-37.0
-44.0
-12.0
2.0
-10.0
-30.0
10.0
54.0
36.0
29.0
8.0
-9.0
21.0
-2.0
-36.0
-8.0
-5.0
-42.0
-3.0
-6.0
26.0
-22.0
-63.0
-66.0
-11.0
-42.0
-35.0
-87.0
-74.0
-75.0
-54.0
23.0
73.0
78.0
68.0
51.0
56.0
87.0
67.0
66.0
47.0
43.0
23.0
49.0
-4.0
14.0
23.0
46.0
13.0
9.0
11.0
-4.0
-11.0
-53.0
-46.0
-53.0
-11.0
-31.0
-32.0
-35.0
-54.0
-59.0
-140.0
-99.0
-61.0
-18.0
-36.0
-53.0
-27.0
-28.0
38.0
4.0
-29.0
-36.0
-11.0
-4.0
9.0
-33.0
2.0
3.0
12.0
42.0
8.0
-4.0
-36.0
4.0
-6.0
105.0
26.0
13.0
26.0
68.0
82.0
3.0
-65.0
0.0
-28.0
-22.0
-5.0
2.0
43.0
54.0
62.0
42.0
-4.0
-15.0
-39.0
-16.0
25.0
25.0
-24.0
-69.0
24.0
38.0
34.0
-53.0
-169.0
-179.0
-131.0
-120.0
10.0
60.0
70.0
29.0
38.0
94.0
145.0
103.0
51.0
55.0
58.0
49.0
56.0
-8.0
13.0
-10.0
-73.0
-8.0
1.0
7.0
28.0
-48.0
-60.0
-63.0
-76.0
-57.0
-51.0
-61.0
29.0
23.0
9.0
-5.0
-13.0
-24.0
-16.0
-2.0
23.0
-23.0
-54.0
-56.0
-101.0
-70.0
-55.0
-24.0
-34.0
16.0
57.0
22.0
32.0
33.0
72.0
104.0
92.0
9.0
36.0
13.0
23.0
52.0
51.0
56.0
15.0
-9.0
-38.0
-19.0
-26.0
-46.0
-52.0
-41.0
-55.0
-50.0
-19.0
-39.0
-40.0
-4.0
20.0
13.0
25.0
-54.0
-96.0
-95.0
-63.0
-52.0
-52.0
-56.0
-61.0
-64.0
-27.0
6.0
15.0
9.0
41.0
16.0
15.0
52.0
1.0
42.0
68.0
79.0
87.0
91.0
72.0
57.0
40.0
53.0
16.0
-23.0
-10.0
-31.0
-52.0
-59.0
-36.0
-73.0
-26.0
-24.0
-20.0
-50.0
-12.0
10.0
-26.0
-19.0
1.0
12.0
56.0
28.0
28.0
-6.0
57.0
90.0
37.0
42.0
-18.0
-12.0
19.0
17.0
-21.0
32.0
31.0
5.0
-5.0
-4.0
-7.0
-15.0
-73.0
5.0
6.0
-22.0
-34.0
-17.0
-14.0
-21.0
-50.0
-5.0
37.0
-4.0
-33.0
-82.0
-87.0
-74.0
-32.0
-39.0
-9.0
-24.0
2.0
-47.0
25.0
8.0
38.0
25.0
10.0
7.0
-4.0
37.0
68.0
30.0
-9.0
11.0
5.0
2.0
-87.0
-79.0
-87.0
-26.0
-2.0
-30.0
-140.0
-141.0
-49.0
-8.0
-14.0
-20.0
31.0
33.0
25.0
24.0
-15.0
1.0
30.0
68.0
61.0
53.0
9.0
47.0
59.0
32.0
-31.0
-40.0
-36.0
-60.0
78.0
79.0
52.0
28.0
8.0
18.0
27.0
-27.0
65.0
14.0
-34.0
-27.0
-5.0
-22.0
11.0
-21.0
-19.0
-38.0
-101.0
-17.0
9.0
4.0
22.0
0.0
6.0
-48.0
-139.0
-84.0
-61.0
-43.0
-37.0
-37.0
53.0
4.0
-37.0
-48.0
-20.0
2.0
47.0
61.0
13.0
17.0
8.0
21.0
66.0
66.0
1.0
13.0
16.0
20.0
55.0
56.0
35.0
46.0
73.0
-4.0
-22.0
-76.0
-29.0
30.0
46.0
45.0
46.0
15.0
-13.0
-17.0
-33.0
-18.0
-22.0
-19.0
-45.0
-47.0
-28.0
3.0
-5.0
-84.0
-13.0
-32.0
-17.0
15.0
-29.0
-32.0
-63.0
-85.0
-17.0
-19.0
-30.0
-16.0
1.0
11.0
24.0
32.0
48.0
25.0
-5.0
0.0
2.0
-1.0
-9.0
4.0
33.0
28.0
-73.0
-23.0
4.0
21.0
48.0
62.0
29.0
10.0
39.0
35.0
72.0
35.0
22.0
-15.0
-21.0
0.0
-8.0
-26.0
-61.0
-54.0
-47.0
-19.0
-5.0
-13.0
-30.0
-4.0
46.0
38.0
-5.0
-7.0
4.0
10.0
-25.0
-1.0
-8.0
24.0
-7.0
-45.0
-28.0
-14.0
12.0
59.0
18.0
26.0
9.0
-44.0
-44.0
-29.0
-116.0
-111.0
-93.0
-72.0
-50.0
25.0
-38.0
-43.0
-28.0
-75.0
-16.0
-13.0
46.0
57.0
39.0
23.0
33.0
42.0
63.0
90.0
52.0
50.0
-23.0
-44.0
-72.0
-96.0
-68.0
-58.0
-30.0
-53.0
-48.0
-50.0
-60.0
-63.0
10.0
-23.0
-55.0
-66.0
-104.0
-79.0
-95.0
-95.0
-91.0
-49.0
36.0
82.0
101.0
123.0
105.0
111.0
104.0
109.0
106.0
124.0
111.0
26.0
-5.0
-8.0
14.0
-15.0
-55.0
-48.0
-85.0
1.0
-15.0
-58.0
-38.0
-46.0
-15.0
-26.0
4.0
4.0
-5.0
48.0
-23.0
-19.0
-53.0
-90.0
-33.0
-33.0
-30.0
-30.0
-42.0
-79.0
-34.0
-96.0
-183.0
-23.0
85.0
143.0
69.0
72.0
88.0
35.0
32.0
34.0
-3.0
80.0
111.0
112.0
53.0
50.0
-2.0
27.0
27.0
-11.0
-31.0
-59.0
-110.0
-108.0
-40.0
-46.0
-14.0
-16.0
-40.0
-1.0
-14.0
-30.0
-9.0
-6.0
39.0
47.0
26.0
-11.0
14.0
-17.0
6.0
-26.0
-76.0
-66.0
-68.0
-65.0
-53.0
-31.0
71.0
13.0
20.0
125.0
134.0
82.0
114.0
115.0
91.0
72.0
114.0
55.0
49.0
16.0
51.0
4.0
-32.0
-24.0
-51.0
-60.0
-82.0
-110.0
-91.0
-103.0
-87.0
-88.0
-112.0
-107.0
-86.0
-72.0
-97.0
-47.0
-14.0
-11.0
-58.0
24.0
20.0
15.0
-8.0
31.0
74.0
81.0
31.0
51.0
43.0
20.0
-18.0
-17.0
3.0
-7.0
-1.0
-25.0
-77.0
-106.0
-51.0
-59.0
-37.0
-35.0
50.0
48.0
101.0
86.0
43.0
71.0
22.0
20.0
40.0
42.0
58.0
26.0
-18.0
31.0
6.0
-5.0
-41.0
-47.0
-42.0
-40.0
-72.0
-81.0
-63.0
20.0
35.0
-4.0
-48.0
-59.0
-42.0
-41.0
14.0
26.0
5.0
-9.0
10.0
15.0
23.0
-3.0
-39.0
-45.0
17.0
47.0
60.0
-81.0
-83.0
-79.0
-64.0
-90.0
-31.0
-24.0
-38.0
-26.0
-45.0
-10.0
15.0
22.0
3.0
17.0
18.0
18.0
36.0
93.0
62.0
40.0
23.0
19.0
26.0
-11.0
-152.0
-158.0
-167.0
-138.0
-64.0
47.0
106.0
35.0
55.0
88.0
96.0
105.0
81.0
14.0
2.0
2.0
-2.0
-14.0
51.0
63.0
32.0
41.0
35.0
-26.0
-64.0
-50.0
-35.0
-70.0
-42.0
-90.0
-84.0
-78.0
-36.0
5.0
32.0
10.0
-5.0
9.0
24.0
41.0
42.0
36.0
38.0
-10.0
38.0
28.0
59.0
58.0
15.0
23.0
35.0
27.0
6.0
6.0
-41.0
-62.0
-69.0
-34.0
-38.0
-121.0
-22.0
-17.0
-8.0
-78.0
-51.0
-52.0
-41.0
-21.0
-34.0
-26.0
-49.0
-55.0
-132.0
-270.0
-131.0
-20.0
60.0
49.0
122.0
19.0
-6.0
-3.0
6.0
19.0
92.0
137.0
55.0
-135.0
-36.0
41.0
138.0
128.0
88.0
73.0
143.0
105.0
23.0
-34.0
27.0
110.0
124.0
127.0
30.0
-64.0
-93.0
-79.0
-1.0
-4.0
25.0
-2.0
29.0
36.0
14.0
75.0
22.0
20.0
28.0
24.0
43.0
18.0
3.0
1.0
-45.0
-39.0
-41.0
-80.0
-65.0
-86.0
-94.0
-91.0
-69.0
-74.0
-78.0
-89.0
-78.0
-105.0
-63.0
-53.0
-33.0
-61.0
-37.0
-40.0
13.0
50.0
29.0
-10.0
-19.0
-13.0
-1.0
14.0
-5.0
-12.0
5.0
14.0
37.0
4.0
-9.0
24.0
66.0
74.0
62.0
66.0
11.0
-30.0
16.0
17.0
-6.0
-29.0
-31.0
-68.0
-15.0
-14.0
37.0
-19.0
-10.0
-50.0
-115.0
-157.0
-153.0
-117.0
-9.0
-4.0
74.0
120.0
147.0
128.0
136.0
129.0
71.0
112.0
73.0
71.0
79.0
68.0
-28.0
-40.0
-47.0
11.0
35.0
53.0
3.0
6.0
-43.0
-107.0
-124.0
-142.0
-101.0
-39.0
-38.0
-36.0
-44.0
-42.0
9.0
-17.0
-81.0
-48.0
-16.0
-44.0
25.0
138.0
153.0
155.0
81.0
12.0
-48.0
-78.0
-110.0
-94.0
-54.0
24.0
57.0
58.0
11.0
-54.0
-41.0
-2.0
-28.0
-16.0
6.0
-2.0
15.0
9.0
77.0
57.0
-8.0
-7.0
0.0
32.0
21.0
-4.0
-13.0
-23.0
-11.0
-27.0
-17.0
-58.0
-13.0
18.0
-24.0
2.0
12.0
21.0
14.0
14.0
12.0
0.0
7.0
81.0
8.0
-16.0
22.0
24.0
-15.0
3.0
-58.0
-20.0
-8.0
-16.0
-22.0
-87.0
-58.0
-59.0
-12.0
20.0
-13.0
-153.0
-108.0
13.0
68.0
81.0
107.0
101.0
67.0
71.0
-18.0
-22.0
-11.0
2.0
-5.0
-5.0
32.0
37.0
9.0
42.0
30.0
-7.0
-12.0
13.0
-26.0
-16.0
-26.0
-32.0
8.0
-60.0
-29.0
-50.0
-11.0
-32.0
-28.0
-45.0
-29.0
-30.0
22.0
-30.0
-28.0
-2.0
-14.0
21.0
45.0
33.0
4.0
5.0
17.0
-10.0
-70.0
-55.0
-17.0
-36.0
-51.0
-55.0
-89.0
-100.0
-42.0
12.0
-4.0
-57.0
-19.0
25.0
60.0
13.0
3.0
10.0
7.0
-11.0
1.0
44.0
50.0
23.0
18.0
-63.0
-56.0
-48.0
-31.0
21.0
61.0
33.0
35.0
54.0
-25.0
-28.0
-21.0
-27.0
26.0
-4.0
-44.0
2.0
-20.0
-10.0
-26.0
15.0
79.0
87.0
31.0
18.0
-4.0
-12.0
26.0
-63.0
-42.0
-29.0
-57.0
-56.0
-12.0
-36.0
-84.0
-70.0
4.0
40.0
86.0
21.0
-37.0
-37.0
1.0
-8.0
2.0
30.0
37.0
50.0
27.0
24.0
54.0
52.0
15.0
24.0
95.0
82.0
81.0
67.0
77.0
-40.0
-65.0
-68.0
-71.0
-98.0
-79.0
-34.0
-34.0
-38.0
-68.0
-69.0
-71.0
-67.0
-85.0
-19.0
-11.0
6.0
-49.0
-105.0
-94.0
-66.0
-20.0
-22.0
-13.0
13.0
71.0
19.0
-4.0
-29.0
-199.0
-206.0
-87.0
-80.0
8.0
28.0
3.0
9.0
93.0
89.0
43.0
26.0
57.0
55.0
35.0
4.0
63.0
101.0
84.0
39.0
14.0
-4.0
100.0
103.0
89.0
49.0
-9.0
-57.0
-162.0
-143.0
-45.0
23.0
81.0
97.0
114.0
57.0
60.0
11.0
48.0
-45.0
-65.0
-49.0
-55.0
-56.0
-29.0
-31.0
-2.0
-28.0
20.0
17.0
7.0
-11.0
-12.0
-14.0
-25.0
-12.0
-46.0
-60.0
-24.0
8.0
17.0
-15.0
-31.0
-29.0
-20.0
-6.0
-8.0
-19.0
2.0
-17.0
-28.0
-32.0
-21.0
-20.0
-27.0
-35.0
-57.0
-96.0
-31.0
-98.0
-24.0
-40.0
-42.0
-44.0
-13.0
2.0
16.0
21.0
41.0
42.0
12.0
5.0
17.0
20.0
34.0
27.0
65.0
61.0
31.0
-4.0
-8.0
-42.0
-5.0
-6.0
63.0
44.0
39.0
14.0
-37.0
15.0
-9.0
-59.0
-13.0
-11.0
13.0
20.0
-2.0
-41.0
-33.0
-50.0
-53.0
-39.0
-39.0
-38.0
23.0
-1.0
-51.0
-29.0
-5.0
-71.0
-99.0
-75.0
-39.0
-38.0
-19.0
-8.0
64.0
62.0
18.0
32.0
66.0
71.0
65.0
66.0
86.0
28.0
-3.0
-13.0
1.0
2.0
-12.0
32.0
56.0
53.0
31.0
34.0
-9.0
-21.0
-16.0
33.0
19.0
14.0
3.0
21.0
-43.0
12.0
14.0
7.0
-51.0
-13.0
-46.0
-70.0
-84.0
-77.0
-51.0
-26.0
-42.0
12.0
70.0
69.0
81.0
73.0
11.0
-2.0
39.0
-10.0
6.0
-21.0
-178.0
-130.0
-65.0
-29.0
41.0
36.0
21.0
-16.0
13.0
-18.0
-36.0
-125.0
-109.0
-94.0
-56.0
-54.0
-22.0
-11.0
25.0
21.0
-14.0
30.0
83.0
92.0
22.0
26.0
56.0
14.0
-1.0
34.0
21.0
8.0
5.0
34.0
26.0
30.0
-19.0
-42.0
-38.0
-71.0
-24.0
11.0
-61.0
-97.0
-92.0
-95.0
3.0
26.0
-2.0
-50.0
-17.0
-43.0
-34.0
38.0
32.0
37.0
18.0
16.0
23.0
20.0
28.0
50.0
39.0
6.0
20.0
27.0
38.0
47.0
17.0
-12.0
-66.0
-36.0
-7.0
12.0
-11.0
-24.0
-34.0
-29.0
-26.0
-24.0
-6.0
19.0
39.0
55.0
20.0
19.0
-35.0
-22.0
-39.0
-39.0
-42.0
-28.0
-79.0
14.0
-32.0
-25.0
-17.0
15.0
-11.0
-87.0
-9.0
12.0
23.0
21.0
-42.0
-41.0
25.0
93.0
79.0
97.0
-46.0
-190.0
-172.0
-19.0
53.0
48.0
73.0
52.0
4.0
44.0
-9.0
-3.0
11.0
74.0
125.0
127.0
141.0
110.0
91.0
49.0
29.0
-12.0
-84.0
-29.0
13.0
15.0
11.0
-34.0
-13.0
-40.0
-48.0
-35.0
-89.0
-141.0
-64.0
-74.0
-61.0
-42.0
-40.0
-16.0
3.0
-15.0
-3.0
50.0
28.0
35.0
50.0
16.0
50.0
79.0
48.0
23.0
26.0
24.0
5.0
0.0
3.0
21.0
19.0
-18.0
-28.0
2.0
-16.0
-66.0
-29.0
-39.0
-55.0
-36.0
-54.0
-53.0
-60.0
-95.0
-86.0
-61.0
-77.0
-73.0
-23.0
40.0
-19.0
-9.0
13.0
17.0
-5.0
35.0
32.0
27.0
71.0
84.0
34.0
31.0
-6.0
-18.0
2.0
40.0
41.0
40.0
17.0
-38.0
-7.0
-16.0
-39.0
-58.0
-52.0
-21.0
18.0
17.0
46.0
10.0
-11.0
16.0
13.0
26.0
-7.0
-31.0
-42.0
-44.0
-34.0
-36.0
-17.0
7.0
24.0
-13.0
-59.0
-48.0
-2.0
0.0
3.0
31.0
46.0
40.0
4.0
-37.0
-22.0
-8.0
-46.0
-38.0
-51.0
-43.0
7.0
-1.0
-7.0
-3.0
5.0
4.0
15.0
14.0
-51.0
-102.0
-74.0
-28.0
-18.0
-8.0
37.0
63.0
-29.0
-30.0
-42.0
2.0
76.0
107.0
68.0
69.0
65.0
-12.0
15.0
16.0
-22.0
-21.0
-43.0
-1.0
34.0
36.0
42.0
36.0
47.0
52.0
20.0
82.0
20.0
-70.0
10.0
49.0
26.0
20.0
-63.0
-70.0
-87.0
-60.0
-29.0
11.0
19.0
-13.0
-26.0
-67.0
-18.0
-8.0
-11.0
18.0
50.0
-5.0
-15.0
-5.0
-17.0
-33.0
18.0
16.0
-64.0
-42.0
-68.0
-67.0
-55.0
-52.0
-48.0
-18.0
-52.0
-52.0
-94.0
-15.0
-6.0
-24.0
-2.0
9.0
111.0
146.0
86.0
82.0
66.0
83.0
60.0
84.0
78.0
71.0
73.0
59.0
-71.0
-80.0
-169.0
-70.0
7.0
40.0
-30.0
-54.0
-131.0
-99.0
-86.0
-86.0
-52.0
-22.0
52.0
27.0
28.0
65.0
80.0
51.0
49.0
56.0
53.0
80.0
47.0
45.0
25.0
-53.0
-75.0
-48.0
-85.0
-95.0
-37.0
-49.0
-48.0
-56.0
-28.0
18.0
-9.0
-43.0
-9.0
-5.0
17.0
-23.0
-42.0
-92.0
-121.0
-134.0
-95.0
-30.0
24.0
28.0
-5.0
-35.0
-57.0
-22.0
-61.0
-53.0
-19.0
-65.0
-30.0
-28.0
-4.0
21.0
33.0
4.0
-7.0
35.0
65.0
56.0
53.0
51.0
-19.0
7.0
64.0
48.0
4.0
17.0
60.0
32.0
-5.0
-1.0
1.0
28.0
43.0
13.0
-5.0
-13.0
-1.0
10.0
7.0
0.0
-21.0
-25.0
-53.0
-28.0
-39.0
-21.0
19.0
-10.0
-32.0
-37.0
-16.0
-6.0
2.0
-9.0
1.0
-2.0
-14.0
-48.0
-80.0
-79.0
17.0
64.0
35.0
36.0
37.0
-59.0
-51.0
-21.0
-15.0
-7.0
-6.0
33.0
13.0
3.0
-28.0
-22.0
-66.0
-5.0
-27.0
-29.0
-6.0
11.0
69.0
93.0
50.0
33.0
31.0
57.0
25.0
18.0
-8.0
-28.0
-43.0
-39.0
-33.0
-54.0
-44.0
1.0
34.0
36.0
27.0
26.0
33.0
0.0
16.0
-4.0
-34.0
-11.0
23.0
24.0
8.0
-28.0
0.0
-37.0
5.0
-22.0
4.0
22.0
-22.0
-20.0
-33.0
-72.0
-193.0
-83.0
-1.0
18.0
-66.0
-130.0
-48.0
-52.0
23.0
50.0
-53.0
-17.0
37.0
99.0
101.0
63.0
52.0
52.0
26.0
47.0
49.0
65.0
46.0
54.0
72.0
89.0
78.0
82.0
32.0
39.0
21.0
25.0
29.0
-17.0
-21.0
-21.0
-63.0
-59.0
-60.0
-36.0
-68.0
-66.0
-61.0
-59.0
-79.0
-81.0
-108.0
-106.0
-115.0
-135.0
-59.0
-23.0
-21.0
-11.0
-3.0
17.0
-22.0
-20.0
20.0
7.0
3.0
29.0
69.0
67.0
0.0
32.0
6.0
6.0
-43.0
-58.0
-22.0
-47.0
-44.0
-13.0
-51.0
-39.0
-39.0
-43.0
-39.0
-2.0
-19.0
-32.0
-66.0
-62.0
-25.0
7.0
40.0
36.0
-9.0
-42.0
5.0
29.0
-5.0
-10.0
-38.0
19.0
-25.0
-21.0
-13.0
-26.0
-7.0
-11.0
14.0
12.0
16.0
-35.0
-9.0
-5.0
32.0
77.0
75.0
61.0
7.0
0.0
35.0
30.0
72.0
78.0
82.0
60.0
31.0
37.0
28.0
2.0
-27.0
-17.0
5.0
12.0
27.0
24.0
-7.0
-30.0
-54.0
-20.0
51.0
-18.0
-12.0
-4.0
-23.0
-19.0
-22.0
-47.0
-103.0
-15.0
-14.0
16.0
20.0
16.0
-15.0
-51.0
19.0
33.0
-2.0
-40.0
-59.0
-44.0
4.0
1.0
-14.0
-6.0
23.0
20.0
61.0
64.0
54.0
42.0
0.0
5.0
-3.0
6.0
0.0
-20.0
16.0
51.0
29.0
38.0
-24.0
-20.0
-9.0
-58.0
-92.0
-77.0
-73.0
-25.0
1.0
-13.0
-32.0
-35.0
-72.0
-34.0
-78.0
-68.0
-46.0
-72.0
-56.0
-53.0
-36.0
-28.0
-46.0
-19.0
-64.0
18.0
19.0
6.0
-7.0
-33.0
-40.0
-40.0
-53.0
-31.0
10.0
-27.0
-35.0
-13.0
35.0
5.0
67.0
65.0
127.0
88.0
39.0
76.0
64.0
80.0
13.0
-51.0
-50.0
-44.0
27.0
60.0
14.0
9.0
-47.0
-39.0
30.0
37.0
116.0
115.0
60.0
-26.0
-30.0
-17.0
-46.0
-29.0
12.0
-47.0
41.0
37.0
-3.0
-39.0
-39.0
1.0
2.0
33.0
50.0
16.0
-40.0
-38.0
-17.0
-6.0
-3.0
60.0
65.0
-22.0
-14.0
24.0
48.0
51.0
82.0
36.0
-27.0
-86.0
-57.0
-70.0
-33.0
-43.0
-66.0
-73.0
-36.0
-67.0
-58.0
-5.0
1.0
-21.0
4.0
-59.0
-48.0
-41.0
6.0
23.0
121.0
48.0
-15.0
-96.0
-98.0
-62.0
-49.0
-55.0
-52.0
-60.0
-5.0
37.0
46.0
34.0
60.0
29.0
84.0
85.0
113.0
96.0
106.0
75.0
16.0
-15.0
14.0
-37.0
-72.0
-70.0
-103.0
-64.0
-32.0
-68.0
-25.0
9.0
7.0
0.0
50.0
62.0
56.0
51.0
58.0
64.0
53.0
19.0
17.0
29.0
9.0
13.0
-11.0
-26.0
-1.0
-18.0
-57.0
-23.0
-55.0
-126.0
-89.0
-97.0
-87.0
-68.0
-95.0
-72.0
-23.0
-5.0
-27.0
-20.0
-27.0
-26.0
20.0
24.0
-6.0
9.0
-6.0
-79.0
-34.0
-34.0
-19.0
-19.0
15.0
-1.0
0.0
-59.0
-76.0
-72.0
-18.0
30.0
13.0
18.0
60.0
38.0
13.0
36.0
29.0
17.0
92.0
70.0
-31.0
-27.0
10.0
2.0
-8.0
33.0
17.0
31.0
13.0
-55.0
-48.0
-52.0
-19.0
-44.0
7.0
-10.0
-5.0
61.0
47.0
-5.0
-10.0
5.0
-22.0
-9.0
-62.0
-56.0
-48.0
-7.0
33.0
57.0
59.0
63.0
38.0
-15.0
11.0
59.0
95.0
125.0
97.0
33.0
-29.0
-37.0
-101.0
-52.0
36.0
48.0
-12.0
-98.0
-67.0
-68.0
-45.0
-36.0
-27.0
-33.0
1.0
-14.0
-3.0
-10.0
-8.0
-2.0
-24.0
-29.0
21.0
47.0
29.0
-43.0
-55.0
5.0
9.0
-11.0
-38.0
-35.0
47.0
62.0
-6.0
-13.0
-5.0
-6.0
-7.0
-6.0
-2.0
0.0
-4.0
-43.0
-51.0
-51.0
-27.0
-47.0
-60.0
-84.0
-84.0
-75.0
-25.0
2.0
-18.0
-41.0
13.0
5.0
35.0
-24.0
-6.0
-2.0
-11.0
47.0
11.0
-21.0
-22.0
-57.0
-21.0
-22.0
-20.0
-33.0
-33.0
12.0
17.0
37.0
16.0
-29.0
-6.0
49.0
19.0
25.0
37.0
33.0
23.0
-33.0
-51.0
-31.0
13.0
10.0
18.0
23.0
7.0
16.0
74.0
41.0
41.0
-39.0
-20.0
-22.0
28.0
29.0
34.0
12.0
41.0
30.0
22.0
-22.0
-79.0
-110.0
-85.0
-85.0
-60.0
4.0
5.0
33.0
51.0
34.0
49.0
106.0
73.0
68.0
74.0
16.0
14.0
50.0
42.0
0.0
-11.0
36.0
-23.0
-14.0
-4.0
-44.0
-69.0
-60.0
-27.0
-15.0
-47.0
-48.0
-57.0
-56.0
-33.0
-17.0
-72.0
-66.0
-73.0
-11.0
-25.0
-2.0
-35.0
-32.0
-26.0
8.0
-30.0
-50.0
4.0
4.0
18.0
34.0
55.0
60.0
35.0
-17.0
-2.0
8.0
-42.0
-7.0
30.0
25.0
-12.0
-7.0
-4.0
-38.0
-40.0
-6.0
-16.0
-25.0
-75.0
0.0
2.0
9.0
-7.0
-47.0
-56.0
-7.0
31.0
-5.0
32.0
59.0
22.0
18.0
-69.0
-41.0
-18.0
24.0
26.0
35.0
11.0
-21.0
-53.0
-47.0
15.0
70.0
33.0
96.0
58.0
-4.0
-25.0
-66.0
-141.0
-138.0
-133.0
-16.0
22.0
5.0
49.0
34.0
74.0
32.0
-28.0
-29.0
-18.0
9.0
11.0
-80.0
-50.0
-74.0
-41.0
-64.0
-48.0
-50.0
-7.0
58.0
126.0
88.0
36.0
39.0
74.0
23.0
43.0
45.0
39.0
54.0
59.0
7.0
-20.0
23.0
-18.0
-12.0
5.0
2.0
-19.0
-14.0
0.0
-31.0
-38.0
2.0
-27.0
-13.0
-45.0
-40.0
-73.0
-57.0
-109.0
-121.0
-110.0
-90.0
-50.0
-43.0
-6.0
-12.0
4.0
-21.0
20.0
54.0
48.0
61.0
69.0
49.0
-8.0
-9.0
-62.0
-26.0
-6.0
-22.0
35.0
27.0
13.0
-26.0
20.0
22.0
1.0
-10.0
-47.0
-36.0
-35.0
5.0
30.0
15.0
15.0
12.0
71.0
36.0
-44.0
-88.0
-51.0
-35.0
-34.0
-36.0
44.0
46.0
41.0
-17.0
-15.0
6.0
-33.0
-27.0
59.0
47.0
53.0
50.0
35.0
22.0
23.0
8.0
54.0
13.0
-47.0
-75.0
4.0
2.0
-22.0
36.0
-8.0
32.0
17.0
26.0
-39.0
-272.0
-239.0
-223.0
-85.0
51.0
93.0
102.0
74.0
128.0
123.0
108.0
26.0
16.0
6.0
1.0
5.0
25.0
0.0
-5.0
-8.0
31.0
-39.0
-42.0
-47.0
-37.0
-29.0
-10.0
-25.0
-40.0
-57.0
-16.0
-33.0
-30.0
5.0
-4.0
43.0
-15.0
-39.0
-21.0
-15.0
-35.0
-35.0
-38.0
-48.0
-42.0
-23.0
6.0
30.0
13.0
14.0
36.0
45.0
42.0
32.0
7.0
-4.0
-39.0
60.0
37.0
-33.0
-31.0
-70.0
-70.0
-52.0
-33.0
-29.0
-54.0
-50.0
-50.0
-52.0
-41.0
-15.0
-9.0
-1.0
57.0
72.0
84.0
111.0
85.0
105.0
109.0
78.0
81.0
55.0
33.0
62.0
68.0
12.0
-14.0
-58.0
-58.0
-146.0
-145.0
-169.0
-107.0
-40.0
-50.0
-69.0
-77.0
-46.0
1.0
-4.0
-2.0
-16.0
-13.0
-58.0
-95.0
-72.0
-28.0
-53.0
-28.0
-24.0
-23.0
21.0
16.0
50.0
77.0
80.0
78.0
82.0
86.0
63.0
63.0
83.0
34.0
42.0
1.0
-44.0
-12.0
11.0
24.0
26.0
25.0
14.0
-58.0
-82.0
-65.0
-60.0
-59.0
-33.0
-46.0
-66.0
-70.0
-51.0
-30.0
-69.0
-73.0
-24.0
7.0
-13.0
-19.0
-20.0
-20.0
23.0
4.0
14.0
17.0
12.0
5.0
43.0
55.0
3.0
2.0
-63.0
-61.0
-76.0
-79.0
-82.0
-60.0
-32.0
-3.0
-8.0
-11.0
24.0
84.0
103.0
112.0
126.0
88.0
58.0
129.0
145.0
146.0
171.0
64.0
-53.0
-29.0
-9.0
-18.0
-27.0
-3.0
6.0
0.0
-22.0
-51.0
-65.0
-84.0
-96.0
-75.0
-77.0
-19.0
21.0
24.0
-12.0
-61.0
-58.0
-43.0
-45.0
-37.0
-36.0
-76.0
-61.0
-56.0
-8.0
67.0
36.0
45.0
-50.0
-61.0
0.0
34.0
87.0
90.0
111.0
112.0
116.0
2.0
4.0
-31.0
-140.0
-133.0
-123.0
-126.0
-134.0
-74.0
13.0
103.0
-26.0
-56.0
125.0
208.0
159.0
160.0
64.0
-30.0
-62.0
-78.0
-2.0
74.0
89.0
53.0
11.0
6.0
5.0
-7.0
3.0
-43.0
-63.0
-82.0
-59.0
23.0
57.0
50.0
16.0
-47.0
-44.0
-41.0
18.0
53.0
37.0
7.0
-79.0
-79.0
-110.0
-85.0
-86.0
-46.0
-99.0
-88.0
13.0
23.0
34.0
33.0
59.0
97.0
55.0
30.0
43.0
50.0
23.0
29.0
-30.0
-38.0
0.0
34.0
-20.0
-12.0
-2.0
38.0
18.0
18.0
2.0
-5.0
-30.0
-81.0
-65.0
-66.0
-56.0
-55.0
-87.0
-39.0
-67.0
-71.0
-112.0
-107.0
-79.0
-37.0
35.0
2.0
-13.0
7.0
-16.0
-12.0
-49.0
28.0
17.0
-46.0
-32.0
-39.0
-54.0
-66.0
21.0
32.0
84.0
45.0
2.0
1.0
-4.0
-14.0
-17.0
1.0
9.0
6.0
49.0
41.0
9.0
26.0
-13.0
44.0
14.0
-24.0
-18.0
-11.0
3.0
15.0
30.0
-25.0
36.0
24.0
33.0
15.0
-13.0
-15.0
-5.0
-13.0
23.0
8.0
3.0
-14.0
-39.0
-16.0
-42.0
-46.0
-47.0
-62.0
-11.0
-15.0
-50.0
-43.0
-61.0
-47.0
-52.0
-47.0
19.0
-1.0
-83.0
9.0
41.0
49.0
32.0
38.0
15.0
16.0
21.0
62.0
67.0
35.0
29.0
-12.0
22.0
1.0
-57.0
-59.0
-47.0
-7.0
39.0
-1.0
-42.0
-38.0
-113.0
-100.0
-44.0
-38.0
-18.0
-7.0
-11.0
97.0
44.0
27.0
107.0
109.0
93.0
90.0
75.0
48.0
-7.0
12.0
-22.0
-36.0
54.0
18.0
-14.0
-15.0
0.0
7.0
20.0
-30.0
-48.0
-51.0
-45.0
-11.0
7.0
10.0
26.0
-41.0
-31.0
-50.0
-115.0
-92.0
-1.0
71.0
158.0
162.0
111.0
19.0
-53.0
-90.0
-50.0
-78.0
-105.0
-48.0
-69.0
-69.0
-25.0
-63.0
-1.0
34.0
10.0
16.0
11.0
-3.0
-17.0
-23.0
-48.0
-26.0
95.0
121.0
104.0
21.0
28.0
-9.0
-51.0
-53.0
-30.0
-51.0
33.0
54.0
38.0
-28.0
-47.0
-43.0
-66.0
-63.0
-50.0
2.0
24.0
3.0
14.0
-44.0
-42.0
-17.0
-2.0
-1.0
-35.0
18.0
43.0
-4.0
-127.0
-142.0
-94.0
-27.0
6.0
4.0
4.0
47.0
42.0
-16.0
-50.0
-38.0
27.0
23.0
10.0
13.0
12.0
-41.0
-96.0
34.0
65.0
95.0
24.0
20.0
26.0
21.0
19.0
-2.0
-6.0
57.0
35.0
82.0
33.0
-29.0
-16.0
-16.0
0.0
-14.0
-25.0
-18.0
16.0
43.0
21.0
-19.0
7.0
2.0
24.0
16.0
-22.0
-7.0
-4.0
10.0
-1.0
-50.0
-20.0
-20.0
-21.0
-24.0
-2.0
21.0
-39.0
-74.0
-82.0
-63.0
-54.0
-53.0
-66.0
-44.0
-42.0
-44.0
4.0
36.0
8.0
4.0
25.0
22.0
43.0
110.0
103.0
60.0
52.0
62.0
43.0
29.0
-23.0
-24.0
-5.0
-17.0
22.0
-13.0
-17.0
-1.0
-42.0
-3.0
-29.0
-32.0
-52.0
-33.0
-22.0
-15.0
16.0
-9.0
-50.0
-67.0
12.0
14.0
49.0
15.0
-24.0
-88.0
-76.0
-55.0
-28.0
47.0
56.0
56.0
54.0
2.0
-27.0
-28.0
-80.0
-10.0
-33.0
-31.0
-69.0
-66.0
-98.0
-69.0
-22.0
7.0
10.0
21.0
42.0
40.0
50.0
50.0
29.0
61.0
90.0
-5.0
55.0
49.0
14.0
-10.0
-14.0
-18.0
-25.0
-76.0
-84.0
-52.0
-65.0
-7.0
-16.0
-15.0
-11.0
-2.0
50.0
78.0
83.0
81.0
84.0
57.0
49.0
42.0
3.0
3.0
7.0
-7.0
-37.0
-37.0
-12.0
-15.0
-34.0
-40.0
-33.0
-36.0
-18.0
-63.0
-91.0
-83.0
-49.0
-40.0
-41.0
-68.0
-68.0
-64.0
-110.0
-52.0
-27.0
16.0
36.0
8.0
9.0
41.0
60.0
62.0
15.0
-5.0
-26.0
-9.0
-7.0
-32.0
-28.0
4.0
-4.0
-7.0
-48.0
14.0
27.0
25.0
5.0
-72.0
-33.0
-3.0
11.0
13.0
28.0
18.0
-8.0
6.0
3.0
-21.0
8.0
-5.0
-60.0
-61.0
-21.0
12.0
43.0
49.0
40.0
-2.0
33.0
-24.0
9.0
7.0
-1.0
18.0
10.0
-38.0
4.0
25.0
57.0
45.0
16.0
16.0
55.0
15.0
16.0
11.0
-21.0
-52.0
-55.0
-55.0
-75.0
-73.0
-43.0
-25.0
-72.0
-38.0
67.0
98.0
49.0
13.0
0.0
-5.0
29.0
-2.0
44.0
-26.0
14.0
74.0
14.0
3.0
-6.0
-12.0
-14.0
-12.0
21.0
13.0
2.0
-10.0
-27.0
-52.0
-15.0
-19.0
-52.0
-29.0
-37.0
-42.0
-38.0
-77.0
-97.0
-114.0
-120.0
-122.0
-112.0
-67.0
-52.0
4.0
102.0
124.0
163.0
85.0
86.0
86.0
101.0
173.0
178.0
107.0
109.0
-3.0
-61.0
-6.0
20.0
22.0
49.0
78.0
44.0
-49.0
-71.0
-46.0
-42.0
-42.0
-72.0
-74.0
-101.0
-106.0
-140.0
-141.0
-95.0
-93.0
-81.0
-119.0
-31.0
-34.0
43.0
30.0
97.0
45.0
88.0
65.0
79.0
58.0
34.0
36.0
42.0
56.0
64.0
28.0
-22.0
2.0
-27.0
-68.0
-203.0
-211.0
-235.0
-127.0
-88.0
-62.0
-22.0
-11.0
54.0
27.0
5.0
7.0
80.0
42.0
9.0
79.0
29.0
73.0
79.0
41.0
13.0
7.0
-34.0
-22.0
-11.0
-12.0
-52.0
-62.0
-41.0
-55.0
-49.0
-50.0
-89.0
-81.0
-57.0
-2.0
14.0
-9.0
-72.0
7.0
6.0
8.0
14.0
40.0
33.0
32.0
-49.0
-45.0
-6.0
-4.0
17.0
22.0
37.0
35.0
29.0
11.0
-43.0
-2.0
24.0
24.0
7.0
7.0
11.0
-7.0
69.0
65.0
18.0
-26.0
-40.0
-64.0
-111.0
-114.0
-103.0
-59.0
-102.0
-88.0
-117.0
-75.0
34.0
70.0
114.0
115.0
176.0
169.0
132.0
62.0
68.0
69.0
33.0
82.0
128.0
129.0
84.0
27.0
-54.0
-25.0
16.0
-25.0
-77.0
-72.0
-59.0
-57.0
-68.0
-49.0
-25.0
-30.0
-15.0
-65.0
-139.0
-102.0
-78.0
-75.0
-55.0
-49.0
46.0
43.0
31.0
6.0
-60.0
-121.0
-102.0
-91.0
-16.0
-22.0
-86.0
-74.0
-69.0
23.0
38.0
-23.0
27.0
32.0
45.0
38.0
25.0
33.0
33.0
68.0
76.0
68.0
51.0
48.0
28.0
10.0
-20.0
-23.0
53.0
52.0
0.0
-73.0
-46.0
-47.0
-38.0
0.0
43.0
29.0
6.0
-98.0
-93.0
-42.0
-48.0
-48.0
-8.0
39.0
50.0
34.0
-51.0
-66.0
-86.0
-92.0
31.0
35.0
-29.0
-45.0
-15.0
-29.0
-12.0
-22.0
-14.0
-33.0
-11.0
-13.0
-26.0
40.0
80.0
58.0
-13.0
27.0
16.0
-37.0
22.0
24.0
60.0
27.0
30.0
31.0
64.0
60.0
49.0
42.0
44.0
47.0
5.0
-12.0
24.0
30.0
-8.0
-38.0
-8.0
5.0
55.0
52.0
87.0
43.0
-10.0
-45.0
-22.0
30.0
-41.0
-48.0
-42.0
-42.0
-37.0
-4.0
-8.0
-7.0
-77.0
-49.0
-55.0
-51.0
-93.0
-94.0
-153.0
-158.0
-72.0
-32.0
55.0
83.0
93.0
76.0
55.0
55.0
80.0
139.0
126.0
78.0
56.0
19.0
-38.0
-5.0
-14.0
-9.0
-49.0
-12.0
-32.0
-15.0
-24.0
-26.0
50.0
10.0
-23.0
-13.0
-26.0
-72.0
-80.0
-96.0
-97.0
-21.0
17.0
-3.0
-44.0
-43.0
-44.0
-18.0
13.0
-36.0
3.0
-53.0
-48.0
-60.0
-79.0
-80.0
-28.0
-18.0
-33.0
17.0
43.0
35.0
41.0
29.0
-3.0
-8.0
-26.0
-15.0
-13.0
9.0
-80.0
33.0
17.0
32.0
4.0
-2.0
-33.0
3.0
10.0
-78.0
-147.0
-80.0
-30.0
-29.0
7.0
7.0
52.0
-15.0
-81.0
-7.0
63.0
28.0
-37.0
-12.0
48.0
51.0
58.0
56.0
82.0
117.0
119.0
65.0
-8.0
-3.0
-20.0
-13.0
9.0
85.0
-28.0
-83.0
-13.0
33.0
55.0
42.0
20.0
17.0
4.0
-66.0
-30.0
-13.0
78.0
118.0
78.0
16.0
-53.0
-53.0
-38.0
-38.0
-66.0
52.0
61.0
8.0
-17.0
-10.0
-23.0
-24.0
-22.0
6.0
18.0
35.0
-4.0
8.0
3.0
4.0
32.0
31.0
23.0
11.0
-19.0
-66.0
-27.0
-17.0
-4.0
2.0
-29.0
-25.0
-82.0
-70.0
-110.0
-106.0
-74.0
-81.0
-57.0
-27.0
17.0
16.0
54.0
39.0
50.0
12.0
40.0
54.0
46.0
22.0
28.0
26.0
24.0
-6.0
-16.0
-44.0
-73.0
-102.0
-94.0
-131.0
-122.0
-121.0
-73.0
-23.0
-19.0
-103.0
-50.0
25.0
87.0
79.0
80.0
82.0
46.0
61.0
53.0
38.0
-16.0
36.0
54.0
6.0
-6.0
-16.0
18.0
3.0
38.0
53.0
-7.0
26.0
-8.0
-34.0
-24.0
-21.0
-31.0
7.0
-1.0
-24.0
-22.0
-59.0
-107.0
-126.0
-137.0
-134.0
-84.0
-30.0
10.0
58.0
63.0
-3.0
-27.0
-35.0
-29.0
-26.0
-38.0
-1.0
18.0
77.0
58.0
65.0
90.0
98.0
55.0
59.0
87.0
55.0
64.0
42.0
9.0
5.0
-13.0
-20.0
-6.0
-7.0
0.0
-22.0
-18.0
-93.0
-86.0
-76.0
-78.0
-35.0
-31.0
-33.0
-105.0
-80.0
-64.0
-14.0
-38.0
-77.0
-42.0
9.0
40.0
42.0
27.0
33.0
-14.0
2.0
0.0
-29.0
-11.0
-46.0
-3.0
-7.0
-6.0
22.0
44.0
95.0
37.0
-41.0
-107.0
-42.0
-49.0
-45.0
0.0
36.0
20.0
24.0
61.0
4.0
57.0
57.0
26.0
26.0
-27.0
5.0
-18.0
5.0
-37.0
13.0
9.0
-45.0
29.0
26.0
61.0
32.0
79.0
14.0
-57.0
-10.0
-15.0
23.0
30.0
32.0
24.0
54.0
76.0
0.0
-18.0
-56.0
-89.0
-52.0
10.0
17.0
-26.0
-67.0
-86.0
-39.0
-28.0
-18.0
-35.0
2.0
-4.0
-3.0
41.0
48.0
-14.0
-90.0
-17.0
47.0
-71.0
8.0
13.0
12.0
-8.0
39.0
35.0
-14.0
-18.0
-32.0
-55.0
-57.0
17.0
16.0
10.0
16.0
6.0
-8.0
2.0
-45.0
-3.0
-13.0
46.0
52.0
39.0
11.0
-27.0
-70.0
-48.0
0.0
32.0
17.0
-2.0
-1.0
-14.0
-64.0
-113.0
-75.0
-27.0
-10.0
27.0
49.0
50.0
48.0
57.0
72.0
86.0
51.0
35.0
-21.0
-26.0
-5.0
13.0
12.0
46.0
17.0
-28.0
-20.0
-35.0
-35.0
-19.0
4.0
29.0
19.0
-55.0
-65.0
-15.0
1.0
35.0
-27.0
-74.0
-81.0
-86.0
-89.0
-83.0
-42.0
-2.0
-9.0
3.0
51.0
38.0
33.0
39.0
38.0
32.0
2.0
-25.0
-18.0
10.0
33.0
19.0
4.0
-16.0
-16.0
-16.0
45.0
52.0
49.0
15.0
-4.0
0.0
-22.0
16.0
22.0
47.0
2.0
-46.0
-45.0
-29.0
-87.0
-103.0
-60.0
-37.0
-33.0
31.0
7.0
107.0
-13.0
-88.0
38.0
67.0
107.0
72.0
67.0
33.0
64.0
55.0
94.0
4.0
3.0
-14.0
-9.0
-21.0
-17.0
1.0
8.0
-12.0
-58.0
-46.0
-79.0
-53.0
-64.0
-64.0
-65.0
-68.0
-52.0
-48.0
35.0
-26.0
-54.0
-4.0
-1.0
-43.0
-42.0
-40.0
-21.0
3.0
-8.0
15.0
23.0
9.0
-35.0
-20.0
-20.0
-57.0
-69.0
-14.0
21.0
-44.0
-43.0
-48.0
14.0
38.0
43.0
35.0
27.0
20.0
58.0
68.0
66.0
59.0
54.0
-10.0
-5.0
-13.0
-20.0
-41.0
-17.0
11.0
22.0
4.0
25.0
39.0
41.0
57.0
16.0
-21.0
-32.0
-24.0
-18.0
-22.0
-50.0
-66.0
-68.0
-42.0
-1.0
4.0
30.0
-9.0
-34.0
12.0
39.0
22.0
23.0
-15.0
10.0
-30.0
15.0
37.0
-20.0
7.0
22.0
1.0
-2.0
-64.0
-98.0
-15.0
28.0
-19.0
-102.0
-76.0
-72.0
-33.0
-34.0
-43.0
-34.0
-30.0
-72.0
-34.0
39.0
75.0
82.0
35.0
28.0
4.0
53.0
71.0
79.0
62.0
58.0
-20.0
-40.0
-22.0
-13.0
19.0
12.0
-26.0
-14.0
1.0
-39.0
15.0
20.0
47.0
53.0
22.0
4.0
-34.0
-50.0
-84.0
-39.0
-52.0
-47.0
-76.0
-82.0
-83.0
-35.0
15.0
6.0
-11.0
-28.0
-34.0
-9.0
52.0
56.0
41.0
6.0
52.0
44.0
76.0
96.0
97.0
55.0
-19.0
-25.0
-112.0
-66.0
-11.0
-24.0
-44.0
13.0
-5.0
-42.0
-49.0
-43.0
-20.0
-61.0
-26.0
-49.0
-11.0
-20.0
1.0
25.0
26.0
25.0
-40.0
-52.0
-79.0
-36.0
-24.0
-60.0
-82.0
-112.0
-77.0
-76.0
6.0
15.0
92.0
87.0
24.0
29.0
-20.0
-7.0
29.0
33.0
-3.0
43.0
47.0
17.0
76.0
83.0
66.0
61.0
41.0
38.0
18.0
-41.0
-73.0
-129.0
-88.0
-39.0
-29.0
-11.0
18.0
18.0
17.0
9.0
24.0
29.0
-5.0
3.0
14.0
25.0
19.0
19.0
-26.0
-3.0
-33.0
8.0
-13.0
-18.0
-10.0
-99.0
-66.0
-75.0
-66.0
-17.0
25.0
37.0
34.0
-24.0
-14.0
4.0
-37.0
-37.0
-67.0
11.0
33.0
96.0
36.0
27.0
22.0
-21.0
-30.0
-36.0
21.0
56.0
75.0
20.0
-5.0
-8.0
-16.0
-39.0
-16.0
-14.0
13.0
2.0
9.0
-18.0
-4.0
16.0
-3.0
-44.0
-48.0
-41.0
-8.0
-26.0
-42.0
-48.0
-53.0
-60.0
24.0
-4.0
18.0
19.0
31.0
17.0
-15.0
-12.0
-22.0
-14.0
-2.0
-4.0
-24.0
-28.0
-48.0
30.0
30.0
-24.0
1.0
3.0
1.0
18.0
-5.0
-6.0
-7.0
14.0
4.0
38.0
1.0
1.0
-10.0
-13.0
-21.0
-22.0
-7.0
-30.0
-71.0
-70.0
-42.0
-18.0
-15.0
30.0
27.0
28.0
15.0
16.0
-19.0
3.0
48.0
25.0
31.0
44.0
-51.0
-47.0
13.0
-34.0
9.0
58.0
24.0
-36.0
1.0
-18.0
20.0
21.0
-7.0
37.0
48.0
-49.0
-90.0
-44.0
-18.0
-18.0
15.0
14.0
2.0
-37.0
-43.0
-69.0
-77.0
-223.0
-128.0
-88.0
-43.0
-49.0
-31.0
20.0
116.0
142.0
124.0
14.0
-24.0
-42.0
-13.0
-7.0
14.0
45.0
51.0
64.0
77.0
132.0
45.0
75.0
42.0
47.0
42.0
-3.0
-6.0
36.0
42.0
16.0
16.0
-14.0
-105.0
-110.0
-70.0
-74.0
0.0
18.0
20.0
6.0
-38.0
-74.0
-39.0
-39.0
6.0
6.0
-10.0
-2.0
-13.0
15.0
41.0
53.0
-15.0
-25.0
-41.0
4.0
-3.0
1.0
-35.0
15.0
11.0
0.0
-32.0
-34.0
-53.0
-46.0
-79.0
-66.0
-58.0
-33.0
3.0
-38.0
-62.0
-59.0
-39.0
-48.0
8.0
32.0
-17.0
-1.0
8.0
-6.0
19.0
13.0
58.0
44.0
59.0
83.0
100.0
82.0
72.0
25.0
25.0
29.0
-13.0
3.0
-20.0
-84.0
-136.0
-144.0
-138.0
-71.0
57.0
62.0
104.0
100.0
68.0
64.0
79.0
50.0
50.0
46.0
43.0
43.0
7.0
27.0
-3.0
13.0
-8.0
-38.0
-37.0
-33.0
-15.0
-13.0
2.0
-18.0
-28.0
-72.0
-97.0
-57.0
-43.0
-81.0
-50.0
-48.0
-16.0
-72.0
-72.0
-129.0
-73.0
-60.0
-25.0
5.0
27.0
32.0
29.0
15.0
31.0
59.0
72.0
73.0
15.0
28.0
28.0
27.0
43.0
33.0
39.0
31.0
39.0
-24.0
-73.0
-23.0
7.0
7.0
8.0
2.0
-19.0
-14.0
-51.0
-74.0
-19.0
59.0
-28.0
-31.0
-41.0
-89.0
-79.0
-47.0
-22.0
63.0
85.0
44.0
7.0
9.0
-21.0
48.0
126.0
106.0
72.0
-69.0
-50.0
-31.0
40.0
45.0
30.0
54.0
1.0
-50.0
-40.0
-13.0
-43.0
-17.0
-7.0
-7.0
-39.0
-75.0
-26.0
25.0
58.0
-110.0
-60.0
-5.0
25.0
24.0
-16.0
75.0
91.0
-11.0
-45.0
-100.0
-45.0
-19.0
-14.0
-10.0
-48.0
-94.0
-33.0
-53.0
-4.0
54.0
66.0
9.0
-8.0
-7.0
-70.0
-41.0
-66.0
-1.0
-18.0
22.0
43.0
47.0
50.0
52.0
5.0
20.0
62.0
24.0
9.0
-7.0
-56.0
-36.0
-15.0
-12.0
-51.0
-41.0
-112.0
-11.0
1.0
-21.0
5.0
59.0
30.0
28.0
8.0
-7.0
30.0
53.0
47.0
50.0
22.0
-9.0
-63.0
-64.0
-75.0
-28.0
-1.0
-24.0
-45.0
-36.0
-20.0
19.0
57.0
58.0
112.0
29.0
46.0
36.0
-3.0
-34.0
-45.0
-2.0
46.0
45.0
20.0
9.0
29.0
26.0
-36.0
-77.0
-94.0
-42.0
13.0
13.0
3.0
-46.0
-2.0
-24.0
-35.0
-6.0
-85.0
-116.0
-138.0
-139.0
-98.0
-12.0
-16.0
-15.0
25.0
61.0
13.0
16.0
76.0
68.0
18.0
72.0
72.0
85.0
111.0
113.0
55.0
12.0
-13.0
-20.0
-33.0
-7.0
-48.0
-26.0
-63.0
-66.0
-45.0
-33.0
-17.0
-20.0
-40.0
-76.0
-15.0
26.0
37.0
24.0
12.0
18.0
21.0
17.0
16.0
59.0
54.0
50.0
38.0
24.0
22.0
32.0
34.0
42.0
-1.0
-14.0
-16.0
-26.0
-28.0
-52.0
-38.0
-22.0
-67.0
-72.0
-58.0
-82.0
-76.0
-53.0
-56.0
-35.0
15.0
36.0
63.0
62.0
34.0
-4.0
-15.0
13.0
14.0
-12.0
-61.0
-75.0
-36.0
-33.0
22.0
45.0
13.0
16.0
-28.0
16.0
7.0
-24.0
-40.0
-44.0
-25.0
8.0
-22.0
-11.0
-21.0
14.0
-14.0
-34.0
-42.0
-46.0
-16.0
28.0
-11.0
-8.0
7.0
71.0
-6.0
-93.0
-60.0
-55.0
-39.0
-39.0
-29.0
4.0
47.0
87.0
56.0
24.0
17.0
13.0
18.0
25.0
-8.0
-9.0
99.0
14.0
73.0
65.0
-8.0
-7.0
-60.0
-39.0
15.0
-5.0
12.0
24.0
-24.0
13.0
-11.0
-14.0
-89.0
-57.0
-48.0
50.0
21.0
4.0
29.0
48.0
-19.0
-13.0
-36.0
37.0
7.0
-27.0
-42.0
-56.0
-98.0
-52.0
-5.0
-9.0
-45.0
-43.0
-50.0
-76.0
-43.0
-13.0
2.0
-11.0
-3.0
-6.0
4.0
-50.0
-101.0
-42.0
56.0
7.0
48.0
96.0
71.0
67.0
19.0
33.0
28.0
117.0
73.0
103.0
55.0
11.0
79.0
88.0
-24.0
-89.0
-128.0
-57.0
-25.0
-50.0
-37.0
-26.0
2.0
4.0
-2.0
-4.0
12.0
5.0
15.0
-42.0
-20.0
8.0
45.0
40.0
31.0
51.0
-7.0
-113.0
-141.0
-129.0
-136.0
-44.0
127.0
127.0
156.0
58.0
52.0
62.0
34.0
29.0
-46.0
7.0
-26.0
-21.0
55.0
13.0
-49.0
-93.0
-96.0
-25.0
-64.0
-45.0
16.0
13.0
5.0
-10.0
38.0
51.0
65.0
48.0
32.0
33.0
9.0
9.0
-4.0
-18.0
58.0
21.0
45.0
73.0
33.0
24.0
24.0
18.0
-27.0
-17.0
13.0
-20.0
-13.0
-79.0
-37.0
-103.0
-88.0
-86.0
-77.0
-93.0
-53.0
-75.0
-34.0
5.0
-48.0
-80.0
-57.0
-51.0
-18.0
-39.0
7.0
26.0
26.0
6.0
11.0
-7.0
-3.0
9.0
-14.0
-28.0
8.0
5.0
2.0
24.0
20.0
-25.0
-42.0
-46.0
-33.0
6.0
-18.0
-79.0
-61.0
5.0
-9.0
4.0
-7.0
-5.0
-6.0
16.0
71.0
60.0
65.0
36.0
36.0
4.0
49.0
48.0
50.0
76.0
49.0
5.0
-22.0
-58.0
-60.0
-32.0
-31.0
-29.0
8.0
7.0
-36.0
-46.0
-19.0
1.0
-10.0
-5.0
-15.0
-18.0
-16.0
23.0
-5.0
17.0
-46.0
-81.0
-71.0
-19.0
-14.0
-17.0
-64.0
-59.0
-65.0
14.0
68.0
129.0
67.0
97.0
-2.0
-1.0
6.0
55.0
26.0
25.0
-35.0
-77.0
-33.0
-57.0
-118.0
-119.0
16.0
18.0
22.0
-2.0
-48.0
-20.0
-23.0
-4.0
-33.0
-28.0
11.0
11.0
30.0
-11.0
-19.0
-8.0
25.0
-10.0
-45.0
-44.0
-72.0
-68.0
-32.0
1.0
21.0
17.0
25.0
38.0
51.0
53.0
41.0
51.0
62.0
101.0
30.0
6.0
17.0
51.0
-6.0
-8.0
21.0
-74.0
-146.0
-105.0
-19.0
47.0
11.0
73.0
21.0
19.0
-56.0
-85.0
-13.0
-38.0
-33.0
-35.0
16.0
7.0
-39.0
-39.0
-43.0
-28.0
51.0
55.0
30.0
66.0
44.0
84.0
59.0
60.0
92.0
94.0
68.0
21.0
17.0
-5.0
-42.0
-42.0
-34.0
-39.0
-49.0
-25.0
-26.0
-3.0
13.0
22.0
-46.0
-41.0
-63.0
-64.0
-44.0
-78.0
-68.0
-29.0
-18.0
-44.0
-52.0
-44.0
11.0
14.0
51.0
47.0
7.0
-17.0
66.0
25.0
-1.0
-57.0
-45.0
-48.0
-62.0
7.0
43.0
17.0
-61.0
-46.0
-55.0
-42.0
2.0
10.0
55.0
-17.0
10.0
-32.0
-55.0
-13.0
-6.0
26.0
-11.0
-7.0
25.0
-24.0
-30.0
-24.0
1.0
-24.0
-22.0
-7.0
-9.0
-4.0
0.0
-17.0
-25.0
-18.0
-21.0
37.0
32.0
17.0
-2.0
-4.0
41.0
82.0
77.0
-111.0
-160.0
-39.0
26.0
85.0
39.0
33.0
-134.0
-155.0
20.0
59.0
92.0
81.0
40.0
99.0
-18.0
-15.0
-4.0
4.0
-2.0
70.0
76.0
36.0
12.0
-31.0
4.0
9.0
48.0
19.0
39.0
43.0
2.0
-6.0
-16.0
-7.0
-20.0
-15.0
-28.0
-29.0
-35.0
-41.0
-26.0
15.0
16.0
-66.0
-54.0
-51.0
-54.0
-23.0
1.0
3.0
-39.0
11.0
14.0
-24.0
-5.0
-3.0
0.0
13.0
63.0
12.0
-62.0
-92.0
-78.0
-35.0
-116.0
-107.0
-95.0
1.0
87.0
94.0
95.0
88.0
57.0
-26.0
-41.0
-34.0
0.0
32.0
19.0
-43.0
5.0
76.0
51.0
18.0
-7.0
-2.0
-62.0
-33.0
-44.0
50.0
-5.0
-44.0
-11.0
-18.0
-29.0
-34.0
17.0
-2.0
68.0
9.0
1.0
-4.0
-10.0
8.0
-16.0
-12.0
-80.0
-124.0
-85.0
-46.0
0.0
-4.0
-21.0
-62.0
-17.0
-16.0
10.0
-23.0
-46.0
-45.0
-60.0
-8.0
73.0
85.0
70.0
72.0
101.0
10.0
19.0
-37.0
-63.0
-30.0
-6.0
10.0
-17.0
-22.0
31.0
40.0
59.0
34.0
6.0
-59.0
-59.0
-38.0
-64.0
-67.0
-67.0
10.0
26.0
3.0
22.0
-26.0
-179.0
-36.0
27.0
30.0
65.0
80.0
96.0
70.0
60.0
21.0
-18.0
-12.0
-72.0
-81.0
12.0
33.0
19.0
-45.0
-58.0
-22.0
36.0
83.0
31.0
37.0
-1.0
-16.0
-16.0
11.0
6.0
-1.0
-13.0
-1.0
-28.0
-32.0
-20.0
-49.0
19.0
22.0
6.0
-50.0
-22.0
17.0
-10.0
-11.0
-53.0
-63.0
-24.0
7.0
-42.0
-124.0
-5.0
-20.0
-28.0
-33.0
-36.0
-42.0
-17.0
6.0
52.0
33.0
-41.0
0.0
13.0
11.0
35.0
38.0
64.0
111.0
78.0
27.0
-165.0
-217.0
-89.0
-86.0
21.0
50.0
108.0
137.0
102.0
68.0
26.0
42.0
33.0
29.0
31.0
-23.0
-63.0
-45.0
-14.0
-17.0
-6.0
2.0
33.0
33.0
-42.0
-38.0
4.0
51.0
44.0
42.0
-6.0
-48.0
-7.0
-9.0
-33.0
-81.0
-107.0
-82.0
-65.0
-78.0
-56.0
1.0
-14.0
-12.0
38.0
-10.0
-26.0
22.0
42.0
55.0
63.0
17.0
7.0
8.0
28.0
40.0
33.0
9.0
-12.0
-24.0
-9.0
-32.0
-65.0
-67.0
-48.0
14.0
-75.0
-59.0
-42.0
-48.0
-40.0
-5.0
-40.0
-37.0
5.0
25.0
7.0
16.0
51.0
69.0
71.0
20.0
40.0
35.0
53.0
34.0
14.0
109.0
70.0
37.0
-44.0
-40.0
-64.0
-72.0
-44.0
-26.0
-48.0
-54.0
-59.0
-21.0
19.0
-11.0
-35.0
-38.0
-11.0
-31.0
-20.0
9.0
-50.0
-84.0
-35.0
-3.0
12.0
11.0
-52.0
-69.0
-82.0
-51.0
-14.0
-19.0
-10.0
-54.0
-20.0
-8.0
54.0
67.0
22.0
33.0
9.0
1.0
8.0
-42.0
15.0
16.0
90.0
54.0
72.0
113.0
2.0
13.0
51.0
70.0
53.0
46.0
30.0
22.0
51.0
27.0
-29.0
81.0
40.0
28.0
0.0
2.0
-24.0
-57.0
-102.0
-90.0
-63.0
-6.0
-36.0
10.0
-37.0
-35.0
-31.0
-15.0
10.0
-9.0
16.0
-10.0
-25.0
-4.0
-4.0
-2.0
-26.0
7.0
-1.0
-19.0
-61.0
-47.0
-35.0
-39.0
-34.0
-33.0
-127.0
-114.0
-12.0
10.0
16.0
68.0
45.0
16.0
22.0
25.0
5.0
-18.0
9.0
-41.0
-25.0
19.0
37.0
19.0
12.0
10.0
18.0
3.0
3.0
-3.0
-8.0
-9.0
-31.0
-18.0
16.0
16.0
-3.0
-2.0
-11.0
-62.0
-51.0
-15.0
-81.0
-73.0
-12.0
-5.0
-7.0
-18.0
-12.0
20.0
103.0
118.0
58.0
64.0
43.0
37.0
25.0
68.0
42.0
40.0
14.0
-9.0
-8.0
-10.0
0.0
10.0
2.0
-6.0
18.0
-27.0
-46.0
-89.0
-71.0
-18.0
-19.0
-12.0
-10.0
18.0
24.0
55.0
34.0
19.0
20.0
9.0
-35.0
-44.0
-28.0
-18.0
-7.0
-41.0
-68.0
-40.0
-18.0
-13.0
-35.0
-36.0
2.0
11.0
-14.0
-47.0
-30.0
-101.0
-75.0
-19.0
-11.0
-16.0
-64.0
-41.0
-27.0
-9.0
1.0
-4.0
-14.0
53.0
17.0
21.0
3.0
-2.0
8.0
14.0
16.0
27.0
8.0
3.0
-30.0
-34.0
-31.0
-64.0
-56.0
-54.0
-4.0
8.0
13.0
40.0
31.0
24.0
40.0
25.0
41.0
18.0
3.0
-22.0
-43.0
-24.0
-8.0
-1.0
26.0
-12.0
-16.0
-60.0
-46.0
-56.0
-47.0
-72.0
17.0
11.0
56.0
81.0
-2.0
-245.0
-142.0
-40.0
72.0
6.0
114.0
109.0
140.0
42.0
34.0
7.0
24.0
93.0
35.0
-32.0
-1.0
-4.0
-13.0
25.0
4.0
-28.0
13.0
47.0
-17.0
-30.0
2.0
8.0
9.0
0.0
-23.0
-4.0
6.0
38.0
-1.0
65.0
74.0
69.0
37.0
29.0
-34.0
-61.0
-119.0
-142.0
-95.0
-67.0
-16.0
-14.0
19.0
36.0
31.0
37.0
33.0
72.0
38.0
73.0
75.0
72.0
34.0
29.0
-17.0
-23.0
-16.0
-9.0
5.0
-12.0
-19.0
-23.0
13.0
-10.0
-38.0
-12.0
-84.0
-83.0
-53.0
-60.0
-54.0
-55.0
-33.0
-54.0
-92.0
-68.0
-72.0
-92.0
-10.0
11.0
15.0
14.0
38.0
134.0
132.0
130.0
112.0
71.0
59.0
69.0
70.0
67.0
51.0
4.0
-25.0
-12.0
-31.0
-60.0
-18.0
-87.0
-78.0
-78.0
-20.0
-46.0
-15.0
-63.0
-49.0
-20.0
9.0
-17.0
-54.0
-54.0
-56.0
-53.0
-9.0
-43.0
-61.0
-1.0
10.0
-17.0
-16.0
-19.0
-9.0
-3.0
53.0
-27.0
-64.0
-17.0
-45.0
-25.0
35.0
33.0
13.0
24.0
-11.0
-65.0
-98.0
-105.0
-92.0
-49.0
1.0
4.0
76.0
64.0
72.0
83.0
101.0
99.0
135.0
135.0
128.0
127.0
104.0
87.0
120.0
120.0
50.0
-11.0
-45.0
-14.0
-45.0
-39.0
-67.0
-61.0
-50.0
-44.0
-67.0
-88.0
-77.0
-75.0
-27.0
-20.0
-46.0
-16.0
-21.0
-38.0
-24.0
-58.0
-59.0
8.0
3.0
-8.0
-25.0
-19.0
-27.0
-49.0
-72.0
-82.0
-106.0
-74.0
-40.0
-36.0
53.0
14.0
-12.0
10.0
59.0
-21.0
-53.0
-20.0
-39.0
-43.0
43.0
139.0
102.0
57.0
28.0
77.0
93.0
58.0
13.0
7.0
-82.0
-42.0
-30.0
-49.0
13.0
18.0
-25.0
-31.0
-59.0
-55.0
-15.0
22.0
-7.0
34.0
85.0
79.0
5.0
-70.0
-87.0
-85.0
-141.0
-56.0
10.0
46.0
70.0
60.0
49.0
-22.0
-47.0
-54.0
-28.0
-34.0
1.0
-47.0
-58.0
-103.0
-33.0
59.0
88.0
91.0
101.0
61.0
42.0
-4.0
47.0
-2.0
-71.0
-46.0
-29.0
-34.0
-53.0
-34.0
-24.0
-30.0
-14.0
-2.0
-8.0
-12.0
-12.0
-17.0
13.0
-33.0
-14.0
-10.0
-27.0
-13.0
-6.0
48.0
-3.0
-2.0
-1.0
-40.0
-103.0
-81.0
25.0
-104.0
-68.0
-90.0
-23.0
-24.0
97.0
103.0
106.0
137.0
136.0
101.0
105.0
109.0
43.0
39.0
-9.0
-54.0
-25.0
-130.0
-76.0
-11.0
18.0
29.0
52.0
54.0
5.0
-11.0
-30.0
-39.0
-55.0
22.0
26.0
21.0
-35.0
-39.0
-55.0
-22.0
-5.0
24.0
-25.0
-5.0
17.0
36.0
-4.0
-6.0
-24.0
-31.0
-60.0
-46.0
-7.0
-58.0
-26.0
0.0
-18.0
-25.0
-31.0
-48.0
-62.0
-78.0
-41.0
-13.0
11.0
-31.0
-31.0
-23.0
-19.0
-8.0
21.0
74.0
70.0
33.0
44.0
15.0
44.0
46.0
53.0
80.0
30.0
17.0
-1.0
-64.0
-65.0
-59.0
-38.0
-35.0
-28.0
-18.0
-16.0
-13.0
-36.0
21.0
-54.0
-8.0
12.0
13.0
57.0
14.0
-30.0
-31.0
-19.0
-33.0
-25.0
-61.0
-9.0
4.0
62.0
90.0
11.0
3.0
34.0
16.0
-31.0
-43.0
-26.0
-21.0
16.0
-22.0
14.0
25.0
15.0
-23.0
-9.0
26.0
30.0
29.0
7.0
18.0
22.0
-6.0
-26.0
-24.0
-48.0
-7.0
-78.0
-80.0
-91.0
-33.0
13.0
29.0
-42.0
-98.0
-48.0
18.0
42.0
36.0
-20.0
-22.0
-54.0
-8.0
16.0
60.0
-4.0
-124.0
-49.0
-42.0
-14.0
64.0
53.0
76.0
105.0
13.0
9.0
83.0
69.0
60.0
38.0
18.0
-21.0
15.0
35.0
24.0
-7.0
-4.0
-15.0
-14.0
4.0
-17.0
-39.0
4.0
-11.0
-34.0
-71.0
-61.0
-60.0
-55.0
-12.0
-22.0
-46.0
-87.0
-30.0
-8.0
36.0
21.0
-32.0
-30.0
-32.0
-4.0
70.0
33.0
17.0
34.0
29.0
6.0
2.0
4.0
9.0
-31.0
-73.0
-51.0
-3.0
8.0
7.0
44.0
23.0
23.0
4.0
-51.0
-63.0
-53.0
-30.0
-16.0
18.0
35.0
27.0
31.0
-19.0
27.0
15.0
44.0
-4.0
-31.0
-26.0
16.0
26.0
32.0
13.0
11.0
0.0
28.0
-9.0
-14.0
-54.0
-20.0
-51.0
-51.0
-28.0
0.0
-16.0
-33.0
-116.0
-49.0
20.0
-77.0
-18.0
-5.0
-14.0
48.0
-10.0
6.0
7.0
59.0
75.0
99.0
-10.0
-9.0
36.0
68.0
39.0
86.0
99.0
61.0
-25.0
-8.0
-79.0
-77.0
-68.0
0.0
21.0
16.0
-28.0
-76.0
-44.0
-13.0
-57.0
-59.0
-79.0
-8.0
-17.0
23.0
57.0
23.0
3.0
27.0
-17.0
-9.0
-40.0
-2.0
-41.0
-32.0
-15.0
-120.0
-137.0
-203.0
-105.0
-102.0
19.0
61.0
71.0
67.0
-18.0
-43.0
-1.0
118.0
135.0
137.0
100.0
76.0
26.0
-2.0
25.0
22.0
-27.0
29.0
20.0
23.0
52.0
36.0
41.0
19.0
-24.0
-53.0
-5.0
-8.0
-35.0
-39.0
-48.0
-52.0
-36.0
-33.0
-4.0
-35.0
-109.0
-99.0
-81.0
-74.0
-40.0
60.0
87.0
10.0
-8.0
-46.0
-50.0
-31.0
-14.0
-17.0
-21.0
17.0
-24.0
-20.0
-11.0
12.0
3.0
-13.0
-34.0
-34.0
-18.0
-17.0
-26.0
-21.0
21.0
27.0
-45.0
-67.0
-43.0
-44.0
-41.0
-27.0
30.0
9.0
36.0
61.0
87.0
83.0
43.0
46.0
63.0
96.0
41.0
48.0
21.0
-14.0
14.0
-18.0
-36.0
-37.0
-64.0
-109.0
-142.0
-64.0
-34.0
-46.0
-9.0
35.0
14.0
16.0
-38.0
-5.0
-35.0
-28.0
24.0
61.0
32.0
27.0
-3.0
-2.0
57.0
92.0
68.0
27.0
-12.0
-49.0
-61.0
-79.0
-35.0
-28.0
-29.0
-56.0
7.0
67.0
38.0
12.0
-45.0
-108.0
-27.0
-26.0
-38.0
-36.0
-24.0
-22.0
-23.0
14.0
4.0
-24.0
-36.0
-40.0
22.0
76.0
29.0
19.0
14.0
33.0
-2.0
-33.0
-97.0
-88.0
20.0
11.0
-40.0
-14.0
-119.0
-106.0
-29.0
-27.0
-3.0
-2.0
-107.0
-41.0
-30.0
17.0
48.0
35.0
37.0
113.0
120.0
118.0
105.0
133.0
115.0
66.0
123.0
40.0
-36.0
-35.0
-104.0
-96.0
-47.0
16.0
-43.0
-89.0
-85.0
-26.0
-7.0
3.0
-48.0
-49.0
-25.0
2.0
36.0
-1.0
7.0
-12.0
-67.0
-53.0
-54.0
-52.0
-41.0
-89.0
-120.0
-128.0
-56.0
-48.0
-204.0
-110.0
-55.0
-46.0
71.0
72.0
104.0
91.0
90.0
41.0
95.0
84.0
83.0
81.0
66.0
81.0
71.0
64.0
-2.0
-15.0
-54.0
-68.0
-6.0
-1.0
6.0
-53.0
-68.0
-45.0
-4.0
-44.0
-45.0
-66.0
-30.0
-25.0
4.0
39.0
71.0
32.0
-60.0
-106.0
-85.0
-75.0
-42.0
-37.0
22.0
-10.0
42.0
-31.0
-26.0
-17.0
-28.0
-13.0
-47.0
-43.0
-34.0
6.0
41.0
-9.0
21.0
82.0
74.0
112.0
65.0
61.0
47.0
58.0
38.0
24.0
-21.0
-36.0
-74.0
-93.0
35.0
34.0
-22.0
3.0
16.0
45.0
42.0
45.0
57.0
55.0
79.0
78.0
52.0
-7.0
50.0
15.0
-27.0
-90.0
-68.0
-21.0
42.0
45.0
14.0
-36.0
-74.0
-44.0
4.0
7.0
18.0
-45.0
-84.0
-84.0
-43.0
-51.0
-63.0
9.0
-16.0
-57.0
-20.0
-19.0
-8.0
-12.0
-82.0
-76.0
-66.0
-70.0
-30.0
-28.0
-30.0
-18.0
16.0
15.0
59.0
18.0
24.0
54.0
49.0
13.0
0.0
-14.0
-18.0
-21.0
-7.0
21.0
49.0
-10.0
-6.0
-30.0
-1.0
-33.0
-60.0
-53.0
-57.0
16.0
16.0
-9.0
-17.0
-45.0
-63.0
-18.0
57.0
53.0
37.0
70.0
-22.0
-26.0
17.0
33.0
-18.0
-45.0
-26.0
-32.0
32.0
57.0
108.0
-53.0
-129.0
13.0
-19.0
13.0
13.0
15.0
-11.0
0.0
38.0
74.0
57.0
-29.0
12.0
39.0
1.0
14.0
-60.0
-30.0
11.0
-27.0
59.0
68.0
20.0
-7.0
-31.0
-37.0
-63.0
-71.0
-30.0
-31.0
-23.0
-31.0
-44.0
-21.0
-12.0
-10.0
-18.0
9.0
36.0
105.0
46.0
34.0
4.0
-11.0
-27.0
-27.0
17.0
-4.0
0.0
-16.0
7.0
7.0
12.0
-48.0
-113.0
-106.0
-19.0
-30.0
-29.0
-93.0
-26.0
-2.0
-31.0
-35.0
-32.0
-22.0
-22.0
28.0
15.0
-34.0
21.0
5.0
46.0
18.0
-2.0
2.0
26.0
53.0
31.0
-59.0
-79.0
-40.0
-2.0
28.0
-43.0
-44.0
-15.0
12.0
-48.0
-7.0
52.0
26.0
49.0
32.0
-22.0
-20.0
-40.0
13.0
15.0
65.0
18.0
-4.0
5.0
72.0
33.0
33.0
33.0
38.0
-49.0
-75.0
-127.0
-54.0
-100.0
-12.0
-17.0
-10.0
27.0
22.0
141.0
123.0
91.0
-38.0
-128.0
-30.0
-78.0
-79.0
-15.0
35.0
38.0
-78.0
16.0
23.0
2.0
-38.0
-8.0
-7.0
-7.0
-8.0
19.0
27.0
20.0
-7.0
9.0
49.0
50.0
55.0
105.0
77.0
30.0
-16.0
-10.0
-38.0
-43.0
-25.0
-33.0
-39.0
-75.0
-75.0
-15.0
-43.0
-48.0
-42.0
-63.0
-82.0
-101.0
-95.0
-31.0
21.0
-9.0
-25.0
-30.0
-34.0
-5.0
30.0
29.0
20.0
41.0
-40.0
-21.0
-33.0
-3.0
14.0
10.0
-27.0
3.0
4.0
-44.0
-36.0
-35.0
-33.0
21.0
28.0
-34.0
-50.0
-10.0
-4.0
22.0
57.0
-6.0
-32.0
-34.0
26.0
55.0
-12.0
72.0
71.0
39.0
24.0
83.0
9.0
44.0
-40.0
-62.0
-35.0
6.0
8.0
29.0
32.0
47.0
12.0
27.0
34.0
6.0
11.0
-12.0
-16.0
-47.0
-39.0
-3.0
14.0
-20.0
-68.0
-67.0
-46.0
-39.0
-44.0
-26.0
-68.0
17.0
23.0
-5.0
-25.0
-35.0
-62.0
-68.0
-69.0
-40.0
17.0
84.0
53.0
-32.0
-60.0
-39.0
-21.0
16.0
14.0
30.0
30.0
35.0
9.0
-44.0
-56.0
-51.0
-40.0
-52.0
-54.0
10.0
23.0
56.0
72.0
34.0
8.0
69.0
58.0
-5.0
-9.0
3.0
-3.0
7.0
-40.0
29.0
91.0
88.0
37.0
23.0
31.0
-2.0
-42.0
-68.0
-73.0
-101.0
-71.0
-94.0
-60.0
15.0
19.0
21.0
23.0
18.0
-75.0
-2.0
41.0
-97.0
-225.0
-238.0
-230.0
-143.0
-91.0
-100.0
52.0
105.0
48.0
118.0
143.0
73.0
73.0
65.0
66.0
99.0
65.0
116.0
128.0
121.0
94.0
71.0
74.0
-63.0
-106.0
1.0
87.0
70.0
42.0
-28.0
-46.0
14.0
13.0
7.0
-92.0
-32.0
-1.0
-24.0
-46.0
-73.0
-41.0
-46.0
-51.0
-49.0
-70.0
-114.0
-86.0
1.0
66.0
43.0
6.0
11.0
9.0
39.0
53.0
67.0
10.0
14.0
20.0
37.0
42.0
-13.0
-11.0
-33.0
-29.0
-24.0
-3.0
-58.0
-31.0
-17.0
-27.0
-53.0
-51.0
-57.0
-47.0
-71.0
-45.0
-22.0
27.0
4.0
39.0
-75.0
-69.0
-17.0
-20.0
-1.0
-18.0
1.0
-39.0
-33.0
-11.0
2.0
7.0
-3.0
-14.0
-17.0
37.0
60.0
12.0
5.0
57.0
73.0
66.0
23.0
-11.0
-22.0
-46.0
-87.0
-74.0
-29.0
5.0
-3.0
2.0
-36.0
-35.0
16.0
17.0
-34.0
-42.0
-15.0
-22.0
-34.0
-44.0
-3.0
41.0
74.0
34.0
48.0
65.0
3.0
-54.0
-47.0
-46.0
-11.0
-14.0
26.0
88.0
-4.0
-35.0
-43.0
-11.0
17.0
9.0
3.0
60.0
32.0
24.0
7.0
-16.0
-23.0
-27.0
-11.0
-8.0
11.0
-32.0
-54.0
-17.0
-40.0
-62.0
-29.0
-16.0
-62.0
-60.0
-7.0
-5.0
-45.0
-59.0
37.0
60.0
71.0
10.0
-99.0
-105.0
-107.0
-9.0
31.0
40.0
72.0
21.0
30.0
-12.0
17.0
20.0
49.0
78.0
10.0
-34.0
-35.0
-12.0
-26.0
-9.0
-14.0
-8.0
3.0
33.0
9.0
8.0
-8.0
-2.0
28.0
-5.0
-31.0
-31.0
-54.0
-32.0
-20.0
-1.0
9.0
29.0
14.0
-9.0
-14.0
-15.0
-73.0
-92.0
-32.0
13.0
-57.0
-19.0
8.0
77.0
32.0
21.0
-25.0
-22.0
2.0
26.0
30.0
10.0
17.0
-22.0
-17.0
-12.0
12.0
14.0
-31.0
-58.0
-32.0
-29.0
-26.0
-30.0
-11.0
-10.0
13.0
-5.0
-15.0
17.0
18.0
15.0
16.0
-1.0
-30.0
-25.0
-15.0
17.0
38.0
12.0
-42.0
-92.0
-88.0
-24.0
13.0
15.0
46.0
52.0
10.0
-2.0
-61.0
-35.0
-3.0
-45.0
-37.0
-36.0
-9.0
49.0
21.0
-57.0
-62.0
-54.0
-23.0
16.0
45.0
40.0
4.0
3.0
-12.0
39.0
38.0
11.0
23.0
61.0
103.0
104.0
55.0
15.0
-10.0
-92.0
15.0
-13.0
-4.0
44.0
55.0
54.0
62.0
5.0
-28.0
-16.0
-104.0
-104.0
-58.0
-35.0
-29.0
-30.0
33.0
33.0
102.0
100.0
-17.0
2.0
-13.0
15.0
77.0
79.0
78.0
55.0
14.0
-22.0
-24.0
4.0
-23.0
-31.0
7.0
7.0
-19.0
-25.0
-59.0
-54.0
5.0
-25.0
-70.0
-69.0
-18.0
-24.0
-12.0
-2.0
13.0
-1.0
-7.0
-29.0
-69.0
-47.0
-77.0
-79.0
-40.0
-4.0
13.0
31.0
16.0
0.0
31.0
11.0
24.0
21.0
-9.0
4.0
44.0
-13.0
10.0
-61.0
-121.0
-84.0
1.0
5.0
22.0
21.0
2.0
20.0
2.0
-11.0
3.0
20.0
-20.0
-28.0
15.0
10.0
-33.0
19.0
68.0
68.0
-12.0
-31.0
-20.0
-22.0
24.0
62.0
42.0
-39.0
-44.0
-9.0
-37.0
-53.0
-19.0
-21.0
25.0
37.0
42.0
-10.0
-56.0
-24.0
-20.0
-30.0
-23.0
-24.0
31.0
29.0
-12.0
18.0
107.0
-26.0
-36.0
28.0
-16.0
-13.0
-32.0
-33.0
-15.0
-9.0
33.0
0.0
-21.0
-42.0
-15.0
-19.0
-6.0
-19.0
-31.0
-60.0
-61.0
-80.0
-44.0
-21.0
-5.0
-9.0
24.0
-2.0
-19.0
34.0
6.0
24.0
28.0
123.0
147.0
148.0
43.0
13.0
-23.0
16.0
-76.0
-62.0
6.0
55.0
84.0
76.0
66.0
60.0
-3.0
5.0
30.0
22.0
19.0
-27.0
-40.0
-44.0
-21.0
30.0
-27.0
-44.0
-50.0
-12.0
-4.0
-60.0
-47.0
-48.0
-87.0
-107.0
-74.0
-37.0
-33.0
-21.0
-10.0
-28.0
-96.0
-89.0
-66.0
-49.0
-21.0
-11.0
28.0
30.0
-4.0
16.0
7.0
3.0
-7.0
6.0
19.0
-3.0
-10.0
-14.0
19.0
-31.0
-15.0
-14.0
2.0
13.0
0.0
-5.0
18.0
-25.0
4.0
-10.0
-12.0
-12.0
7.0
43.0
34.0
4.0
-14.0
-21.0
-1.0
0.0
73.0
75.0
89.0
42.0
-34.0
-22.0
-3.0
-9.0
-36.0
-40.0
5.0
9.0
-2.0
-11.0
-10.0
-22.0
-78.0
-41.0
-55.0
27.0
40.0
41.0
-23.0
-42.0
23.0
47.0
37.0
52.0
92.0
102.0
40.0
35.0
-40.0
1.0
48.0
34.0
47.0
34.0
-16.0
-66.0
-23.0
-24.0
-19.0
3.0
-43.0
-34.0
-52.0
-79.0
-29.0
8.0
-53.0
-60.0
-85.0
-98.0
4.0
-47.0
-54.0
4.0
13.0
21.0
9.0
4.0
11.0
16.0
-10.0
7.0
21.0
18.0
-4.0
-26.0
-102.0
-102.0
-2.0
56.0
50.0
32.0
21.0
6.0
1.0
-59.0
-14.0
-5.0
-37.0
19.0
-38.0
-68.0
-58.0
-29.0
-69.0
-42.0
64.0
62.0
73.0
39.0
-14.0
-32.0
24.0
78.0
94.0
53.0
41.0
34.0
-57.0
-26.0
-7.0
-59.0
39.0
74.0
-13.0
-15.0
-2.0
-5.0
-23.0
-17.0
14.0
0.0
-31.0
-79.0
-46.0
-91.0
-29.0
-25.0
39.0
67.0
50.0
-25.0
-3.0
-15.0
15.0
16.0
21.0
17.0
31.0
52.0
19.0
42.0
13.0
-72.0
-37.0
-32.0
-7.0
-2.0
13.0
-39.0
-22.0
-32.0
31.0
6.0
8.0
71.0
68.0
69.0
25.0
-49.0
-79.0
2.0
-4.0
14.0
-18.0
-54.0
-24.0
-23.0
-103.0
-68.0
-16.0
24.0
21.0
-6.0
-1.0
-23.0
-27.0
-19.0
-11.0
37.0
63.0
51.0
19.0
19.0
-13.0
-5.0
-47.0
-48.0
-103.0
-87.0
-89.0
-36.0
-3.0
-13.0
22.0
10.0
42.0
40.0
39.0
38.0
52.0
30.0
61.0
60.0
44.0
-13.0
-47.0
-42.0
-31.0
-33.0
-51.0
-13.0
36.0
3.0
-28.0
-27.0
-51.0
-52.0
-6.0
-113.0
-62.0
-31.0
-41.0
-38.0
-31.0
-18.0
-29.0
-28.0
17.0
67.0
17.0
9.0
43.0
31.0
-51.0
-51.0
-2.0
-2.0
-10.0
-24.0
29.0
6.0
46.0
56.0
-14.0
-17.0
8.0
-1.0
-7.0
-21.0
-44.0
-35.0
40.0
26.0
66.0
54.0
6.0
7.0
26.0
-11.0
-26.0
-73.0
-28.0
22.0
-8.0
-7.0
-18.0
-19.0
-18.0
2.0
16.0
-57.0
-20.0
-58.0
-45.0
-1.0
1.0
-1.0
14.0
10.0
63.0
67.0
69.0
52.0
63.0
55.0
28.0
28.0
23.0
-4.0
-25.0
-29.0
-45.0
-41.0
-64.0
-32.0
-13.0
-11.0
-15.0
-12.0
14.0
-23.0
-37.0
-46.0
-71.0
-47.0
-25.0
-26.0
-46.0
0.0
9.0
37.0
52.0
-32.0
-54.0
-50.0
-79.0
-83.0
-25.0
-90.0
-32.0
37.0
6.0
-12.0
80.0
82.0
-8.0
-8.0
20.0
12.0
-44.0
-22.0
-42.0
-38.0
-69.0
19.0
47.0
45.0
44.0
15.0
18.0
15.0
11.0
12.0
-27.0
16.0
-19.0
-15.0
-32.0
-18.0
15.0
-41.0
-63.0
-38.0
0.0
21.0
22.0
24.0
-4.0
-24.0
-24.0
32.0
55.0
26.0
-13.0
-31.0
-67.0
-65.0
-60.0
-68.0
-16.0
-30.0
-59.0
-59.0
-75.0
-4.0
35.0
34.0
47.0
69.0
101.0
65.0
35.0
67.0
76.0
32.0
7.0
1.0
30.0
3.0
-2.0
1.0
-1.0
-22.0
2.0
2.0
-27.0
-28.0
-57.0
-57.0
-58.0
-2.0
-29.0
-24.0
-39.0
-15.0
-28.0
-26.0
-30.0
-16.0
-5.0
-24.0
45.0
30.0
55.0
58.0
14.0
23.0
35.0
23.0
21.0
43.0
46.0
22.0
44.0
3.0
-9.0
-6.0
10.0
21.0
11.0
-10.0
-39.0
-20.0
-33.0
-68.0
6.0
7.0
-18.0
-101.0
-85.0
-178.0
-133.0
-57.0
18.0
-16.0
-64.0
-61.0
-34.0
39.0
73.0
61.0
-47.0
3.0
-40.0
-86.0
-32.0
-32.0
-21.0
43.0
64.0
37.0
-17.0
-20.0
-28.0
-5.0
3.0
9.0
77.0
52.0
13.0
24.0
-83.0
-84.0
-21.0
15.0
18.0
17.0
67.0
94.0
132.0
122.0
88.0
79.0
-30.0
-64.0
-69.0
-65.0
-41.0
-39.0
-17.0
-41.0
-36.0
-44.0
-11.0
-57.0
-69.0
-65.0
-131.0
-30.0
-16.0
-64.0
-42.0
-11.0
35.0
14.0
11.0
13.0
25.0
-13.0
-25.0
-42.0
-18.0
-3.0
-21.0
-19.0
4.0
3.0
17.0
39.0
63.0
94.0
98.0
86.0
97.0
90.0
84.0
83.0
71.0
48.0
-4.0
-17.0
-2.0
5.0
2.0
-17.0
-62.0
-56.0
-111.0
-135.0
-85.0
-62.0
-19.0
-82.0
-63.0
-72.0
-106.0
-104.0
-42.0
6.0
52.0
-11.0
-1.0
45.0
55.0
67.0
46.0
48.0
34.0
-18.0
39.0
53.0
0.0
-6.0
-52.0
-72.0
-43.0
-44.0
-36.0
-62.0
-42.0
-46.0
-10.0
6.0
-46.0
4.0
10.0
7.0
15.0
20.0
94.0
63.0
-7.0
28.0
15.0
13.0
-6.0
-5.0
-25.0
-44.0
-76.0
-103.0
-8.0
16.0
-39.0
-4.0
-46.0
-49.0
-45.0
-54.0
11.0
-91.0
-99.0
-42.0
34.0
-2.0
-39.0
-31.0
-69.0
39.0
21.0
15.0
34.0
81.0
146.0
112.0
104.0
100.0
69.0
88.0
20.0
9.0
38.0
5.0
-48.0
-29.0
-73.0
-68.0
-33.0
-6.0
-32.0
-22.0
24.0
19.0
-5.0
-4.0
18.0
14.0
-13.0
-32.0
-9.0
5.0
-25.0
-26.0
-33.0
-21.0
-21.0
-24.0
-33.0
-6.0
5.0
-74.0
-21.0
0.0
-46.0
-18.0
-5.0
-7.0
13.0
7.0
-9.0
-22.0
-20.0
-37.0
-18.0
-40.0
-36.0
-32.0
9.0
53.0
28.0
-41.0
-24.0
-44.0
-24.0
-5.0
-26.0
-24.0
-30.0
23.0
-9.0
27.0
38.0
10.0
42.0
8.0
-48.0
-52.0
-77.0
-107.0
-34.0
22.0
34.0
52.0
-93.0
-64.0
-93.0
-94.0
-58.0
-49.0
-21.0
33.0
93.0
108.0
72.0
3.0
51.0
53.0
88.0
71.0
106.0
61.0
8.0
41.0
71.0
66.0
52.0
50.0
-17.0
-21.0
-17.0
-40.0
12.0
-21.0
-26.0
-24.0
46.0
53.0
-23.0
-82.0
-64.0
-101.0
-29.0
-56.0
-53.0
10.0
-75.0
-66.0
-82.0
-96.0
-46.0
-56.0
7.0
-25.0
-16.0
54.0
-2.0
0.0
-10.0
-30.0
-39.0
-47.0
-39.0
-41.0
7.0
50.0
79.0
83.0
104.0
81.0
98.0
119.0
162.0
168.0
166.0
61.0
87.0
82.0
18.0
4.0
-11.0
-43.0
-44.0
-109.0
-85.0
-66.0
-17.0
-20.0
-32.0
-24.0
-54.0
-52.0
-85.0
-80.0
-92.0
-169.0
-114.0
-121.0
-119.0
-91.0
-60.0
-53.0
3.0
-6.0
39.0
28.0
15.0
9.0
29.0
-30.0
27.0
35.0
-1.0
6.0
15.0
30.0
93.0
92.0
50.0
49.0
-2.0
7.0
-28.0
-15.0
-33.0
-51.0
-72.0
-73.0
-38.0
-47.0
-23.0
26.0
83.0
74.0
44.0
-8.0
-43.0
-42.0
-17.0
-11.0
-41.0
-22.0
-62.0
-33.0
-39.0
-59.0
1.0
5.0
55.0
37.0
54.0
25.0
-8.0
7.0
51.0
38.0
59.0
62.0
56.0
19.0
37.0
17.0
-4.0
-24.0
-22.0
-40.0
-68.0
-74.0
-76.0
-76.0
-39.0
-15.0
-20.0
-25.0
-22.0
-2.0
-2.0
1.0
26.0
34.0
40.0
19.0
27.0
-5.0
63.0
76.0
4.0
7.0
-22.0
-46.0
-22.0
-30.0
26.0
9.0
9.0
52.0
15.0
12.0
4.0
28.0
10.0
4.0
-33.0
-23.0
-49.0
-79.0
-25.0
-21.0
-8.0
-16.0
-27.0
-1.0
-35.0
-42.0
-73.0
-84.0
-29.0
-32.0
24.0
1.0
13.0
26.0
21.0
46.0
22.0
7.0
18.0
20.0
8.0
-20.0
11.0
4.0
49.0
11.0
-24.0
-49.0
-34.0
-42.0
-24.0
11.0
28.0
27.0
-25.0
-12.0
17.0
-9.0
40.0
40.0
42.0
48.0
23.0
-66.0
-108.0
-142.0
-95.0
-33.0
9.0
5.0
47.0
23.0
24.0
6.0
14.0
37.0
46.0
34.0
38.0
28.0
18.0
5.0
20.0
45.0
68.0
37.0
21.0
-15.0
-56.0
-58.0
-58.0
-75.0
-65.0
-9.0
-13.0
-17.0
-2.0
-33.0
-27.0
-29.0
-20.0
83.0
68.0
36.0
-45.0
-75.0
-99.0
-183.0
-125.0
-111.0
-31.0
-41.0
30.0
33.0
78.0
63.0
36.0
60.0
18.0
20.0
19.0
9.0
-9.0
14.0
48.0
24.0
3.0
9.0
5.0
6.0
-17.0
5.0
18.0
-16.0
4.0
4.0
-17.0
-13.0
15.0
8.0
-13.0
2.0
-9.0
-40.0
-33.0
-32.0
-37.0
-30.0
-9.0
-10.0
-52.0
-28.0
2.0
-3.0
7.0
7.0
-12.0
-13.0
-82.0
-76.0
-57.0
-53.0
-18.0
36.0
75.0
90.0
45.0
14.0
14.0
15.0
35.0
14.0
-26.0
-86.0
-86.0
-56.0
33.0
16.0
26.0
30.0
-13.0
-12.0
-38.0
-6.0
54.0
-32.0
-33.0
52.0
45.0
44.0
-4.0
-10.0
-4.0
-32.0
-29.0
-66.0
0.0
15.0
-2.0
2.0
42.0
36.0
65.0
45.0
31.0
38.0
41.0
62.0
39.0
46.0
-5.0
9.0
-10.0
-82.0
-76.0
-75.0
-55.0
-90.0
-93.0
-88.0
-56.0
-62.0
-38.0
-21.0
-37.0
-50.0
-41.0
-36.0
-66.0
-63.0
-11.0
48.0
24.0
87.0
20.0
-39.0
-49.0
-58.0
-9.0
-11.0
-12.0
-64.0
-92.0
-18.0
-17.0
49.0
21.0
13.0
130.0
128.0
128.0
160.0
154.0
107.0
75.0
102.0
123.0
34.0
-1.0
-5.0
-19.0
-28.0
-46.0
-60.0
-37.0
-25.0
-25.0
-23.0
-40.0
-33.0
-64.0
-10.0
-35.0
-72.0
-26.0
-8.0
-38.0
9.0
15.0
16.0
-6.0
5.0
7.0
-46.0
-71.0
-78.0
-71.0
-35.0
19.0
18.0
-53.0
-43.0
-28.0
-3.0
-52.0
-42.0
-59.0
-37.0
42.0
44.0
-8.0
31.0
45.0
4.0
-28.0
-60.0
-33.0
51.0
-60.0
-64.0
-35.0
-33.0
-2.0
-9.0
-31.0
-28.0
10.0
-1.0
10.0
0.0
24.0
-11.0
-9.0
9.0
52.0
60.0
35.0
40.0
48.0
48.0
-14.0
-14.0
9.0
15.0
-14.0
-8.0
-20.0
-46.0
42.0
44.0
67.0
69.0
32.0
-1.0
60.0
53.0
9.0
-2.0
50.0
55.0
25.0
72.0
-7.0
4.0
-31.0
-21.0
-36.0
3.0
-26.0
-26.0
-71.0
-124.0
-125.0
-108.0
-131.0
-97.0
-87.0
-44.0
-19.0
-12.0
38.0
102.0
66.0
78.0
66.0
35.0
-79.0
-111.0
-49.0
-48.0
-30.0
15.0
107.0
127.0
109.0
90.0
44.0
35.0
43.0
40.0
1.0
-4.0
-7.0
-33.0
-73.0
-44.0
-60.0
-44.0
-18.0
-16.0
-46.0
-22.0
-70.0
-72.0
-41.0
-40.0
-44.0
-50.0
-46.0
-43.0
-27.0
29.0
11.0
66.0
43.0
-31.0
-86.0
-39.0
-32.0
-31.0
15.0
40.0
25.0
16.0
-13.0
-11.0
-3.0
31.0
10.0
3.0
-14.0
-44.0
-41.0
1.0
4.0
-14.0
36.0
23.0
14.0
4.0
10.0
50.0
-90.0
-65.0
73.0
51.0
0.0
-25.0
-2.0
-7.0
26.0
17.0
-18.0
-21.0
-20.0
-10.0
-26.0
-28.0
13.0
14.0
24.0
2.0
28.0
46.0
-34.0
-29.0
10.0
65.0
-1.0
-12.0
-38.0
-49.0
-94.0
-92.0
-82.0
-103.0
-88.0
-63.0
-9.0
-7.0
-16.0
29.0
66.0
98.0
82.0
112.0
66.0
43.0
20.0
11.0
18.0
23.0
85.0
83.0
24.0
15.0
-39.0
-30.0
-62.0
-58.0
-18.0
26.0
42.0
-2.0
-35.0
-41.0
-9.0
-29.0
-50.0
-48.0
-38.0
-29.0
-15.0
-40.0
-66.0
-46.0
-55.0
-28.0
-18.0
-22.0
22.0
2.0
-18.0
-32.0
-39.0
10.0
-39.0
17.0
0.0
1.0
-39.0
-9.0
-21.0
-34.0
-27.0
-49.0
-28.0
-17.0
16.0
17.0
38.0
12.0
11.0
30.0
50.0
91.0
61.0
35.0
-5.0
-2.0
7.0
52.0
2.0
21.0
26.0
16.0
11.0
48.0
22.0
16.0
-82.0
-13.0
-32.0
-17.0
-31.0
-10.0
-37.0
1.0
-17.0
-11.0
18.0
-18.0
-50.0
-60.0
-21.0
-16.0
-2.0
44.0
18.0
19.0
-31.0
-97.0
-96.0
-69.0
58.0
64.0
22.0
-9.0
-7.0
-3.0
15.0
-22.0
-29.0
2.0
32.0
-28.0
-33.0
32.0
75.0
78.0
57.0
56.0
59.0
-31.0
-28.0
-15.0
8.0
23.0
10.0
7.0
-17.0
-28.0
-6.0
21.0
22.0
31.0
-25.0
-23.0
-4.0
6.0
43.0
38.0
-45.0
-26.0
39.0
26.0
-10.0
-7.0
19.0
17.0
-39.0
-65.0
-106.0
-106.0
-50.0
-45.0
-68.0
14.0
-44.0
-53.0
-72.0
-12.0
26.0
2.0
-30.0
-26.0
-28.0
19.0
28.0
26.0
38.0
45.0
60.0
31.0
20.0
20.0
-8.0
-84.0
-55.0
-54.0
-74.0
-10.0
58.0
42.0
-16.0
-6.0
6.0
46.0
3.0
5.0
-2.0
69.0
13.0
10.0
-36.0
-29.0
10.0
35.0
5.0
3.0
-13.0
9.0
8.0
7.0
-28.0
21.0
-51.0
-80.0
-57.0
-61.0
-47.0
-67.0
-50.0
24.0
41.0
-12.0
32.0
-2.0
-8.0
1.0
-30.0
15.0
7.0
34.0
7.0
13.0
-1.0
-50.0
-66.0
-70.0
-125.0
-1.0
9.0
44.0
31.0
-11.0
-29.0
18.0
85.0
87.0
59.0
43.0
21.0
8.0
-122.0
-125.0
-102.0
-52.0
59.0
66.0
146.0
57.0
-80.0
-28.0
-63.0
-36.0
13.0
35.0
52.0
59.0
46.0
-3.0
-11.0
-6.0
20.0
-32.0
-4.0
-14.0
2.0
6.0
33.0
3.0
2.0
2.0
-26.0
6.0
8.0
26.0
-28.0
-25.0
-31.0
-28.0
-14.0
-27.0
-47.0
-13.0
2.0
-33.0
-27.0
-29.0
-9.0
-10.0
-30.0
-28.0
-36.0
-35.0
-23.0
-41.0
22.0
19.0
91.0
62.0
43.0
16.0
-29.0
7.0
2.0
-12.0
-49.0
-53.0
-77.0
18.0
18.0
2.0
-5.0
-11.0
-11.0
15.0
-5.0
-7.0
19.0
-6.0
-24.0
-12.0
-6.0
-5.0
-18.0
-2.0
-5.0
-5.0
33.0
14.0
-60.0
-72.0
-38.0
-28.0
14.0
-2.0
-30.0
-33.0
27.0
32.0
19.0
-15.0
-39.0
40.0
-15.0
-12.0
62.0
61.0
68.0
13.0
43.0
28.0
30.0
-13.0
-8.0
-11.0
-55.0
-48.0
-42.0
-63.0
-33.0
-34.0
-10.0
-32.0
-21.0
-46.0
-58.0
-54.0
28.0
49.0
34.0
36.0
22.0
-6.0
8.0
18.0
26.0
22.0
29.0
-49.0
-43.0
-1.0
-6.0
-10.0
37.0
20.0
21.0
24.0
57.0
11.0
7.0
-5.0
3.0
15.0
-17.0
-14.0
0.0
1.0
-18.0
4.0
-31.0
-44.0
-53.0
-47.0
-9.0
41.0
26.0
20.0
-13.0
-32.0
-12.0
15.0
25.0
27.0
70.0
55.0
-3.0
-2.0
-56.0
-61.0
-8.0
-51.0
-145.0
-99.0
36.0
49.0
50.0
49.0
12.0
-46.0
-60.0
7.0
6.0
-61.0
-87.0
15.0
68.0
64.0
63.0
30.0
29.0
-8.0
-5.0
19.0
15.0
45.0
77.0
74.0
78.0
7.0
-93.0
-68.0
-99.0
-87.0
-26.0
15.0
66.0
61.0
-5.0
-7.0
-17.0
-16.0
-48.0
-41.0
-32.0
-9.0
-19.0
-18.0
-22.0
27.0
-9.0
-1.0
-8.0
32.0
-21.0
-23.0
-88.0
-81.0
-110.0
21.0
47.0
12.0
15.0
59.0
37.0
3.0
37.0
41.0
28.0
-15.0
-3.0
15.0
2.0
15.0
22.0
-7.0
-12.0
-9.0
3.0
-1.0
11.0
6.0
8.0
11.0
14.0
-21.0
0.0
-1.0
66.0
-7.0
19.0
-18.0
-40.0
7.0
17.0
-64.0
-9.0
-12.0
15.0
-9.0
-24.0
-33.0
-23.0
-56.0
-8.0
-5.0
-51.0
-57.0
-40.0
-24.0
43.0
-18.0
5.0
30.0
-4.0
-70.0
-63.0
-62.0
-63.0
-26.0
-4.0
-18.0
-14.0
-21.0
-9.0
24.0
33.0
39.0
94.0
25.0
61.0
72.0
22.0
14.0
2.0
-29.0
-71.0
-69.0
-28.0
-25.0
-29.0
-19.0
-4.0
3.0
-17.0
-28.0
-30.0
-38.0
-13.0
-12.0
-10.0
38.0
77.0
80.0
18.0
-11.0
11.0
12.0
60.0
-26.0
-5.0
29.0
34.0
-5.0
1.0
-8.0
42.0
40.0
-32.0
-27.0
-64.0
-68.0
-28.0
-8.0
-8.0
-48.0
-40.0
-46.0
-69.0
-67.0
-62.0
-50.0
-30.0
44.0
53.0
17.0
-77.0
-78.0
16.0
-18.0
-45.0
39.0
52.0
-4.0
-37.0
-33.0
-7.0
-8.0
24.0
36.0
35.0
-49.0
-64.0
-28.0
-20.0
9.0
27.0
31.0
73.0
108.0
88.0
70.0
65.0
2.0
-20.0
4.0
-5.0
4.0
-37.0
-13.0
-61.0
-78.0
-39.0
-65.0
-62.0
-88.0
-32.0
-35.0
-11.0
5.0
-8.0
9.0
72.0
39.0
25.0
-35.0
-57.0
-62.0
-33.0
-37.0
-37.0
21.0
-32.0
-3.0
-27.0
4.0
8.0
12.0
5.0
-26.0
-35.0
-51.0
-24.0
-85.0
-154.0
-88.0
29.0
30.0
81.0
50.0
53.0
-37.0
-46.0
5.0
52.0
111.0
117.0
117.0
68.0
47.0
-23.0
-63.0
-19.0
41.0
17.0
-52.0
1.0
7.0
55.0
46.0
-19.0
-26.0
12.0
45.0
25.0
18.0
59.0
66.0
41.0
11.0
7.0
0.0
-2.0
-39.0
-38.0
-72.0
-49.0
-51.0
-50.0
-48.0
-39.0
-20.0
19.0
-2.0
-16.0
13.0
-11.0
-9.0
-13.0
12.0
28.0
-7.0
-16.0
4.0
-6.0
-33.0
4.0
7.0
1.0
-13.0
-8.0
22.0
5.0
20.0
-6.0
15.0
3.0
5.0
-8.0
-68.0
-68.0
-26.0
-3.0
41.0
46.0
15.0
-26.0
-35.0
-30.0
14.0
8.0
6.0
20.0
24.0
41.0
-1.0
-58.0
-59.0
-29.0
-19.0
-26.0
0.0
-30.0
-50.0
-52.0
-4.0
-19.0
-24.0
15.0
-13.0
-5.0
16.0
-34.0
-52.0
-69.0
27.0
26.0
35.0
-16.0
-34.0
-4.0
0.0
-9.0
67.0
79.0
77.0
28.0
22.0
7.0
60.0
48.0
34.0
2.0
22.0
48.0
81.0
21.0
18.0
-20.0
-52.0
-68.0
-33.0
-74.0
-66.0
-88.0
-83.0
-57.0
-61.0
-26.0
-24.0
5.0
32.0
42.0
25.0
79.0
31.0
-29.0
-31.0
37.0
51.0
38.0
7.0
2.0
-32.0
-31.0
-7.0
-4.0
-5.0
-28.0
-29.0
12.0
17.0
-2.0
-29.0
-41.0
31.0
-17.0
-13.0
-35.0
-13.0
-64.0
-82.0
-73.0
-3.0
26.0
-5.0
-49.0
-42.0
-18.0
6.0
-38.0
12.0
21.0
20.0
-49.0
-44.0
-99.0
-101.0
-85.0
-125.0
-111.0
-105.0
-124.0
-23.0
70.0
38.0
-4.0
-1.0
-20.0
21.0
61.0
145.0
90.0
28.0
14.0
25.0
82.0
81.0
75.0
79.0
37.0
15.0
41.0
24.0
38.0
30.0
-7.0
-7.0
2.0
-3.0
9.0
-23.0
21.0
60.0
13.0
23.0
-6.0
-11.0
-43.0
-59.0
-48.0
-53.0
37.0
-12.0
-36.0
-17.0
-73.0
-71.0
-33.0
-18.0
-5.0
-1.0
-9.0
26.0
18.0
-21.0
6.0
11.0
48.0
52.0
-30.0
-46.0
-92.0
-89.0
-71.0
-58.0
2.0
8.0
52.0
60.0
43.0
-9.0
20.0
39.0
56.0
59.0
37.0
31.0
-2.0
-23.0
-6.0
-34.0
-38.0
-11.0
-12.0
2.0
-38.0
-34.0
3.0
0.0
-17.0
-25.0
-39.0
-13.0
-4.0
-19.0
11.0
5.0
-30.0
-13.0
4.0
20.0
49.0
-21.0
-24.0
5.0
21.0
26.0
22.0
19.0
-30.0
-138.0
-67.0
-65.0
-64.0
47.0
84.0
81.0
49.0
-30.0
-76.0
-85.0
-24.0
-11.0
-30.0
-39.0
28.0
22.0
46.0
3.0
6.0
-34.0
13.0
24.0
36.0
7.0
47.0
49.0
26.0
31.0
-26.0
25.0
-31.0
-39.0
-42.0
48.0
15.0
11.0
25.0
-4.0
-16.0
-11.0
-30.0
-37.0
-57.0
-40.0
-59.0
-59.0
19.0
-19.0
-12.0
21.0
24.0
-11.0
-16.0
-17.0
78.0
73.0
56.0
35.0
3.0
-21.0
-5.0
-1.0
38.0
1.0
31.0
24.0
-13.0
-23.0
-80.0
-55.0
-118.0
-83.0
-65.0
-70.0
-37.0
-40.0
2.0
124.0
49.0
34.0
58.0
42.0
66.0
65.0
30.0
31.0
-13.0
-17.0
-27.0
31.0
13.0
32.0
2.0
-60.0
-44.0
-44.0
-35.0
-43.0
-107.0
-54.0
-42.0
-109.0
-118.0
-111.0
-66.0
-63.0
67.0
112.0
85.0
126.0
158.0
134.0
151.0
53.0
0.0
-9.0
22.0
0.0
18.0
26.0
5.0
9.0
-57.0
-61.0
-67.0
-70.0
-64.0
-53.0
-24.0
-28.0
16.0
-43.0
-64.0
-48.0
2.0
2.0
-12.0
-7.0
-30.0
10.0
-2.0
-20.0
-22.0
-46.0
-57.0
-59.0
11.0
29.0
15.0
21.0
-9.0
-53.0
-53.0
-1.0
-33.0
-29.0
-17.0
5.0
-16.0
-47.0
-27.0
-28.0
-75.0
-54.0
-38.0
-45.0
80.0
92.0
49.0
44.0
-8.0
-14.0
-3.0
-20.0
9.0
6.0
16.0
13.0
36.0
29.0
54.0
70.0
85.0
76.0
30.0
27.0
29.0
-11.0
-46.0
-22.0
6.0
-15.0
-19.0
-30.0
-38.0
-41.0
-58.0
-75.0
-26.0
-42.0
-66.0
-73.0
-61.0
-36.0
-23.0
-28.0
-4.0
-9.0
18.0
30.0
-83.0
-61.0
-48.0
-21.0
-8.0
-13.0
-29.0
36.0
43.0
-4.0
-2.0
-13.0
9.0
-29.0
-16.0
-17.0
28.0
-48.0
-76.0
-2.0
18.0
145.0
85.0
8.0
-80.0
-85.0
-230.0
-100.0
13.0
-45.0
12.0
47.0
65.0
76.0
163.0
166.0
166.0
141.0
103.0
50.0
46.0
29.0
51.0
-12.0
-13.0
-12.0
-49.0
-27.0
-29.0
14.0
28.0
-13.0
-33.0
0.0
-40.0
-38.0
-42.0
-54.0
-79.0
-23.0
-33.0
-44.0
-14.0
-26.0
-20.0
-25.0
-13.0
-46.0
7.0
-13.0
25.0
-37.0
7.0
25.0
-15.0
-18.0
-80.0
-66.0
-52.0
-5.0
11.0
6.0
28.0
34.0
39.0
41.0
22.0
0.0
10.0
4.0
5.0
-9.0
-102.0
-78.0
-29.0
-29.0
-53.0
-81.0
-33.0
-43.0
-7.0
-31.0
-40.0
68.0
83.0
86.0
107.0
151.0
51.0
38.0
52.0
62.0
59.0
42.0
-33.0
-26.0
-29.0
-67.0
-40.0
-16.0
-44.0
-64.0
-45.0
-22.0
-9.0
-7.0
46.0
-45.0
-39.0
-27.0
-141.0
-105.0
14.0
20.0
-3.0
-4.0
-44.0
-29.0
7.0
99.0
48.0
18.0
22.0
68.0
50.0
46.0
59.0
32.0
33.0
-10.0
6.0
-69.0
-8.0
-17.0
12.0
11.0
26.0
18.0
-21.0
-47.0
-121.0
-37.0
-29.0
-25.0
5.0
12.0
39.0
77.0
-4.0
-10.0
-8.0
46.0
-36.0
-66.0
-36.0
-35.0
17.0
15.0
-45.0
-7.0
-39.0
-46.0
-59.0
-69.0
-46.0
-41.0
31.0
28.0
81.0
47.0
63.0
64.0
53.0
52.0
87.0
81.0
76.0
23.0
-10.0
-37.0
-28.0
14.0
-11.0
-30.0
-98.0
-98.0
-82.0
26.0
10.0
-16.0
-22.0
-68.0
-97.0
-40.0
-128.0
-130.0
-67.0
-9.0
2.0
6.0
36.0
20.0
-64.0
-88.0
-63.0
-60.0
-6.0
59.0
86.0
44.0
70.0
43.0
63.0
75.0
26.0
24.0
-25.0
-25.0
4.0
-96.0
-4.0
25.0
102.0
4.0
31.0
35.0
35.0
38.0
35.0
-49.0
-1.0
-25.0
-25.0
5.0
-13.0
-12.0
-5.0
6.0
-33.0
-16.0
-19.0
-56.0
-31.0
2.0
6.0
9.0
-20.0
-23.0
-35.0
-61.0
-55.0
13.0
37.0
37.0
47.0
46.0
11.0
-5.0
3.0
-32.0
-39.0
-43.0
13.0
-28.0
-1.0
-3.0
0.0
18.0
-3.0
-2.0
4.0
-28.0
-74.0
46.0
40.0
45.0
-1.0
-42.0
-37.0
6.0
-6.0
-35.0
18.0
15.0
2.0
-1.0
-102.0
-50.0
-36.0
-24.0
-19.0
44.0
-4.0
2.0
2.0
-4.0
-70.0
-152.0
-91.0
-134.0
-110.0
-12.0
37.0
84.0
147.0
154.0
134.0
110.0
93.0
96.0
46.0
-30.0
72.0
57.0
43.0
39.0
55.0
-19.0
7.0
-26.0
-9.0
70.0
55.0
35.0
-11.0
-8.0
-18.0
25.0
56.0
43.0
33.0
-18.0
-65.0
-56.0
-132.0
-139.0
-77.0
-28.0
-18.0
-42.0
-22.0
9.0
16.0
14.0
9.0
12.0
-47.0
-30.0
-44.0
-26.0
-36.0
-23.0
-54.0
-15.0
-15.0
-14.0
1.0
4.0
-50.0
-47.0
-87.0
-61.0
-31.0
13.0
26.0
30.0
62.0
-67.0
-100.0
-34.0
-3.0
-25.0
-19.0
18.0
25.0
26.0
36.0
31.0
12.0
-3.0
44.0
26.0
55.0
22.0
7.0
5.0
-29.0
12.0
25.0
-9.0
38.0
12.0
-9.0
-17.0
-74.0
-79.0
-46.0
7.0
-22.0
6.0
-19.0
15.0
9.0
9.0
-4.0
0.0
-26.0
-12.0
-2.0
-36.0
25.0
12.0
-28.0
-15.0
-56.0
-55.0
16.0
3.0
-3.0
21.0
-3.0
-12.0
-24.0
25.0
27.0
28.0
-21.0
-57.0
-52.0
-11.0
-4.0
53.0
28.0
-15.0
-52.0
-54.0
26.0
92.0
45.0
-10.0
-13.0
-28.0
-34.0
-11.0
-2.0
-1.0
16.0
19.0
-43.0
-57.0
-56.0
-54.0
-84.0
-83.0
-79.0
-81.0
-10.0
17.0
12.0
15.0
38.0
-5.0
30.0
43.0
103.0
100.0
62.0
41.0
73.0
36.0
100.0
40.0
42.0
73.0
53.0
48.0
-20.0
-32.0
-62.0
-46.0
-25.0
-32.0
13.0
18.0
-31.0
-36.0
-3.0
-29.0
-25.0
-22.0
-24.0
-33.0
-31.0
-26.0
-11.0
-8.0
-40.0
-59.0
-13.0
26.0
51.0
9.0
-9.0
-57.0
-44.0
-46.0
-52.0
-41.0
-19.0
50.0
-7.0
25.0
-54.0
-47.0
30.0
31.0
15.0
-41.0
-69.0
-7.0
32.0
-2.0
0.0
-16.0
39.0
39.0
-15.0
-52.0
-85.0
-50.0
1.0
28.0
-30.0
38.0
13.0
7.0
24.0
27.0
-37.0
-63.0
-107.0
-138.0
4.0
84.0
36.0
38.0
-23.0
-56.0
-28.0
38.0
26.0
43.0
105.0
36.0
-31.0
-31.0
-38.0
3.0
35.0
59.0
65.0
29.0
-2.0
-20.0
-39.0
-43.0
-18.0
1.0
-45.0
-38.0
-39.0
9.0
29.0
72.0
61.0
58.0
86.0
39.0
16.0
16.0
51.0
-4.0
-14.0
-77.0
-58.0
-43.0
-11.0
13.0
-40.0
14.0
-1.0
-50.0
14.0
-24.0
-26.0
-28.0
-10.0
-24.0
-36.0
-46.0
-109.0
-53.0
-65.0
-35.0
9.0
5.0
27.0
73.0
64.0
63.0
48.0
81.0
83.0
53.0
14.0
8.0
15.0
21.0
10.0
-7.0
-24.0
-19.0
-29.0
-50.0
-47.0
-45.0
-39.0
-37.0
-31.0
-19.0
-36.0
-14.0
-38.0
-26.0
-43.0
-44.0
-32.0
-46.0
-24.0
14.0
3.0
48.0
48.0
28.0
-70.0
-79.0
-221.0
-121.0
24.0
23.0
53.0
31.0
-11.0
-29.0
-26.0
-27.0
-12.0
-11.0
-23.0
29.0
95.0
74.0
58.0
70.0
70.0
73.0
87.0
37.0
-20.0
-99.0
-38.0
-39.0
-121.0
-41.0
36.0
37.0
32.0
12.0
-72.0
-50.0
-31.0
24.0
32.0
0.0
37.0
41.0
37.0
-32.0
-9.0
19.0
-5.0
18.0
16.0
-10.0
-15.0
-12.0
12.0
23.0
-37.0
-8.0
34.0
28.0
-23.0
-33.0
-51.0
-46.0
-16.0
27.0
39.0
-22.0
-14.0
-47.0
-15.0
-73.0
-76.0
-77.0
-36.0
1.0
-3.0
18.0
-8.0
17.0
37.0
59.0
59.0
61.0
26.0
-5.0
-35.0
-32.0
30.0
40.0
39.0
25.0
50.0
51.0
100.0
-2.0
-64.0
-70.0
-10.0
-57.0
-57.0
-70.0
-70.0
-67.0
-80.0
-78.0
-67.0
-19.0
-28.0
25.0
-3.0
-31.0
-31.0
-31.0
-18.0
-20.0
-49.0
0.0
60.0
82.0
59.0
45.0
20.0
22.0
16.0
-4.0
-7.0
-16.0
28.0
48.0
-11.0
-18.0
-19.0
-17.0
-19.0
-63.0
-10.0
4.0
-31.0
-33.0
-19.0
-93.0
-13.0
-11.0
-28.0
-57.0
-26.0
5.0
6.0
5.0
4.0
27.0
89.0
90.0
139.0
50.0
52.0
49.0
88.0
70.0
51.0
52.0
-11.0
-8.0
-2.0
-62.0
-62.0
-36.0
-40.0
-27.0
2.0
9.0
-38.0
-42.0
-95.0
-109.0
-71.0
-67.0
-2.0
-3.0
0.0
-29.0
-17.0
-26.0
30.0
22.0
-24.0
-98.0
-155.0
-99.0
-57.0
-13.0
10.0
3.0
-5.0
22.0
-1.0
-66.0
-35.0
-97.0
-25.0
18.0
75.0
79.0
112.0
140.0
138.0
106.0
116.0
127.0
31.0
49.0
80.0
83.0
108.0
121.0
86.0
-40.0
-116.0
-26.0
-78.0
-64.0
-68.0
-63.0
-78.0
-49.0
-24.0
35.0
53.0
7.0
-15.0
-45.0
-15.0
-18.0
0.0
3.0
-100.0
-68.0
-63.0
-79.0
-54.0
-40.0
-77.0
-77.0
-26.0
-1.0
-22.0
-29.0
-7.0
25.0
-4.0
-3.0
-27.0
-29.0
18.0
42.0
14.0
-14.0
-12.0
-10.0
-81.0
-75.0
16.0
21.0
37.0
38.0
9.0
25.0
14.0
28.0
32.0
-19.0
50.0
48.0
65.0
-7.0
13.0
-53.0
-7.0
27.0
7.0
-9.0
-2.0
4.0
13.0
25.0
33.0
44.0
-11.0
-79.0
-54.0
-39.0
-25.0
-20.0
-24.0
-98.0
-32.0
4.0
-23.0
-4.0
-17.0
93.0
44.0
41.0
-2.0
14.0
18.0
-14.0
-23.0
-10.0
1.0
-1.0
11.0
9.0
4.0
-32.0
-50.0
-84.0
-86.0
-74.0
-100.0
-24.0
31.0
33.0
72.0
89.0
56.0
47.0
103.0
83.0
88.0
7.0
40.0
38.0
10.0
-82.0
20.0
12.0
-24.0
-10.0
-66.0
-78.0
-103.0
-100.0
-56.0
52.0
64.0
-29.0
-31.0
37.0
-1.0
-48.0
-95.0
-102.0
-75.0
-88.0
-46.0
27.0
40.0
28.0
27.0
50.0
21.0
24.0
30.0
92.0
51.0
42.0
13.0
-18.0
-11.0
-54.0
-33.0
-33.0
10.0
-14.0
-9.0
8.0
-52.0
-38.0
-20.0
-25.0
28.0
22.0
-87.0
-47.0
-19.0
-67.0
-35.0
-96.0
-44.0
-20.0
44.0
41.0
17.0
44.0
57.0
65.0
2.0
-40.0
6.0
6.0
-19.0
-21.0
-13.0
-23.0
-8.0
-33.0
-59.0
-49.0
-99.0
-79.0
-55.0
-59.0
-35.0
36.0
80.0
124.0
101.0
35.0
29.0
132.0
67.0
65.0
39.0
4.0
26.0
55.0
42.0
42.0
96.0
52.0
-30.0
-34.0
-48.0
-98.0
-76.0
-77.0
-98.0
-42.0
-16.0
-30.0
-20.0
-19.0
-9.0
-17.0
-29.0
-51.0
-24.0
11.0
13.0
37.0
3.0
4.0
-4.0
-11.0
-44.0
-19.0
-3.0
18.0
24.0
-29.0
-53.0
-56.0
-21.0
-20.0
0.0
-10.0
-30.0
-90.0
-59.0
-31.0
-2.0
-6.0
-9.0
19.0
-2.0
32.0
55.0
26.0
39.0
-5.0
-41.0
-43.0
3.0
-21.0
-18.0
-10.0
10.0
26.0
-47.0
-41.0
7.0
-3.0
-3.0
-20.0
-69.0
-53.0
-25.0
20.0
7.0
25.0
12.0
3.0
-16.0
-42.0
-52.0
-91.0
-74.0
-52.0
-20.0
-5.0
85.0
88.0
-31.0
-43.0
5.0
64.0
89.0
87.0
38.0
37.0
-34.0
-21.0
11.0
-4.0
-26.0
-33.0
-44.0
-64.0
-18.0
23.0
-42.0
-43.0
-8.0
-28.0
31.0
80.0
88.0
96.0
27.0
24.0
80.0
70.0
98.0
35.0
18.0
42.0
54.0
11.0
-20.0
-21.0
-31.0
-39.0
-17.0
-20.0
-91.0
-65.0
-50.0
-50.0
-13.0
22.0
3.0
5.0
18.0
-38.0
-41.0
-42.0
-19.0
7.0
40.0
22.0
-13.0
-10.0
-5.0
-21.0
-3.0
27.0
-41.0
-28.0
-10.0
-21.0
-18.0
-19.0
-43.0
-72.0
-46.0
-6.0
-2.0
0.0
3.0
-46.0
-32.0
-35.0
-16.0
-26.0
17.0
34.0
-26.0
-14.0
53.0
1.0
-39.0
-38.0
-22.0
-33.0
-20.0
23.0
6.0
35.0
35.0
40.0
31.0
32.0
-43.0
-65.0
-37.0
-16.0
-15.0
-15.0
-26.0
-35.0
13.0
15.0
70.0
47.0
0.0
-46.0
9.0
2.0
22.0
-46.0
-59.0
-59.0
26.0
26.0
46.0
-33.0
-55.0
-33.0
-48.0
8.0
12.0
11.0
19.0
21.0
31.0
24.0
9.0
26.0
9.0
0.0
-44.0
-43.0
-28.0
-48.0
-36.0
-42.0
-67.0
-51.0
-60.0
24.0
51.0
51.0
-9.0
21.0
13.0
121.0
75.0
53.0
43.0
45.0
70.0
70.0
57.0
36.0
17.0
39.0
10.0
19.0
-20.0
-60.0
-39.0
-43.0
-70.0
-58.0
-40.0
-49.0
-74.0
-96.0
-48.0
-31.0
-10.0
-8.0
-23.0
-24.0
-58.0
-15.0
4.0
50.0
78.0
70.0
61.0
59.0
55.0
42.0
0.0
14.0
-3.0
-26.0
-37.0
-19.0
30.0
27.0
32.0
16.0
13.0
-5.0
35.0
22.0
2.0
-11.0
-26.0
-25.0
26.0
-4.0
-4.0
-39.0
-99.0
-81.0
-44.0
-11.0
-17.0
-17.0
-51.0
0.0
17.0
-61.0
-191.0
-151.0
-143.0
-132.0
-58.0
-53.0
54.0
82.0
57.0
38.0
-2.0
-2.0
-17.0
48.0
75.0
87.0
58.0
59.0
77.0
47.0
42.0
33.0
43.0
14.0
3.0
4.0
-20.0
-14.0
-37.0
7.0
40.0
-2.0
-14.0
-1.0
19.0
21.0
24.0
-44.0
-54.0
4.0
-9.0
-11.0
13.0
-8.0
-12.0
-16.0
-22.0
-22.0
-59.0
-59.0
-26.0
-28.0
-13.0
18.0
15.0
12.0
20.0
39.0
63.0
24.0
1.0
15.0
8.0
31.0
33.0
33.0
53.0
65.0
-4.0
-28.0
-91.0
-113.0
-88.0
-91.0
-56.0
-61.0
-46.0
-70.0
-73.0
-59.0
-12.0
-9.0
-11.0
18.0
32.0
31.0
14.0
67.0
57.0
57.0
43.0
-2.0
40.0
8.0
17.0
25.0
41.0
25.0
-22.0
-71.0
-47.0
-18.0
-18.0
-10.0
-7.0
-3.0
-1.0
-37.0
-47.0
-46.0
-51.0
-103.0
-99.0
-69.0
-71.0
-65.0
-5.0
32.0
44.0
40.0
94.0
71.0
40.0
42.0
78.0
79.0
84.0
63.0
71.0
33.0
-24.0
-54.0
-17.0
51.0
-1.0
-3.0
-35.0
-68.0
-94.0
-106.0
-39.0
-42.0
28.0
45.0
57.0
49.0
44.0
-19.0
-19.0
49.0
-26.0
-30.0
-44.0
-95.0
-74.0
-74.0
-25.0
23.0
37.0
16.0
12.0
-72.0
-85.0
-109.0
-127.0
-119.0
-93.0
3.0
12.0
61.0
29.0
15.0
29.0
0.0
-7.0
-4.0
59.0
126.0
85.0
62.0
86.0
55.0
69.0
30.0
-27.0
-27.0
-43.0
-25.0
0.0
-25.0
6.0
-4.0
-4.0
-50.0
-128.0
-131.0
-166.0
-74.0
-11.0
24.0
36.0
36.0
49.0
16.0
-3.0
-4.0
-11.0
-37.0
-44.0
-92.0
-49.0
19.0
13.0
45.0
36.0
39.0
9.0
27.0
56.0
63.0
19.0
-12.0
-93.0
-38.0
-12.0
-13.0
20.0
67.0
-13.0
-37.0
-32.0
-13.0
-20.0
-28.0
-13.0
-8.0
-17.0
-7.0
-68.0
-44.0
-30.0
20.0
15.0
53.0
95.0
95.0
15.0
-12.0
-10.0
-24.0
-54.0
-13.0
-15.0
-39.0
-46.0
-46.0
-77.0
-94.0
-70.0
5.0
-69.0
-9.0
85.0
61.0
44.0
41.0
73.0
87.0
67.0
65.0
44.0
18.0
46.0
30.0
-10.0
-16.0
-16.0
-52.0
-40.0
-6.0
27.0
-55.0
-97.0
-86.0
-56.0
-57.0
-4.0
30.0
65.0
23.0
-11.0
17.0
-15.0
-30.0
-117.0
-118.0
-37.0
62.0
-10.0
8.0
13.0
54.0
16.0
-30.0
-91.0
-97.0
-61.0
15.0
-26.0
16.0
101.0
122.0
112.0
-49.0
-134.0
-129.0
-83.0
-34.0
-52.0
-52.0
3.0
-15.0
41.0
58.0
74.0
72.0
77.0
-27.0
-55.0
-26.0
-61.0
-61.0
-66.0
-52.0
-54.0
-55.0
-16.0
18.0
55.0
53.0
65.0
90.0
49.0
53.0
74.0
77.0
61.0
34.0
23.0
32.0
25.0
69.0
60.0
35.0
-15.0
-18.0
-36.0
-38.0
-77.0
-84.0
-96.0
-69.0
-71.0
-55.0
-57.0
-59.0
-63.0
-57.0
-20.0
-5.0
28.0
-8.0
-18.0
-100.0
-84.0
-83.0
32.0
66.0
85.0
61.0
42.0
22.0
8.0
-15.0
-85.0
-81.0
-7.0
-16.0
-58.0
-69.0
-44.0
-60.0
-64.0
-92.0
-64.0
-65.0
-37.0
73.0
106.0
73.0
18.0
-2.0
-1.0
19.0
19.0
20.0
27.0
32.0
21.0
29.0
27.0
-5.0
-25.0
-32.0
-30.0
-28.0
-18.0
3.0
-33.0
-41.0
-193.0
-166.0
-77.0
17.0
24.0
20.0
61.0
37.0
-13.0
-71.0
-46.0
-76.0
6.0
77.0
68.0
73.0
90.0
94.0
96.0
76.0
122.0
115.0
91.0
90.0
78.0
79.0
35.0
17.0
-31.0
-60.0
-54.0
-21.0
-12.0
-19.0
-11.0
-12.0
-20.0
-69.0
-16.0
-34.0
-23.0
-4.0
-39.0
-21.0
-32.0
-33.0
-39.0
-68.0
-49.0
-30.0
-74.0
-100.0
-91.0
-19.0
-12.0
-11.0
35.0
-40.0
-54.0
-16.0
19.0
-18.0
-48.0
-38.0
25.0
29.0
10.0
43.0
2.0
15.0
-9.0
2.0
5.0
8.0
59.0
58.0
52.0
-90.0
-56.0
-31.0
-28.0
7.0
19.0
24.0
-31.0
-32.0
-24.0
-35.0
-15.0
33.0
-5.0
-27.0
-40.0
-20.0
-32.0
-31.0
-90.0
-70.0
-4.0
41.0
10.0
22.0
51.0
71.0
65.0
63.0
82.0
26.0
-6.0
11.0
4.0
75.0
-33.0
43.0
38.0
42.0
0.0
23.0
-5.0
-46.0
-15.0
-57.0
-24.0
-40.0
-38.0
-45.0
-62.0
-8.0
11.0
19.0
3.0
16.0
24.0
-15.0
17.0
21.0
76.0
35.0
-51.0
-49.0
-91.0
-36.0
-48.0
-3.0
13.0
18.0
59.0
31.0
39.0
14.0
-21.0
-57.0
1.0
-18.0
4.0
-8.0
4.0
19.0
13.0
-1.0
-88.0
-22.0
35.0
44.0
-23.0
-25.0
1.0
-12.0
23.0
32.0
-11.0
-13.0
-28.0
-2.0
53.0
51.0
103.0
33.0
-199.0
-287.0
-187.0
-162.0
-89.0
74.0
103.0
102.0
62.0
82.0
112.0
34.0
-40.0
-61.0
-91.0
2.0
52.0
49.0
35.0
59.0
16.0
2.0
-47.0
-6.0
5.0
-58.0
-37.0
-35.0
83.0
151.0
137.0
146.0
63.0
16.0
41.0
51.0
59.0
53.0
-106.0
-185.0
-172.0
-133.0
-30.0
-16.0
94.0
76.0
36.0
31.0
47.0
57.0
51.0
106.0
22.0
3.0
0.0
-26.0
1.0
2.0
4.0
9.0
-36.0
-49.0
-9.0
-5.0
-59.0
-66.0
-26.0
-25.0
-9.0
3.0
1.0
-25.0
-81.0
-13.0
-70.0
-72.0
-14.0
-20.0
-21.0
-24.0
-5.0
-65.0
-48.0
-84.0
0.0
0.0
-24.0
-15.0
-23.0
68.0
31.0
4.0
-6.0
-35.0
-38.0
-10.0
-29.0
-37.0
-13.0
-24.0
-1.0
17.0
38.0
57.0
45.0
24.0
3.0
5.0
-1.0
-5.0
-1.0
-36.0
-51.0
-14.0
11.0
54.0
-5.0
-6.0
-26.0
-11.0
16.0
21.0
41.0
-26.0
-22.0
-35.0
-22.0
-15.0
-31.0
-45.0
-22.0
-5.0
5.0
9.0
-21.0
-52.0
-14.0
-15.0
55.0
28.0
23.0
48.0
19.0
2.0
39.0
38.0
3.0
8.0
-23.0
-32.0
-22.0
-5.0
-18.0
-25.0
-3.0
35.0
-24.0
-20.0
36.0
53.0
1.0
20.0
-42.0
-38.0
-15.0
38.0
25.0
22.0
-2.0
-45.0
-63.0
-106.0
-79.0
-16.0
-2.0
21.0
-40.0
-39.0
1.0
10.0
1.0
-105.0
-139.0
-58.0
7.0
54.0
84.0
79.0
20.0
1.0
48.0
58.0
4.0
44.0
63.0
33.0
23.0
22.0
46.0
40.0
84.0
57.0
0.0
3.0
-8.0
-32.0
-54.0
-53.0
-51.0
-60.0
-73.0
8.0
35.0
24.0
4.0
-12.0
-17.0
-23.0
-45.0
-60.0
-36.0
-7.0
-25.0
-6.0
-66.0
-77.0
-77.0
-75.0
-39.0
-48.0
19.0
34.0
-9.0
-25.0
-11.0
-5.0
-7.0
-7.0
6.0
-10.0
-50.0
-17.0
63.0
76.0
-43.0
-116.0
-42.0
-38.0
26.0
32.0
36.0
-22.0
-25.0
-17.0
13.0
37.0
76.0
76.0
59.0
46.0
39.0
73.0
67.0
44.0
13.0
-14.0
15.0
18.0
53.0
-62.0
-38.0
1.0
28.0
63.0
4.0
-5.0
-55.0
-52.0
-51.0
-43.0
-40.0
-79.0
-88.0
-102.0
-59.0
-22.0
27.0
22.0
-28.0
-40.0
-26.0
30.0
34.0
46.0
88.0
55.0
26.0
26.0
51.0
50.0
-89.0
-32.0
-2.0
2.0
-8.0
32.0
-9.0
-13.0
-5.0
-15.0
-1.0
-78.0
-34.0
-44.0
-68.0
-59.0
-40.0
-41.0
-20.0
-66.0
-68.0
-39.0
-20.0
-11.0
34.0
70.0
64.0
58.0
-5.0
-97.0
-28.0
51.0
75.0
45.0
17.0
18.0
-2.0
1.0
2.0
-5.0
-29.0
-79.0
-69.0
-4.0
56.0
99.0
62.0
54.0
40.0
-53.0
-56.0
-6.0
-26.0
-39.0
-54.0
-9.0
-20.0
-18.0
20.0
-41.0
-74.0
-202.0
-88.0
-48.0
26.0
39.0
89.0
93.0
98.0
112.0
108.0
135.0
108.0
79.0
-3.0
-46.0
-2.0
-5.0
-55.0
-13.0
-23.0
-62.0
-96.0
-36.0
-15.0
-46.0
-49.0
-38.0
-85.0
45.0
68.0
22.0
-79.0
-38.0
-97.0
11.0
25.0
27.0
30.0
74.0
96.0
102.0
88.0
61.0
45.0
24.0
7.0
5.0
41.0
57.0
51.0
26.0
8.0
-30.0
-69.0
-92.0
-60.0
-63.0
-41.0
-30.0
-20.0
28.0
26.0
-25.0
-40.0
-39.0
7.0
11.0
-22.0
-29.0
-43.0
-55.0
-44.0
-3.0
-63.0
-36.0
-29.0
-28.0
-41.0
-15.0
-39.0
-36.0
-10.0
33.0
-24.0
-9.0
7.0
3.0
-22.0
-22.0
-42.0
-20.0
24.0
6.0
14.0
-13.0
-36.0
-38.0
-50.0
-30.0
-5.0
22.0
-35.0
-47.0
-20.0
-42.0
-20.0
-26.0
-40.0
27.0
17.0
26.0
3.0
7.0
19.0
-37.0
6.0
4.0
-14.0
-20.0
4.0
-49.0
13.0
16.0
-35.0
-12.0
50.0
51.0
70.0
40.0
18.0
47.0
40.0
22.0
37.0
35.0
42.0
42.0
20.0
17.0
-11.0
-12.0
-38.0
-10.0
14.0
-56.0
-33.0
-32.0
-44.0
-22.0
-28.0
-19.0
-5.0
6.0
44.0
15.0
6.0
14.0
44.0
-13.0
-30.0
50.0
57.0
31.0
-4.0
-11.0
-86.0
-86.0
-24.0
38.0
43.0
17.0
-61.0
-90.0
-70.0
0.0
7.0
4.0
-56.0
-63.0
-20.0
-24.0
27.0
-21.0
-13.0
-19.0
57.0
59.0
-57.0
-98.0
-72.0
-14.0
-24.0
31.0
63.0
49.0
27.0
26.0
34.0
51.0
65.0
52.0
30.0
42.0
28.0
29.0
40.0
37.0
39.0
-65.0
-63.0
-149.0
-46.0
-22.0
33.0
44.0
61.0
64.0
25.0
12.0
-4.0
8.0
-17.0
-34.0
-42.0
-5.0
-2.0
-1.0
4.0
-4.0
-24.0
-57.0
-43.0
15.0
-2.0
26.0
7.0
9.0
-7.0
-15.0
7.0
-7.0
0.0
50.0
32.0
19.0
24.0
21.0
-42.0
-50.0
6.0
-24.0
-18.0
-72.0
-15.0
68.0
19.0
18.0
-20.0
-6.0
-48.0
-63.0
-75.0
-34.0
-23.0
3.0
-13.0
-7.0
-26.0
-15.0
-21.0
-29.0
0.0
-20.0
-10.0
-37.0
0.0
5.0
20.0
-7.0
24.0
9.0
-35.0
9.0
-6.0
-41.0
-5.0
-7.0
-7.0
10.0
33.0
17.0
-1.0
-25.0
-36.0
-24.0
-22.0
-18.0
5.0
-23.0
-37.0
0.0
39.0
14.0
2.0
12.0
-12.0
-13.0
20.0
52.0
11.0
-12.0
-30.0
6.0
72.0
30.0
24.0
27.0
-17.0
-40.0
-9.0
74.0
87.0
51.0
-2.0
18.0
-12.0
-7.0
-16.0
-11.0
-26.0
29.0
48.0
77.0
-20.0
-104.0
-79.0
-77.0
-14.0
-142.0
-145.0
-82.0
-29.0
78.0
117.0
28.0
-95.0
-94.0
-235.0
-173.0
-87.0
25.0
67.0
86.0
26.0
13.0
67.0
71.0
55.0
116.0
129.0
101.0
50.0
30.0
77.0
29.0
68.0
66.0
13.0
28.0
43.0
-17.0
-17.0
-13.0
6.0
-31.0
2.0
2.0
19.0
-19.0
-19.0
-3.0
-16.0
-43.0
-13.0
-47.0
-61.0
-65.0
-62.0
-37.0
33.0
-15.0
-79.0
-52.0
-48.0
10.0
-28.0
-28.0
-66.0
-58.0
-8.0
-7.0
-9.0
28.0
1.0
73.0
25.0
23.0
-17.0
-54.0
-22.0
-9.0
21.0
-5.0
-30.0
-10.0
-6.0
-4.0
4.0
-9.0
47.0
68.0
9.0
1.0
25.0
-39.0
-24.0
-26.0
26.0
15.0
-6.0
-37.0
-22.0
-17.0
-9.0
-17.0
-59.0
-59.0
-57.0
-32.0
-28.0
20.0
2.0
13.0
10.0
13.0
-16.0
-7.0
23.0
-6.0
-18.0
-53.0
-30.0
-31.0
47.0
-12.0
-73.0
-76.0
-58.0
-21.0
18.0
-10.0
11.0
-17.0
-22.0
31.0
-2.0
-5.0
32.0
35.0
-33.0
-18.0
-6.0
14.0
1.0
-26.0
-58.0
-58.0
-52.0
-22.0
-27.0
9.0
42.0
67.0
63.0
66.0
64.0
68.0
131.0
121.0
74.0
-3.0
-32.0
25.0
13.0
22.0
26.0
20.0
-41.0
-27.0
-68.0
-36.0
-7.0
-28.0
-62.0
-46.0
-33.0
-39.0
-60.0
-43.0
-64.0
-48.0
-32.0
-35.0
-15.0
-34.0
-25.0
-29.0
-40.0
-54.0
-53.0
-53.0
-29.0
4.0
40.0
-9.0
64.0
68.0
63.0
2.0
-42.0
-26.0
-13.0
11.0
48.0
34.0
0.0
-6.0
58.0
2.0
-107.0
-96.0
-73.0
-10.0
51.0
32.0
-3.0
-8.0
-79.0
-81.0
-28.0
-57.0
-19.0
88.0
95.0
63.0
71.0
74.0
26.0
8.0
3.0
16.0
-8.0
44.0
26.0
9.0
24.0
24.0
6.0
-25.0
19.0
50.0
17.0
-46.0
28.0
7.0
-41.0
-46.0
-153.0
-106.0
6.0
52.0
23.0
45.0
48.0
29.0
-3.0
-4.0
-36.0
7.0
4.0
-30.0
-61.0
-69.0
-31.0
-26.0
-36.0
-33.0
-12.0
51.0
24.0
23.0
15.0
2.0
-29.0
-6.0
-12.0
-12.0
-39.0
7.0
32.0
13.0
24.0
24.0
37.0
-3.0
32.0
34.0
-42.0
-49.0
-42.0
1.0
-63.0
-59.0
-23.0
2.0
-23.0
-23.0
-7.0
-11.0
-4.0
-17.0
-11.0
9.0
89.0
15.0
-5.0
-5.0
-18.0
-5.0
28.0
32.0
49.0
13.0
-2.0
40.0
-10.0
-13.0
-11.0
-30.0
-70.0
1.0
38.0
29.0
-14.0
14.0
8.0
8.0
6.0
-36.0
-59.0
-69.0
-68.0
-52.0
-24.0
1.0
4.0
6.0
-26.0
-42.0
-72.0
-29.0
2.0
-7.0
2.0
13.0
6.0
5.0
-19.0
-16.0
8.0
38.0
-4.0
16.0
53.0
15.0
9.0
6.0
24.0
37.0
46.0
39.0
12.0
30.0
33.0
24.0
24.0
25.0
16.0
5.0
-39.0
-64.0
-169.0
-74.0
-12.0
0.0
5.0
4.0
-25.0
-26.0
-17.0
-48.0
-36.0
25.0
12.0
21.0
16.0
12.0
-26.0
-86.0
-51.0
-24.0
35.0
39.0
18.0
-3.0
-5.0
-5.0
-15.0
-62.0
-13.0
-9.0
19.0
52.0
11.0
-33.0
-75.0
-72.0
-44.0
-190.0
-93.0
-30.0
35.0
94.0
78.0
59.0
43.0
42.0
33.0
26.0
30.0
43.0
79.0
88.0
77.0
22.0
11.0
8.0
48.0
23.0
26.0
74.0
35.0
27.0
44.0
9.0
-38.0
-40.0
-22.0
-57.0
-76.0
-74.0
-57.0
-56.0
-32.0
-13.0
-3.0
4.0
2.0
-26.0
-17.0
-31.0
-8.0
6.0
-15.0
-49.0
5.0
2.0
20.0
18.0
-18.0
-32.0
-32.0
-73.0
-83.0
-57.0
-46.0
-46.0
-64.0
-39.0
61.0
62.0
81.0
-8.0
3.0
38.0
34.0
32.0
74.0
63.0
38.0
36.0
7.0
2.0
-39.0
-29.0
29.0
22.0
-27.0
-68.0
-6.0
6.0
-33.0
-70.0
-55.0
-97.0
-105.0
-106.0
-69.0
-105.0
-62.0
-51.0
-9.0
11.0
-3.0
-29.0
-5.0
-13.0
26.0
-5.0
-1.0
9.0
3.0
0.0
-6.0
-36.0
6.0
7.0
14.0
-2.0
20.0
34.0
-28.0
29.0
51.0
43.0
-1.0
-5.0
-13.0
10.0
30.0
28.0
56.0
40.0
-2.0
-16.0
14.0
17.0
50.0
7.0
-25.0
-94.0
-123.0
-63.0
-28.0
52.0
50.0
54.0
54.0
21.0
15.0
-7.0
-2.0
59.0
82.0
36.0
12.0
11.0
5.0
13.0
25.0
11.0
22.0
-14.0
-34.0
-30.0
-3.0
-4.0
-40.0
-19.0
-9.0
-54.0
-25.0
-46.0
-53.0
2.0
11.0
17.0
-22.0
-17.0
3.0
-34.0
4.0
18.0
2.0
-20.0
-9.0
-15.0
-5.0
23.0
30.0
10.0
-10.0
6.0
26.0
8.0
-25.0
-23.0
28.0
-15.0
-38.0
-44.0
-24.0
26.0
21.0
-6.0
-13.0
-11.0
-12.0
5.0
-47.0
-28.0
2.0
-61.0
-77.0
-88.0
-85.0
-85.0
13.0
42.0
11.0
3.0
0.0
-58.0
-22.0
-17.0
31.0
27.0
29.0
56.0
63.0
5.0
-40.0
-11.0
-44.0
65.0
111.0
109.0
18.0
-74.0
-38.0
40.0
97.0
96.0
66.0
66.0
-21.0
-29.0
-61.0
-149.0
-82.0
-78.0
-97.0
-153.0
-101.0
5.0
42.0
43.0
10.0
-8.0
-42.0
-101.0
-58.0
-38.0
-41.0
-8.0
62.0
62.0
55.0
52.0
95.0
79.0
80.0
106.0
52.0
7.0
5.0
10.0
61.0
48.0
122.0
95.0
-12.0
-67.0
-105.0
-107.0
-99.0
-100.0
-42.0
-25.0
16.0
54.0
2.0
28.0
19.0
-24.0
-21.0
-12.0
-31.0
-72.0
-46.0
16.0
46.0
34.0
21.0
-2.0
-32.0
-30.0
-10.0
21.0
25.0
6.0
-25.0
-25.0
-42.0
-35.0
2.0
-6.0
-22.0
13.0
-3.0
-19.0
6.0
-18.0
-44.0
-60.0
-37.0
-36.0
-3.0
12.0
-1.0
38.0
-15.0
-23.0
76.0
80.0
59.0
57.0
-1.0
-17.0
-26.0
-40.0
-30.0
-26.0
-53.0
-114.0
-87.0
-88.0
-1.0
-14.0
11.0
72.0
-4.0
-11.0
10.0
84.0
128.0
128.0
149.0
91.0
66.0
47.0
55.0
28.0
51.0
-24.0
-67.0
-72.0
-99.0
-157.0
-142.0
-66.0
89.0
82.0
-13.0
-55.0
-67.0
-70.0
-9.0
-23.0
-24.0
22.0
47.0
25.0
0.0
19.0
-15.0
-15.0
16.0
-51.0
-58.0
-75.0
-47.0
-58.0
-94.0
-54.0
-51.0
-57.0
-2.0
53.0
14.0
11.0
-55.0
-88.0
-75.0
-25.0
-25.0
-24.0
-49.0
-37.0
-2.0
8.0
57.0
37.0
14.0
7.0
13.0
8.0
11.0
-31.0
-20.0
-15.0
-30.0
-7.0
-10.0
-7.0
-37.0
-33.0
-11.0
20.0
-1.0
17.0
48.0
70.0
102.0
101.0
44.0
43.0
11.0
-24.0
-68.0
-26.0
33.0
21.0
-7.0
22.0
8.0
11.0
-21.0
-33.0
-7.0
31.0
53.0
67.0
69.0
17.0
2.0
2.0
-10.0
-24.0
13.0
-25.0
8.0
-6.0
-9.0
-60.0
-24.0
-22.0
-49.0
-38.0
-24.0
-21.0
-42.0
-50.0
-64.0
-93.0
-187.0
-192.0
-81.0
48.0
17.0
12.0
30.0
93.0
127.0
135.0
133.0
127.0
55.0
78.0
71.0
19.0
39.0
47.0
4.0
-56.0
-39.0
-40.0
-58.0
-49.0
-18.0
-17.0
-83.0
-53.0
-61.0
-38.0
-41.0
-47.0
-57.0
-19.0
-46.0
-62.0
-45.0
-39.0
5.0
-39.0
20.0
10.0
9.0
20.0
-30.0
-50.0
-30.0
-20.0
21.0
-14.0
17.0
20.0
8.0
15.0
-7.0
0.0
-55.0
-14.0
-15.0
-72.0
-63.0
-59.0
4.0
10.0
13.0
-8.0
-14.0
64.0
95.0
132.0
85.0
85.0
101.0
101.0
72.0
48.0
17.0
26.0
23.0
37.0
-37.0
-44.0
-46.0
-6.0
-59.0
-56.0
4.0
-20.0
-24.0
-90.0
-70.0
-64.0
-104.0
-80.0
-11.0
12.0
-52.0
-92.0
-119.0
-142.0
-147.0
-142.0
-77.0
24.0
44.0
51.0
82.0
30.0
60.0
82.0
123.0
123.0
117.0
92.0
28.0
-12.0
57.0
-2.0
18.0
62.0
-50.0
-58.0
-127.0
-70.0
-74.0
-43.0
16.0
35.0
5.0
-37.0
-34.0
-36.0
10.0
39.0
-31.0
-16.0
-69.0
-31.0
-33.0
-36.0
-25.0
-16.0
-17.0
68.0
30.0
62.0
4.0
11.0
21.0
-39.0
-49.0
-45.0
9.0
87.0
55.0
-3.0
-29.0
-36.0
-55.0
-45.0
-28.0
-28.0
-43.0
-18.0
-30.0
-35.0
-12.0
-15.0
-28.0
-64.0
-195.0
-195.0
-76.0
-4.0
-6.0
151.0
150.0
-26.0
-136.0
-162.0
-65.0
-48.0
111.0
132.0
180.0
-71.0
-106.0
-29.0
66.0
101.0
146.0
134.0
184.0
61.0
-135.0
-47.0
-80.0
-55.0
-104.0
35.0
104.0
108.0
88.0
21.0
17.0
56.0
67.0
-39.0
-51.0
94.0
0.0
-1.0
-64.0
-58.0
28.0
-56.0
-3.0
-24.0
-18.0
-65.0
-23.0
-37.0
7.0
0.0
-29.0
36.0
170.0
313.0
313.0
313.0
313.0
313.0
313.0
313.0
313.0
313.0
313.0
313.0
267.0
124.0
19.0
5.0
29.0
18.0
74.0
292.0
184.0
182.0
140.0
188.0
313.0
313.0
313.0
313.0
313.0
313.0
313.0
313.0
313.0
313.0
313.0
313.0
94.0
-199.0
-313.0
-313.0
-313.0
-313.0
-313.0
-313.0
-313.0
-313.0
-313.0
-313.0
-313.0
-313.0
-313.0
-313.0
-313.0
-313.0
-313.0
-313.0
-313.0
-313.0
-313.0
-313.0
-313.0
-313.0
-313.0
-313.0
-213.0
-213.0
-313.0
-313.0
-313.0
-313.0
-313.0
-313.0
-313.0
-218.0
-147.0
-158.0
-159.0
-144.0
-103.0
-106.0
-124.0
-45.0
-95.0
-202.0
-186.0
-162.0
-74.0
-19.0
-11.0
-60.0
-192.0
-91.0
-53.0
-61.0
-86.0
-91.0
-117.0
-92.0
-31.0
-33.0
-73.0
-69.0
-78.0
-40.0
-13.0
-39.0
19.0
-25.0
-10.0
0.0
8.0
52.0
-25.0
18.0
45.0
32.0
74.0
73.0
67.0
61.0
90.0
145.0
108.0
13.0
87.0
89.0
148.0
168.0
79.0
109.0
119.0
153.0
192.0
59.0
13.0
2.0
42.0
57.0
65.0
115.0
114.0
6.0
41.0
31.0
55.0
44.0
31.0
109.0
200.0
313.0
313.0
313.0
313.0
313.0
313.0
313.0
313.0
313.0
313.0
313.0
313.0
313.0
313.0
313.0
313.0
313.0
313.0
313.0
313.0
42.0
-313.0
-313.0
-313.0
-313.0
-313.0
-313.0
-313.0
-313.0
-313.0
-313.0
-313.0
-313.0
-313.0
-313.0
-313.0
-313.0
-313.0
-313.0
-313.0
-313.0
-313.0
-313.0
-313.0
-313.0
-313.0
-313.0
-313.0
-313.0
-313.0
-302.0
-238.0
-307.0
-239.0
-199.0
-136.0
-135.0
-179.0
-123.0
-218.0
-136.0
-96.0
-79.0
-125.0
-70.0
-76.0
-102.0
-184.0
-125.0
-90.0
-47.0
-4.0
-94.0
-200.0
-121.0
-61.0
-54.0
-49.0
17.0
-67.0
-10.0
-28.0
-3.0
-14.0
-18.0
-93.0
-94.0
24.0
-17.0
-20.0
-3.0
4.0
-43.0
-83.0
-58.0
-31.0
-27.0
-18.0
-42.0
-5.0
-11.0
-30.0
-20.0
27.0
36.0
19.0
22.0
37.0
2.0
-36.0
-53.0
-82.0
1.0
79.0
69.0
46.0
51.0
-25.0
-54.0
-51.0
-52.0
50.0
89.0
154.0
313.0
313.0
313.0
313.0
313.0
313.0
313.0
313.0
313.0
313.0
313.0
313.0
313.0
313.0
313.0
219.0
102.0
29.0
-101.0
-191.0
-201.0
-287.0
-263.0
-313.0
-313.0
-313.0
-313.0
-295.0
-313.0
-313.0
-313.0
-313.0
-313.0
-313.0
-313.0
-313.0
-313.0
-313.0
-313.0
-313.0
-313.0
-147.0
-122.0
-40.0
-46.0
-50.0
-45.0
-76.0
-98.0
-10.0
-50.0
12.0
-5.0
0.0
22.0
52.0
70.0
-9.0
9.0
45.0
-4.0
-25.0
-25.0
-18.0
11.0
-28.0
-37.0
-63.0
-68.0
-54.0
-63.0
-81.0
-81.0
-121.0
-88.0
-103.0
-64.0
-90.0
-50.0
-47.0
-31.0
41.0
41.0
39.0
10.0
39.0
100.0
107.0
170.0
113.0
161.0
85.0
70.0
77.0
74.0
93.0
99.0
111.0
20.0
51.0
81.0
118.0
120.0
112.0
97.0
70.0
64.0
34.0
12.0
-29.0
-81.0
-29.0
-31.0
-34.0
-66.0
-96.0
-97.0
-48.0
-43.0
-15.0
16.0
35.0
29.0
-6.0
12.0
-5.0
59.0
74.0
101.0
4.0
0.0
41.0
35.0
42.0
73.0
41.0
0.0
67.0
53.0
77.0
49.0
96.0
102.0
75.0
77.0
100.0
80.0
52.0
41.0
35.0
14.0
51.0
46.0
64.0
67.0
22.0
5.0
18.0
48.0
74.0
62.0
22.0
-6.0
-75.0
-44.0
-64.0
-52.0
-2.0
206.0
313.0
313.0
288.0
264.0
313.0
313.0
130.0
23.0
-224.0
-118.0
-212.0
-252.0
-282.0
-301.0
-313.0
-232.0
-198.0
-217.0
-232.0
92.0
-15.0
58.0
156.0
174.0
201.0
84.0
-73.0
-145.0
-220.0
-201.0
-146.0
-92.0
-68.0
-58.0
-9.0
-10.0
16.0
41.0
28.0
36.0
5.0
11.0
2.0
2.0
2.0
-12.0
40.0
23.0
29.0
18.0
-4.0
-5.0
45.0
45.0
35.0
50.0
12.0
13.0
44.0
33.0
38.0
35.0
31.0
29.0
16.0
23.0
23.0
-18.0
9.0
2.0
31.0
-13.0
3.0
5.0
-22.0
-21.0
-76.0
-46.0
-32.0
-29.0
-15.0
-10.0
4.0
9.0
12.0
19.0
9.0
-31.0
-20.0
-6.0
-41.0
-29.0
-33.0
-34.0
1.0
22.0
7.0
16.0
38.0
14.0
16.0
2.0
17.0
12.0
-37.0
-105.0
-75.0
-85.0
-59.0
-30.0
-13.0
-3.0
-1.0
-2.0
22.0
38.0
30.0
-14.0
-42.0
-39.0
-49.0
-28.0
-22.0
-20.0
-54.0
-39.0
6.0
15.0
8.0
2.0
3.0
9.0
1.0
-12.0
-9.0
-16.0
6.0
25.0
43.0
17.0
18.0
13.0
-37.0
-38.0
-54.0
-22.0
-69.0
-13.0
43.0
61.0
39.0
35.0
6.0
13.0
64.0
44.0
63.0
46.0
40.0
7.0
19.0
62.0
66.0
66.0
63.0
47.0
16.0
11.0
12.0
20.0
31.0
44.0
60.0
71.0
50.0
50.0
-5.0
-5.0
-42.0
-4.0
-20.0
-55.0
-64.0
-53.0
-42.0
-37.0
-57.0
-59.0
-61.0
-57.0
-41.0
2.0
-27.0
-30.0
7.0
19.0
-24.0
-2.0
-30.0
-36.0
-6.0
-13.0
-36.0
-40.0
-53.0
-73.0
-59.0
-35.0
-13.0
22.0
-20.0
-1.0
-6.0
-2.0
22.0
5.0
41.0
69.0
36.0
37.0
-8.0
-11.0
-37.0
-37.0
-25.0
-30.0
-26.0
4.0
-17.0
-11.0
6.0
6.0
4.0
2.0
-5.0
-11.0
13.0
-1.0
46.0
-12.0
-20.0
-33.0
-65.0
-60.0
-9.0
-18.0
-33.0
-37.0
-58.0
-149.0
-112.0
-60.0
-37.0
-32.0
-12.0
-5.0
23.0
-12.0
14.0
17.0
0.0
0.0
33.0
34.0
3.0
35.0
49.0
41.0
34.0
7.0
-15.0
34.0
63.0
65.0
56.0
6.0
8.0
16.0
-34.0
-21.0
-81.0
-46.0
-71.0
-78.0
-99.0
313.0
313.0
313.0
313.0
313.0
313.0
313.0
313.0
313.0
10.0
-169.0
-313.0
-313.0
-313.0
-313.0
-313.0
-313.0
-313.0
-313.0
-313.0
-313.0
-313.0
-313.0
-313.0
-313.0
-313.0
-313.0
-313.0
-313.0
-313.0
-313.0
-247.0
-234.0
-105.0
-141.0
-170.0
-242.0
31.0
15.0
25.0
-99.0
-139.0
-15.0
-65.0
-32.0
116.0
96.0
69.0
62.0
77.0
102.0
101.0
149.0
248.0
266.0
246.0
159.0
132.0
134.0
106.0
-53.0
-184.0
-126.0
-55.0
17.0
-39.0
-18.0
-11.0
-1.0
20.0
-3.0
-12.0
-1.0
28.0
18.0
-7.0
9.0
15.0
13.0
-6.0
-37.0
22.0
46.0
0.0
42.0
-11.0
-13.0
-7.0
-6.0
-4.0
1.0
0.0
-28.0
-48.0
-57.0
-26.0
-9.0
-38.0
-27.0
-31.0
-57.0
-29.0
22.0
54.0
91.0
57.0
32.0
18.0
5.0
9.0
-7.0
2.0
48.0
10.0
25.0
43.0
-2.0
6.0
4.0
28.0
26.0
-1.0
4.0
24.0
-46.0
-25.0
-4.0
7.0
9.0
2.0
-28.0
-17.0
23.0
39.0
3.0
21.0
-24.0
11.0
13.0
-12.0
3.0
5.0
-17.0
-17.0
-11.0
-12.0
-12.0
43.0
41.0
-35.0
-26.0
9.0
39.0
59.0
11.0
32.0
20.0
15.0
12.0
22.0
26.0
7.0
-17.0
-41.0
-59.0
-34.0
-13.0
-12.0
-10.0
23.0
-2.0
-3.0
0.0
-26.0
-12.0
8.0
-24.0
-8.0
-8.0
-16.0
-84.0
-87.0
-38.0
35.0
-28.0
-30.0
-62.0
-35.0
-35.0
1.0
76.0
72.0
65.0
10.0
-13.0
9.0
25.0
16.0
14.0
-37.0
10.0
25.0
16.0
-4.0
-13.0
-8.0
-5.0
-33.0
-44.0
-138.0
-84.0
-54.0
-71.0
-75.0
-70.0
-30.0
-10.0
2.0
6.0
23.0
-5.0
16.0
-16.0
-24.0
22.0
32.0
17.0
27.0
35.0
22.0
43.0
30.0
37.0
31.0
23.0
42.0
3.0
-2.0
-6.0
18.0
17.0
6.0
7.0
1.0
25.0
5.0
15.0
-5.0
1.0
-39.0
-25.0
-6.0
-8.0
-13.0
26.0
7.0
33.0
14.0
12.0
-8.0
5.0
-4.0
-41.0
-13.0
-22.0
-10.0
-12.0
-1.0
1.0
1.0
6.0
-26.0
-28.0
-19.0
3.0
8.0
13.0
-1.0
-3.0
-14.0
-13.0
-31.0
-8.0
7.0
-10.0
-3.0
-3.0
-41.0
-40.0
-19.0
-10.0
14.0
-22.0
6.0
5.0
-9.0
-20.0
-54.0
-72.0
-20.0
-37.0
0.0
10.0
3.0
7.0
22.0
-9.0
5.0
2.0
5.0
13.0
24.0
37.0
1.0
-20.0
1.0
3.0
13.0
15.0
-17.0
-2.0
-32.0
-17.0
-8.0
-14.0
4.0
-5.0
25.0
20.0
1.0
-36.0
-37.0
36.0
-2.0
3.0
-5.0
0.0
11.0
16.0
3.0
14.0
-10.0
-22.0
-15.0
-37.0
-54.0
-30.0
18.0
18.0
12.0
2.0
13.0
2.0
-43.0
-8.0
-14.0
13.0
6.0
8.0
7.0
16.0
9.0
-15.0
39.0
-12.0
-25.0
-26.0
-12.0
-19.0
-20.0
19.0
4.0
19.0
10.0
-7.0
-43.0
-26.0
16.0
24.0
22.0
-4.0
10.0
-7.0
5.0
0.0
6.0
-29.0
-46.0
-51.0
-34.0
-23.0
-36.0
17.0
20.0
-22.0
-7.0
-28.0
-27.0
-27.0
-15.0
-2.0
1.0
15.0
-15.0
8.0
34.0
41.0
21.0
13.0
-4.0
23.0
22.0
3.0
-4.0
-19.0
-45.0
15.0
-11.0
-7.0
-13.0
-22.0
-33.0
-75.0
-34.0
-18.0
-11.0
-15.0
-24.0
-26.0
21.0
-20.0
-19.0
-49.0
-6.0
-16.0
4.0
33.0
9.0
18.0
-10.0
-7.0
3.0
13.0
5.0
-2.0
-13.0
-10.0
-21.0
-21.0
-6.0
-7.0
3.0
17.0
-11.0
-21.0
24.0
29.0
13.0
17.0
-4.0
2.0
-76.0
-38.0
12.0
21.0
41.0
4.0
-4.0
4.0
-21.0
4.0
-5.0
-18.0
3.0
-16.0
2.0
9.0
7.0
7.0
-9.0
-22.0
-55.0
-50.0
-50.0
-22.0
12.0
26.0
31.0
32.0
38.0
22.0
-7.0
20.0
49.0
29.0
18.0
14.0
5.0
7.0
-14.0
-46.0
-15.0
-5.0
-2.0
-3.0
-12.0
-18.0
15.0
22.0
35.0
16.0
21.0
13.0
27.0
68.0
41.0
39.0
0.0
1.0
3.0
20.0
-31.0
-24.0
-20.0
-15.0
-38.0
-34.0
0.0
-1.0
-16.0
-50.0
-74.0
-47.0
-37.0
-3.0
5.0
-4.0
-13.0
-23.0
1.0
17.0
-27.0
19.0
9.0
-18.0
-6.0
-12.0
-20.0
-19.0
1.0
-25.0
-28.0
-16.0
3.0
-32.0
-24.0
-15.0
-33.0
-26.0
-18.0
-4.0
-22.0
-11.0
-20.0
-57.0
-25.0
6.0
-8.0
-5.0
-11.0
8.0
-11.0
-48.0
-56.0
8.0
11.0
53.0
42.0
45.0
12.0
-5.0
-6.0
-28.0
-42.0
-36.0
-9.0
36.0
29.0
23.0
11.0
-7.0
5.0
-23.0
1.0
12.0
12.0
28.0
26.0
32.0
-9.0
12.0
-28.0
4.0
-30.0
-14.0
9.0
-18.0
19.0
6.0
1.0
-25.0
2.0
46.0
15.0
-5.0
6.0
-17.0
-29.0
-24.0
-23.0
28.0
14.0
-25.0
-22.0
-16.0
-20.0
8.0
-9.0
-9.0
-5.0
43.0
31.0
1.0
26.0
7.0
5.0
21.0
59.0
59.0
43.0
18.0
3.0
-29.0
4.0
-11.0
-32.0
-63.0
-60.0
-54.0
-75.0
-38.0
-28.0
-3.0
36.0
16.0
32.0
43.0
25.0
25.0
20.0
55.0
46.0
35.0
36.0
-28.0
-45.0
-54.0
-61.0
-63.0
-29.0
-38.0
-3.0
-71.0
-85.0
-43.0
-41.0
-25.0
-19.0
-20.0
-33.0
-15.0
-14.0
-29.0
-21.0
6.0
0.0
1.0
-6.0
-10.0
28.0
-2.0
-19.0
24.0
7.0
-20.0
-6.0
-16.0
-15.0
-15.0
-20.0
-30.0
-14.0
5.0
-37.0
7.0
23.0
-26.0
-28.0
-26.0
-52.0
-25.0
8.0
6.0
-4.0
32.0
5.0
-5.0
-21.0
-10.0
15.0
21.0
25.0
37.0
13.0
22.0
-22.0
-27.0
4.0
9.0
16.0
-5.0
-14.0
-17.0
-36.0
-47.0
27.0
6.0
16.0
-73.0
46.0
97.0
49.0
-43.0
31.0
-265.0
-235.0
-155.0
-113.0
-155.0
-63.0
-63.0
-13.0
-105.0
-128.0
-33.0
61.0
71.0
78.0
83.0
60.0
42.0
36.0
9.0
14.0
34.0
67.0
5.0
-16.0
-18.0
-55.0
-29.0
-46.0
-42.0
-22.0
-34.0
-19.0
-35.0
-14.0
-17.0
20.0
10.0
9.0
-15.0
1.0
20.0
13.0
42.0
41.0
38.0
47.0
50.0
48.0
47.0
22.0
45.0
68.0
51.0
43.0
38.0
36.0
47.0
34.0
29.0
37.0
73.0
40.0
42.0
43.0
46.0
44.0
18.0
15.0
26.0
-38.0
-27.0
-33.0
-16.0
-26.0
-24.0
-14.0
-12.0
-22.0
-18.0
0.0
-3.0
-6.0
-18.0
-11.0
-14.0
26.0
15.0
-17.0
28.0
-40.0
-57.0
-28.0
-21.0
-26.0
-24.0
12.0
28.0
28.0
-1.0
-7.0
3.0
-40.0
-30.0
-33.0
-32.0
-43.0
-4.0
-3.0
-33.0
-13.0
-7.0
10.0
0.0
-40.0
-43.0
-104.0
-119.0
-116.0
-106.0
-123.0
-91.0
-13.0
16.0
42.0
44.0
59.0
37.0
1.0
-5.0
15.0
-5.0
-20.0
-31.0
-50.0
-43.0
7.0
-13.0
-5.0
27.0
-21.0
-34.0
-21.0
-4.0
-1.0
10.0
-11.0
17.0
19.0
12.0
7.0
2.0
11.0
11.0
-8.0
-10.0
7.0
25.0
17.0
33.0
26.0
13.0
11.0
37.0
22.0
23.0
-1.0
-17.0
18.0
29.0
25.0
45.0
7.0
18.0
11.0
15.0
14.0
7.0
8.0
4.0
9.0
43.0
29.0
78.0
24.0
27.0
0.0
-6.0
-25.0
-29.0
1.0
-5.0
-21.0
-15.0
-13.0
-14.0
11.0
-1.0
-45.0
-6.0
3.0
-5.0
-12.0
-33.0
-25.0
-16.0
25.0
2.0
-18.0
-13.0
-30.0
-30.0
-5.0
-2.0
7.0
8.0
-10.0
-1.0
19.0
20.0
8.0
-13.0
15.0
-23.0
-20.0
-21.0
-19.0
-22.0
21.0
-25.0
-20.0
-17.0
-2.0
-27.0
-16.0
-11.0
18.0
8.0
20.0
24.0
-1.0
13.0
25.0
11.0
17.0
9.0
-32.0
-50.0
-19.0
-11.0
11.0
18.0
12.0
-17.0
-10.0
-6.0
7.0
-18.0
-33.0
-31.0
-20.0
-21.0
-33.0
-64.0
-6.0
-5.0
-7.0
-28.0
-40.0
-8.0
19.0
41.0
33.0
12.0
-2.0
-6.0
-30.0
3.0
-37.0
-5.0
21.0
-12.0
-10.0
3.0
2.0
-2.0
-41.0
-17.0
14.0
24.0
21.0
42.0
22.0
32.0
18.0
11.0
-11.0
-27.0
-11.0
-12.0
-10.0
-5.0
-3.0
27.0
-28.0
-29.0
-18.0
5.0
-4.0
-19.0
-36.0
-2.0
-21.0
-63.0
-61.0
-59.0
-20.0
8.0
5.0
10.0
0.0
2.0
29.0
20.0
-33.0
-31.0
-21.0
-23.0
-4.0
-38.0
21.0
26.0
13.0
17.0
26.0
33.0
20.0
18.0
5.0
-52.0
-25.0
6.0
2.0
-6.0
3.0
4.0
15.0
-5.0
-4.0
-13.0
-19.0
-20.0
8.0
-7.0
-10.0
-4.0
-20.0
-7.0
-5.0
-29.0
-23.0
-7.0
-15.0
24.0
34.0
26.0
22.0
2.0
22.0
7.0
-13.0
-23.0
0.0
-17.0
-47.0
-44.0
-23.0
-21.0
-4.0
7.0
14.0
-7.0
-12.0
-24.0
1.0
2.0
-19.0
-24.0
8.0
32.0
1.0
34.0
26.0
15.0
-5.0
1.0
21.0
-2.0
-40.0
-26.0
-20.0
-9.0
-14.0
-21.0
-13.0
-15.0
18.0
-5.0
-14.0
-17.0
-35.0
-53.0
18.0
20.0
19.0
18.0
1.0
-7.0
-2.0
-19.0
20.0
3.0
5.0
-4.0
-15.0
-14.0
-30.0
-25.0
-17.0
5.0
25.0
14.0
12.0
-10.0
6.0
3.0
-5.0
-35.0
-32.0
1.0
6.0
1.0
-17.0
11.0
20.0
20.0
21.0
-6.0
0.0
11.0
-17.0
-55.0
-41.0
-10.0
11.0
16.0
13.0
3.0
-32.0
-15.0
-7.0
5.0
28.0
48.0
12.0
14.0
11.0
-13.0
-2.0
-24.0
-14.0
-15.0
-1.0
12.0
5.0
-1.0
5.0
-4.0
-9.0
-6.0
17.0
-24.0
-6.0
-29.0
-7.0
-5.0
-9.0
-19.0
-27.0
-23.0
7.0
-14.0
-25.0
18.0
-13.0
-9.0
-11.0
-24.0
-10.0
10.0
-23.0
-15.0
7.0
33.0
23.0
24.0
16.0
-5.0
-3.0
-1.0
-12.0
1.0
-5.0
7.0
18.0
9.0
3.0
12.0
15.0
-6.0
5.0
-16.0
19.0
33.0
22.0
23.0
14.0
-23.0
4.0
-8.0
-3.0
-7.0
-10.0
-28.0
-9.0
-6.0
18.0
-29.0
-22.0
-62.0
-32.0
-35.0
-54.0
-8.0
-7.0
-4.0
-18.0
-23.0
-28.0
5.0
-8.0
-32.0
13.0
12.0
10.0
5.0
13.0
-11.0
-9.0
-28.0
-2.0
-23.0
-19.0
-19.0
-21.0
-22.0
-20.0
-14.0
0.0
9.0
10.0
20.0
23.0
14.0
9.0
14.0
27.0
37.0
-16.0
9.0
-5.0
1.0
11.0
16.0
-9.0
-9.0
-14.0
0.0
-23.0
-39.0
-22.0
-13.0
-14.0
6.0
-27.0
-30.0
-21.0
-20.0
-20.0
4.0
-2.0
14.0
-33.0
-5.0
5.0
5.0
4.0
-1.0
-29.0
-17.0
-16.0
6.0
-12.0
4.0
23.0
28.0
-35.0
-10.0
15.0
4.0
20.0
32.0
16.0
17.0
-16.0
-17.0
-2.0
-19.0
-36.0
13.0
14.0
14.0
55.0
37.0
12.0
14.0
-6.0
-6.0
-14.0
7.0
20.0
-36.0
-2.0
18.0
-10.0
-17.0
-43.0
-57.0
-36.0
2.0
-12.0
-50.0
-59.0
-13.0
7.0
3.0
-19.0
5.0
39.0
20.0
23.0
22.0
13.0
45.0
22.0
23.0
19.0
39.0
29.0
17.0
10.0
-18.0
-1.0
-11.0
-47.0
-48.0
-24.0
-34.0
-38.0
-28.0
-26.0
-12.0
-5.0
0.0
-19.0
-18.0
-2.0
-24.0
-15.0
-23.0
-20.0
-26.0
-11.0
4.0
-17.0
-19.0
-7.0
-16.0
-7.0
-1.0
-20.0
-19.0
-21.0
0.0
19.0
12.0
31.0
19.0
-3.0
4.0
24.0
-38.0
-25.0
4.0
6.0
11.0
-5.0
-27.0
-11.0
-2.0
1.0
5.0
-4.0
-16.0
1.0
11.0
2.0
-4.0
16.0
-13.0
-24.0
-5.0
1.0
-3.0
15.0
11.0
33.0
20.0
27.0
42.0
15.0
-26.0
-35.0
-1.0
-30.0
-30.0
11.0
12.0
48.0
-21.0
-38.0
-49.0
-13.0
-17.0
-29.0
-29.0
-15.0
1.0
-10.0
-7.0
5.0
8.0
-10.0
-19.0
-40.0
-41.0
12.0
4.0
13.0
-26.0
-21.0
-23.0
7.0
-10.0
-7.0
-3.0
8.0
3.0
-20.0
18.0
-10.0
-24.0
5.0
-7.0
0.0
-4.0
26.0
11.0
-16.0
-12.0
5.0
2.0
7.0
-40.0
-9.0
-8.0
-16.0
-11.0
9.0
-7.0
22.0
0.0
7.0
-21.0
8.0
9.0
10.0
24.0
-15.0
-28.0
-10.0
-11.0
8.0
-26.0
-4.0
2.0
-16.0
-9.0
20.0
3.0
7.0
36.0
17.0
0.0
-15.0
-15.0
2.0
24.0
39.0
45.0
35.0
24.0
10.0
-2.0
-24.0
-22.0
-11.0
-18.0
11.0
5.0
-31.0
1.0
-31.0
-32.0
-44.0
-48.0
-40.0
-66.0
-54.0
-31.0
-35.0
-29.0
-50.0
-18.0
-15.0
-11.0
10.0
-15.0
-4.0
-1.0
9.0
-9.0
10.0
-3.0
-17.0
-15.0
-22.0
-23.0
-10.0
-30.0
-74.0
-17.0
38.0
-1.0
-2.0
0.0
10.0
17.0
30.0
50.0
26.0
11.0
16.0
-17.0
-7.0
-10.0
-43.0
-13.0
-2.0
28.0
21.0
-6.0
6.0
-13.0
-46.0
-43.0
-34.0
-49.0
-16.0
-40.0
-1.0
20.0
19.0
0.0
-13.0
-21.0
-35.0
16.0
19.0
-2.0
46.0
27.0
25.0
23.0
-2.0
-10.0
36.0
58.0
55.0
13.0
16.0
4.0
6.0
-11.0
-13.0
-16.0
-21.0
-24.0
-30.0
10.0
-4.0
-6.0
-14.0
-35.0
-44.0
-39.0
-40.0
-38.0
-42.0
-10.0
-55.0
-32.0
-41.0
-18.0
3.0
7.0
-8.0
0.0
6.0
-5.0
-36.0
-4.0
-8.0
-18.0
-8.0
-10.0
-21.0
-19.0
4.0
13.0
0.0
-9.0
19.0
-9.0
-13.0
-12.0
-9.0
-17.0
-26.0
-3.0
-5.0
7.0
14.0
14.0
0.0
-4.0
19.0
23.0
7.0
16.0
5.0
4.0
-7.0
-19.0
-10.0
-8.0
-18.0
-17.0
7.0
5.0
1.0
-13.0
5.0
4.0
-17.0
-16.0
-3.0
-34.0
2.0
-20.0
-11.0
7.0
13.0
-17.0
-12.0
-7.0
-30.0
9.0
14.0
12.0
22.0
-11.0
-10.0
31.0
18.0
17.0
21.0
-19.0
-21.0
-5.0
-25.0
-13.0
-22.0
-6.0
3.0
10.0
-9.0
25.0
8.0
36.0
31.0
-15.0
2.0
-20.0
-29.0
-17.0
14.0
39.0
-3.0
-22.0
-8.0
25.0
34.0
63.0
47.0
48.0
30.0
9.0
25.0
-6.0
-23.0
-33.0
-26.0
-27.0
-31.0
-31.0
-68.0
-49.0
-48.0
-44.0
-14.0
-18.0
-58.0
-35.0
-5.0
-4.0
-26.0
-31.0
-9.0
4.0
6.0
1.0
14.0
4.0
-21.0
-18.0
-7.0
-18.0
-12.0
-7.0
5.0
-9.0
1.0
-4.0
15.0
12.0
10.0
6.0
-19.0
4.0
39.0
31.0
-2.0
-40.0
-24.0
-25.0
6.0
-39.0
-2.0
9.0
14.0
3.0
1.0
-17.0
-12.0
-14.0
-12.0
6.0
22.0
13.0
4.0
5.0
11.0
-12.0
14.0
11.0
6.0
0.0
-25.0
-15.0
-13.0
-2.0
-17.0
-54.0
-75.0
-70.0
-34.0
-15.0
-13.0
28.0
-15.0
-9.0
17.0
38.0
51.0
48.0
51.0
42.0
27.0
18.0
-4.0
-20.0
-5.0
26.0
-2.0
-1.0
-36.0
-17.0
-29.0
-4.0
-15.0
-21.0
-5.0
-7.0
-21.0
-26.0
-14.0
-26.0
-20.0
-30.0
-29.0
-17.0
-12.0
-13.0
-22.0
-21.0
-18.0
-20.0
-37.0
-65.0
-13.0
34.0
38.0
-2.0
3.0
-2.0
-1.0
-20.0
-23.0
-46.0
-4.0
26.0
59.0
38.0
4.0
1.0
-14.0
13.0
-3.0
-21.0
-22.0
16.0
-9.0
5.0
17.0
16.0
41.0
3.0
0.0
21.0
18.0
11.0
-21.0
-39.0
-25.0
-20.0
-23.0
-17.0
-36.0
-30.0
6.0
35.0
4.0
-1.0
-8.0
-6.0
26.0
42.0
38.0
-4.0
-2.0
-18.0
-19.0
-18.0
14.0
14.0
-10.0
-5.0
-37.0
-31.0
-55.0
-49.0
-38.0
-31.0
-11.0
-10.0
6.0
-10.0
-7.0
-10.0
-5.0
-1.0
-10.0
-13.0
-15.0
-21.0
-10.0
6.0
18.0
42.0
14.0
9.0
9.0
9.0
30.0
35.0
30.0
-7.0
-11.0
13.0
-16.0
-25.0
-32.0
12.0
-7.0
-5.0
-12.0
-20.0
-32.0
-5.0
-12.0
-5.0
23.0
31.0
10.0
10.0
1.0
29.0
-15.0
-1.0
-18.0
-71.0
-19.0
0.0
32.0
34.0
33.0
10.0
7.0
8.0
0.0
6.0
44.0
3.0
23.0
21.0
-16.0
-20.0
-5.0
-4.0
-18.0
0.0
-18.0
-9.0
-24.0
-26.0
-10.0
-20.0
-32.0
-16.0
-5.0
-29.0
-24.0
-12.0
-15.0
-15.0
-14.0
-28.0
-15.0
-43.0
-17.0
-48.0
-14.0
5.0
-19.0
-21.0
-41.0
20.0
13.0
-11.0
-35.0
-42.0
10.0
11.0
35.0
40.0
35.0
17.0
30.0
-5.0
21.0
28.0
13.0
20.0
23.0
20.0
11.0
-13.0
-10.0
-8.0
-18.0
-23.0
-18.0
28.0
21.0
26.0
15.0
15.0
-18.0
-12.0
-11.0
-42.0
6.0
13.0
-14.0
-14.0
24.0
25.0
8.0
4.0
25.0
26.0
-23.0
10.0
3.0
-1.0
-2.0
-11.0
-39.0
-39.0
-35.0
-47.0
-12.0
-14.0
-13.0
-12.0
-36.0
-61.0
-31.0
-31.0
-10.0
-60.0
-46.0
2.0
-20.0
-21.0
7.0
5.0
19.0
0.0
13.0
-9.0
16.0
8.0
-8.0
-12.0
-28.0
2.0
6.0
-10.0
12.0
3.0
-17.0
-8.0
19.0
16.0
17.0
28.0
-38.0
-23.0
-24.0
-3.0
1.0
-4.0
-6.0
-9.0
9.0
-4.0
-22.0
-14.0
6.0
21.0
14.0
-14.0
-1.0
2.0
-2.0
5.0
-2.0
-7.0
9.0
-10.0
-4.0
3.0
5.0
4.0
-10.0
-12.0
2.0
-15.0
-31.0
-20.0
-28.0
-4.0
-12.0
-10.0
-16.0
-5.0
8.0
9.0
6.0
14.0
-3.0
-14.0
-9.0
-10.0
9.0
-5.0
25.0
26.0
-3.0
5.0
-13.0
-3.0
5.0
2.0
10.0
-24.0
5.0
-44.0
-6.0
-41.0
-49.0
-53.0
12.0
9.0
-6.0
34.0
28.0
8.0
-21.0
-64.0
-41.0
-50.0
1.0
3.0
21.0
41.0
31.0
17.0
9.0
3.0
27.0
46.0
20.0
15.0
2.0
2.0
3.0
-15.0
-20.0
6.0
23.0
34.0
-11.0
-15.0
-21.0
-63.0
-29.0
18.0
-5.0
19.0
-2.0
-13.0
16.0
8.0
11.0
-33.0
19.0
-2.0
-3.0
-6.0
-23.0
3.0
12.0
14.0
16.0
1.0
6.0
22.0
5.0
-18.0
-51.0
-31.0
-28.0
-22.0
-10.0
5.0
-4.0
-25.0
-43.0
-14.0
-39.0
0.0
9.0
5.0
7.0
7.0
-5.0
-9.0
6.0
6.0
-23.0
-5.0
-10.0
-19.0
-16.0
5.0
-25.0
-39.0
14.0
7.0
2.0
-22.0
-38.0
-33.0
-9.0
10.0
25.0
13.0
64.0
-5.0
11.0
-5.0
-7.0
-7.0
8.0
0.0
3.0
-13.0
-20.0
-26.0
-11.0
-43.0
-20.0
-23.0
-6.0
-25.0
5.0
9.0
-22.0
1.0
1.0
-1.0
-29.0
-29.0
-11.0
-13.0
14.0
18.0
28.0
-26.0
-28.0
-4.0
-32.0
-27.0
-9.0
10.0
20.0
-27.0
-2.0
6.0
18.0
25.0
29.0
22.0
0.0
-2.0
-5.0
-65.0
-33.0
2.0
37.0
15.0
-12.0
-5.0
10.0
21.0
17.0
-18.0
7.0
-8.0
-2.0
-22.0
0.0
-2.0
-12.0
-5.0
-21.0
-8.0
-3.0
1.0
-6.0
-7.0
25.0
24.0
29.0
-4.0
-29.0
-19.0
2.0
5.0
17.0
-26.0
-29.0
-32.0
-4.0
-11.0
-12.0
-31.0
-18.0
-4.0
-4.0
10.0
-32.0
-31.0
-38.0
8.0
-15.0
3.0
-6.0
2.0
-2.0
3.0
43.0
38.0
-25.0
-66.0
-51.0
21.0
15.0
13.0
29.0
14.0
3.0
5.0
0.0
-10.0
23.0
1.0
-35.0
-36.0
-11.0
6.0
24.0
25.0
28.0
10.0
-5.0
18.0
14.0
5.0
12.0
-15.0
-18.0
-11.0
-34.0
-33.0
-6.0
5.0
5.0
14.0
-4.0
-11.0
-13.0
-8.0
-17.0
1.0
-33.0
-11.0
7.0
6.0
16.0
-7.0
-52.0
-43.0
-5.0
22.0
-5.0
-24.0
5.0
-3.0
10.0
10.0
-6.0
-7.0
15.0
31.0
19.0
-9.0
-11.0
-13.0
2.0
-5.0
-3.0
-7.0
-6.0
-11.0
-7.0
9.0
6.0
-55.0
-37.0
-31.0
-18.0
-18.0
-39.0
-8.0
-8.0
-17.0
3.0
41.0
45.0
20.0
1.0
0.0
8.0
-10.0
5.0
-2.0
15.0
17.0
14.0
-17.0
-13.0
-10.0
6.0
9.0
17.0
-32.0
-15.0
-45.0
13.0
7.0
21.0
32.0
-8.0
-20.0
-37.0
-46.0
-32.0
-32.0
-10.0
-22.0
-1.0
-3.0
48.0
2.0
-16.0
4.0
-3.0
-17.0
-5.0
39.0
13.0
14.0
19.0
7.0
11.0
-13.0
-10.0
-2.0
7.0
11.0
-28.0
-33.0
-18.0
-14.0
-15.0
5.0
-13.0
-2.0
-3.0
-18.0
-12.0
-16.0
-10.0
-24.0
-16.0
-18.0
-20.0
-6.0
22.0
21.0
26.0
27.0
6.0
29.0
19.0
-2.0
0.0
-8.0
1.0
7.0
10.0
9.0
14.0
1.0
12.0
11.0
1.0
-5.0
-14.0
14.0
-14.0
-20.0
-15.0
-8.0
-5.0
-11.0
-23.0
-38.0
-61.0
-26.0
-6.0
-9.0
-37.0
-30.0
-28.0
-35.0
-48.0
-20.0
-11.0
14.0
10.0
8.0
6.0
-16.0
5.0
-1.0
17.0
-1.0
37.0
-3.0
9.0
13.0
12.0
-20.0
9.0
0.0
-15.0
14.0
21.0
-15.0
-22.0
-22.0
-30.0
-25.0
20.0
12.0
-1.0
21.0
-5.0
15.0
-2.0
-4.0
16.0
-11.0
-27.0
-11.0
6.0
7.0
16.0
13.0
-28.0
-22.0
-47.0
0.0
-10.0
-55.0
-37.0
-7.0
-8.0
16.0
12.0
15.0
1.0
28.0
38.0
-5.0
3.0
17.0
16.0
-12.0
-19.0
-23.0
-30.0
-68.0
-29.0
17.0
24.0
-45.0
-63.0
-25.0
-9.0
-10.0
19.0
2.0
10.0
-5.0
-7.0
11.0
12.0
-17.0
11.0
4.0
9.0
-11.0
-6.0
32.0
-10.0
1.0
-12.0
3.0
7.0
11.0
19.0
14.0
3.0
20.0
32.0
1.0
-2.0
4.0
-48.0
-56.0
-37.0
-27.0
-9.0
-3.0
-26.0
-41.0
-8.0
-42.0
-32.0
-35.0
-57.0
-38.0
-8.0
-22.0
12.0
6.0
26.0
9.0
-17.0
-15.0
-34.0
-26.0
7.0
3.0
14.0
9.0
-17.0
-18.0
6.0
7.0
20.0
4.0
-4.0
0.0
-12.0
-32.0
-2.0
-15.0
1.0
3.0
11.0
-3.0
-17.0
-4.0
-33.0
12.0
-14.0
-20.0
-23.0
-20.0
-13.0
9.0
20.0
8.0
-5.0
2.0
-30.0
-17.0
-3.0
-4.0
11.0
24.0
0.0
-13.0
-24.0
-13.0
-18.0
-44.0
-7.0
-1.0
-36.0
-21.0
-6.0
19.0
23.0
26.0
39.0
27.0
38.0
33.0
8.0
-6.0
-13.0
-1.0
9.0
-7.0
-21.0
30.0
2.0
4.0
-37.0
-15.0
-34.0
-41.0
-60.0
1.0
22.0
1.0
27.0
24.0
2.0
-13.0
5.0
-9.0
-21.0
-34.0
-12.0
25.0
10.0
12.0
-32.0
-22.0
-11.0
-19.0
-16.0
-17.0
-18.0
-13.0
-42.0
-31.0
4.0
16.0
5.0
-1.0
13.0
24.0
-4.0
19.0
29.0
28.0
17.0
5.0
12.0
-11.0
13.0
14.0
5.0
-28.0
-28.0
-22.0
9.0
6.0
-9.0
-7.0
26.0
22.0
32.0
11.0
5.0
3.0
-1.0
-9.0
3.0
5.0
6.0
-29.0
-7.0
-13.0
-27.0
-24.0
-17.0
-48.0
-50.0
-44.0
-33.0
-37.0
-43.0
-28.0
-9.0
-9.0
0.0
-2.0
-32.0
-23.0
-15.0
-2.0
-16.0
4.0
-12.0
-10.0
-33.0
-5.0
-37.0
-24.0
1.0
-10.0
7.0
-15.0
-4.0
-9.0
13.0
5.0
31.0
8.0
4.0
6.0
-6.0
-16.0
-14.0
-16.0
-5.0
-17.0
-2.0
17.0
-11.0
-16.0
-4.0
0.0
2.0
1.0
24.0
-4.0
-14.0
4.0
-1.0
-23.0
-6.0
-33.0
-16.0
-17.0
-9.0
7.0
9.0
19.0
0.0
4.0
7.0
4.0
-6.0
-10.0
-11.0
1.0
-7.0
3.0
19.0
-1.0
-7.0
12.0
41.0
41.0
39.0
45.0
6.0
37.0
38.0
9.0
4.0
2.0
-4.0
-6.0
-15.0
-2.0
-1.0
-56.0
-51.0
-42.0
-11.0
-20.0
-2.0
8.0
-47.0
-59.0
-42.0
-23.0
-28.0
-47.0
-31.0
-13.0
1.0
8.0
2.0
-32.0
14.0
0.0
5.0
33.0
5.0
-25.0
-23.0
-20.0
4.0
-14.0
-8.0
11.0
14.0
-15.0
17.0
15.0
-20.0
-26.0
-37.0
1.0
21.0
26.0
11.0
50.0
-14.0
-26.0
-8.0
-17.0
24.0
-31.0
-54.0
-36.0
-4.0
22.0
65.0
24.0
15.0
12.0
9.0
-21.0
-13.0
-4.0
5.0
-18.0
-8.0
-5.0
-37.0
-29.0
-21.0
17.0
-1.0
-10.0
-32.0
-27.0
-13.0
14.0
1.0
-4.0
28.0
28.0
7.0
-46.0
26.0
15.0
9.0
15.0
-5.0
1.0
13.0
-11.0
-31.0
-34.0
2.0
-12.0
-26.0
-11.0
-13.0
-15.0
-25.0
-46.0
-30.0
-18.0
-28.0
-4.0
27.0
11.0
2.0
5.0
-2.0
13.0
-18.0
-10.0
3.0
-8.0
9.0
-20.0
15.0
14.0
5.0
-9.0
-14.0
21.0
14.0
-27.0
-7.0
15.0
-2.0
-1.0
-21.0
-9.0
-18.0
3.0
15.0
5.0
-3.0
-53.0
-11.0
-17.0
-23.0
-17.0
18.0
43.0
19.0
-20.0
-17.0
23.0
0.0
-8.0
-7.0
-9.0
-33.0
-12.0
4.0
14.0
10.0
-33.0
-8.0
-21.0
9.0
-22.0
-17.0
-9.0
24.0
46.0
-2.0
-4.0
16.0
22.0
3.0
-25.0
-27.0
11.0
-14.0
12.0
-11.0
24.0
8.0
9.0
22.0
15.0
-3.0
9.0
-25.0
-37.0
-24.0
-17.0
7.0
15.0
34.0
27.0
13.0
16.0
0.0
-15.0
-13.0
-42.0
-42.0
-39.0
-24.0
-27.0
-36.0
-8.0
-14.0
-4.0
24.0
28.0
-5.0
-3.0
7.0
9.0
-12.0
-25.0
-46.0
-28.0
12.0
11.0
7.0
4.0
14.0
-11.0
9.0
-6.0
-30.0
0.0
-14.0
0.0
-44.0
-41.0
-47.0
-127.0
-153.0
-95.0
-62.0
0.0
43.0
118.0
139.0
141.0
109.0
27.0
-17.0
-90.0
-23.0
35.0
63.0
13.0
7.0
2.0
28.0
48.0
29.0
23.0
6.0
39.0
11.0
8.0
14.0
15.0
4.0
14.0
3.0
-26.0
-12.0
0.0
-43.0
-26.0
-34.0
-32.0
1.0
23.0
-38.0
-18.0
-11.0
-24.0
-41.0
0.0
-31.0
-26.0
-17.0
-43.0
-27.0
-13.0
-4.0
14.0
13.0
10.0
-11.0
-4.0
3.0
-33.0
-17.0
2.0
23.0
-4.0
-37.0
-8.0
17.0
18.0
15.0
-8.0
-11.0
-11.0
-16.0
-12.0
-10.0
-9.0
-3.0
-4.0
-13.0
-6.0
-19.0
-14.0
4.0
36.0
-2.0
-18.0
6.0
8.0
11.0
3.0
8.0
-12.0
6.0
6.0
-23.0
-12.0
-25.0
-28.0
-10.0
-25.0
-25.0
-14.0
6.0
0.0
-9.0
1.0
10.0
9.0
-11.0
12.0
29.0
23.0
-3.0
-29.0
-21.0
-29.0
-41.0
-39.0
-21.0
-17.0
-13.0
-16.0
-4.0
24.0
17.0
-14.0
-6.0
5.0
-7.0
-27.0
-23.0
9.0
20.0
26.0
6.0
17.0
-20.0
-23.0
4.0
-22.0
-16.0
-4.0
12.0
-17.0
-24.0
1.0
23.0
18.0
8.0
10.0
-16.0
-4.0
4.0
4.0
6.0
4.0
-23.0
-24.0
-37.0
-10.0
-29.0
-19.0
2.0
8.0
21.0
48.0
-21.0
-29.0
-23.0
-3.0
21.0
26.0
0.0
-34.0
-7.0
4.0
18.0
10.0
31.0
18.0
11.0
-15.0
-23.0
2.0
-20.0
-15.0
-4.0
-1.0
-12.0
-4.0
-7.0
-43.0
13.0
12.0
-4.0
19.0
-2.0
5.0
1.0
-48.0
-24.0
-8.0
12.0
17.0
-1.0
13.0
-4.0
-14.0
-22.0
4.0
10.0
8.0
-33.0
-23.0
-12.0
10.0
1.0
-1.0
0.0
0.0
-1.0
-36.0
9.0
-9.0
-21.0
-25.0
-4.0
-1.0
17.0
5.0
-1.0
17.0
0.0
9.0
12.0
-3.0
4.0
0.0
4.0
-32.0
-46.0
-16.0
6.0
37.0
19.0
48.0
31.0
26.0
49.0
30.0
39.0
9.0
4.0
-32.0
-9.0
-5.0
0.0
4.0
17.0
-34.0
-32.0
-22.0
-21.0
-35.0
-34.0
-18.0
-22.0
-20.0
-21.0
-23.0
-38.0
-45.0
-2.0
-2.0
-40.0
-26.0
-25.0
-22.0
-3.0
-15.0
-16.0
0.0
-11.0
11.0
11.0
9.0
10.0
11.0
-15.0
2.0
2.0
1.0
-24.0
-5.0
4.0
4.0
19.0
17.0
-14.0
22.0
4.0
-13.0
-12.0
7.0
-28.0
-33.0
-3.0
-4.0
-2.0
-2.0
0.0
13.0
3.0
8.0
2.0
-1.0
17.0
13.0
-5.0
-8.0
-5.0
1.0
6.0
-20.0
19.0
4.0
-12.0
-12.0
-15.0
-32.0
-37.0
-10.0
-29.0
15.0
-18.0
-47.0
-37.0
-49.0
-2.0
51.0
31.0
13.0
8.0
6.0
-1.0
20.0
-9.0
-12.0
1.0
7.0
14.0
-8.0
-17.0
13.0
5.0
14.0
-4.0
-9.0
-18.0
-4.0
-14.0
-27.0
-23.0
-22.0
-10.0
-18.0
-24.0
-29.0
-5.0
-3.0
-5.0
-3.0
26.0
4.0
20.0
10.0
-24.0
-26.0
-16.0
-27.0
-59.0
15.0
44.0
13.0
10.0
2.0
-13.0
-14.0
-1.0
14.0
0.0
-30.0
-33.0
-2.0
-33.0
39.0
50.0
46.0
30.0
5.0
10.0
-1.0
-39.0
-3.0
10.0
-7.0
4.0
9.0
-20.0
-12.0
-21.0
-13.0
-23.0
-1.0
-6.0
-23.0
-6.0
-6.0
-26.0
-36.0
8.0
-15.0
2.0
2.0
9.0
21.0
-28.0
-37.0
7.0
13.0
-13.0
-4.0
0.0
-3.0
-24.0
-37.0
3.0
7.0
12.0
39.0
5.0
-10.0
2.0
1.0
-24.0
-39.0
-52.0
-53.0
-26.0
-14.0
41.0
15.0
15.0
19.0
24.0
2.0
3.0
-4.0
-52.0
-5.0
3.0
-10.0
-23.0
-15.0
-24.0
-10.0
-6.0
-5.0
-17.0
-6.0
-29.0
17.0
26.0
4.0
10.0
-5.0
-8.0
-6.0
7.0
15.0
14.0
17.0
5.0
0.0
-5.0
-30.0
-38.0
-40.0
-23.0
-26.0
1.0
8.0
28.0
-17.0
-24.0
-20.0
-48.0
-54.0
-5.0
-6.0
7.0
4.0
-6.0
5.0
9.0
7.0
5.0
0.0
-3.0
-5.0
-11.0
-18.0
8.0
17.0
-17.0
-18.0
-1.0
-4.0
0.0
9.0
-7.0
6.0
28.0
24.0
-10.0
-11.0
5.0
2.0
-37.0
-43.0
-33.0
-40.0
-12.0
2.0
-28.0
0.0
25.0
28.0
2.0
9.0
-10.0
-12.0
2.0
-15.0
-4.0
12.0
21.0
7.0
-8.0
-7.0
-11.0
-17.0
4.0
23.0
28.0
-1.0
-31.0
-25.0
9.0
-27.0
-7.0
-21.0
-18.0
-23.0
-5.0
12.0
5.0
7.0
-6.0
0.0
-11.0
-17.0
13.0
6.0
-31.0
-18.0
28.0
29.0
7.0
-3.0
22.0
10.0
10.0
-18.0
-46.0
-11.0
5.0
7.0
-18.0
-28.0
-19.0
-5.0
8.0
6.0
5.0
8.0
16.0
10.0
0.0
-1.0
17.0
-11.0
1.0
23.0
9.0
7.0
29.0
20.0
-21.0
-4.0
26.0
-2.0
11.0
-3.0
-38.0
-26.0
-23.0
-26.0
-29.0
-2.0
17.0
-27.0
4.0
16.0
-27.0
-9.0
-2.0
2.0
14.0
-2.0
-17.0
-27.0
-18.0
-10.0
23.0
31.0
26.0
27.0
23.0
0.0
-3.0
-10.0
-4.0
-20.0
8.0
-24.0
-20.0
-23.0
3.0
-12.0
-13.0
15.0
22.0
1.0
15.0
4.0
11.0
9.0
33.0
-10.0
-23.0
-6.0
-15.0
-42.0
-16.0
-3.0
-4.0
-9.0
-16.0
10.0
-17.0
-30.0
-26.0
-20.0
-14.0
-16.0
-13.0
-18.0
-6.0
-22.0
-8.0
-33.0
-31.0
-29.0
-3.0
2.0
-6.0
-9.0
-31.0
-20.0
-5.0
-3.0
-9.0
9.0
2.0
-27.0
-3.0
-4.0
7.0
2.0
-8.0
11.0
33.0
-5.0
6.0
7.0
9.0
7.0
-37.0
-24.0
-36.0
-16.0
-27.0
-20.0
-15.0
8.0
13.0
12.0
18.0
35.0
45.0
-10.0
-5.0
-7.0
-43.0
-24.0
-11.0
-5.0
0.0
-14.0
5.0
-28.0
-10.0
20.0
12.0
19.0
38.0
32.0
0.0
5.0
14.0
6.0
-40.0
-18.0
4.0
26.0
-5.0
-3.0
-11.0
-11.0
-13.0
-28.0
-4.0
16.0
8.0
20.0
-16.0
-15.0
26.0
9.0
-1.0
7.0
-6.0
1.0
1.0
-17.0
-16.0
-17.0
-21.0
-6.0
-4.0
11.0
-13.0
16.0
27.0
17.0
-1.0
-2.0
-5.0
-9.0
-28.0
-9.0
-13.0
-38.0
12.0
-14.0
-16.0
-17.0
-7.0
-18.0
-18.0
-16.0
-13.0
-5.0
-7.0
3.0
-5.0
-13.0
-59.0
-79.0
-79.0
-5.0
14.0
13.0
16.0
42.0
-9.0
1.0
3.0
11.0
14.0
-5.0
-18.0
10.0
11.0
-4.0
-1.0
-2.0
0.0
-10.0
8.0
-7.0
-16.0
-35.0
-8.0
13.0
34.0
30.0
6.0
-3.0
-8.0
-29.0
-34.0
-36.0
5.0
-21.0
-29.0
-20.0
27.0
-5.0
-19.0
23.0
8.0
9.0
-12.0
13.0
-18.0
-24.0
-13.0
-25.0
12.0
20.0
15.0
9.0
-22.0
-24.0
-18.0
-23.0
6.0
3.0
-16.0
-6.0
4.0
-1.0
6.0
-15.0
-22.0
-24.0
6.0
1.0
21.0
6.0
23.0
39.0
46.0
23.0
12.0
10.0
23.0
-12.0
21.0
4.0
-35.0
-22.0
-59.0
-55.0
2.0
0.0
-24.0
-24.0
-32.0
-29.0
-11.0
-33.0
7.0
-39.0
-40.0
-32.0
-13.0
-28.0
2.0
2.0
-45.0
-27.0
0.0
2.0
-20.0
-20.0
-11.0
-8.0
-8.0
4.0
-4.0
17.0
21.0
9.0
-5.0
-7.0
48.0
32.0
26.0
-14.0
-22.0
-18.0
-4.0
-23.0
-3.0
-2.0
-17.0
-24.0
-40.0
-5.0
4.0
21.0
1.0
20.0
-9.0
-1.0
-5.0
25.0
11.0
-14.0
10.0
-10.0
10.0
-1.0
-20.0
-28.0
-1.0
19.0
-1.0
13.0
11.0
-8.0
-23.0
-30.0
-33.0
-31.0
-29.0
11.0
12.0
9.0
-18.0
-13.0
-13.0
-5.0
15.0
18.0
5.0
-14.0
-16.0
-1.0
-6.0
5.0
-18.0
-6.0
-7.0
-8.0
32.0
34.0
36.0
21.0
66.0
17.0
18.0
17.0
-3.0
-4.0
-3.0
4.0
23.0
-20.0
-19.0
4.0
-1.0
-31.0
-43.0
-35.0
-68.0
-41.0
7.0
-21.0
-2.0
-35.0
-7.0
-36.0
-10.0
-9.0
-20.0
19.0
21.0
6.0
5.0
-23.0
30.0
-39.0
-47.0
-36.0
-45.0
-45.0
-32.0
32.0
36.0
3.0
-12.0
7.0
13.0
7.0
20.0
33.0
33.0
2.0
-4.0
-4.0
5.0
-1.0
-2.0
0.0
-32.0
-22.0
-20.0
-10.0
-11.0
18.0
29.0
-16.0
7.0
3.0
6.0
24.0
6.0
16.0
28.0
4.0
1.0
-3.0
21.0
17.0
17.0
-15.0
-36.0
-8.0
3.0
-2.0
-16.0
-32.0
0.0
-4.0
4.0
-6.0
-11.0
-30.0
-5.0
-14.0
-24.0
-44.0
-17.0
-14.0
-1.0
-8.0
-21.0
-41.0
-60.0
-34.0
-10.0
21.0
-10.0
-9.0
8.0
20.0
40.0
12.0
9.0
22.0
13.0
-10.0
17.0
11.0
0.0
-11.0
31.0
18.0
-12.0
6.0
30.0
14.0
19.0
14.0
0.0
-10.0
-1.0
8.0
-32.0
-52.0
-28.0
-40.0
-28.0
-22.0
-38.0
-33.0
9.0
1.0
-2.0
-5.0
-30.0
-16.0
-15.0
-22.0
-18.0
-31.0
3.0
20.0
29.0
-2.0
1.0
-11.0
2.0
2.0
-1.0
11.0
-11.0
-6.0
-10.0
4.0
-5.0
18.0
9.0
14.0
6.0
-31.0
-10.0
-14.0
-23.0
-28.0
-25.0
4.0
-10.0
0.0
5.0
10.0
6.0
0.0
18.0
21.0
-31.0
8.0
2.0
-1.0
1.0
-41.0
7.0
-21.0
-15.0
-2.0
-2.0
-34.0
-2.0
2.0
8.0
36.0
0.0
18.0
2.0
-10.0
16.0
-32.0
17.0
23.0
46.0
11.0
-9.0
-26.0
-20.0
-43.0
-7.0
5.0
-7.0
-1.0
17.0
-17.0
-24.0
-34.0
37.0
2.0
6.0
4.0
17.0
19.0
-45.0
22.0
21.0
13.0
-13.0
-37.0
-15.0
-4.0
9.0
10.0
-17.0
1.0
-41.0
-20.0
8.0
2.0
10.0
-24.0
-21.0
-20.0
1.0
18.0
-2.0
15.0
7.0
-4.0
-11.0
-6.0
-5.0
-5.0
-10.0
-10.0
-18.0
-20.0
-33.0
-20.0
-35.0
-21.0
-40.0
-42.0
-29.0
-4.0
3.0
10.0
-2.0
29.0
32.0
29.0
13.0
23.0
-30.0
3.0
20.0
23.0
12.0
9.0
18.0
-9.0
16.0
8.0
27.0
-11.0
-2.0
0.0
-3.0
-11.0
-11.0
-29.0
-7.0
-7.0
2.0
-8.0
-12.0
20.0
-3.0
-37.0
-44.0
-16.0
-23.0
-23.0
-18.0
-27.0
1.0
-26.0
-9.0
28.0
-2.0
0.0
-5.0
-7.0
-35.0
-27.0
-2.0
-37.0
8.0
1.0
-11.0
-15.0
16.0
11.0
-24.0
-13.0
29.0
18.0
20.0
-31.0
-8.0
-22.0
-15.0
-17.0
13.0
-33.0
-48.0
-8.0
29.0
10.0
-6.0
0.0
18.0
12.0
8.0
3.0
3.0
11.0
12.0
-28.0
-30.0
-18.0
-16.0
-26.0
-5.0
39.0
33.0
11.0
19.0
3.0
5.0
29.0
-22.0
-26.0
-2.0
-2.0
-12.0
-17.0
-13.0
-6.0
-19.0
-16.0
7.0
1.0
-20.0
-17.0
1.0
23.0
10.0
-15.0
-17.0
-11.0
-3.0
-3.0
26.0
-10.0
8.0
-35.0
-19.0
12.0
13.0
-11.0
-4.0
-7.0
9.0
-14.0
-37.0
-23.0
9.0
-18.0
-7.0
-22.0
-5.0
-3.0
-43.0
-18.0
0.0
24.0
2.0
-45.0
-1.0
58.0
24.0
16.0
-18.0
17.0
0.0
-16.0
-27.0
-39.0
-15.0
-20.0
-13.0
-17.0
13.0
10.0
0.0
7.0
-27.0
-9.0
2.0
7.0
-22.0
-31.0
6.0
-11.0
14.0
7.0
-7.0
31.0
23.0
2.0
-5.0
-5.0
1.0
-19.0
-20.0
-34.0
-60.0
-28.0
-16.0
-3.0
8.0
10.0
0.0
14.0
1.0
-2.0
-31.0
-20.0
-4.0
20.0
2.0
4.0
-1.0
-8.0
10.0
20.0
6.0
4.0
3.0
14.0
-5.0
-7.0
-6.0
-74.0
-23.0
30.0
10.0
30.0
29.0
2.0
9.0
8.0
-40.0
-30.0
-50.0
-4.0
-42.0
-57.0
-25.0
14.0
33.0
32.0
-12.0
-12.0
28.0
-15.0
0.0
-1.0
-6.0
1.0
11.0
8.0
22.0
13.0
8.0
-40.0
-1.0
15.0
-10.0
-7.0
-18.0
-22.0
-11.0
7.0
32.0
7.0
-3.0
-32.0
-59.0
5.0
13.0
17.0
14.0
22.0
33.0
29.0
10.0
-13.0
-4.0
19.0
4.0
-1.0
-12.0
-22.0
-21.0
-25.0
-25.0
-43.0
-2.0
-46.0
-46.0
-48.0
-20.0
13.0
21.0
33.0
-10.0
15.0
36.0
28.0
4.0
10.0
3.0
-13.0
-14.0
-3.0
4.0
12.0
15.0
12.0
-41.0
-47.0
-26.0
-35.0
-5.0
-19.0
-7.0
-48.0
-19.0
-15.0
8.0
-8.0
-25.0
-76.0
-41.0
-114.0
-66.0
88.0
72.0
28.0
-14.0
-11.0
-25.0
52.0
62.0
56.0
-20.0
-33.0
-9.0
11.0
25.0
19.0
2.0
18.0
34.0
15.0
-29.0
-29.0
-46.0
-43.0
5.0
4.0
2.0
-2.0
-25.0
-21.0
-18.0
14.0
-20.0
-4.0
0.0
1.0
2.0
1.0
-8.0
-18.0
-11.0
4.0
14.0
10.0
-10.0
-12.0
-34.0
-31.0
6.0
8.0
31.0
34.0
-19.0
0.0
12.0
0.0
-3.0
-1.0
-4.0
-7.0
-25.0
-44.0
-42.0
6.0
5.0
4.0
28.0
7.0
20.0
-14.0
7.0
-12.0
11.0
36.0
7.0
7.0
-6.0
-40.0
-47.0
-39.0
-22.0
11.0
1.0
26.0
-35.0
-40.0
-35.0
-16.0
-42.0
-26.0
0.0
53.0
39.0
39.0
-1.0
3.0
39.0
1.0
-8.0
-8.0
-16.0
6.0
-1.0
-21.0
-40.0
-40.0
26.0
-12.0
-70.0
-32.0
-33.0
-17.0
-1.0
-16.0
3.0
-2.0
-1.0
-2.0
22.0
-11.0
-71.0
-52.0
-13.0
-5.0
-7.0
-5.0
13.0
19.0
9.0
15.0
-20.0
-67.0
66.0
-10.0
-63.0
-63.0
-37.0
-60.0
-11.0
13.0
26.0
22.0
35.0
42.0
-9.0
-5.0
1.0
44.0
44.0
42.0
-17.0
-42.0
-5.0
-27.0
-4.0
4.0
-31.0
-26.0
35.0
26.0
-13.0
24.0
-4.0
10.0
42.0
35.0
-14.0
-27.0
-34.0
-41.0
-39.0
-55.0
-30.0
-23.0
-47.0
-39.0
-20.0
-9.0
-8.0
-44.0
-32.0
-26.0
10.0
41.0
36.0
33.0
30.0
19.0
14.0
11.0
-22.0
-32.0
5.0
19.0
30.0
21.0
12.0
-23.0
32.0
30.0
18.0
-33.0
-44.0
-16.0
20.0
28.0
27.0
8.0
-2.0
-5.0
-38.0
-32.0
-21.0
18.0
-18.0
-18.0
12.0
18.0
-32.0
16.0
13.0
3.0
-11.0
-31.0
-12.0
-7.0
-10.0
-4.0
-34.0
-34.0
28.0
2.0
-20.0
13.0
19.0
14.0
2.0
8.0
-17.0
-19.0
31.0
-30.0
-22.0
-3.0
-1.0
-4.0
-5.0
-16.0
0.0
-34.0
-20.0
-19.0
3.0
21.0
14.0
8.0
17.0
-8.0
-5.0
16.0
-28.0
-7.0
11.0
-12.0
-11.0
-9.0
15.0
-12.0
-11.0
-13.0
-9.0
2.0
26.0
18.0
15.0
21.0
-19.0
12.0
25.0
19.0
23.0
-25.0
-36.0
-23.0
-34.0
-38.0
-25.0
-25.0
-5.0
-10.0
-32.0
0.0
-6.0
17.0
62.0
55.0
33.0
-7.0
-45.0
0.0
-11.0
-46.0
-31.0
-26.0
13.0
17.0
10.0
46.0
9.0
15.0
-1.0
10.0
5.0
13.0
-16.0
-5.0
-4.0
30.0
-18.0
-18.0
-23.0
-19.0
-26.0
9.0
-13.0
-20.0
-28.0
-18.0
6.0
4.0
7.0
17.0
-23.0
13.0
-4.0
-6.0
-18.0
-42.0
14.0
31.0
-8.0
-12.0
10.0
-28.0
-3.0
-5.0
-40.0
5.0
21.0
23.0
-3.0
-11.0
-41.0
-18.0
-7.0
-7.0
24.0
33.0
-3.0
3.0
-50.0
46.0
20.0
-15.0
1.0
-6.0
4.0
31.0
2.0
3.0
-2.0
23.0
-4.0
-24.0
7.0
2.0
2.0
-18.0
-40.0
-25.0
-10.0
-4.0
-14.0
-2.0
-26.0
-24.0
-16.0
9.0
-20.0
-74.0
11.0
15.0
-3.0
20.0
-12.0
-9.0
9.0
8.0
35.0
6.0
39.0
56.0
-3.0
2.0
-19.0
-21.0
-30.0
-24.0
-37.0
-32.0
-64.0
-42.0
-1.0
-34.0
-27.0
-31.0
-11.0
-21.0
33.0
-7.0
-18.0
-12.0
29.0
31.0
9.0
12.0
2.0
-13.0
-38.0
18.0
22.0
61.0
37.0
8.0
-16.0
-17.0
-12.0
-44.0
-61.0
-40.0
-29.0
-17.0
15.0
21.0
0.0
2.0
9.0
44.0
23.0
-5.0
-12.0
-3.0
-28.0
14.0
24.0
24.0
-24.0
-12.0
0.0
-8.0
22.0
15.0
10.0
-9.0
-1.0
-5.0
6.0
24.0
-7.0
-31.0
-19.0
-18.0
6.0
-7.0
18.0
12.0
-4.0
-7.0
-2.0
16.0
2.0
-20.0
-21.0
-3.0
-10.0
-1.0
-20.0
15.0
18.0
-17.0
-2.0
-6.0
-11.0
-9.0
-19.0
-23.0
-52.0
-80.0
-48.0
4.0
-20.0
-29.0
13.0
16.0
4.0
1.0
-16.0
5.0
-20.0
-54.0
18.0
3.0
31.0
27.0
9.0
2.0
-11.0
-20.0
-15.0
14.0
-12.0
-36.0
31.0
9.0
28.0
28.0
9.0
31.0
10.0
-11.0
-113.0
-54.0
43.0
84.0
32.0
24.0
-10.0
0.0
-3.0
29.0
-35.0
-6.0
19.0
53.0
46.0
55.0
58.0
54.0
58.0
16.0
29.0
18.0
-8.0
-2.0
-16.0
-14.0
-47.0
-52.0
-50.0
-46.0
2.0
-17.0
-34.0
-33.0
-32.0
-32.0
-36.0
-47.0
-55.0
-49.0
-36.0
-24.0
-99.0
-49.0
-41.0
-44.0
2.0
3.0
-3.0
-11.0
-77.0
-59.0
-4.0
22.0
68.0
68.0
44.0
42.0
15.0
54.0
16.0
-14.0
4.0
2.0
7.0
11.0
-1.0
1.0
23.0
20.0
-13.0
14.0
15.0
-16.0
-11.0
-5.0
35.0
-2.0
-5.0
-18.0
-11.0
-2.0
-1.0
9.0
-10.0
-12.0
-37.0
-12.0
-25.0
-44.0
-4.0
-5.0
-19.0
-8.0
-14.0
-21.0
-2.0
-27.0
-18.0
-7.0
-9.0
-24.0
-20.0
11.0
44.0
48.0
24.0
37.0
-12.0
-19.0
-49.0
1.0
-5.0
-17.0
-15.0
-31.0
-22.0
-26.0
3.0
19.0
20.0
-21.0
5.0
-3.0
33.0
32.0
22.0
18.0
29.0
17.0
10.0
-11.0
9.0
-25.0
-32.0
-32.0
10.0
22.0
-7.0
12.0
-9.0
1.0
-17.0
-26.0
-53.0
-51.0
-24.0
-30.0
-26.0
-11.0
2.0
2.0
-16.0
-26.0
-2.0
-7.0
-21.0
1.0
8.0
7.0
-9.0
-11.0
-15.0
-11.0
-14.0
-24.0
-16.0
16.0
-6.0
0.0
16.0
-4.0
-1.0
-2.0
11.0
6.0
6.0
-30.0
-21.0
-5.0
-25.0
14.0
27.0
1.0
5.0
3.0
14.0
-7.0
-17.0
-10.0
7.0
5.0
-37.0
-15.0
-37.0
-35.0
-24.0
-25.0
-12.0
-28.0
3.0
-6.0
-1.0
4.0
28.0
27.0
22.0
29.0
-2.0
-1.0
39.0
38.0
-5.0
-11.0
-31.0
-37.0
-23.0
5.0
11.0
30.0
16.0
4.0
29.0
-5.0
-14.0
-17.0
-38.0
-24.0
-19.0
-10.0
4.0
-42.0
-64.0
-13.0
15.0
20.0
4.0
-24.0
-12.0
3.0
48.0
34.0
8.0
41.0
-15.0
-22.0
-13.0
-45.0
-15.0
-17.0
-23.0
-11.0
-17.0
59.0
20.0
13.0
18.0
26.0
20.0
-40.0
-38.0
-24.0
-26.0
31.0
13.0
13.0
8.0
16.0
8.0
10.0
-20.0
5.0
18.0
-12.0
0.0
3.0
-13.0
-17.0
-43.0
-3.0
26.0
16.0
-17.0
-17.0
-17.0
-9.0
-4.0
-18.0
2.0
18.0
0.0
-15.0
-10.0
-4.0
17.0
24.0
-22.0
-45.0
-23.0
14.0
6.0
26.0
34.0
-6.0
-11.0
-10.0
-19.0
-20.0
-14.0
-17.0
-31.0
-35.0
6.0
-2.0
-34.0
-36.0
-19.0
-6.0
-24.0
7.0
10.0
-28.0
8.0
2.0
-1.0
5.0
-20.0
5.0
-20.0
8.0
7.0
8.0
10.0
20.0
-1.0
-1.0
2.0
15.0
-1.0
11.0
18.0
-5.0
0.0
-27.0
-21.0
-11.0
-17.0
9.0
7.0
-23.0
-13.0
14.0
3.0
-14.0
14.0
14.0
-8.0
-2.0
-29.0
17.0
16.0
4.0
1.0
13.0
11.0
7.0
16.0
-23.0
-21.0
-17.0
-32.0
-30.0
-40.0
-42.0
-28.0
-24.0
-6.0
4.0
41.0
18.0
-28.0
-41.0
-26.0
13.0
15.0
10.0
-28.0
14.0
-7.0
4.0
8.0
4.0
-15.0
-2.0
-2.0
0.0
13.0
6.0
15.0
5.0
5.0
-23.0
-19.0
-10.0
-6.0
-10.0
-17.0
-13.0
-21.0
-6.0
-9.0
-12.0
13.0
3.0
-2.0
-5.0
4.0
-3.0
-32.0
-87.0
-95.0
-19.0
24.0
33.0
18.0
14.0
2.0
7.0
21.0
17.0
-29.0
6.0
3.0
30.0
15.0
13.0
2.0
-11.0
-28.0
-5.0
-7.0
32.0
31.0
0.0
-11.0
-14.0
-4.0
-9.0
-8.0
8.0
-18.0
12.0
5.0
-14.0
-22.0
-22.0
11.0
-2.0
11.0
11.0
-19.0
-6.0
-55.0
-14.0
-46.0
-45.0
-50.0
-32.0
7.0
12.0
4.0
33.0
33.0
-5.0
16.0
12.0
-11.0
4.0
-4.0
-11.0
13.0
-4.0
9.0
12.0
25.0
11.0
-2.0
-17.0
-14.0
-16.0
-10.0
-11.0
-16.0
-23.0
-21.0
-17.0
32.0
22.0
-1.0
28.0
24.0
9.0
-7.0
-11.0
-11.0
-9.0
-22.0
-5.0
-22.0
-9.0
-11.0
-34.0
3.0
-31.0
-41.0
-38.0
-3.0
24.0
14.0
6.0
-14.0
-37.0
2.0
-25.0
-9.0
-12.0
-69.0
-21.0
-6.0
8.0
12.0
-24.0
-17.0
-8.0
-45.0
-42.0
-8.0
-3.0
13.0
-50.0
-64.0
-78.0
-71.0
-15.0
8.0
6.0
87.0
90.0
83.0
35.0
3.0
27.0
4.0
19.0
-15.0
-20.0
-8.0
-32.0
28.0
22.0
12.0
2.0
13.0
-45.0
-25.0
-30.0
-65.0
-59.0
-11.0
-3.0
27.0
26.0
38.0
7.0
-36.0
-30.0
-13.0
-2.0
-22.0
-41.0
-44.0
9.0
-24.0
-22.0
-3.0
1.0
-14.0
30.0
48.0
20.0
18.0
8.0
-31.0
-6.0
-34.0
-45.0
-21.0
-5.0
-31.0
17.0
26.0
8.0
30.0
-10.0
-11.0
-17.0
-11.0
-30.0
-1.0
11.0
8.0
28.0
6.0
1.0
13.0
19.0
-5.0
-48.0
-38.0
-30.0
-21.0
-26.0
-8.0
34.0
-28.0
-34.0
-24.0
-2.0
-2.0
-3.0
55.0
20.0
9.0
-33.0
-24.0
-22.0
-11.0
-4.0
11.0
-7.0
0.0
-9.0
30.0
5.0
15.0
8.0
7.0
-36.0
-13.0
-4.0
0.0
-15.0
2.0
3.0
-53.0
-61.0
-46.0
-12.0
23.0
27.0
29.0
13.0
-5.0
-20.0
-7.0
-11.0
9.0
-4.0
7.0
1.0
-32.0
-50.0
-70.0
-53.0
-18.0
-20.0
19.0
5.0
5.0
19.0
8.0
2.0
9.0
3.0
-15.0
-22.0
-11.0
2.0
-4.0
-44.0
-6.0
35.0
29.0
42.0
10.0
8.0
-22.0
8.0
12.0
-29.0
-32.0
-10.0
-64.0
-43.0
22.0
15.0
4.0
5.0
-2.0
-1.0
-1.0
-20.0
-7.0
2.0
0.0
10.0
20.0
17.0
22.0
6.0
22.0
33.0
0.0
2.0
-90.0
-88.0
-46.0
-2.0
7.0
44.0
65.0
5.0
-19.0
-4.0
-48.0
-41.0
-52.0
32.0
-7.0
6.0
-8.0
35.0
-8.0
-44.0
-22.0
-18.0
-18.0
-7.0
0.0
-17.0
-5.0
3.0
-15.0
-12.0
22.0
23.0
-6.0
-3.0
-9.0
-22.0
-14.0
-9.0
-31.0
-53.0
-36.0
-40.0
1.0
-18.0
-43.0
-5.0
45.0
26.0
22.0
31.0
26.0
26.0
17.0
-13.0
-13.0
9.0
-6.0
-35.0
-15.0
4.0
18.0
24.0
39.0
16.0
34.0
-16.0
-26.0
-25.0
-27.0
-18.0
-23.0
-17.0
-24.0
-25.0
-16.0
11.0
19.0
-1.0
-34.0
-2.0
-17.0
-18.0
-24.0
-2.0
-6.0
-31.0
-28.0
-23.0
-21.0
-10.0
2.0
8.0
-2.0
-15.0
10.0
-8.0
30.0
45.0
35.0
30.0
18.0
22.0
17.0
1.0
-35.0
-45.0
-22.0
-23.0
0.0
-13.0
-17.0
-17.0
-15.0
-4.0
13.0
-10.0
-12.0
24.0
11.0
-11.0
-9.0
-3.0
-16.0
-1.0
4.0
22.0
33.0
13.0
6.0
-38.0
-76.0
-77.0
-55.0
-22.0
15.0
-10.0
-18.0
-36.0
13.0
6.0
13.0
7.0
41.0
25.0
26.0
-25.0
-8.0
14.0
17.0
18.0
11.0
13.0
-14.0
-35.0
-13.0
-17.0
-34.0
3.0
-4.0
4.0
4.0
-2.0
19.0
-9.0
0.0
18.0
13.0
14.0
11.0
-7.0
5.0
-3.0
-14.0
-13.0
-7.0
-9.0
15.0
7.0
-10.0
-9.0
-13.0
-16.0
-49.0
-46.0
-30.0
-4.0
-14.0
22.0
5.0
2.0
-68.0
-76.0
-100.0
-60.0
-22.0
-21.0
54.0
22.0
13.0
-35.0
-84.0
-83.0
-34.0
19.0
-5.0
38.0
29.0
39.0
8.0
26.0
41.0
38.0
10.0
13.0
-14.0
-45.0
-46.0
2.0
22.0
2.0
39.0
33.0
17.0
24.0
28.0
23.0
-29.0
-89.0
-32.0
-39.0
-18.0
-13.0
17.0
-5.0
27.0
25.0
29.0
-7.0
-7.0
24.0
-31.0
-31.0
3.0
3.0
-8.0
-63.0
-56.0
-37.0
-8.0
13.0
-16.0
-17.0
24.0
27.0
-3.0
33.0
-18.0
2.0
13.0
30.0
-2.0
2.0
-20.0
-31.0
-46.0
-37.0
-15.0
6.0
-31.0
18.0
15.0
15.0
-23.0
-5.0
-44.0
-13.0
-5.0
28.0
34.0
-9.0
-17.0
-20.0
-11.0
-17.0
-14.0
16.0
6.0
4.0
6.0
-15.0
11.0
6.0
19.0
-20.0
-35.0
-18.0
-46.0
-35.0
-18.0
-15.0
-10.0
-6.0
11.0
-15.0
-50.0
-118.0
-34.0
22.0
36.0
88.0
56.0
59.0
-7.0
16.0
-28.0
5.0
-39.0
1.0
7.0
9.0
-19.0
-19.0
26.0
16.0
-2.0
-33.0
-13.0
13.0
15.0
-13.0
-1.0
-9.0
0.0
-24.0
-6.0
21.0
-19.0
12.0
0.0
4.0
0.0
9.0
-46.0
-61.0
-60.0
-22.0
-15.0
27.0
34.0
30.0
-1.0
-4.0
28.0
22.0
-13.0
30.0
16.0
-5.0
21.0
-15.0
-18.0
-24.0
-4.0
-3.0
-5.0
-6.0
2.0
-3.0
17.0
19.0
-14.0
-21.0
-78.0
-29.0
2.0
-7.0
-22.0
-30.0
-20.0
-6.0
11.0
8.0
19.0
-22.0
-16.0
-37.0
-25.0
-28.0
-13.0
-10.0
-6.0
-12.0
-9.0
28.0
7.0
-42.0
-7.0
-4.0
12.0
8.0
8.0
9.0
-1.0
-17.0
-1.0
7.0
20.0
4.0
-13.0
-7.0
6.0
3.0
0.0
-9.0
-21.0
-48.0
-6.0
-38.0
-96.0
22.0
67.0
67.0
57.0
22.0
9.0
6.0
-2.0
-66.0
-51.0
-2.0
42.0
44.0
32.0
17.0
6.0
-25.0
-36.0
-31.0
-31.0
-2.0
17.0
13.0
4.0
23.0
35.0
33.0
12.0
-3.0
-29.0
-25.0
5.0
14.0
45.0
22.0
-11.0
-51.0
-15.0
-16.0
22.0
1.0
-8.0
-8.0
4.0
-5.0
3.0
32.0
3.0
24.0
11.0
-12.0
-12.0
-13.0
12.0
-15.0
8.0
-39.0
-50.0
-29.0
-21.0
-15.0
-29.0
-28.0
-32.0
-7.0
-6.0
-3.0
-8.0
-29.0
-19.0
29.0
4.0
5.0
10.0
25.0
15.0
41.0
41.0
41.0
28.0
6.0
-8.0
-5.0
-15.0
-27.0
8.0
28.0
-5.0
-22.0
-33.0
-44.0
-44.0
-49.0
-25.0
-57.0
-24.0
-42.0
15.0
-16.0
-14.0
-6.0
-11.0
-10.0
-7.0
-28.0
-39.0
-77.0
-33.0
-8.0
6.0
33.0
1.0
-4.0
-23.0
21.0
20.0
10.0
-21.0
15.0
11.0
-1.0
18.0
14.0
6.0
7.0
-13.0
-17.0
-7.0
-5.0
-1.0
1.0
14.0
14.0
7.0
-5.0
-4.0
-5.0
-2.0
-20.0
-18.0
-22.0
29.0
30.0
7.0
-25.0
-1.0
-2.0
-30.0
12.0
-6.0
44.0
6.0
7.0
10.0
0.0
-22.0
-14.0
-25.0
-21.0
-23.0
8.0
0.0
-5.0
-10.0
-25.0
-3.0
31.0
-17.0
-6.0
13.0
10.0
-7.0
-5.0
-21.0
-6.0
-42.0
27.0
-30.0
-33.0
33.0
-25.0
15.0
8.0
42.0
-8.0
-28.0
0.0
37.0
34.0
20.0
-23.0
5.0
9.0
-4.0
2.0
-21.0
1.0
-12.0
2.0
11.0
3.0
23.0
26.0
-24.0
-9.0
-40.0
-27.0
17.0
9.0
17.0
-11.0
-6.0
-9.0
-12.0
-42.0
-56.0
-45.0
-42.0
-36.0
5.0
18.0
8.0
9.0
-60.0
12.0
19.0
5.0
-21.0
27.0
-26.0
-5.0
18.0
22.0
32.0
-4.0
22.0
25.0
20.0
23.0
37.0
-21.0
-29.0
-23.0
-18.0
25.0
-31.0
-37.0
-35.0
-46.0
-33.0
-24.0
-30.0
-21.0
-19.0
2.0
24.0
41.0
16.0
31.0
20.0
-25.0
-35.0
-33.0
-2.0
18.0
9.0
17.0
-13.0
-15.0
3.0
9.0
-4.0
-6.0
-8.0
17.0
1.0
-18.0
-20.0
-6.0
7.0
33.0
-23.0
-19.0
-23.0
-38.0
-48.0
-27.0
-16.0
5.0
17.0
-24.0
14.0
8.0
8.0
13.0
-17.0
-6.0
31.0
36.0
-7.0
-22.0
-17.0
-5.0
-31.0
-27.0
-35.0
11.0
13.0
5.0
-21.0
19.0
16.0
13.0
-7.0
0.0
1.0
-27.0
-1.0
-12.0
-1.0
-13.0
-3.0
-12.0
21.0
15.0
23.0
37.0
-28.0
-22.0
-18.0
-28.0
4.0
13.0
34.0
20.0
0.0
18.0
-35.0
-48.0
-17.0
-24.0
-36.0
-43.0
-8.0
22.0
-23.0
-4.0
-5.0
-32.0
-19.0
7.0
13.0
15.0
20.0
-7.0
3.0
-11.0
-11.0
9.0
8.0
-20.0
2.0
3.0
-12.0
12.0
1.0
8.0
20.0
-2.0
-14.0
-35.0
-20.0
-14.0
-12.0
5.0
-24.0
-9.0
-19.0
-15.0
-26.0
8.0
-25.0
-29.0
-100.0
-50.0
-10.0
7.0
30.0
10.0
-12.0
-10.0
-46.0
-35.0
36.0
30.0
56.0
28.0
8.0
21.0
-3.0
4.0
8.0
8.0
19.0
6.0
-22.0
-53.0
-101.0
-2.0
11.0
34.0
7.0
0.0
-40.0
-17.0
-3.0
31.0
-19.0
18.0
13.0
14.0
-8.0
-1.0
-40.0
24.0
28.0
-1.0
25.0
0.0
13.0
26.0
-6.0
-8.0
-75.0
2.0
-24.0
-1.0
7.0
-31.0
-18.0
-43.0
-17.0
-17.0
6.0
-13.0
7.0
11.0
4.0
26.0
37.0
6.0
11.0
15.0
-2.0
7.0
-9.0
3.0
9.0
-13.0
-4.0
18.0
-7.0
-8.0
1.0
-11.0
-1.0
-4.0
4.0
-13.0
-48.0
-30.0
-32.0
-40.0
-29.0
1.0
-23.0
-49.0
-38.0
-18.0
6.0
-13.0
-37.0
-33.0
12.0
36.0
31.0
3.0
-23.0
4.0
28.0
8.0
23.0
22.0
10.0
39.0
-17.0
-14.0
-4.0
10.0
7.0
22.0
-4.0
-9.0
-6.0
2.0
-38.0
-39.0
7.0
-16.0
-5.0
-11.0
8.0
9.0
-2.0
-8.0
-8.0
-11.0
-3.0
-16.0
-11.0
20.0
20.0
16.0
15.0
4.0
-19.0
15.0
42.0
46.0
38.0
-5.0
51.0
53.0
30.0
16.0
20.0
-7.0
-24.0
13.0
-44.0
-17.0
-26.0
-27.0
-44.0
-31.0
-27.0
-37.0
-66.0
-82.0
-61.0
-23.0
7.0
-4.0
-24.0
-18.0
-4.0
-11.0
-16.0
-15.0
-20.0
-13.0
-11.0
-7.0
-20.0
27.0
1.0
12.0
8.0
30.0
3.0
7.0
-28.0
-21.0
-67.0
-6.0
11.0
-19.0
39.0
-37.0
0.0
-20.0
-27.0
-18.0
-3.0
-30.0
10.0
8.0
16.0
-26.0
-10.0
-20.0
-13.0
-19.0
7.0
24.0
33.0
7.0
-24.0
-33.0
14.0
-21.0
-21.0
-17.0
-2.0
-3.0
-14.0
-11.0
-15.0
-1.0
18.0
4.0
12.0
10.0
2.0
14.0
27.0
3.0
-9.0
-48.0
-35.0
-10.0
-37.0
-40.0
6.0
-22.0
2.0
24.0
6.0
8.0
6.0
-13.0
-16.0
-7.0
12.0
-28.0
31.0
-4.0
-11.0
-16.0
44.0
-24.0
-31.0
-26.0
-34.0
-6.0
23.0
-24.0
-16.0
-24.0
11.0
4.0
6.0
6.0
15.0
3.0
-38.0
-7.0
17.0
-48.0
-20.0
-18.0
-2.0
-2.0
-14.0
4.0
-17.0
-17.0
16.0
-1.0
-13.0
15.0
-17.0
-24.0
-7.0
16.0
6.0
12.0
9.0
-13.0
-9.0
4.0
9.0
5.0
12.0
2.0
-27.0
-56.0
-56.0
-28.0
7.0
18.0
-16.0
-18.0
36.0
-38.0
-85.0
-96.0
0.0
62.0
34.0
31.0
8.0
12.0
-21.0
-19.0
2.0
38.0
62.0
34.0
26.0
37.0
15.0
20.0
-6.0
-12.0
-27.0
-42.0
-41.0
-78.0
-60.0
-53.0
-21.0
-20.0
23.0
34.0
19.0
21.0
13.0
-6.0
-7.0
10.0
6.0
11.0
1.0
-41.0
-23.0
-6.0
0.0
-5.0
21.0
-44.0
-16.0
-19.0
-34.0
0.0
9.0
-21.0
3.0
-29.0
-155.0
-104.0
-77.0
-82.0
9.0
65.0
115.0
100.0
65.0
19.0
36.0
-1.0
41.0
35.0
6.0
-55.0
-108.0
-60.0
-16.0
22.0
-17.0
20.0
35.0
39.0
33.0
30.0
11.0
24.0
28.0
-54.0
0.0
-42.0
-6.0
-3.0
-40.0
-77.0
-70.0
-59.0
-9.0
37.0
9.0
21.0
53.0
60.0
54.0
50.0
37.0
19.0
6.0
-11.0
-4.0
-18.0
-13.0
-9.0
21.0
-39.0
6.0
-70.0
-33.0
-33.0
-17.0
-8.0
15.0
30.0
12.0
17.0
-3.0
11.0
-44.0
-40.0
-108.0
-31.0
-28.0
-24.0
29.0
46.0
30.0
31.0
-26.0
-69.0
-35.0
-1.0
31.0
30.0
-14.0
-49.0
18.0
70.0
44.0
68.0
16.0
29.0
-4.0
-3.0
13.0
-40.0
-13.0
-57.0
-26.0
-54.0
-42.0
-35.0
36.0
37.0
10.0
-1.0
6.0
27.0
12.0
-66.0
-8.0
-19.0
52.0
54.0
16.0
-13.0
-67.0
-13.0
29.0
-14.0
9.0
-7.0
53.0
57.0
32.0
-13.0
-45.0
-33.0
-14.0
18.0
40.0
-9.0
-1.0
-3.0
-12.0
1.0
-14.0
-52.0
-17.0
23.0
30.0
-8.0
-31.0
-35.0
7.0
2.0
-22.0
21.0
-18.0
-37.0
1.0
-18.0
28.0
36.0
36.0
16.0
20.0
-19.0
-14.0
0.0
-10.0
15.0
-25.0
-28.0
-73.0
14.0
-21.0
6.0
7.0
-7.0
16.0
10.0
-19.0
-29.0
-34.0
19.0
-2.0
-18.0
-31.0
17.0
-18.0
2.0
-12.0
-17.0
-24.0
-35.0
9.0
-28.0
38.0
22.0
43.0
17.0
-17.0
-13.0
-12.0
-25.0
-88.0
-59.0
-3.0
14.0
-14.0
8.0
-5.0
-10.0
-1.0
-3.0
-24.0
-20.0
13.0
2.0
21.0
2.0
-10.0
-4.0
-24.0
-21.0
-5.0
4.0
36.0
12.0
55.0
36.0
16.0
13.0
-8.0
-38.0
-33.0
1.0
21.0
4.0
-37.0
-17.0
-24.0
-20.0
-14.0
-16.0
-43.0
-17.0
13.0
-41.0
-63.0
-28.0
-20.0
-23.0
42.0
33.0
25.0
0.0
-13.0
25.0
-4.0
15.0
16.0
12.0
11.0
22.0
-4.0
-9.0
-27.0
-5.0
2.0
-11.0
21.0
23.0
12.0
-21.0
-12.0
-86.0
16.0
-14.0
48.0
-66.0
-39.0
-26.0
-13.0
24.0
11.0
21.0
-57.0
-20.0
42.0
9.0
34.0
34.0
-8.0
22.0
20.0
-45.0
4.0
-25.0
-14.0
8.0
-7.0
-11.0
32.0
-13.0
41.0
11.0
20.0
11.0
-19.0
28.0
-8.0
-4.0
-9.0
68.0
29.0
-1.0
-65.0
-63.0
-42.0
-9.0
31.0
33.0
22.0
11.0
-24.0
1.0
-17.0
-25.0
-29.0
-27.0
21.0
19.0
-25.0
25.0
18.0
-31.0
-15.0
-7.0
13.0
8.0
10.0
0.0
0.0
16.0
-40.0
-11.0
-16.0
-9.0
-21.0
18.0
0.0
8.0
-28.0
17.0
9.0
-22.0
24.0
44.0
-27.0
-31.0
-25.0
-32.0
-50.0
9.0
1.0
-17.0
-4.0
-7.0
-3.0
20.0
-4.0
-5.0
14.0
0.0
-15.0
-60.0
-9.0
-29.0
-8.0
-21.0
1.0
2.0
-2.0
-15.0
-51.0
-45.0
5.0
32.0
-9.0
17.0
-40.0
-35.0
4.0
55.0
-91.0
-18.0
31.0
21.0
37.0
29.0
4.0
-3.0
20.0
-33.0
-20.0
-2.0
17.0
0.0
-12.0
-27.0
-26.0
-28.0
-28.0
-26.0
-19.0
-20.0
-12.0
-5.0
2.0
23.0
-13.0
-20.0
8.0
11.0
-7.0
-52.0
-51.0
-33.0
-42.0
37.0
45.0
58.0
19.0
4.0
-1.0
-23.0
15.0
32.0
4.0
7.0
7.0
8.0
11.0
11.0
-4.0
11.0
-15.0
-25.0
-29.0
-2.0
6.0
2.0
-2.0
-1.0
20.0
6.0
-12.0
20.0
23.0
10.0
-61.0
-53.0
-26.0
11.0
-52.0
-30.0
-25.0
3.0
-21.0
15.0
6.0
2.0
16.0
-6.0
-13.0
-129.0
-28.0
16.0
15.0
13.0
62.0
52.0
41.0
11.0
-57.0
-35.0
13.0
2.0
26.0
37.0
22.0
24.0
4.0
14.0
-8.0
-18.0
11.0
-7.0
11.0
4.0
7.0
-3.0
23.0
-21.0
-30.0
-13.0
21.0
20.0
20.0
-101.0
-17.0
-25.0
-19.0
-41.0
-24.0
21.0
-42.0
17.0
18.0
18.0
10.0
1.0
-14.0
-27.0
33.0
-28.0
-4.0
1.0
13.0
18.0
12.0
15.0
2.0
-23.0
-10.0
10.0
-4.0
46.0
-5.0
36.0
-34.0
-27.0
22.0
20.0
35.0
-13.0
-25.0
-55.0
-3.0
-50.0
-16.0
-18.0
6.0
-39.0
-36.0
-7.0
-1.0
-7.0
-24.0
6.0
-50.0
-41.0
-23.0
-15.0
13.0
38.0
12.0
-8.0
-13.0
9.0
-4.0
-8.0
-10.0
-9.0
-2.0
20.0
25.0
18.0
11.0
-24.0
5.0
8.0
-29.0
10.0
-9.0
20.0
-10.0
4.0
-2.0
-5.0
-23.0
-22.0
-56.0
-30.0
8.0
39.0
-17.0
-15.0
-17.0
24.0
39.0
47.0
-13.0
-8.0
-1.0
-11.0
28.0
8.0
-19.0
-30.0
-30.0
-27.0
-29.0
0.0
9.0
18.0
-15.0
-9.0
-26.0
2.0
2.0
3.0
-11.0
-37.0
-44.0
-12.0
23.0
2.0
22.0
27.0
48.0
43.0
6.0
16.0
-10.0
-7.0
-5.0
-24.0
-42.0
-12.0
2.0
-3.0
-37.0
-15.0
-15.0
15.0
-6.0
12.0
13.0
-14.0
-3.0
-5.0
-3.0
-56.0
-39.0
-10.0
43.0
17.0
24.0
16.0
8.0
9.0
2.0
-20.0
-29.0
-39.0
-12.0
1.0
-5.0
16.0
-15.0
-22.0
-22.0
0.0
-42.0
12.0
-32.0
-58.0
-25.0
7.0
52.0
48.0
-28.0
-3.0
-6.0
8.0
12.0
-12.0
53.0
26.0
-3.0
-2.0
-5.0
14.0
-3.0
-27.0
-61.0
-9.0
0.0
36.0
-18.0
-20.0
18.0
-29.0
9.0
2.0
3.0
-18.0
-25.0
-4.0
5.0
6.0
11.0
15.0
6.0
-24.0
-14.0
-17.0
26.0
-14.0
-10.0
-5.0
-26.0
10.0
17.0
-8.0
15.0
-10.0
-6.0
28.0
3.0
7.0
-27.0
-32.0
-7.0
-16.0
16.0
-25.0
24.0
16.0
7.0
4.0
-14.0
2.0
-2.0
-21.0
13.0
-17.0
-44.0
-16.0
-18.0
-12.0
14.0
-4.0
21.0
-9.0
-13.0
-21.0
-49.0
10.0
-1.0
-3.0
16.0
-5.0
-32.0
-23.0
9.0
14.0
-7.0
0.0
11.0
19.0
-2.0
45.0
26.0
0.0
-24.0
-5.0
4.0
-14.0
14.0
17.0
24.0
11.0
-13.0
-23.0
-2.0
-12.0
13.0
24.0
-28.0
-33.0
-33.0
-84.0
-75.0
-19.0
25.0
33.0
35.0
51.0
17.0
18.0
18.0
9.0
-12.0
-10.0
-5.0
-9.0
3.0
-1.0
-21.0
-24.0
-5.0
30.0
15.0
-3.0
18.0
3.0
-18.0
-32.0
-19.0
-22.0
16.0
-17.0
-2.0
-24.0
2.0
3.0
15.0
25.0
6.0
12.0
-12.0
-23.0
2.0
-4.0
-2.0
-9.0
10.0
-5.0
-39.0
-44.0
-51.0
-71.0
-30.0
-12.0
20.0
64.0
23.0
12.0
5.0
6.0
8.0
30.0
0.0
-10.0
-10.0
-4.0
-20.0
-3.0
-3.0
-1.0
-6.0
-5.0
4.0
-61.0
8.0
12.0
12.0
-49.0
-21.0
-17.0
-64.0
-25.0
-4.0
52.0
55.0
-4.0
-23.0
50.0
0.0
2.0
-21.0
-56.0
4.0
-9.0
30.0
-10.0
15.0
-72.0
-12.0
-10.0
-52.0
4.0
9.0
54.0
-2.0
-97.0
-20.0
7.0
16.0
18.0
-47.0
-15.0
54.0
3.0
-52.0
-11.0
28.0
63.0
5.0
8.0
12.0
-2.0
-12.0
-30.0
-32.0
-7.0
-17.0
30.0
27.0
28.0
18.0
-6.0
-5.0
-3.0
-53.0
-55.0
11.0
31.0
14.0
18.0
-22.0
-2.0
-31.0
23.0
0.0
-1.0
-40.0
2.0
31.0
28.0
10.0
21.0
-4.0
15.0
-12.0
-6.0
-69.0
-8.0
20.0
16.0
-37.0
13.0
44.0
-3.0
-66.0
0.0
23.0
18.0
10.0
6.0
-2.0
-6.0
-20.0
37.0
58.0
9.0
-39.0
-91.0
-31.0
-25.0
16.0
35.0
15.0
-29.0
14.0
14.0
66.0
6.0
-73.0
-84.0
-86.0
-23.0
18.0
17.0
-31.0
0.0
32.0
41.0
40.0
35.0
-2.0
5.0
15.0
-1.0
-13.0
-27.0
4.0
-47.0
-42.0
-46.0
-27.0
-8.0
-14.0
-15.0
14.0
0.0
-7.0
-4.0
-15.0
-16.0
-36.0
-25.0
-18.0
-3.0
14.0
1.0
-11.0
-50.0
-30.0
-32.0
5.0
-17.0
7.0
10.0
-11.0
-2.0
29.0
-18.0
9.0
9.0
-41.0
22.0
8.0
7.0
-10.0
2.0
25.0
-20.0
-35.0
-37.0
-16.0
-22.0
-51.0
-36.0
20.0
-16.0
-6.0
17.0
1.0
4.0
34.0
-4.0
15.0
-2.0
-7.0
0.0
5.0
-15.0
-10.0
-7.0
-10.0
-5.0
-21.0
-23.0
9.0
10.0
20.0
26.0
27.0
20.0
-4.0
11.0
-47.0
-14.0
7.0
-21.0
15.0
-18.0
-44.0
-44.0
-17.0
-42.0
-95.0
-76.0
-58.0
30.0
21.0
37.0
35.0
39.0
44.0
65.0
64.0
22.0
-13.0
24.0
-22.0
-13.0
15.0
17.0
-12.0
-10.0
-25.0
-11.0
-26.0
-27.0
-17.0
-32.0
-5.0
-5.0
28.0
13.0
-2.0
-25.0
2.0
14.0
-16.0
-28.0
-72.0
-72.0
-36.0
-13.0
10.0
7.0
2.0
-9.0
-12.0
-7.0
0.0
1.0
20.0
3.0
2.0
-2.0
-9.0
6.0
-41.0
-38.0
-21.0
-26.0
0.0
-1.0
7.0
12.0
-9.0
31.0
30.0
39.0
6.0
17.0
-18.0
-24.0
-22.0
-29.0
-12.0
-13.0
-11.0
-9.0
-20.0
-18.0
-26.0
-17.0
10.0
-8.0
-59.0
-20.0
-26.0
36.0
30.0
33.0
18.0
22.0
22.0
48.0
11.0
18.0
4.0
-4.0
-11.0
-12.0
-5.0
-21.0
-31.0
23.0
5.0
25.0
-1.0
-51.0
-21.0
-35.0
-29.0
-20.0
6.0
-1.0
-17.0
-12.0
19.0
-5.0
3.0
2.0
-23.0
-8.0
2.0
-3.0
-5.0
-9.0
-30.0
-52.0
-43.0
-38.0
-30.0
46.0
33.0
15.0
-9.0
-31.0
-1.0
-6.0
30.0
37.0
0.0
0.0
7.0
-36.0
-12.0
-42.0
-1.0
44.0
47.0
37.0
1.0
-44.0
-63.0
-84.0
-37.0
31.0
11.0
-64.0
-19.0
-14.0
-17.0
93.0
-31.0
3.0
45.0
66.0
4.0
-11.0
-7.0
2.0
13.0
-5.0
-50.0
-18.0
13.0
47.0
2.0
-38.0
-40.0
-39.0
-10.0
13.0
-45.0
-16.0
-9.0
-16.0
20.0
-17.0
-14.0
-17.0
30.0
-7.0
-19.0
-55.0
0.0
-8.0
-36.0
-47.0
9.0
8.0
8.0
23.0
-61.0
14.0
-4.0
48.0
47.0
49.0
-55.0
-52.0
-35.0
4.0
32.0
0.0
1.0
-27.0
-19.0
-13.0
-38.0
-33.0
22.0
46.0
-9.0
15.0
-22.0
-54.0
-14.0
-25.0
-21.0
-18.0
11.0
16.0
27.0
8.0
-13.0
-29.0
3.0
-37.0
-5.0
-8.0
-22.0
15.0
-55.0
-13.0
-16.0
-13.0
15.0
-12.0
-4.0
0.0
-16.0
15.0
20.0
-14.0
-10.0
10.0
9.0
-23.0
-6.0
-3.0
-15.0
-21.0
-2.0
-19.0
27.0
-2.0
0.0
-28.0
16.0
16.0
-18.0
-19.0
18.0
-35.0
4.0
34.0
4.0
15.0
18.0
7.0
8.0
11.0
1.0
-44.0
-29.0
-5.0
42.0
-49.0
-26.0
-28.0
20.0
26.0
-6.0
-35.0
-33.0
-5.0
20.0
3.0
0.0
-4.0
-10.0
0.0
-1.0
18.0
-1.0
-35.0
-4.0
-56.0
39.0
44.0
9.0
-4.0
-24.0
-6.0
-8.0
7.0
-50.0
-46.0
-17.0
-15.0
24.0
30.0
8.0
-24.0
9.0
-5.0
-9.0
-38.0
18.0
24.0
-14.0
25.0
14.0
-35.0
-45.0
0.0
-17.0
30.0
-7.0
-13.0
49.0
10.0
-13.0
6.0
-12.0
-60.0
-40.0
-16.0
-2.0
-4.0
25.0
20.0
-7.0
-24.0
-11.0
5.0
-25.0
-7.0
-12.0
-15.0
7.0
-20.0
20.0
20.0
-8.0
-8.0
1.0
15.0
6.0
8.0
11.0
10.0
29.0
-33.0
0.0
-2.0
-11.0
-39.0
-34.0
-24.0
32.0
6.0
-43.0
-44.0
32.0
13.0
-39.0
-31.0
12.0
14.0
2.0
-13.0
3.0
4.0
12.0
-26.0
36.0
36.0
28.0
37.0
18.0
-13.0
-39.0
-34.0
-34.0
1.0
8.0
3.0
-3.0
-10.0
9.0
-32.0
-54.0
-7.0
-35.0
-5.0
17.0
6.0
-12.0
-14.0
-31.0
9.0
0.0
-8.0
-4.0
-13.0
25.0
2.0
18.0
17.0
-3.0
-22.0
1.0
3.0
5.0
22.0
8.0
14.0
-7.0
-7.0
-17.0
-43.0
-10.0
25.0
-6.0
-37.0
-12.0
17.0
0.0
-7.0
-40.0
-13.0
9.0
3.0
-24.0
27.0
-24.0
9.0
-16.0
-16.0
19.0
-58.0
-11.0
63.0
-4.0
-7.0
-7.0
13.0
-9.0
-2.0
-24.0
-35.0
16.0
31.0
9.0
-9.0
24.0
-7.0
19.0
25.0
5.0
1.0
-12.0
0.0
-30.0
-43.0
7.0
-12.0
-16.0
-15.0
15.0
9.0
14.0
-8.0
16.0
-8.0
-13.0
-24.0
-11.0
-6.0
-11.0
-25.0
-18.0
-36.0
-2.0
-39.0
2.0
-7.0
25.0
24.0
2.0
-6.0
7.0
-7.0
15.0
-10.0
15.0
24.0
-24.0
-16.0
-8.0
-28.0
-20.0
-29.0
-37.0
-6.0
9.0
-13.0
9.0
7.0
-10.0
4.0
11.0
2.0
26.0
27.0
-23.0
-16.0
-10.0
0.0
-15.0
-5.0
-2.0
1.0
8.0
7.0
-8.0
-22.0
-5.0
2.0
-23.0
-17.0
15.0
10.0
9.0
1.0
-12.0
3.0
-26.0
-25.0
33.0
16.0
10.0
-2.0
10.0
-12.0
-21.0
9.0
-24.0
-20.0
-8.0
-17.0
-8.0
-18.0
6.0
13.0
26.0
34.0
-24.0
-24.0
6.0
-6.0
-5.0
1.0
-3.0
-8.0
-12.0
5.0
-7.0
-8.0
-23.0
-34.0
-7.0
-14.0
-5.0
-20.0
-6.0
-14.0
-17.0
-12.0
-26.0
-7.0
23.0
-42.0
-35.0
39.0
19.0
10.0
-17.0
-12.0
-22.0
26.0
21.0
17.0
-17.0
-10.0
12.0
13.0
-18.0
-17.0
-40.0
-6.0
-30.0
-33.0
-21.0
6.0
21.0
27.0
9.0
15.0
12.0
9.0
-1.0
-14.0
0.0
-6.0
-13.0
-20.0
-26.0
-24.0
-4.0
16.0
7.0
9.0
-15.0
-29.0
-59.0
-81.0
-87.0
-88.0
-15.0
1.0
26.0
28.0
-24.0
-97.0
35.0
40.0
30.0
33.0
-87.0
16.0
24.0
36.0
11.0
13.0
26.0
0.0
-55.0
-55.0
14.0
34.0
55.0
-32.0
9.0
17.0
71.0
33.0
-4.0
-7.0
-18.0
-99.0
1.0
58.0
-47.0
-12.0
-43.0
9.0
18.0
28.0
-42.0
-29.0
-52.0
-52.0
17.0
-25.0
0.0
35.0
41.0
37.0
32.0
16.0
15.0
-2.0
-34.0
-23.0
22.0
-19.0
-35.0
-39.0
-16.0
8.0
-2.0
-4.0
-7.0
-9.0
6.0
-2.0
-3.0
-4.0
-25.0
2.0
4.0
5.0
-8.0
-9.0
-27.0
-23.0
-33.0
-31.0
13.0
-40.0
-61.0
-9.0
48.0
-11.0
14.0
9.0
-19.0
-22.0
0.0
11.0
17.0
21.0
5.0
20.0
-10.0
-21.0
-20.0
-24.0
-26.0
25.0
-14.0
-29.0
-36.0
-36.0
0.0
22.0
-11.0
-5.0
-11.0
-21.0
-23.0
-41.0
13.0
-23.0
9.0
12.0
4.0
9.0
9.0
-15.0
9.0
21.0
-18.0
-19.0
-28.0
-4.0
4.0
-2.0
-14.0
-11.0
-6.0
-43.0
2.0
-4.0
-19.0
17.0
14.0
8.0
14.0
-22.0
-4.0
-12.0
32.0
9.0
-10.0
-21.0
-38.0
-39.0
-20.0
-16.0
16.0
-3.0
-10.0
-4.0
-5.0
-33.0
-23.0
-27.0
-22.0
-7.0
10.0
-35.0
9.0
-7.0
38.0
11.0
-30.0
-31.0
-24.0
-24.0
3.0
1.0
-9.0
2.0
-9.0
-34.0
-17.0
-22.0
4.0
29.0
42.0
3.0
16.0
-13.0
-11.0
-1.0
-5.0
-2.0
-5.0
0.0
-31.0
-52.0
-12.0
17.0
18.0
1.0
7.0
10.0
19.0
6.0
3.0
-3.0
-17.0
9.0
17.0
-12.0
-28.0
-33.0
-14.0
-9.0
-16.0
1.0
-2.0
15.0
-8.0
3.0
-23.0
-15.0
-21.0
-15.0
19.0
-23.0
-37.0
-18.0
-1.0
-23.0
-48.0
-53.0
-14.0
-17.0
6.0
44.0
4.0
-20.0
6.0
12.0
21.0
29.0
32.0
-14.0
-2.0
-4.0
4.0
30.0
-3.0
-40.0
-74.0
-64.0
-33.0
-13.0
12.0
12.0
19.0
47.0
24.0
-33.0
-20.0
-21.0
27.0
38.0
2.0
-40.0
-18.0
-23.0
17.0
11.0
-46.0
-46.0
-57.0
47.0
25.0
61.0
-7.0
-7.0
18.0
48.0
50.0
57.0
43.0
47.0
-21.0
22.0
20.0
46.0
46.0
46.0
7.0
4.0
-37.0
-55.0
-80.0
-72.0
-86.0
-12.0
-5.0
-29.0
-92.0
-96.0
-14.0
-46.0
-59.0
-37.0
-28.0
-13.0
-6.0
-47.0
-42.0
-33.0
-21.0
-18.0
-12.0
31.0
8.0
-15.0
-22.0
-16.0
31.0
25.0
13.0
-13.0
-22.0
-4.0
6.0
0.0
-73.0
-5.0
46.0
43.0
17.0
22.0
-22.0
16.0
-8.0
8.0
22.0
1.0
15.0
18.0
8.0
-13.0
9.0
-8.0
-4.0
35.0
11.0
6.0
-14.0
-8.0
-1.0
-14.0
0.0
1.0
-1.0
-22.0
-3.0
-15.0
-10.0
-6.0
-9.0
-9.0
0.0
31.0
13.0
-12.0
3.0
-22.0
-46.0
-42.0
3.0
-2.0
13.0
-19.0
4.0
11.0
2.0
2.0
-1.0
-2.0
13.0
10.0
-2.0
27.0
12.0
-36.0
17.0
-32.0
-17.0
-16.0
-1.0
-24.0
-2.0
14.0
5.0
7.0
2.0
-11.0
11.0
7.0
-31.0
-9.0
11.0
-11.0
-25.0
-8.0
2.0
10.0
16.0
14.0
2.0
-16.0
-5.0
-25.0
-42.0
-22.0
13.0
-24.0
22.0
18.0
-24.0
18.0
42.0
3.0
6.0
-14.0
14.0
0.0
11.0
13.0
-12.0
-39.0
-40.0
-4.0
22.0
3.0
-1.0
30.0
9.0
9.0
7.0
-34.0
4.0
-7.0
2.0
-11.0
7.0
-10.0
-23.0
-33.0
-28.0
2.0
6.0
-14.0
-15.0
-9.0
11.0
16.0
10.0
4.0
-10.0
-19.0
-4.0
14.0
27.0
24.0
-4.0
-21.0
-32.0
-35.0
-44.0
-37.0
-11.0
14.0
-10.0
7.0
-11.0
-13.0
21.0
26.0
7.0
4.0
5.0
-24.0
-46.0
-4.0
-30.0
-29.0
-10.0
-8.0
-7.0
-1.0
-19.0
-10.0
-20.0
33.0
-1.0
-37.0
-41.0
-35.0
-15.0
5.0
10.0
13.0
-16.0
-20.0
11.0
31.0
6.0
-4.0
-42.0
15.0
11.0
9.0
37.0
8.0
-1.0
15.0
-39.0
-35.0
-18.0
-36.0
-82.0
-28.0
-1.0
15.0
-31.0
21.0
5.0
7.0
17.0
57.0
2.0
11.0
-25.0
-50.0
-26.0
12.0
-34.0
-34.0
-26.0
-15.0
1.0
11.0
26.0
21.0
57.0
44.0
-9.0
-4.0
2.0
-72.0
-50.0
-11.0
38.0
0.0
9.0
19.0
-9.0
-13.0
14.0
-5.0
25.0
-1.0
-11.0
-16.0
-34.0
-17.0
-27.0
-31.0
-30.0
-9.0
10.0
13.0
-8.0
-13.0
-17.0
11.0
23.0
18.0
7.0
-12.0
0.0
1.0
12.0
11.0
-39.0
-15.0
-34.0
-41.0
-16.0
4.0
14.0
-2.0
22.0
1.0
6.0
-31.0
2.0
-1.0
3.0
18.0
-22.0
-17.0
-48.0
-15.0
-1.0
-7.0
-13.0
-5.0
22.0
3.0
-26.0
-27.0
-43.0
-10.0
-12.0
-28.0
-44.0
-49.0
26.0
48.0
12.0
28.0
-52.0
4.0
-3.0
-21.0
13.0
7.0
2.0
-31.0
-37.0
8.0
-7.0
22.0
-55.0
-125.0
0.0
2.0
70.0
-35.0
-3.0
-9.0
51.0
63.0
22.0
-75.0
9.0
12.0
3.0
10.0
41.0
2.0
-17.0
15.0
-11.0
-29.0
-47.0
-51.0
-11.0
-63.0
9.0
17.0
13.0
20.0
13.0
7.0
-10.0
-13.0
14.0
19.0
-33.0
-15.0
15.0
-3.0
10.0
45.0
2.0
5.0
4.0
-3.0
34.0
-16.0
-17.0
-70.0
10.0
30.0
6.0
3.0
-16.0
-37.0
-42.0
5.0
16.0
7.0
-28.0
-32.0
-21.0
-17.0
26.0
28.0
-13.0
-66.0
-6.0
-5.0
15.0
38.0
5.0
2.0
3.0
-13.0
-30.0
-17.0
41.0
-1.0
1.0
-65.0
-20.0
-18.0
-21.0
6.0
20.0
8.0
-28.0
16.0
26.0
26.0
-32.0
-29.0
36.0
19.0
16.0
-33.0
-35.0
8.0
25.0
8.0
-2.0
-2.0
8.0
-82.0
-15.0
29.0
29.0
-44.0
26.0
27.0
16.0
29.0
-38.0
-30.0
-1.0
17.0
16.0
2.0
8.0
-39.0
-4.0
-15.0
13.0
-27.0
-57.0
-49.0
-1.0
26.0
49.0
-3.0
15.0
10.0
-18.0
-30.0
22.0
7.0
-18.0
7.0
9.0
5.0
-20.0
-18.0
6.0
0.0
-25.0
-27.0
-9.0
-39.0
-29.0
1.0
3.0
-4.0
-34.0
-30.0
-52.0
36.0
35.0
17.0
43.0
-7.0
-16.0
-13.0
-31.0
-14.0
-37.0
-66.0
28.0
35.0
-7.0
-13.0
-25.0
-26.0
6.0
28.0
-21.0
-15.0
8.0
-3.0
3.0
-8.0
39.0
36.0
-27.0
-27.0
-8.0
-30.0
2.0
20.0
2.0
-22.0
-24.0
-34.0
-7.0
-10.0
-38.0
21.0
3.0
21.0
-9.0
-16.0
0.0
3.0
-19.0
-27.0
-26.0
4.0
36.0
5.0
25.0
21.0
-18.0
-26.0
-13.0
6.0
-15.0
6.0
-71.0
0.0
-6.0
44.0
1.0
-7.0
32.0
-25.0
39.0
-25.0
17.0
17.0
3.0
-25.0
-46.0
-38.0
13.0
-17.0
0.0
-1.0
-7.0
-5.0
3.0
13.0
-5.0
-5.0
9.0
-18.0
14.0
-1.0
-25.0
-39.0
-40.0
-17.0
-13.0
-13.0
-10.0
-23.0
-11.0
9.0
16.0
-9.0
1.0
12.0
8.0
6.0
-22.0
2.0
-36.0
-19.0
-18.0
3.0
-26.0
10.0
-5.0
-7.0
-3.0
14.0
11.0
7.0
-24.0
-7.0
24.0
-32.0
-39.0
-36.0
-53.0
14.0
6.0
-1.0
17.0
3.0
13.0
1.0
11.0
3.0
-9.0
-17.0
18.0
1.0
-8.0
-4.0
-16.0
-26.0
-29.0
-29.0
-27.0
-4.0
5.0
20.0
8.0
-139.0
-53.0
39.0
47.0
46.0
13.0
35.0
-33.0
-36.0
22.0
-1.0
10.0
20.0
0.0
-4.0
-13.0
-3.0
7.0
-9.0
-36.0
7.0
-32.0
-1.0
-33.0
-24.0
20.0
12.0
56.0
-17.0
3.0
-57.0
55.0
-54.0
-7.0
-8.0
17.0
-19.0
7.0
-5.0
5.0
3.0
-5.0
15.0
-29.0
-27.0
-35.0
-21.0
-9.0
2.0
-4.0
-2.0
3.0
-11.0
-26.0
-27.0
-17.0
-43.0
-35.0
-48.0
-15.0
7.0
25.0
11.0
42.0
40.0
10.0
27.0
15.0
13.0
28.0
-30.0
-28.0
6.0
-6.0
-13.0
-4.0
-9.0
-2.0
17.0
9.0
0.0
-6.0
11.0
4.0
0.0
-24.0
-19.0
-28.0
-13.0
-4.0
-52.0
21.0
-39.0
-40.0
-39.0
-10.0
32.0
-20.0
11.0
-15.0
-18.0
-21.0
-6.0
-19.0
-24.0
10.0
-27.0
-32.0
0.0
13.0
22.0
24.0
25.0
18.0
13.0
46.0
21.0
-14.0
-3.0
-30.0
-48.0
-2.0
-24.0
11.0
2.0
-4.0
-11.0
-19.0
-7.0
7.0
17.0
19.0
16.0
-34.0
-28.0
-11.0
14.0
21.0
-15.0
-52.0
-64.0
4.0
23.0
25.0
20.0
4.0
-7.0
-20.0
-30.0
-2.0
-66.0
-23.0
-84.0
-42.0
-38.0
24.0
81.0
26.0
-20.0
-36.0
-20.0
-16.0
18.0
58.0
50.0
-43.0
-7.0
22.0
14.0
6.0
12.0
-26.0
-21.0
11.0
13.0
11.0
39.0
-18.0
19.0
-59.0
-15.0
-89.0
-33.0
-7.0
0.0
35.0
33.0
1.0
2.0
-33.0
-1.0
-2.0
-2.0
-2.0
-2.0
-24.0
12.0
0.0
-26.0
-9.0
-11.0
-63.0
-42.0
-10.0
-7.0
-50.0
44.0
-34.0
-50.0
-26.0
16.0
2.0
56.0
43.0
42.0
17.0
39.0
33.0
24.0
7.0
17.0
-4.0
2.0
-28.0
-37.0
-20.0
-19.0
-6.0
-18.0
-26.0
-9.0
1.0
6.0
-14.0
-16.0
28.0
0.0
-23.0
-13.0
-28.0
-21.0
-17.0
-13.0
24.0
22.0
26.0
-25.0
-25.0
-29.0
25.0
33.0
-15.0
7.0
13.0
20.0
23.0
4.0
-33.0
-4.0
1.0
10.0
-21.0
12.0
-23.0
-29.0
24.0
-4.0
-40.0
-33.0
-76.0
-51.0
39.0
54.0
69.0
61.0
30.0
20.0
1.0
12.0
-19.0
32.0
18.0
6.0
14.0
12.0
-13.0
-53.0
-127.0
32.0
3.0
22.0
15.0
-15.0
58.0
58.0
38.0
20.0
19.0
-2.0
10.0
28.0
9.0
5.0
-13.0
-15.0
16.0
-9.0
-9.0
-31.0
-45.0
-4.0
36.0
14.0
-16.0
-20.0
-3.0
-11.0
-19.0
-25.0
-14.0
50.0
10.0
9.0
-12.0
-21.0
7.0
18.0
-54.0
-51.0
-54.0
4.0
14.0
17.0
-28.0
-28.0
-37.0
2.0
-11.0
-42.0
1.0
-25.0
-1.0
-33.0
11.0
4.0
1.0
42.0
12.0
-16.0
4.0
9.0
28.0
2.0
-21.0
-25.0
-17.0
-7.0
-40.0
-27.0
-53.0
-8.0
22.0
26.0
5.0
-5.0
-30.0
-14.0
1.0
-33.0
10.0
20.0
-7.0
15.0
19.0
10.0
-6.0
27.0
8.0
-33.0
-2.0
1.0
-16.0
30.0
15.0
12.0
-3.0
19.0
-9.0
-21.0
-4.0
-22.0
-19.0
-31.0
-4.0
1.0
10.0
-15.0
-12.0
-24.0
9.0
3.0
11.0
-1.0
-7.0
-15.0
-27.0
-11.0
-8.0
19.0
39.0
17.0
10.0
-9.0
-24.0
-24.0
-27.0
-31.0
-23.0
-8.0
11.0
13.0
-19.0
-23.0
13.0
17.0
-8.0
-32.0
-12.0
-5.0
-5.0
-29.0
-30.0
-17.0
-5.0
-3.0
16.0
-8.0
12.0
4.0
18.0
-4.0
-17.0
-24.0
-10.0
-6.0
-20.0
-24.0
-19.0
-28.0
-10.0
12.0
0.0
22.0
-2.0
3.0
-13.0
34.0
-10.0
-16.0
-12.0
-17.0
-24.0
1.0
9.0
13.0
6.0
-11.0
-24.0
0.0
23.0
24.0
-56.0
-7.0
45.0
46.0
27.0
-29.0
39.0
47.0
27.0
9.0
-32.0
3.0
31.0
30.0
-19.0
-20.0
-19.0
-38.0
2.0
-38.0
-28.0
-22.0
-24.0
-25.0
27.0
-14.0
41.0
23.0
8.0
4.0
28.0
-29.0
-26.0
-17.0
-4.0
12.0
5.0
5.0
-10.0
-15.0
-7.0
8.0
-33.0
-29.0
-28.0
7.0
-15.0
-19.0
17.0
-14.0
11.0
-41.0
-30.0
-33.0
-55.0
-19.0
3.0
11.0
-9.0
21.0
-27.0
-14.0
-32.0
-30.0
6.0
2.0
9.0
-27.0
-21.0
34.0
37.0
-23.0
-9.0
-9.0
17.0
27.0
26.0
4.0
-8.0
-8.0
18.0
17.0
7.0
16.0
-42.0
-15.0
-11.0
-18.0
10.0
-5.0
-1.0
5.0
8.0
15.0
-28.0
-8.0
-28.0
-13.0
-22.0
4.0
9.0
34.0
-33.0
-24.0
-44.0
-15.0
-4.0
17.0
4.0
-10.0
10.0
4.0
13.0
10.0
-4.0
5.0
-41.0
-10.0
-36.0
-34.0
-8.0
-35.0
-33.0
-39.0
-4.0
-12.0
13.0
-11.0
-24.0
-2.0
5.0
6.0
7.0
8.0
-1.0
-27.0
-10.0
3.0
26.0
14.0
-10.0
5.0
1.0
-1.0
11.0
34.0
-23.0
3.0
-22.0
24.0
-23.0
-12.0
-2.0
0.0
-18.0
-36.0
16.0
6.0
27.0
15.0
-28.0
-21.0
-7.0
-9.0
12.0
1.0
-33.0
-6.0
-62.0
23.0
17.0
-2.0
31.0
36.0
-40.0
34.0
34.0
4.0
-7.0
-24.0
-15.0
9.0
-29.0
-33.0
20.0
10.0
26.0
-17.0
7.0
-10.0
-16.0
-25.0
-32.0
-26.0
19.0
5.0
-13.0
-24.0
-13.0
37.0
13.0
-13.0
4.0
7.0
11.0
-34.0
-66.0
-38.0
11.0
7.0
-2.0
-10.0
-8.0
-11.0
-33.0
16.0
4.0
15.0
-37.0
-31.0
-3.0
3.0
13.0
8.0
3.0
5.0
-2.0
-5.0
18.0
-37.0
-4.0
-4.0
-1.0
0.0
-5.0
2.0
-5.0
-16.0
-13.0
-19.0
-26.0
25.0
-9.0
-12.0
14.0
6.0
-8.0
5.0
6.0
33.0
-5.0
-9.0
6.0
5.0
4.0
-22.0
10.0
-30.0
-6.0
-14.0
1.0
6.0
-70.0
-70.0
-16.0
6.0
-4.0
8.0
12.0
17.0
-1.0
-6.0
-22.0
-23.0
6.0
11.0
-15.0
24.0
-21.0
3.0
1.0
10.0
26.0
14.0
17.0
-15.0
-40.0
28.0
31.0
12.0
-12.0
-5.0
9.0
5.0
9.0
-20.0
-37.0
12.0
-13.0
0.0
25.0
10.0
-11.0
-10.0
-20.0
-28.0
-12.0
-34.0
-20.0
11.0
7.0
18.0
-3.0
4.0
7.0
-3.0
-21.0
-22.0
-26.0
-11.0
-30.0
4.0
32.0
35.0
-17.0
-39.0
-18.0
5.0
-18.0
-3.0
-13.0
6.0
29.0
26.0
9.0
-10.0
5.0
-19.0
-57.0
-2.0
-5.0
17.0
-13.0
-10.0
35.0
-9.0
13.0
-28.0
-53.0
-19.0
-34.0
-8.0
-9.0
-2.0
-12.0
9.0
4.0
-2.0
-40.0
2.0
0.0
32.0
-7.0
-11.0
-2.0
-4.0
13.0
7.0
-1.0
-19.0
9.0
-25.0
-17.0
-15.0
9.0
3.0
-18.0
0.0
24.0
4.0
-3.0
-18.0
-12.0
-23.0
-5.0
-30.0
-30.0
-12.0
-2.0
-31.0
3.0
-50.0
-23.0
-22.0
49.0
31.0
4.0
10.0
6.0
21.0
20.0
18.0
4.0
6.0
-1.0
-34.0
-26.0
-103.0
20.0
12.0
11.0
18.0
22.0
30.0
1.0
-5.0
32.0
1.0
-17.0
-15.0
-11.0
1.0
-7.0
-13.0
-14.0
-7.0
-36.0
4.0
5.0
-14.0
-30.0
-12.0
-10.0
-11.0
10.0
6.0
-16.0
-1.0
-2.0
-24.0
-38.0
5.0
-7.0
6.0
11.0
14.0
6.0
51.0
-17.0
-54.0
-60.0
-39.0
-32.0
-33.0
30.0
72.0
17.0
24.0
-21.0
-24.0
16.0
-12.0
-28.0
-28.0
-21.0
33.0
-11.0
-22.0
-38.0
-14.0
-3.0
-20.0
17.0
16.0
-6.0
-15.0
-7.0
-25.0
35.0
-32.0
9.0
-5.0
-11.0
-11.0
-19.0
-46.0
-51.0
-10.0
-35.0
8.0
-11.0
-16.0
5.0
-1.0
-3.0
22.0
34.0
19.0
-15.0
-15.0
-21.0
-13.0
15.0
8.0
-24.0
9.0
23.0
20.0
24.0
13.0
-9.0
-14.0
-15.0
-21.0
6.0
-29.0
16.0
7.0
28.0
-7.0
-38.0
0.0
-14.0
-3.0
14.0
-3.0
-3.0
-41.0
20.0
2.0
49.0
-12.0
-1.0
1.0
17.0
14.0
17.0
-20.0
25.0
6.0
-11.0
24.0
46.0
42.0
1.0
-31.0
-40.0
21.0
-13.0
12.0
-15.0
-12.0
-13.0
-18.0
-18.0
-10.0
-2.0
30.0
20.0
-57.0
-67.0
-85.0
14.0
12.0
27.0
2.0
-2.0
-2.0
8.0
8.0
-3.0
4.0
-26.0
-27.0
20.0
24.0
-3.0
-14.0
-5.0
-12.0
17.0
9.0
48.0
59.0
45.0
19.0
28.0
20.0
-11.0
-24.0
2.0
13.0
1.0
0.0
15.0
14.0
-4.0
-32.0
-41.0
-35.0
-52.0
-40.0
-31.0
-37.0
-52.0
-25.0
-45.0
5.0
12.0
-7.0
27.0
-24.0
10.0
17.0
-20.0
-17.0
-19.0
14.0
-25.0
-25.0
-25.0
-4.0
-18.0
-25.0
-9.0
-21.0
-24.0
-25.0
-24.0
-17.0
0.0
2.0
9.0
13.0
-19.0
13.0
7.0
-7.0
2.0
16.0
19.0
4.0
-2.0
-2.0
6.0
15.0
-2.0
-18.0
-11.0
-11.0
4.0
-37.0
-15.0
-22.0
-33.0
20.0
7.0
28.0
19.0
-11.0
32.0
21.0
-21.0
-20.0
-84.0
-22.0
-22.0
25.0
13.0
1.0
42.0
-11.0
23.0
26.0
17.0
-6.0
7.0
-9.0
9.0
27.0
25.0
-10.0
-14.0
-18.0
3.0
-9.0
23.0
-32.0
-44.0
-10.0
-10.0
-24.0
-18.0
-10.0
18.0
-16.0
-32.0
-12.0
34.0
24.0
2.0
-3.0
-8.0
-11.0
4.0
-3.0
-16.0
-18.0
9.0
-6.0
-20.0
2.0
-18.0
-28.0
14.0
-13.0
-20.0
-15.0
-10.0
-1.0
-2.0
-5.0
-10.0
-9.0
-18.0
-20.0
-20.0
26.0
-23.0
-5.0
23.0
-19.0
-53.0
-46.0
-6.0
14.0
21.0
24.0
37.0
30.0
-20.0
-10.0
7.0
14.0
-15.0
5.0
-7.0
-20.0
-19.0
7.0
15.0
-24.0
-22.0
-23.0
5.0
31.0
11.0
10.0
5.0
-15.0
-26.0
19.0
9.0
9.0
-18.0
-11.0
-36.0
-26.0
-17.0
-11.0
-8.0
-11.0
0.0
0.0
10.0
-38.0
-27.0
8.0
-35.0
-7.0
21.0
0.0
2.0
7.0
-2.0
-16.0
-4.0
3.0
11.0
-15.0
-23.0
-4.0
6.0
8.0
4.0
-18.0
-8.0
-23.0
8.0
4.0
3.0
-4.0
-12.0
-13.0
-3.0
-5.0
-16.0
-4.0
2.0
8.0
-1.0
4.0
-2.0
-11.0
17.0
10.0
-12.0
-25.0
-26.0
13.0
1.0
14.0
8.0
9.0
-8.0
-7.0
-7.0
-39.0
-12.0
8.0
-14.0
-5.0
-7.0
-11.0
-18.0
-2.0
5.0
13.0
-4.0
2.0
7.0
-5.0
-28.0
-29.0
-11.0
-18.0
6.0
0.0
13.0
3.0
5.0
6.0
-19.0
-17.0
9.0
3.0
13.0
30.0
-9.0
-1.0
-41.0
5.0
-2.0
-2.0
-5.0
15.0
8.0
2.0
-13.0
-50.0
-29.0
-14.0
32.0
31.0
4.0
1.0
-48.0
-22.0
-12.0
7.0
-7.0
9.0
-20.0
-32.0
-15.0
13.0
1.0
0.0
10.0
21.0
-11.0
-50.0
-21.0
-14.0
-31.0
11.0
-18.0
11.0
35.0
38.0
24.0
-27.0
-18.0
-17.0
-19.0
-11.0
19.0
-22.0
12.0
0.0
-3.0
46.0
-3.0
2.0
-19.0
-32.0
-20.0
-11.0
-10.0
-12.0
-16.0
24.0
-15.0
-26.0
-19.0
-25.0
2.0
-16.0
-23.0
11.0
-10.0
-14.0
-57.0
-57.0
-44.0
-27.0
-49.0
-3.0
2.0
21.0
9.0
12.0
7.0
10.0
17.0
10.0
11.0
29.0
20.0
-15.0
-14.0
-31.0
-12.0
-18.0
-25.0
-26.0
-56.0
-34.0
-21.0
9.0
-5.0
-9.0
27.0
24.0
60.0
18.0
-22.0
-48.0
-18.0
14.0
17.0
25.0
0.0
-3.0
-19.0
-9.0
-1.0
34.0
37.0
-5.0
6.0
-15.0
-41.0
-42.0
-25.0
-133.0
-150.0
14.0
106.0
67.0
-18.0
7.0
47.0
57.0
12.0
3.0
-41.0
18.0
30.0
-2.0
1.0
-28.0
-11.0
-10.0
-20.0
5.0
5.0
15.0
-5.0
-6.0
3.0
49.0
14.0
9.0
27.0
-13.0
-30.0
-17.0
-17.0
1.0
-47.0
-43.0
-18.0
-21.0
-41.0
-22.0
-20.0
34.0
72.0
14.0
-7.0
-27.0
16.0
10.0
16.0
11.0
-38.0
-13.0
-24.0
-37.0
-36.0
-7.0
-82.0
-87.0
-35.0
-9.0
63.0
50.0
-2.0
7.0
-4.0
-18.0
-22.0
-24.0
27.0
20.0
47.0
3.0
4.0
4.0
-36.0
-4.0
-37.0
-36.0
-26.0
7.0
-25.0
-34.0
31.0
-9.0
-14.0
-24.0
-10.0
-15.0
0.0
-4.0
-16.0
22.0
6.0
-3.0
18.0
-11.0
17.0
11.0
24.0
2.0
-54.0
-15.0
-27.0
-18.0
-35.0
23.0
16.0
11.0
23.0
12.0
-1.0
13.0
3.0
6.0
-38.0
-35.0
-8.0
-5.0
9.0
29.0
2.0
-18.0
-12.0
-28.0
-34.0
-6.0
-7.0
-17.0
-22.0
-12.0
11.0
37.0
-9.0
-26.0
-17.0
4.0
-14.0
-12.0
-27.0
-32.0
-25.0
-5.0
31.0
36.0
28.0
-3.0
21.0
19.0
-17.0
-8.0
1.0
1.0
11.0
6.0
0.0
-11.0
-26.0
-29.0
-20.0
-44.0
-34.0
-34.0
6.0
8.0
1.0
-3.0
-16.0
-21.0
-1.0
-22.0
-3.0
-20.0
16.0
3.0
24.0
-10.0
-67.0
-72.0
-9.0
23.0
30.0
5.0
25.0
13.0
-14.0
21.0
-18.0
-25.0
-28.0
-27.0
-4.0
-34.0
-3.0
39.0
31.0
17.0
4.0
1.0
-16.0
-11.0
28.0
-17.0
-21.0
21.0
2.0
-10.0
22.0
27.0
-36.0
-38.0
6.0
-13.0
-8.0
26.0
-13.0
-41.0
-23.0
-25.0
1.0
-9.0
1.0
-16.0
14.0
-2.0
-15.0
7.0
-24.0
-20.0
-35.0
-13.0
6.0
-20.0
13.0
-6.0
18.0
-22.0
-5.0
-4.0
7.0
-13.0
13.0
8.0
0.0
-37.0
-37.0
0.0
7.0
6.0
21.0
-3.0
8.0
7.0
-21.0
12.0
-2.0
-26.0
-38.0
-42.0
-20.0
-18.0
-29.0
33.0
11.0
4.0
4.0
12.0
-35.0
-34.0
-2.0
46.0
-1.0
15.0
13.0
-12.0
-4.0
-19.0
-14.0
-15.0
7.0
-12.0
-6.0
-23.0
-12.0
4.0
15.0
-11.0
1.0
6.0
-21.0
-47.0
-28.0
-15.0
1.0
-4.0
15.0
16.0
32.0
29.0
-11.0
16.0
-20.0
27.0
-6.0
-3.0
-24.0
0.0
-11.0
-15.0
-28.0
-17.0
4.0
-4.0
13.0
10.0
-24.0
-5.0
-12.0
-13.0
-18.0
-5.0
-2.0
21.0
-1.0
-7.0
-26.0
-5.0
-28.0
-20.0
7.0
2.0
1.0
-19.0
-37.0
2.0
33.0
17.0
-1.0
-1.0
16.0
5.0
-52.0
-47.0
17.0
30.0
-6.0
-52.0
-33.0
-32.0
-50.0
-24.0
28.0
59.0
-4.0
-17.0
23.0
20.0
33.0
35.0
-7.0
-10.0
-4.0
35.0
7.0
-5.0
12.0
23.0
-15.0
-14.0
-7.0
-22.0
37.0
-16.0
-8.0
-57.0
3.0
1.0
1.0
-2.0
-6.0
8.0
-8.0
8.0
-4.0
-8.0
26.0
-14.0
-9.0
-12.0
-2.0
-9.0
-27.0
-4.0
-4.0
-7.0
-2.0
-4.0
16.0
12.0
-5.0
-27.0
-5.0
-4.0
-28.0
-31.0
-3.0
3.0
0.0
-1.0
-26.0
8.0
17.0
-15.0
17.0
10.0
4.0
-3.0
1.0
-2.0
-44.0
-9.0
-15.0
5.0
18.0
-38.0
-25.0
-25.0
-14.0
-14.0
-21.0
-8.0
-9.0
-31.0
-28.0
-34.0
-16.0
-8.0
5.0
1.0
-21.0
17.0
-3.0
-20.0
5.0
-19.0
-26.0
-4.0
-43.0
-45.0
-16.0
-14.0
0.0
-21.0
0.0
3.0
-8.0
-2.0
-30.0
-34.0
-18.0
17.0
34.0
18.0
-1.0
2.0
-12.0
-12.0
15.0
15.0
-20.0
0.0
38.0
2.0
36.0
-1.0
-18.0
-35.0
-5.0
-6.0
-6.0
-10.0
-7.0
-20.0
-1.0
0.0
1.0
15.0
-11.0
-16.0
-16.0
6.0
-5.0
-27.0
12.0
16.0
-6.0
-14.0
16.0
19.0
0.0
-13.0
3.0
26.0
-8.0
3.0
1.0
5.0
-29.0
-25.0
-13.0
-10.0
-1.0
-14.0
-20.0
-10.0
-7.0
-1.0
-14.0
-16.0
-11.0
-4.0
-5.0
-32.0
-7.0
20.0
-6.0
4.0
-3.0
-4.0
10.0
22.0
12.0
-19.0
-5.0
-28.0
-18.0
-25.0
8.0
13.0
0.0
-9.0
14.0
-5.0
-3.0
22.0
-13.0
-4.0
-14.0
-15.0
-21.0
-29.0
32.0
-14.0
24.0
3.0
25.0
-9.0
4.0
4.0
-18.0
10.0
1.0
-14.0
-19.0
-41.0
6.0
-18.0
4.0
-2.0
15.0
-3.0
-11.0
-102.0
-37.0
27.0
12.0
-29.0
5.0
-2.0
-51.0
-11.0
48.0
29.0
8.0
16.0
10.0
-5.0
3.0
10.0
3.0
5.0
-22.0
-42.0
18.0
-19.0
-14.0
-33.0
5.0
15.0
27.0
-29.0
-17.0
-11.0
9.0
6.0
-7.0
-13.0
-19.0
-11.0
-37.0
20.0
-1.0
-1.0
-15.0
-22.0
-31.0
-7.0
7.0
7.0
-12.0
0.0
10.0
-17.0
-6.0
-33.0
-11.0
11.0
11.0
15.0
30.0
-6.0
-47.0
-3.0
7.0
17.0
-4.0
-26.0
-40.0
-38.0
-9.0
18.0
6.0
-19.0
1.0
-4.0
-18.0
-15.0
-10.0
-5.0
-2.0
17.0
9.0
-10.0
-14.0
-10.0
16.0
4.0
-5.0
-3.0
5.0
15.0
-15.0
-27.0
-47.0
-13.0
9.0
36.0
9.0
6.0
-34.0
17.0
25.0
-24.0
-67.0
-124.0
-63.0
-4.0
28.0
21.0
-11.0
-20.0
7.0
12.0
33.0
26.0
21.0
-3.0
-7.0
-9.0
-22.0
-24.0
9.0
1.0
17.0
-1.0
-43.0
-14.0
-65.0
-59.0
-41.0
-52.0
1.0
25.0
18.0
18.0
3.0
9.0
63.0
64.0
41.0
-26.0
4.0
-15.0
-13.0
-4.0
9.0
0.0
-21.0
-17.0
30.0
3.0
-44.0
-6.0
20.0
-27.0
-12.0
-18.0
4.0
8.0
-11.0
-19.0
-11.0
-5.0
20.0
-22.0
4.0
18.0
24.0
26.0
-8.0
-14.0
-14.0
-31.0
-12.0
10.0
-14.0
13.0
24.0
24.0
-12.0
-14.0
-10.0
-3.0
-11.0
-5.0
-13.0
10.0
4.0
6.0
4.0
-2.0
-25.0
-46.0
-21.0
-9.0
23.0
-48.0
-17.0
-18.0
17.0
33.0
14.0
3.0
-15.0
-74.0
-53.0
10.0
7.0
7.0
0.0
5.0
15.0
18.0
3.0
-1.0
-8.0
-30.0
-39.0
-41.0
3.0
-14.0
1.0
26.0
-5.0
2.0
5.0
-14.0
-8.0
-5.0
-10.0
15.0
6.0
17.0
-27.0
-13.0
-7.0
3.0
-2.0
-8.0
19.0
-15.0
3.0
0.0
36.0
-9.0
2.0
-16.0
-1.0
-3.0
-7.0
11.0
-21.0
-4.0
-29.0
-1.0
-1.0
44.0
29.0
29.0
9.0
21.0
-26.0
-19.0
-22.0
-14.0
-8.0
-3.0
-9.0
-7.0
-24.0
-43.0
1.0
5.0
20.0
-23.0
-17.0
4.0
-5.0
0.0
-36.0
1.0
-17.0
-22.0
-54.0
-4.0
1.0
-7.0
23.0
25.0
17.0
7.0
-9.0
-13.0
0.0
4.0
-11.0
1.0
10.0
11.0
-2.0
23.0
6.0
-4.0
-42.0
12.0
-20.0
-7.0
-33.0
-33.0
-20.0
23.0
7.0
-1.0
-5.0
-19.0
-22.0
-31.0
-2.0
2.0
-20.0
-26.0
-20.0
-13.0
-24.0
-57.0
-3.0
8.0
12.0
12.0
21.0
19.0
25.0
-6.0
7.0
-5.0
13.0
22.0
8.0
5.0
7.0
-7.0
-15.0
-17.0
-27.0
-18.0
-12.0
10.0
2.0
-2.0
11.0
5.0
24.0
-6.0
2.0
-4.0
5.0
0.0
-8.0
-9.0
-20.0
-11.0
12.0
-2.0
0.0
-26.0
-4.0
7.0
-11.0
-19.0
-55.0
-16.0
9.0
-10.0
-5.0
5.0
7.0
0.0
-15.0
-8.0
-20.0
2.0
1.0
2.0
-5.0
-15.0
2.0
-11.0
-1.0
-5.0
2.0
2.0
8.0
4.0
5.0
13.0
-18.0
-15.0
-17.0
-6.0
3.0
-24.0
-19.0
0.0
-11.0
-15.0
-27.0
0.0
0.0
-1.0
-39.0
-23.0
5.0
6.0
21.0
15.0
-22.0
13.0
-22.0
-16.0
-16.0
-38.0
6.0
-23.0
-13.0
32.0
-71.0
-121.0
-33.0
-28.0
17.0
55.0
47.0
21.0
5.0
-9.0
-10.0
-8.0
-7.0
-9.0
-4.0
-12.0
-4.0
-2.0
-27.0
3.0
31.0
4.0
18.0
6.0
12.0
-7.0
-28.0
-23.0
-7.0
-58.0
-71.0
0.0
13.0
12.0
9.0
29.0
-12.0
-33.0
8.0
6.0
3.0
-7.0
2.0
-5.0
-12.0
-17.0
-10.0
-26.0
7.0
16.0
-40.0
-14.0
31.0
27.0
22.0
20.0
-2.0
-4.0
-1.0
-7.0
-25.0
-54.0
-84.0
-87.0
-28.0
24.0
30.0
40.0
-20.0
31.0
42.0
2.0
-30.0
-32.0
-1.0
15.0
20.0
-1.0
5.0
11.0
7.0
8.0
-1.0
-2.0
-20.0
-6.0
-16.0
0.0
-2.0
-38.0
-22.0
-2.0
-19.0
-7.0
0.0
10.0
-3.0
-25.0
10.0
8.0
-30.0
7.0
-2.0
-14.0
0.0
-8.0
-40.0
-1.0
4.0
12.0
-1.0
40.0
39.0
40.0
2.0
33.0
0.0
-16.0
-92.0
-54.0
-1.0
16.0
-9.0
-10.0
11.0
-22.0
-14.0
-2.0
-11.0
-21.0
-58.0
-29.0
-58.0
-56.0
-11.0
45.0
-1.0
5.0
-41.0
-19.0
1.0
36.0
30.0
31.0
12.0
28.0
18.0
-6.0
26.0
3.0
-37.0
-45.0
0.0
-3.0
-45.0
-2.0
7.0
8.0
56.0
29.0
4.0
-4.0
-17.0
-21.0
-9.0
-21.0
-43.0
-17.0
24.0
-54.0
2.0
-9.0
1.0
2.0
21.0
15.0
8.0
0.0
-64.0
-26.0
13.0
20.0
5.0
1.0
1.0
-35.0
6.0
-2.0
-31.0
-17.0
-36.0
-25.0
4.0
3.0
44.0
38.0
20.0
-15.0
-18.0
-16.0
0.0
30.0
-57.0
-59.0
-44.0
-7.0
14.0
28.0
-3.0
6.0
27.0
-6.0
-41.0
-39.0
-41.0
-36.0
-40.0
18.0
-8.0
31.0
14.0
24.0
10.0
5.0
23.0
-2.0
-53.0
-61.0
-44.0
-22.0
13.0
-45.0
-15.0
-9.0
-16.0
-14.0
-17.0
14.0
-5.0
-3.0
-16.0
10.0
18.0
19.0
0.0
23.0
-10.0
-3.0
8.0
-16.0
32.0
-7.0
16.0
14.0
-11.0
0.0
4.0
17.0
17.0
12.0
-33.0
-24.0
-2.0
-3.0
15.0
-26.0
-5.0
-30.0
10.0
0.0
-8.0
-49.0
-7.0
-8.0
33.0
-18.0
-17.0
7.0
-7.0
1.0
-24.0
-53.0
0.0
0.0
1.0
-24.0
-18.0
-18.0
14.0
26.0
30.0
-35.0
-38.0
-43.0
-3.0
2.0
-9.0
-10.0
-18.0
17.0
-17.0
-15.0
7.0
20.0
20.0
4.0
-6.0
-13.0
-28.0
15.0
-26.0
-11.0
-10.0
-9.0
18.0
22.0
-31.0
1.0
-6.0
-20.0
25.0
17.0
9.0
5.0
-12.0
-14.0
2.0
-12.0
-63.0
-15.0
40.0
-3.0
13.0
13.0
7.0
7.0
13.0
-24.0
-20.0
-25.0
7.0
6.0
2.0
3.0
17.0
-2.0
-13.0
-16.0
-7.0
-45.0
-38.0
-29.0
23.0
28.0
8.0
33.0
-36.0
6.0
-26.0
-28.0
-30.0
2.0
22.0
17.0
9.0
10.0
1.0
-17.0
51.0
-10.0
-39.0
-19.0
-37.0
-33.0
-14.0
-6.0
-12.0
-8.0
-5.0
13.0
-9.0
5.0
-16.0
-15.0
13.0
-9.0
-18.0
-2.0
-15.0
-9.0
2.0
12.0
-10.0
-13.0
-5.0
-5.0
-3.0
-12.0
-5.0
-9.0
5.0
13.0
-10.0
-12.0
-4.0
-30.0
14.0
14.0
1.0
-30.0
-2.0
26.0
21.0
16.0
-8.0
-11.0
0.0
-30.0
-12.0
22.0
-9.0
-18.0
-20.0
-18.0
-25.0
-9.0
-3.0
-3.0
12.0
19.0
22.0
12.0
-27.0
-22.0
-1.0
-11.0
-8.0
4.0
-23.0
-44.0
-26.0
-28.0
-46.0
-52.0
-19.0
7.0
12.0
-2.0
34.0
6.0
33.0
23.0
-11.0
-12.0
-26.0
-16.0
-34.0
-29.0
-22.0
-9.0
-4.0
15.0
21.0
14.0
-43.0
-68.0
-8.0
30.0
33.0
23.0
-15.0
-30.0
-27.0
-21.0
-10.0
-8.0
11.0
21.0
35.0
30.0
5.0
15.0
2.0
-2.0
-13.0
-3.0
-26.0
5.0
-5.0
-4.0
-11.0
-12.0
11.0
16.0
15.0
2.0
31.0
-1.0
-2.0
-28.0
-8.0
-40.0
-39.0
-36.0
-41.0
15.0
-22.0
-30.0
-29.0
14.0
-28.0
5.0
14.0
13.0
26.0
-39.0
23.0
-5.0
0.0
21.0
46.0
5.0
3.0
3.0
4.0
7.0
13.0
17.0
20.0
-11.0
-51.0
-33.0
-24.0
-28.0
-17.0
-9.0
-23.0
33.0
11.0
-16.0
-32.0
34.0
8.0
12.0
5.0
15.0
9.0
3.0
-8.0
-23.0
-3.0
-20.0
-15.0
-22.0
17.0
-27.0
-19.0
-25.0
-21.0
1.0
4.0
-30.0
-4.0
-1.0
6.0
-31.0
0.0
-42.0
-59.0
-45.0
-1.0
1.0
4.0
13.0
-9.0
-9.0
26.0
7.0
-14.0
-2.0
5.0
9.0
23.0
20.0
19.0
5.0
-9.0
2.0
11.0
-12.0
-7.0
7.0
-10.0
-12.0
23.0
-19.0
0.0
-20.0
6.0
25.0
1.0
37.0
16.0
24.0
35.0
9.0
-24.0
-6.0
23.0
-10.0
-13.0
-5.0
-20.0
-19.0
-53.0
-34.0
-19.0
-33.0
-34.0
-42.0
-48.0
-63.0
-39.0
-36.0
-53.0
-39.0
-26.0
-36.0
-34.0
-7.0
-8.0
-25.0
1.0
-1.0
-25.0
-26.0
-36.0
2.0
28.0
-2.0
0.0
-38.0
-22.0
-18.0
-3.0
-3.0
-4.0
-15.0
38.0
41.0
36.0
27.0
10.0
7.0
13.0
-6.0
9.0
17.0
6.0
-9.0
1.0
14.0
20.0
21.0
-19.0
12.0
13.0
-43.0
-17.0
-5.0
14.0
23.0
-25.0
-25.0
-3.0
13.0
15.0
-12.0
-11.0
-3.0
-17.0
-17.0
-5.0
-6.0
9.0
-32.0
-22.0
-43.0
-16.0
-20.0
-7.0
18.0
4.0
4.0
2.0
-1.0
-9.0
17.0
5.0
12.0
7.0
-15.0
36.0
33.0
22.0
3.0
15.0
15.0
-5.0
-26.0
-55.0
-52.0
-22.0
-27.0
-2.0
0.0
2.0
28.0
-24.0
-6.0
11.0
-7.0
5.0
2.0
12.0
9.0
17.0
-9.0
4.0
-4.0
-9.0
-17.0
-13.0
-13.0
-13.0
-23.0
-16.0
-10.0
0.0
18.0
3.0
-2.0
-2.0
11.0
35.0
0.0
-23.0
-15.0
6.0
-27.0
-1.0
-20.0
-21.0
-19.0
2.0
-10.0
-4.0
-26.0
21.0
-14.0
19.0
-8.0
-29.0
-21.0
-17.0
10.0
10.0
19.0
13.0
15.0
9.0
2.0
16.0
15.0
-51.0
-10.0
2.0
-25.0
9.0
4.0
21.0
5.0
-1.0
4.0
25.0
-12.0
-71.0
-23.0
-3.0
13.0
-5.0
24.0
5.0
0.0
24.0
6.0
-8.0
15.0
-13.0
-12.0
-42.0
-29.0
-36.0
-39.0
10.0
-3.0
-2.0
13.0
9.0
20.0
2.0
7.0
-37.0
-38.0
5.0
-7.0
-21.0
15.0
-10.0
-13.0
-3.0
-7.0
-20.0
-18.0
-4.0
6.0
-4.0
-8.0
-9.0
-7.0
2.0
0.0
-38.0
-38.0
4.0
-18.0
-55.0
24.0
-4.0
19.0
-4.0
-1.0
2.0
-2.0
-5.0
-12.0
-23.0
-12.0
-32.0
-12.0
26.0
39.0
19.0
20.0
37.0
-11.0
2.0
-9.0
12.0
-26.0
1.0
-50.0
-57.0
-48.0
20.0
16.0
-8.0
-15.0
-31.0
-18.0
-4.0
16.0
-10.0
-13.0
14.0
10.0
30.0
18.0
4.0
12.0
-15.0
-32.0
-17.0
-11.0
8.0
-6.0
-49.0
-33.0
-17.0
19.0
-24.0
4.0
19.0
19.0
27.0
-1.0
1.0
-22.0
-19.0
-16.0
-12.0
-19.0
8.0
12.0
2.0
-18.0
-13.0
31.0
-30.0
-19.0
0.0
-2.0
16.0
13.0
24.0
6.0
10.0
18.0
-8.0
-2.0
-23.0
-35.0
-27.0
-19.0
-13.0
-26.0
9.0
7.0
0.0
-14.0
-3.0
-8.0
-7.0
-10.0
1.0
-17.0
-23.0
-19.0
-20.0
-24.0
11.0
17.0
18.0
18.0
-1.0
22.0
-7.0
-7.0
16.0
18.0
-21.0
-31.0
2.0
10.0
-44.0
-18.0
25.0
25.0
-6.0
18.0
-34.0
-38.0
-22.0
-27.0
-16.0
-17.0
-9.0
-37.0
-46.0
-47.0
37.0
7.0
26.0
18.0
28.0
5.0
7.0
-3.0
-19.0
-19.0
41.0
-6.0
-44.0
-47.0
-3.0
26.0
19.0
22.0
11.0
11.0
-10.0
7.0
13.0
11.0
-18.0
-72.0
-35.0
34.0
-19.0
-7.0
4.0
12.0
-2.0
3.0
22.0
0.0
11.0
-3.0
26.0
6.0
-14.0
-38.0
-25.0
-23.0
8.0
-6.0
21.0
-7.0
-5.0
-29.0
-56.0
4.0
-2.0
-6.0
-28.0
-5.0
13.0
-17.0
2.0
1.0
-4.0
15.0
5.0
6.0
18.0
11.0
-9.0
-26.0
-20.0
-6.0
-19.0
-16.0
-8.0
-7.0
3.0
5.0
-33.0
-12.0
-36.0
-4.0
-22.0
-8.0
-4.0
1.0
-2.0
15.0
1.0
-5.0
-10.0
1.0
20.0
25.0
26.0
27.0
-2.0
17.0
28.0
-2.0
33.0
19.0
9.0
2.0
-4.0
-5.0
4.0
6.0
1.0
7.0
-8.0
-10.0
-43.0
-35.0
-39.0
-32.0
-38.0
-44.0
-40.0
-49.0
-61.0
-56.0
-34.0
-15.0
-18.0
-24.0
-32.0
-18.0
-22.0
-25.0
12.0
37.0
74.0
6.0
-5.0
-4.0
6.0
8.0
21.0
32.0
8.0
-55.0
-38.0
-22.0
14.0
22.0
-9.0
1.0
-8.0
-29.0
8.0
58.0
14.0
3.0
40.0
36.0
3.0
23.0
11.0
-4.0
-4.0
8.0
3.0
-27.0
-25.0
-28.0
-24.0
10.0
-3.0
7.0
9.0
6.0
42.0
3.0
9.0
12.0
-25.0
-35.0
-12.0
11.0
13.0
-24.0
-118.0
-12.0
-17.0
-44.0
3.0
-3.0
-18.0
15.0
25.0
41.0
23.0
35.0
-24.0
-32.0
7.0
19.0
-8.0
-34.0
-4.0
-22.0
6.0
-6.0
-42.0
-19.0
-11.0
6.0
0.0
-12.0
-38.0
-75.0
-16.0
-24.0
-120.0
-87.0
-50.0
-2.0
23.0
-56.0
-83.0
-35.0
42.0
7.0
18.0
30.0
-24.0
-10.0
19.0
0.0
64.0
55.0
51.0
62.0
205.0
206.0
284.0
313.0
280.0
313.0
313.0
313.0
313.0
313.0
313.0
313.0
313.0
313.0
313.0
313.0
313.0
313.0
313.0
313.0
296.0
297.0
177.0
33.0
-82.0
-133.0
-240.0
-313.0
-313.0
-313.0
-313.0
-313.0
-313.0
-313.0
-313.0
-313.0
-313.0
-313.0
-313.0
-313.0
-313.0
-313.0
-313.0
-313.0
-313.0
-313.0
-313.0
-313.0
-313.0
-257.0
-158.0
-115.0
-151.0
-104.0
-141.0
-310.0
-313.0
-313.0
-313.0
-313.0
-313.0
-313.0
-313.0
-278.0
-283.0
-255.0
-203.0
-199.0
-247.0
-231.0
-177.0
-179.0
-149.0
-186.0
-191.0
-178.0
-169.0
-180.0
-160.0
-167.0
-137.0
-140.0
-131.0
-136.0
-127.0
-110.0
-147.0
-163.0
-92.0
-100.0
-93.0
-92.0
-65.0
-83.0
-79.0
-81.0
-53.0
-74.0
-45.0
-54.0
-42.0
-35.0
-84.0
-47.0
-22.0
-25.0
-14.0
-7.0
-35.0
-15.0
-19.0
-24.0
-27.0
-54.0
-21.0
1.0
13.0
-3.0
-24.0
27.0
37.0
38.0
5.0
-3.0
7.0
26.0
-35.0
-15.0
38.0
83.0
101.0
107.0
63.0
24.0
23.0
48.0
80.0
54.0
50.0
49.0
91.0
89.0
44.0
13.0
96.0
53.0
42.0
25.0
54.0
39.0
33.0
30.0
7.0
9.0
-9.0
34.0
110.0
73.0
43.0
87.0
88.0
88.0
67.0
68.0
20.0
71.0
33.0
57.0
22.0
37.0
37.0
39.0
61.0
52.0
13.0
26.0
-1.0
14.0
13.0
-20.0
20.0
22.0
-8.0
9.0
10.0
-4.0
-14.0
-10.0
-15.0
40.0
24.0
29.0
22.0
43.0
-67.0
13.0
-23.0
-26.0
3.0
15.0
13.0
11.0
33.0
-25.0
-4.0
15.0
1.0
-24.0
-47.0
-6.0
-11.0
-7.0
20.0
14.0
12.0
9.0
40.0
-5.0
6.0
11.0
29.0
28.0
-2.0
-22.0
-39.0
-35.0
13.0
-32.0
-58.0
42.0
15.0
15.0
18.0
-21.0
-4.0
-51.0
-26.0
-40.0
22.0
23.0
42.0
39.0
12.0
13.0
5.0
3.0
15.0
-6.0
-29.0
-18.0
6.0
6.0
-32.0
-13.0
17.0
26.0
3.0
-5.0
34.0
17.0
-17.0
-18.0
8.0
-29.0
1.0
8.0
15.0
6.0
11.0
-13.0
-18.0
-20.0
-23.0
17.0
11.0
7.0
26.0
-27.0
-30.0
-39.0
-6.0
-8.0
-16.0
-11.0
-4.0
17.0
20.0
21.0
16.0
13.0
-29.0
-35.0
-27.0
-1.0
18.0
10.0
7.0
13.0
-17.0
-11.0
0.0
0.0
-11.0
5.0
-2.0
-4.0
0.0
-30.0
16.0
15.0
0.0
2.0
17.0
15.0
5.0
14.0
36.0
15.0
4.0
-21.0
-30.0
-25.0
-13.0
-43.0
-36.0
-12.0
-2.0
-12.0
-26.0
-23.0
-6.0
-7.0
18.0
0.0
25.0
-1.0
-1.0
13.0
10.0
2.0
-4.0
-6.0
-22.0
5.0
-9.0
-17.0
-36.0
17.0
6.0
-5.0
-4.0
-5.0
-21.0
23.0
12.0
14.0
-54.0
0.0
7.0
-20.0
-13.0
-10.0
-29.0
0.0
8.0
-34.0
2.0
-8.0
-44.0
-4.0
13.0
13.0
-6.0
-17.0
-8.0
5.0
10.0
11.0
6.0
39.0
8.0
6.0
-5.0
6.0
-14.0
-13.0
15.0
4.0
18.0
7.0
12.0
7.0
11.0
-19.0
-43.0
0.0
6.0
-34.0
12.0
10.0
-22.0
-19.0
14.0
27.0
8.0
-7.0
11.0
17.0
-12.0
4.0
-37.0
-40.0
-13.0
19.0
11.0
-10.0
-13.0
-36.0
-10.0
2.0
1.0
-2.0
-6.0
-12.0
15.0
-6.0
-6.0
-51.0
-29.0
5.0
1.0
0.0
1.0
10.0
-1.0
-1.0
18.0
32.0
-15.0
-22.0
-24.0
-21.0
19.0
14.0
-31.0
-46.0
-27.0
2.0
21.0
21.0
-13.0
-14.0
-21.0
-9.0
-2.0
19.0
-3.0
-13.0
-24.0
-24.0
52.0
50.0
-20.0
-313.0
165.0
-114.0
11.0
126.0
36.0
63.0
-24.0
-147.0
-169.0
-240.0
-231.0
-70.0
26.0
200.0
313.0
313.0
204.0
217.0
271.0
313.0
236.0
289.0
190.0
161.0
11.0
-151.0
-313.0
-313.0
-313.0
-154.0
-313.0
-313.0
-217.0
-46.0
313.0
22.0
313.0
313.0
313.0
313.0
313.0
313.0
313.0
200.0
73.0
-36.0
-50.0
-29.0
-155.0
-196.0
-254.0
-246.0
-195.0
-195.0
-207.0
-233.0
-234.0
-215.0
-246.0
-187.0
-179.0
-180.0
-164.0
-127.0
-125.0
-116.0
-77.0
-94.0
-76.0
-81.0
-107.0
-60.0
-47.0
-37.0
-53.0
-46.0
-15.0
-8.0
-15.0
-22.0
-36.0
-5.0
-18.0
-4.0
-20.0
-16.0
9.0
13.0
-22.0
-20.0
-5.0
8.0
45.0
18.0
27.0
14.0
2.0
7.0
-2.0
8.0
-7.0
-18.0
47.0
12.0
0.0
11.0
-14.0
-15.0
24.0
14.0
14.0
32.0
10.0
9.0
-6.0
16.0
5.0
3.0
-21.0
-10.0
-15.0
6.0
-15.0
-7.0
-4.0
-15.0
6.0
1.0
27.0
24.0
33.0
31.0
12.0
27.0
0.0
-2.0
-3.0
2.0
17.0
12.0
20.0
17.0
3.0
10.0
-11.0
-36.0
-28.0
-36.0
-24.0
-40.0
5.0
11.0
12.0
25.0
37.0
-22.0
-55.0
-59.0
-4.0
33.0
48.0
60.0
38.0
-11.0
32.0
10.0
19.0
15.0
20.0
18.0
-3.0
-16.0
-44.0
-80.0
-45.0
-75.0
17.0
19.0
43.0
21.0
23.0
27.0
4.0
21.0
40.0
42.0
6.0
11.0
-11.0
-33.0
-12.0
-19.0
10.0
26.0
24.0
-24.0
-37.0
-39.0
-28.0
-26.0
-74.0
-37.0
-5.0
10.0
38.0
53.0
57.0
47.0
13.0
-7.0
-3.0
-3.0
-29.0
-48.0
-53.0
-31.0
-20.0
-15.0
-19.0
6.0
19.0
-7.0
0.0
-31.0
-53.0
-14.0
10.0
7.0
-21.0
11.0
11.0
2.0
4.0
-21.0
-24.0
-24.0
-30.0
-26.0
21.0
18.0
-10.0
-4.0
1.0
15.0
31.0
-28.0
-28.0
-29.0
-24.0
2.0
2.0
-2.0
-5.0
-7.0
-9.0
-43.0
9.0
10.0
-12.0
-67.0
-34.0
-9.0
-12.0
19.0
18.0
10.0
11.0
5.0
13.0
-7.0
-16.0
2.0
2.0
12.0
-1.0
-6.0
1.0
-1.0
-6.0
-24.0
-24.0
-20.0
-34.0
-18.0
-40.0
-12.0
-4.0
-6.0
12.0
23.0
22.0
32.0
17.0
14.0
24.0
4.0
6.0
9.0
12.0
15.0
20.0
2.0
-14.0
2.0
6.0
-8.0
18.0
16.0
9.0
-1.0
-1.0
-23.0
-28.0
-12.0
-10.0
-9.0
-2.0
-2.0
4.0
-39.0
-57.0
-43.0
-7.0
-21.0
4.0
21.0
25.0
29.0
22.0
-14.0
15.0
21.0
0.0
7.0
-27.0
-40.0
14.0
10.0
8.0
18.0
-13.0
-42.0
-35.0
13.0
26.0
10.0
17.0
17.0
-5.0
26.0
21.0
-2.0
34.0
-16.0
-13.0
-13.0
14.0
16.0
-18.0
-32.0
-14.0
10.0
16.0
-15.0
-43.0
-6.0
-27.0
-20.0
-52.0
-35.0
5.0
26.0
5.0
22.0
10.0
-4.0
-15.0
-24.0
16.0
4.0
9.0
0.0
2.0
5.0
14.0
40.0
-8.0
-2.0
13.0
-18.0
-18.0
-31.0
-8.0
-15.0
-13.0
-32.0
-49.0
-52.0
-33.0
26.0
19.0
18.0
-10.0
-24.0
-36.0
-10.0
-6.0
6.0
-10.0
18.0
33.0
22.0
14.0
-15.0
13.0
7.0
-6.0
-2.0
14.0
-21.0
-10.0
-28.0
-35.0
-38.0
-3.0
-4.0
-9.0
-5.0
-14.0
-9.0
-19.0
-64.0
-52.0
-52.0
-29.0
28.0
42.0
46.0
43.0
49.0
44.0
-7.0
-3.0
3.0
-18.0
-2.0
-3.0
-5.0
-32.0
-33.0
6.0
11.0
26.0
17.0
15.0
-16.0
-6.0
-8.0
-4.0
11.0
-8.0
-17.0
-16.0
-2.0
2.0
-27.0
-16.0
-15.0
-10.0
-8.0
-26.0
-3.0
5.0
-3.0
3.0
-5.0
-37.0
-38.0
-35.0
13.0
-36.0
4.0
-10.0
-17.0
-48.0
9.0
-20.0
-21.0
-28.0
11.0
33.0
33.0
16.0
2.0
12.0
11.0
-16.0
-13.0
-25.0
-3.0
5.0
-2.0
-5.0
7.0
-6.0
-9.0
2.0
-4.0
-17.0
-20.0
-15.0
-35.0
-22.0
6.0
-28.0
-36.0
-12.0
-17.0
-13.0
-12.0
-4.0
8.0
15.0
4.0
-5.0
3.0
-25.0
-24.0
-27.0
-5.0
-8.0
-4.0
2.0
-7.0
-13.0
11.0
5.0
8.0
6.0
-10.0
-5.0
17.0
24.0
16.0
25.0
7.0
1.0
-1.0
-7.0
-9.0
16.0
5.0
-2.0
-11.0
-6.0
-25.0
-28.0
-27.0
-4.0
-9.0
-28.0
-7.0
15.0
20.0
24.0
3.0
7.0
14.0
6.0
-25.0
-2.0
11.0
-3.0
13.0
-24.0
2.0
-14.0
-9.0
-23.0
-17.0
-18.0
6.0
-19.0
-8.0
-7.0
9.0
-2.0
-1.0
5.0
0.0
-5.0
-11.0
-18.0
-24.0
-62.0
-36.0
-5.0
1.0
7.0
6.0
3.0
24.0
24.0
23.0
1.0
-4.0
-12.0
-11.0
4.0
15.0
-16.0
-6.0
17.0
4.0
-41.0
-27.0
-25.0
-16.0
1.0
17.0
15.0
-21.0
-14.0
-26.0
-2.0
6.0
-12.0
-22.0
-5.0
-16.0
-13.0
-30.0
-26.0
-27.0
-14.0
-22.0
-22.0
-24.0
-14.0
11.0
17.0
13.0
7.0
-7.0
-17.0
-22.0
19.0
16.0
14.0
-27.0
-55.0
-13.0
-2.0
10.0
0.0
-4.0
-13.0
-9.0
-10.0
-21.0
24.0
23.0
17.0
-26.0
-29.0
-19.0
-6.0
-4.0
5.0
4.0
24.0
-7.0
11.0
11.0
-20.0
-13.0
-12.0
-5.0
-12.0
1.0
-4.0
-15.0
-9.0
-9.0
10.0
-3.0
-11.0
-11.0
-50.0
-44.0
2.0
-4.0
8.0
36.0
22.0
-1.0
-13.0
-8.0
-16.0
-13.0
11.0
-1.0
-16.0
-8.0
-1.0
-11.0
-11.0
-15.0
-10.0
-2.0
12.0
-17.0
-24.0
-30.0
-14.0
-1.0
7.0
-5.0
-6.0
9.0
-16.0
-30.0
-16.0
-4.0
8.0
-17.0
-3.0
-2.0
24.0
20.0
18.0
2.0
-1.0
2.0
1.0
-14.0
-2.0
-4.0
-10.0
-8.0
-12.0
-15.0
-6.0
8.0
-5.0
9.0
-28.0
-24.0
-48.0
-19.0
14.0
15.0
6.0
-16.0
-5.0
18.0
0.0
-5.0
-42.0
-120.0
-63.0
-57.0
-40.0
24.0
59.0
61.0
30.0
30.0
46.0
39.0
16.0
6.0
31.0
3.0
-14.0
-20.0
11.0
7.0
-28.0
-24.0
19.0
4.0
-2.0
19.0
-28.0
-19.0
-29.0
-18.0
-13.0
-2.0
-17.0
-46.0
5.0
17.0
-20.0
-12.0
-2.0
-8.0
-27.0
-17.0
-7.0
-12.0
-17.0
-6.0
-10.0
-20.0
7.0
7.0
13.0
-9.0
8.0
4.0
16.0
-1.0
-27.0
-9.0
2.0
6.0
6.0
11.0
18.0
15.0
20.0
-15.0
-5.0
-2.0
0.0
0.0
15.0
-14.0
-37.0
-75.0
-35.0
-17.0
0.0
18.0
22.0
26.0
20.0
-7.0
-7.0
3.0
15.0
5.0
5.0
15.0
-6.0
-8.0
-15.0
-93.0
-128.0
3.0
17.0
25.0
12.0
0.0
9.0
9.0
5.0
23.0
37.0
20.0
11.0
16.0
26.0
-40.0
-39.0
-41.0
-1.0
-12.0
2.0
-20.0
-28.0
-5.0
-18.0
-18.0
-8.0
-4.0
-13.0
-4.0
-1.0
-38.0
-31.0
0.0
0.0
2.0
10.0
12.0
11.0
-8.0
-2.0
9.0
-15.0
31.0
19.0
-13.0
-11.0
-9.0
-10.0
-34.0
-7.0
-34.0
-30.0
-41.0
1.0
20.0
38.0
45.0
17.0
-59.0
-158.0
-92.0
-48.0
24.0
97.0
70.0
51.0
46.0
26.0
3.0
1.0
49.0
33.0
-1.0
-21.0
16.0
-8.0
-5.0
4.0
14.0
8.0
-5.0
-3.0
-7.0
-21.0
-28.0
-27.0
-28.0
-37.0
-14.0
-4.0
5.0
20.0
8.0
-8.0
-7.0
10.0
10.0
-37.0
-11.0
-49.0
-5.0
-28.0
-10.0
-15.0
5.0
31.0
31.0
17.0
23.0
-9.0
12.0
19.0
11.0
21.0
22.0
13.0
8.0
-4.0
-4.0
3.0
-2.0
-13.0
-6.0
8.0
-4.0
-31.0
-29.0
-32.0
-41.0
-43.0
27.0
-7.0
-7.0
-17.0
-7.0
-8.0
-17.0
-6.0
-18.0
-27.0
-54.0
-38.0
1.0
8.0
-46.0
-2.0
-2.0
-11.0
18.0
11.0
-11.0
8.0
15.0
20.0
-4.0
-16.0
-10.0
18.0
-8.0
-3.0
-23.0
36.0
9.0
-2.0
-20.0
-1.0
0.0
-19.0
-35.0
-22.0
-30.0
-5.0
-24.0
20.0
1.0
22.0
19.0
17.0
0.0
-6.0
-14.0
-8.0
-18.0
-16.0
-9.0
2.0
4.0
-12.0
0.0
-11.0
-8.0
-38.0
-12.0
11.0
-3.0
12.0
14.0
4.0
-5.0
-24.0
-31.0
11.0
9.0
-20.0
3.0
-9.0
-8.0
35.0
24.0
7.0
15.0
27.0
18.0
16.0
14.0
-4.0
-6.0
-24.0
-6.0
-7.0
-18.0
10.0
-33.0
-45.0
-15.0
-16.0
-17.0
-5.0
-3.0
2.0
20.0
16.0
24.0
-14.0
17.0
-1.0
-9.0
-3.0
-38.0
-41.0
-30.0
-48.0
7.0
27.0
-11.0
-66.0
-54.0
-9.0
26.0
24.0
4.0
-1.0
-29.0
-31.0
-44.0
-44.0
-46.0
-14.0
-98.0
-134.0
-2.0
28.0
77.0
66.0
53.0
75.0
57.0
11.0
-57.0
29.0
27.0
33.0
-31.0
-11.0
12.0
9.0
6.0
-8.0
16.0
37.0
7.0
-25.0
20.0
-14.0
-3.0
15.0
13.0
-9.0
-30.0
-46.0
-35.0
4.0
18.0
-9.0
-4.0
-9.0
-6.0
-18.0
-7.0
-60.0
-14.0
4.0
40.0
52.0
17.0
-2.0
0.0
1.0
-10.0
-37.0
-38.0
-41.0
7.0
22.0
2.0
-9.0
-12.0
-7.0
-6.0
-33.0
-22.0
7.0
8.0
-9.0
-12.0
-7.0
-6.0
-28.0
-34.0
-6.0
4.0
18.0
27.0
13.0
0.0
11.0
13.0
-4.0
-12.0
26.0
-18.0
4.0
7.0
-42.0
-28.0
-18.0
-16.0
-23.0
-12.0
3.0
21.0
12.0
-4.0
-9.0
2.0
-8.0
-7.0
-4.0
-6.0
-17.0
14.0
-6.0
9.0
10.0
19.0
27.0
16.0
16.0
26.0
-40.0
-43.0
-51.0
-5.0
-11.0
-20.0
-64.0
-77.0
-36.0
34.0
22.0
64.0
31.0
49.0
56.0
34.0
5.0
10.0
22.0
-5.0
-13.0
-9.0
-28.0
5.0
-25.0
-41.0
-34.0
-27.0
-6.0
15.0
-28.0
-13.0
-29.0
-42.0
-31.0
-78.0
-15.0
-10.0
25.0
12.0
-11.0
5.0
-1.0
-46.0
-4.0
34.0
8.0
4.0
23.0
5.0
-1.0
-16.0
-5.0
1.0
3.0
9.0
8.0
10.0
-2.0
-18.0
-99.0
-103.0
-66.0
7.0
71.0
37.0
-8.0
-6.0
32.0
47.0
64.0
17.0
-33.0
-65.0
-63.0
-52.0
-33.0
-33.0
-21.0
10.0
30.0
-4.0
-7.0
-9.0
-2.0
-9.0
-5.0
-14.0
-30.0
-38.0
-38.0
-17.0
1.0
-47.0
-17.0
7.0
10.0
2.0
11.0
14.0
-12.0
3.0
-13.0
-14.0
-38.0
-26.0
-29.0
-33.0
-36.0
-38.0
-6.0
-4.0
-16.0
-17.0
-29.0
7.0
-17.0
-8.0
8.0
-6.0
26.0
47.0
15.0
13.0
-8.0
-12.0
13.0
4.0
1.0
-9.0
27.0
20.0
20.0
-9.0
-9.0
8.0
24.0
17.0
-1.0
7.0
-34.0
6.0
22.0
7.0
24.0
3.0
2.0
0.0
-13.0
6.0
-3.0
-14.0
-19.0
1.0
-16.0
-18.0
3.0
3.0
17.0
-13.0
-36.0
-3.0
31.0
17.0
4.0
-12.0
0.0
-6.0
0.0
32.0
6.0
-15.0
-2.0
-4.0
-26.0
-6.0
-7.0
-3.0
21.0
6.0
-28.0
-10.0
-1.0
19.0
21.0
5.0
-18.0
-12.0
38.0
-18.0
-6.0
13.0
31.0
0.0
-17.0
-31.0
-24.0
-15.0
-7.0
-22.0
-23.0
-1.0
-7.0
-5.0
-8.0
-14.0
3.0
6.0
-5.0
-9.0
6.0
-4.0
11.0
-3.0
-29.0
-3.0
15.0
16.0
16.0
-36.0
-40.0
-14.0
5.0
10.0
-13.0
-9.0
-6.0
-8.0
-9.0
-3.0
40.0
16.0
13.0
6.0
-40.0
-16.0
-15.0
-18.0
-9.0
-5.0
-5.0
-38.0
6.0
-2.0
42.0
5.0
-9.0
-6.0
13.0
-3.0
14.0
-5.0
0.0
20.0
17.0
-22.0
-23.0
-18.0
-38.0
-29.0
-23.0
-5.0
5.0
5.0
-6.0
-1.0
6.0
7.0
3.0
25.0
0.0
18.0
27.0
-5.0
2.0
-13.0
-9.0
-5.0
-48.0
-14.0
45.0
20.0
15.0
-28.0
-40.0
-26.0
-17.0
-15.0
-19.0
0.0
-2.0
12.0
-7.0
-10.0
14.0
2.0
-6.0
-9.0
28.0
7.0
-24.0
8.0
-5.0
-16.0
15.0
-20.0
-22.0
-25.0
-16.0
-4.0
9.0
50.0
-22.0
-22.0
17.0
-25.0
-32.0
-35.0
-30.0
-20.0
-3.0
7.0
-25.0
-23.0
6.0
-29.0
8.0
13.0
-2.0
17.0
28.0
6.0
4.0
-3.0
-30.0
-6.0
-9.0
-9.0
-2.0
-8.0
-19.0
-36.0
2.0
34.0
39.0
25.0
0.0
3.0
4.0
-13.0
-5.0
4.0
17.0
11.0
11.0
-15.0
-25.0
-28.0
-18.0
-8.0
-17.0
-52.0
-29.0
7.0
-17.0
-40.0
34.0
31.0
23.0
15.0
-21.0
0.0
-52.0
-6.0
6.0
-2.0
1.0
1.0
-5.0
-17.0
-21.0
-1.0
0.0
10.0
8.0
-44.0
-7.0
-3.0
-10.0
0.0
3.0
45.0
13.0
24.0
12.0
-11.0
-28.0
-32.0
-29.0
-1.0
14.0
30.0
-4.0
-15.0
-38.0
-28.0
20.0
19.0
28.0
-3.0
-1.0
-11.0
-16.0
-34.0
-71.0
-5.0
6.0
8.0
27.0
45.0
-2.0
1.0
-19.0
-22.0
-28.0
-3.0
3.0
-1.0
3.0
-23.0
-11.0
-2.0
-6.0
-3.0
-8.0
-19.0
-33.0
-34.0
2.0
-6.0
-31.0
12.0
31.0
21.0
27.0
-1.0
6.0
-4.0
-20.0
-16.0
-12.0
-20.0
-56.0
-36.0
41.0
20.0
30.0
23.0
48.0
9.0
18.0
-4.0
-10.0
-5.0
-3.0
-3.0
-21.0
-24.0
-21.0
-30.0
-29.0
-10.0
-14.0
6.0
-6.0
-2.0
-36.0
-30.0
-52.0
-64.0
-15.0
32.0
31.0
25.0
3.0
25.0
-3.0
3.0
-3.0
3.0
-17.0
-9.0
-29.0
2.0
-32.0
-6.0
-9.0
-7.0
-16.0
5.0
-1.0
-14.0
2.0
-64.0
-92.0
17.0
40.0
43.0
28.0
9.0
37.0
30.0
9.0
14.0
-6.0
-7.0
-3.0
-2.0
-2.0
20.0
-2.0
-22.0
-19.0
10.0
19.0
-1.0
-10.0
-15.0
-11.0
20.0
-2.0
-15.0
0.0
-19.0
-23.0
-17.0
-15.0
-13.0
-37.0
-13.0
-13.0
4.0
23.0
12.0
1.0
6.0
-7.0
-12.0
-19.0
-26.0
-9.0
-25.0
0.0
21.0
11.0
12.0
-12.0
-7.0
-5.0
-9.0
12.0
0.0
-8.0
25.0
18.0
7.0
-11.0
-8.0
13.0
17.0
-6.0
-34.0
-13.0
7.0
-18.0
-16.0
-16.0
-24.0
1.0
15.0
7.0
2.0
8.0
-7.0
-8.0
-13.0
-2.0
-2.0
-14.0
-10.0
-13.0
-29.0
-30.0
11.0
42.0
30.0
11.0
3.0
-20.0
-46.0
-11.0
-11.0
4.0
-1.0
-11.0
-4.0
-17.0
-23.0
-15.0
-5.0
-5.0
-3.0
-13.0
-18.0
7.0
9.0
14.0
1.0
-2.0
-8.0
18.0
-8.0
3.0
-12.0
1.0
3.0
5.0
4.0
-33.0
-4.0
21.0
-11.0
-11.0
-7.0
-9.0
-4.0
2.0
9.0
-24.0
-20.0
6.0
-18.0
-8.0
-5.0
-34.0
-4.0
6.0
7.0
36.0
38.0
42.0
-35.0
-29.0
-39.0
8.0
-3.0
15.0
17.0
-5.0
4.0
15.0
-11.0
-7.0
37.0
37.0
13.0
-3.0
1.0
-6.0
-22.0
-15.0
7.0
-1.0
-18.0
-29.0
-4.0
-12.0
-9.0
-34.0
-35.0
-33.0
-20.0
-31.0
8.0
15.0
-27.0
0.0
1.0
-2.0
6.0
-11.0
-30.0
-24.0
-24.0
-26.0
-31.0
-29.0
-26.0
-22.0
-29.0
-75.0
-21.0
13.0
-16.0
7.0
23.0
29.0
23.0
26.0
14.0
-3.0
11.0
-36.0
13.0
39.0
20.0
-12.0
-6.0
-27.0
-4.0
23.0
25.0
6.0
-11.0
20.0
-19.0
-10.0
-10.0
3.0
13.0
-9.0
9.0
16.0
6.0
-66.0
-11.0
12.0
5.0
10.0
11.0
49.0
37.0
1.0
-7.0
-7.0
-31.0
-7.0
-10.0
-27.0
-35.0
-8.0
-18.0
6.0
-3.0
-17.0
-29.0
-19.0
-32.0
-20.0
-13.0
8.0
1.0
15.0
18.0
-12.0
-30.0
-52.0
-64.0
-36.0
-44.0
-9.0
30.0
22.0
15.0
4.0
4.0
9.0
24.0
1.0
13.0
-6.0
-2.0
-9.0
8.0
16.0
7.0
5.0
8.0
-40.0
-3.0
-36.0
-1.0
10.0
-9.0
18.0
-1.0
-18.0
-20.0
-33.0
-24.0
-36.0
-22.0
-26.0
2.0
31.0
54.0
28.0
29.0
-4.0
-7.0
-41.0
22.0
26.0
18.0
11.0
27.0
47.0
40.0
25.0
34.0
-2.0
11.0
-14.0
-2.0
-10.0
-18.0
-2.0
-6.0
12.0
-4.0
-1.0
-34.0
-9.0
-3.0
1.0
-5.0
-7.0
9.0
-9.0
-27.0
4.0
-18.0
-15.0
-6.0
-9.0
-3.0
5.0
9.0
-15.0
-37.0
-28.0
-44.0
9.0
-11.0
-13.0
-33.0
-29.0
-30.0
-19.0
-6.0
7.0
-15.0
32.0
-9.0
-11.0
-20.0
-38.0
-42.0
-21.0
-1.0
13.0
-7.0
12.0
11.0
19.0
4.0
33.0
23.0
9.0
-9.0
-12.0
-17.0
-1.0
5.0
6.0
-13.0
-25.0
-20.0
-57.0
3.0
17.0
-37.0
7.0
-4.0
81.0
77.0
222.0
42.0
154.0
143.0
248.0
242.0
261.0
257.0
72.0
-94.0
-98.0
-125.0
-192.0
-98.0
-142.0
-121.0
-101.0
-115.0
-130.0
-121.0
-109.0
-112.0
-75.0
-66.0
-51.0
-74.0
-74.0
-59.0
-48.0
-30.0
-16.0
-15.0
0.0
5.0
3.0
-24.0
-42.0
-40.0
-13.0
-20.0
16.0
6.0
0.0
-4.0
-10.0
-40.0
-15.0
-31.0
9.0
11.0
17.0
21.0
4.0
17.0
10.0
-3.0
6.0
-15.0
24.0
-12.0
-18.0
-12.0
-6.0
16.0
-6.0
-28.0
-21.0
15.0
79.0
76.0
75.0
59.0
-4.0
-24.0
-45.0
-3.0
-20.0
-16.0
1.0
-10.0
-14.0
-20.0
-5.0
-24.0
-31.0
-44.0
-47.0
-7.0
-17.0
-6.0
7.0
10.0
-18.0
-15.0
7.0
-7.0
-16.0
-10.0
-16.0
-15.0
6.0
15.0
-6.0
-4.0
16.0
1.0
-7.0
-16.0
0.0
14.0
-20.0
-24.0
-15.0
-13.0
14.0
15.0
9.0
-13.0
19.0
1.0
-13.0
-23.0
-4.0
4.0
28.0
17.0
24.0
13.0
5.0
33.0
-3.0
4.0
-78.0
-64.0
-7.0
7.0
57.0
113.0
215.0
313.0
313.0
313.0
313.0
313.0
313.0
313.0
313.0
313.0
313.0
313.0
313.0
313.0
313.0
313.0
313.0
313.0
-313.0
-313.0
-313.0
-313.0
-313.0
-313.0
-313.0
-313.0
-313.0
-313.0
-313.0
-313.0
-313.0
-313.0
-313.0
-313.0
-313.0
-313.0
-313.0
-313.0
-313.0
-313.0
-313.0
-313.0
-313.0
-313.0
-280.0
-200.0
-313.0
-280.0
-269.0
-224.0
-91.0
-199.0
-116.0
-160.0
-94.0
-26.0
-65.0
-5.0
-20.0
-124.0
33.0
29.0
19.0
-22.0
-10.0
149.0
81.0
113.0
63.0
58.0
32.0
64.0
32.0
70.0
104.0
75.0
109.0
81.0
155.0
126.0
126.0
133.0
109.0
94.0
165.0
145.0
54.0
108.0
120.0
90.0
47.0
93.0
74.0
83.0
27.0
108.0
78.0
131.0
83.0
110.0
84.0
82.0
77.0
81.0
99.0
68.0
71.0
71.0
61.0
30.0
20.0
18.0
6.0
2.0
9.0
7.0
28.0
-15.0
-19.0
2.0
15.0
0.0
10.0
7.0
3.0
-18.0
-17.0
-4.0
-8.0
28.0
-24.0
6.0
12.0
7.0
-3.0
-5.0
-15.0
-29.0
3.0
24.0
-7.0
7.0
-2.0
5.0
7.0
-29.0
-21.0
-25.0
-2.0
31.0
49.0
65.0
40.0
49.0
67.0
49.0
71.0
45.0
57.0
35.0
45.0
72.0
29.0
42.0
29.0
10.0
15.0
6.0
-9.0
-22.0
-35.0
-9.0
-33.0
-23.0
-37.0
-10.0
-27.0
-11.0
-15.0
11.0
2.0
-9.0
-23.0
-27.0
-6.0
0.0
-17.0
-5.0
3.0
-7.0
2.0
-4.0
-34.0
-29.0
-46.0
-17.0
-7.0
-5.0
-26.0
-2.0
-8.0
-15.0
-3.0
-1.0
27.0
29.0
15.0
28.0
-18.0
-25.0
-45.0
11.0
17.0
14.0
18.0
11.0
-9.0
14.0
18.0
41.0
8.0
15.0
7.0
7.0
-13.0
-24.0
-15.0
-3.0
-4.0
-5.0
13.0
5.0
9.0
9.0
28.0
18.0
9.0
-4.0
-13.0
-10.0
15.0
2.0
8.0
11.0
-4.0
-14.0
-20.0
-15.0
-15.0
-34.0
-12.0
-7.0
-23.0
-22.0
11.0
3.0
-21.0
-42.0
-3.0
6.0
22.0
16.0
0.0
-2.0
9.0
24.0
9.0
9.0
39.0
3.0
14.0
6.0
3.0
5.0
3.0
1.0
14.0
-10.0
-40.0
-41.0
-7.0
6.0
0.0
-7.0
-34.0
-23.0
11.0
-2.0
23.0
11.0
-5.0
-9.0
1.0
2.0
-21.0
3.0
-21.0
4.0
20.0
20.0
10.0
13.0
-4.0
-4.0
-16.0
-19.0
-24.0
-6.0
7.0
10.0
18.0
-14.0
-3.0
-1.0
-6.0
12.0
-21.0
-2.0
-20.0
-11.0
-5.0
-41.0
-4.0
-10.0
-5.0
-13.0
22.0
4.0
-7.0
-5.0
2.0
-28.0
-36.0
-35.0
-14.0
27.0
7.0
0.0
-7.0
7.0
13.0
-10.0
-28.0
-31.0
-42.0
-50.0
-36.0
-3.0
-1.0
-15.0
5.0
-7.0
15.0
17.0
42.0
8.0
15.0
1.0
-20.0
29.0
18.0
0.0
-6.0
-7.0
-36.0
-22.0
-10.0
-1.0
-17.0
-3.0
7.0
-10.0
4.0
3.0
-94.0
-86.0
10.0
-10.0
11.0
4.0
16.0
42.0
35.0
30.0
35.0
39.0
8.0
9.0
3.0
7.0
-8.0
-19.0
-14.0
-18.0
-8.0
3.0
7.0
12.0
14.0
-17.0
-6.0
-17.0
-10.0
-8.0
-31.0
-20.0
-21.0
-35.0
-48.0
27.0
-15.0
-4.0
26.0
31.0
26.0
1.0
-1.0
0.0
-1.0
-35.0
0.0
5.0
-7.0
4.0
3.0
-17.0
-9.0
-26.0
-18.0
-50.0
-30.0
-11.0
-53.0
-73.0
-73.0
-3.0
14.0
33.0
33.0
12.0
4.0
4.0
22.0
20.0
32.0
11.0
3.0
10.0
7.0
-11.0
-17.0
-7.0
-19.0
-18.0
-2.0
-21.0
26.0
25.0
9.0
30.0
25.0
6.0
13.0
10.0
0.0
-27.0
-28.0
22.0
37.0
40.0
6.0
-17.0
-20.0
7.0
-3.0
-1.0
-22.0
-33.0
-24.0
-67.0
-20.0
10.0
0.0
-4.0
20.0
2.0
22.0
-2.0
12.0
-10.0
1.0
-61.0
-63.0
-52.0
-54.0
-22.0
-7.0
-25.0
-34.0
-25.0
-29.0
-16.0
-10.0
2.0
-13.0
-6.0
-32.0
-12.0
18.0
4.0
-10.0
-32.0
-14.0
-6.0
-9.0
-25.0
1.0
17.0
38.0
2.0
30.0
-29.0
132.0
41.0
53.0
20.0
16.0
4.0
2.0
-11.0
-2.0
77.0
52.0
51.0
19.0
-5.0
-47.0
-3.0
-48.0
-37.0
-20.0
-18.0
-63.0
-55.0
-62.0
-70.0
-16.0
47.0
88.0
79.0
82.0
57.0
111.0
124.0
176.0
180.0
233.0
313.0
313.0
313.0
313.0
313.0
313.0
313.0
313.0
313.0
313.0
313.0
313.0
313.0
196.0
66.0
-50.0
-55.0
-138.0
-232.0
-272.0
-308.0
-313.0
-313.0
-313.0
-313.0
-313.0
-313.0
-313.0
-313.0
-313.0
-313.0
-313.0
-313.0
-313.0
-308.0
-273.0
-256.0
-199.0
-182.0
-179.0
-207.0
-183.0
-151.0
-162.0
-136.0
-117.0
-110.0
-117.0
-116.0
-112.0
-114.0
-145.0
-147.0
-128.0
-122.0
-94.0
-91.0
-83.0
-89.0
-75.0
-95.0
-79.0
-85.0
-87.0
-82.0
-107.0
-123.0
-86.0
-70.0
-47.0
-18.0
-37.0
-61.0
-33.0
-66.0
-62.0
-63.0
-68.0
-65.0
-81.0
-54.0
-38.0
-41.0
-52.0
-63.0
-58.0
-69.0
-57.0
-40.0
-29.0
-44.0
-36.0
-24.0
-36.0
-31.0
-45.0
-56.0
-27.0
-22.0
-9.0
-15.0
-24.0
-16.0
-38.0
-44.0
-62.0
-62.0
-44.0
-35.0
-31.0
-62.0
-10.0
-3.0
-75.0
-59.0
-82.0
-83.0
-111.0
-74.0
-135.0
-149.0
-208.0
-202.0
-110.0
-134.0
-213.0
-213.0
-178.0
-156.0
-154.0
-123.0
-114.0
-94.0
-61.0
-20.0
-8.0
-24.0
-16.0
-86.0
-74.0
-58.0
-57.0
-42.0
-33.0
-36.0
5.0
16.0
50.0
60.0
131.0
121.0
186.0
313.0
313.0
313.0
313.0
313.0
282.0
274.0
298.0
313.0
313.0
290.0
251.0
247.0
231.0
222.0
172.0
142.0
121.0
90.0
75.0
47.0
37.0
-13.0
-10.0
-8.0
-10.0
-30.0
-55.0
-85.0
-67.0
-65.0
-62.0
-30.0
-88.0
-86.0
-38.0
-63.0
-43.0
-61.0
-64.0
-63.0
-55.0
-67.0
-68.0
-74.0
-37.0
-44.0
-52.0
-52.0
-44.0
-39.0
-37.0
-40.0
-55.0
-62.0
-66.0
-50.0
-38.0
-17.0
-5.0
-21.0
-7.0
23.0
-24.0
-24.0
-53.0
-50.0
-1.0
-34.0
-28.0
-15.0
-14.0
-16.0
0.0
9.0
-2.0
10.0
30.0
33.0
57.0
24.0
45.0
85.0
68.0
61.0
57.0
35.0
16.0
37.0
47.0
43.0
29.0
35.0
5.0
-4.0
-7.0
13.0
49.0
8.0
40.0
57.0
125.0
109.0
140.0
143.0
124.0
76.0
23.0
-135.0
-225.0
-176.0
-151.0
-221.0
-250.0
-248.0
-245.0
-257.0
-259.0
-234.0
-223.0
-221.0
-202.0
-154.0
-157.0
-159.0
-144.0
-174.0
-124.0
-101.0
-64.0
-74.0
-50.0
-71.0
-61.0
-63.0
-26.0
-20.0
-7.0
-21.0
21.0
35.0
46.0
57.0
77.0
85.0
65.0
63.0
33.0
19.0
50.0
62.0
61.0
88.0
74.0
70.0
105.0
83.0
108.0
88.0
73.0
89.0
50.0
34.0
57.0
53.0
55.0
68.0
26.0
-3.0
13.0
18.0
32.0
42.0
50.0
53.0
31.0
20.0
-25.0
1.0
6.0
-4.0
27.0
-30.0
28.0
32.0
-8.0
-12.0
26.0
47.0
63.0
60.0
11.0
70.0
74.0
70.0
83.0
81.0
76.0
45.0
67.0
48.0
15.0
28.0
24.0
20.0
60.0
1.0
-14.0
-38.0
-32.0
-32.0
-8.0
-10.0
-3.0
-5.0
-12.0
-25.0
-54.0
-33.0
-31.0
-33.0
-14.0
-11.0
-22.0
-22.0
-35.0
-63.0
-29.0
-17.0
-12.0
-15.0
28.0
-11.0
24.0
23.0
-12.0
-16.0
-19.0
-31.0
-43.0
-57.0
-62.0
-1.0
17.0
14.0
11.0
-6.0
9.0
-26.0
-28.0
-20.0
-23.0
6.0
8.0
4.0
-4.0
-24.0
-20.0
18.0
11.0
23.0
18.0
-16.0
0.0
0.0
-16.0
-14.0
1.0
-28.0
-9.0
-10.0
-21.0
-10.0
-28.0
-33.0
-10.0
20.0
22.0
7.0
8.0
-3.0
2.0
0.0
-20.0
-27.0
-20.0
-15.0
-2.0
28.0
27.0
23.0
5.0
-17.0
32.0
30.0
11.0
34.0
28.0
23.0
-15.0
-2.0
-28.0
-20.0
-9.0
-11.0
-31.0
-3.0
0.0
26.0
-23.0
4.0
5.0
40.0
33.0
37.0
21.0
-1.0
23.0
37.0
28.0
-42.0
-37.0
8.0
39.0
33.0
17.0
-22.0
-27.0
-44.0
8.0
1.0
-25.0
2.0
-31.0
-31.0
-36.0
-22.0
-8.0
-16.0
-45.0
-52.0
12.0
8.0
-23.0
-21.0
-6.0
-17.0
-7.0
-10.0
13.0
-12.0
22.0
2.0
-20.0
-19.0
2.0
-5.0
-12.0
-12.0
-31.0
-25.0
-16.0
-22.0
-10.0
-7.0
-14.0
-4.0
-13.0
-16.0
10.0
11.0
-9.0
8.0
-16.0
-17.0
-39.0
-10.0
-23.0
11.0
16.0
28.0
3.0
32.0
-3.0
-14.0
5.0
-29.0
-4.0
8.0
2.0
-18.0
-1.0
-11.0
-21.0
-26.0
17.0
-5.0
5.0
17.0
20.0
18.0
7.0
-7.0
-14.0
-14.0
-23.0
-4.0
-31.0
-14.0
-21.0
8.0
-22.0
-13.0
4.0
6.0
5.0
-15.0
-2.0
-6.0
0.0
-1.0
2.0
0.0
8.0
7.0
8.0
-28.0
-4.0
-16.0
3.0
-29.0
-27.0
2.0
8.0
5.0
-9.0
26.0
28.0
5.0
-25.0
2.0
-22.0
10.0
15.0
12.0
-51.0
-16.0
10.0
8.0
-3.0
7.0
-21.0
-3.0
-7.0
-1.0
-17.0
8.0
-17.0
-28.0
-20.0
-54.0
-29.0
-20.0
-15.0
-10.0
11.0
11.0
12.0
14.0
-19.0
-8.0
-32.0
-6.0
9.0
8.0
-1.0
7.0
6.0
3.0
19.0
18.0
19.0
22.0
-12.0
-12.0
7.0
-9.0
-24.0
-12.0
-3.0
-1.0
3.0
2.0
-23.0
-30.0
-19.0
4.0
10.0
-33.0
-11.0
-5.0
-17.0
-15.0
-4.0
-7.0
13.0
-12.0
-2.0
1.0
0.0
0.0
19.0
-31.0
-7.0
0.0
-6.0
1.0
-11.0
-19.0
-28.0
-28.0
-23.0
26.0
-5.0
0.0
14.0
24.0
15.0
-21.0
-1.0
2.0
-19.0
-11.0
-21.0
-16.0
5.0
-6.0
-14.0
-28.0
-20.0
-17.0
-18.0
-37.0
-46.0
-37.0
41.0
24.0
16.0
7.0
6.0
-5.0
17.0
12.0
-2.0
-2.0
-12.0
-21.0
2.0
-11.0
-10.0
-8.0
4.0
-30.0
-37.0
-30.0
-2.0
5.0
6.0
-37.0
-44.0
-31.0
-57.0
-42.0
20.0
18.0
34.0
-2.0
33.0
33.0
24.0
23.0
-2.0
-31.0
-25.0
-29.0
-43.0
-12.0
10.0
7.0
44.0
2.0
15.0
-3.0
13.0
18.0
2.0
-8.0
7.0
5.0
-1.0
-4.0
-2.0
8.0
-42.0
-43.0
-40.0
-63.0
-31.0
-39.0
-28.0
-18.0
-12.0
-30.0
3.0
-4.0
-21.0
-18.0
32.0
32.0
31.0
31.0
1.0
22.0
3.0
-1.0
-11.0
14.0
-19.0
-12.0
26.0
9.0
-9.0
-22.0
-37.0
-38.0
-56.0
-57.0
-36.0
20.0
14.0
-11.0
0.0
-5.0
-19.0
-15.0
-9.0
-5.0
13.0
4.0
-5.0
-12.0
-46.0
-18.0
25.0
24.0
20.0
-7.0
-4.0
6.0
7.0
0.0
2.0
-2.0
-16.0
-22.0
-54.0
-12.0
-15.0
-35.0
-24.0
-15.0
5.0
-2.0
23.0
19.0
-16.0
17.0
-7.0
1.0
24.0
8.0
-2.0
18.0
13.0
11.0
21.0
-7.0
-46.0
8.0
2.0
2.0
-21.0
-23.0
12.0
14.0
-26.0
2.0
-27.0
-7.0
3.0
-43.0
-4.0
31.0
-30.0
-24.0
-3.0
28.0
59.0
26.0
4.0
9.0
-29.0
-16.0
-17.0
-15.0
-46.0
4.0
-17.0
-19.0
4.0
-5.0
1.0
-29.0
-13.0
-8.0
20.0
5.0
-6.0
-1.0
-28.0
3.0
-5.0
-4.0
-9.0
-10.0
-38.0
0.0
-44.0
-6.0
0.0
10.0
8.0
8.0
16.0
17.0
0.0
11.0
33.0
15.0
27.0
27.0
-8.0
0.0
-43.0
-45.0
-40.0
-59.0
-52.0
-21.0
-37.0
0.0
2.0
-49.0
-14.0
-13.0
12.0
28.0
17.0
10.0
9.0
6.0
18.0
7.0
3.0
2.0
-9.0
-26.0
-9.0
-35.0
-35.0
-31.0
-10.0
7.0
2.0
5.0
7.0
-22.0
-14.0
-5.0
10.0
35.0
15.0
2.0
10.0
10.0
12.0
11.0
9.0
-8.0
12.0
14.0
14.0
-23.0
-17.0
-20.0
-18.0
-17.0
18.0
-2.0
13.0
1.0
29.0
8.0
9.0
6.0
10.0
-22.0
-43.0
-63.0
-55.0
-45.0
-29.0
3.0
-13.0
-14.0
27.0
12.0
2.0
29.0
22.0
4.0
38.0
35.0
-2.0
-2.0
0.0
4.0
-20.0
13.0
-3.0
-11.0
-32.0
-45.0
-23.0
-16.0
-28.0
-51.0
-63.0
2.0
44.0
56.0
20.0
26.0
31.0
31.0
44.0
-1.0
-4.0
35.0
2.0
-32.0
-24.0
-41.0
-42.0
-43.0
-29.0
5.0
21.0
23.0
11.0
29.0
7.0
0.0
-2.0
-5.0
-30.0
15.0
-11.0
-16.0
-25.0
-36.0
-25.0
-11.0
-30.0
-26.0
9.0
-17.0
-2.0
6.0
3.0
-34.0
-6.0
-25.0
-38.0
-41.0
-31.0
-45.0
-1.0
-5.0
-6.0
9.0
-14.0
-45.0
-1.0
-1.0
13.0
38.0
13.0
25.0
40.0
-5.0
-33.0
-10.0
-14.0
-13.0
10.0
8.0
13.0
14.0
22.0
-10.0
-25.0
0.0
34.0
28.0
-13.0
-30.0
45.0
12.0
-3.0
-19.0
-17.0
-10.0
30.0
33.0
-12.0
-27.0
-39.0
-71.0
-39.0
-20.0
-45.0
1.0
27.0
27.0
-5.0
27.0
24.0
-2.0
17.0
25.0
21.0
-1.0
-8.0
-9.0
-21.0
-23.0
-13.0
-33.0
-41.0
-70.0
-17.0
13.0
-3.0
-3.0
21.0
-1.0
-7.0
-12.0
10.0
-1.0
-13.0
-3.0
4.0
-2.0
27.0
-33.0
-1.0
16.0
7.0
23.0
-8.0
-21.0
-19.0
-16.0
5.0
-11.0
28.0
28.0
-17.0
2.0
-12.0
-14.0
22.0
28.0
-6.0
-49.0
-11.0
-2.0
7.0
-9.0
-14.0
-18.0
24.0
19.0
-16.0
-8.0
-32.0
-19.0
-30.0
-52.0
-4.0
-7.0
7.0
8.0
-11.0
1.0
-9.0
-19.0
12.0
43.0
13.0
-1.0
-6.0
-5.0
1.0
33.0
38.0
16.0
-1.0
24.0
-2.0
-14.0
-27.0
-28.0
-24.0
-16.0
-18.0
-4.0
2.0
18.0
-8.0
-16.0
-16.0
-16.0
8.0
11.0
-14.0
-16.0
-12.0
-22.0
-31.0
-5.0
20.0
23.0
0.0
-4.0
9.0
-9.0
-14.0
2.0
-3.0
-6.0
-6.0
-4.0
-25.0
-8.0
-14.0
-3.0
20.0
-26.0
10.0
-56.0
-31.0
-27.0
-24.0
7.0
29.0
8.0
2.0
23.0
-2.0
-31.0
-18.0
-18.0
13.0
8.0
6.0
5.0
-11.0
-24.0
12.0
-18.0
5.0
1.0
-13.0
17.0
11.0
-28.0
-34.0
7.0
-14.0
-2.0
3.0
8.0
19.0
-5.0
-24.0
4.0
-14.0
-25.0
2.0
-22.0
-9.0
-8.0
-4.0
21.0
14.0
-8.0
-32.0
-37.0
-23.0
-17.0
-12.0
-7.0
3.0
5.0
-5.0
22.0
-25.0
13.0
20.0
12.0
23.0
16.0
7.0
-33.0
-43.0
6.0
25.0
-5.0
-11.0
-5.0
-3.0
-2.0
7.0
-10.0
-14.0
2.0
-52.0
-11.0
7.0
-14.0
26.0
28.0
42.0
15.0
9.0
-3.0
11.0
-20.0
-12.0
-15.0
-24.0
-22.0
-17.0
6.0
6.0
10.0
-25.0
-16.0
-10.0
-18.0
-16.0
-12.0
-28.0
9.0
28.0
-5.0
-11.0
-43.0
-55.0
-12.0
-13.0
-11.0
-18.0
13.0
-2.0
-10.0
31.0
24.0
-22.0
10.0
18.0
21.0
-6.0
22.0
-47.0
-16.0
-35.0
-4.0
32.0
6.0
19.0
20.0
-12.0
-5.0
20.0
-18.0
-3.0
10.0
-20.0
-28.0
17.0
15.0
-16.0
-2.0
5.0
-26.0
-8.0
8.0
-15.0
7.0
-47.0
-49.0
-44.0
-20.0
-29.0
6.0
9.0
6.0
2.0
15.0
19.0
26.0
46.0
21.0
15.0
-17.0
-16.0
1.0
-36.0
-9.0
26.0
30.0
20.0
0.0
12.0
-7.0
-5.0
-23.0
-31.0
-14.0
-43.0
-47.0
-3.0
-9.0
7.0
10.0
19.0
-30.0
-15.0
-16.0
9.0
5.0
5.0
15.0
21.0
-4.0
14.0
14.0
-14.0
-17.0
1.0
5.0
-15.0
-1.0
-4.0
-23.0
5.0
-44.0
-37.0
9.0
-33.0
-34.0
-18.0
-22.0
-8.0
-20.0
1.0
7.0
-1.0
-8.0
2.0
0.0
30.0
15.0
29.0
4.0
6.0
-25.0
-20.0
-25.0
30.0
27.0
15.0
16.0
-2.0
2.0
-8.0
23.0
32.0
5.0
16.0
18.0
-2.0
-1.0
-3.0
-9.0
-14.0
-18.0
-12.0
-18.0
-16.0
-21.0
-34.0
-39.0
-11.0
-8.0
8.0
-2.0
13.0
-25.0
-11.0
-15.0
-28.0
-5.0
-2.0
12.0
-2.0
26.0
31.0
-2.0
1.0
-2.0
4.0
-2.0
-4.0
-10.0
12.0
-6.0
-29.0
0.0
-29.0
-29.0
-22.0
6.0
-12.0
-24.0
7.0
15.0
20.0
16.0
-2.0
2.0
25.0
-3.0
-40.0
-54.0
-38.0
-28.0
-11.0
48.0
21.0
30.0
6.0
17.0
6.0
0.0
-32.0
-5.0
-5.0
-8.0
-29.0
-27.0
-29.0
-11.0
-10.0
12.0
14.0
-12.0
36.0
1.0
-24.0
-21.0
9.0
-8.0
3.0
-37.0
-7.0
7.0
-7.0
-25.0
6.0
4.0
6.0
4.0
-6.0
-31.0
9.0
10.0
7.0
30.0
25.0
25.0
-3.0
-8.0
-25.0
4.0
-1.0
-19.0
-13.0
-27.0
9.0
7.0
-25.0
-4.0
-12.0
-13.0
2.0
-5.0
21.0
-1.0
6.0
7.0
-7.0
-14.0
-26.0
-14.0
0.0
-9.0
-14.0
-11.0
-53.0
-42.0
12.0
24.0
-3.0
-2.0
11.0
10.0
-36.0
-24.0
-28.0
-32.0
-24.0
-10.0
6.0
34.0
29.0
-24.0
19.0
3.0
7.0
10.0
31.0
13.0
9.0
-51.0
-18.0
-18.0
-33.0
1.0
2.0
0.0
-6.0
-6.0
-6.0
19.0
20.0
12.0
17.0
7.0
2.0
-2.0
-23.0
-18.0
-11.0
2.0
-11.0
15.0
-2.0
-39.0
-38.0
-41.0
-25.0
-16.0
-33.0
31.0
-7.0
-32.0
-5.0
-4.0
0.0
-2.0
-9.0
19.0
3.0
4.0
-58.0
-16.0
2.0
-5.0
-8.0
-11.0
4.0
4.0
5.0
29.0
16.0
10.0
30.0
0.0
-35.0
-35.0
0.0
-1.0
-8.0
-34.0
-18.0
-18.0
-21.0
-26.0
-11.0
-9.0
25.0
-16.0
-29.0
-20.0
-6.0
2.0
8.0
20.0
-9.0
-10.0
19.0
30.0
23.0
20.0
26.0
-14.0
-22.0
-43.0
-3.0
2.0
16.0
-4.0
-2.0
4.0
-6.0
3.0
-23.0
-10.0
-34.0
-35.0
8.0
-1.0
10.0
3.0
0.0
-17.0
6.0
19.0
-23.0
-23.0
-46.0
-15.0
3.0
6.0
-7.0
3.0
-42.0
-64.0
-27.0
-28.0
-54.0
-31.0
38.0
13.0
-19.0
19.0
24.0
19.0
-9.0
-9.0
-26.0
-45.0
-91.0
6.0
5.0
44.0
22.0
9.0
18.0
17.0
4.0
17.0
-1.0
-18.0
3.0
-30.0
-17.0
0.0
25.0
25.0
4.0
-2.0
7.0
0.0
3.0
-7.0
-2.0
-24.0
7.0
5.0
-22.0
22.0
24.0
-25.0
-16.0
-21.0
-21.0
-27.0
-18.0
-11.0
-2.0
17.0
-6.0
10.0
12.0
-5.0
-21.0
-20.0
-24.0
-26.0
6.0
-44.0
-15.0
-8.0
5.0
8.0
26.0
30.0
22.0
19.0
-14.0
12.0
-25.0
-9.0
14.0
-3.0
-2.0
-17.0
2.0
-3.0
15.0
-25.0
-12.0
0.0
-6.0
-29.0
-62.0
-22.0
-2.0
-1.0
5.0
29.0
2.0
-31.0
-23.0
0.0
8.0
-23.0
-5.0
-7.0
3.0
25.0
-9.0
-14.0
4.0
5.0
-10.0
23.0
6.0
6.0
4.0
-9.0
-18.0
-4.0
-4.0
-1.0
-21.0
-21.0
-32.0
-37.0
-53.0
-6.0
30.0
16.0
9.0
0.0
18.0
17.0
10.0
14.0
-6.0
-7.0
9.0
-5.0
-5.0
-3.0
9.0
-14.0
-3.0
-4.0
-13.0
-38.0
-29.0
-2.0
-7.0
4.0
9.0
-14.0
-7.0
-6.0
-18.0
6.0
4.0
6.0
-17.0
-27.0
-7.0
-78.0
-72.0
-70.0
-2.0
26.0
13.0
49.0
33.0
-27.0
-2.0
3.0
2.0
2.0
21.0
15.0
20.0
8.0
-10.0
-10.0
0.0
-30.0
-25.0
-24.0
-38.0
-3.0
-16.0
31.0
-2.0
-29.0
-10.0
1.0
11.0
11.0
29.0
22.0
-18.0
-4.0
4.0
4.0
13.0
15.0
5.0
6.0
-10.0
-41.0
-27.0
-24.0
-15.0
39.0
-9.0
-24.0
13.0
9.0
23.0
12.0
-22.0
15.0
-8.0
-20.0
-26.0
-24.0
3.0
5.0
3.0
11.0
12.0
9.0
3.0
-8.0
1.0
-24.0
-22.0
-22.0
-12.0
-6.0
15.0
12.0
5.0
-17.0
-13.0
-10.0
-30.0
-31.0
-17.0
-5.0
8.0
-16.0
-22.0
-20.0
-6.0
-1.0
19.0
18.0
-1.0
3.0
-3.0
-32.0
-50.0
-39.0
9.0
11.0
36.0
40.0
26.0
-19.0
-56.0
-9.0
10.0
-1.0
15.0
6.0
4.0
4.0
-1.0
-8.0
-12.0
-7.0
-58.0
-13.0
7.0
30.0
14.0
14.0
19.0
10.0
-8.0
-1.0
-18.0
-20.0
29.0
15.0
7.0
8.0
-13.0
8.0
-33.0
-28.0
-5.0
54.0
31.0
0.0
10.0
8.0
-3.0
-1.0
-22.0
-16.0
-50.0
13.0
6.0
8.0
-2.0
-6.0
-31.0
-5.0
-25.0
-17.0
-7.0
-12.0
-46.0
-59.0
-11.0
-10.0
-21.0
26.0
24.0
35.0
-2.0
-9.0
-18.0
-21.0
-10.0
-10.0
-11.0
-15.0
-10.0
-17.0
-24.0
-1.0
2.0
15.0
12.0
6.0
17.0
16.0
23.0
-11.0
-11.0
-8.0
18.0
-11.0
-25.0
-22.0
10.0
-38.0
-3.0
20.0
-28.0
-12.0
9.0
-53.0
-2.0
-5.0
-19.0
-16.0
-11.0
3.0
-11.0
-14.0
24.0
15.0
16.0
15.0
0.0
-8.0
11.0
31.0
20.0
-14.0
-31.0
-24.0
7.0
7.0
21.0
61.0
10.0
-4.0
-22.0
-13.0
-18.0
-35.0
-23.0
-26.0
-10.0
1.0
10.0
-3.0
2.0
7.0
1.0
-18.0
-11.0
-10.0
-32.0
4.0
-48.0
-20.0
11.0
-12.0
-17.0
-5.0
6.0
8.0
22.0
-95.0
-24.0
22.0
55.0
35.0
27.0
13.0
3.0
2.0
-9.0
-2.0
55.0
26.0
1.0
-19.0
-2.0
-6.0
-7.0
-8.0
-16.0
-2.0
-16.0
-33.0
-2.0
-32.0
-30.0
-28.0
1.0
1.0
19.0
0.0
4.0
21.0
14.0
-14.0
-33.0
-44.0
-20.0
-17.0
-1.0
10.0
12.0
0.0
-23.0
-61.0
-17.0
8.0
19.0
13.0
47.0
11.0
-7.0
-7.0
-23.0
-7.0
22.0
-32.0
-24.0
-24.0
24.0
7.0
28.0
-7.0
6.0
-41.0
-33.0
19.0
-24.0
-17.0
22.0
20.0
-23.0
2.0
-23.0
-9.0
-12.0
-4.0
14.0
8.0
9.0
0.0
-10.0
-21.0
-28.0
-38.0
-14.0
-29.0
7.0
14.0
-10.0
-18.0
-23.0
-4.0
6.0
-10.0
-8.0
-59.0
11.0
20.0
32.0
-6.0
36.0
16.0
-11.0
12.0
6.0
12.0
9.0
7.0
28.0
27.0
9.0
-2.0
-2.0
-30.0
6.0
-12.0
-15.0
-11.0
8.0
2.0
-1.0
-43.0
-31.0
-27.0
10.0
-18.0
-24.0
-19.0
-15.0
-7.0
-31.0
-3.0
6.0
-3.0
-2.0
-56.0
-13.0
-9.0
17.0
-32.0
-9.0
20.0
13.0
-10.0
36.0
32.0
21.0
23.0
22.0
15.0
14.0
-2.0
-6.0
10.0
11.0
-7.0
-12.0
-7.0
-26.0
-20.0
-18.0
-37.0
22.0
13.0
-23.0
-27.0
-27.0
-31.0
-8.0
-11.0
6.0
22.0
-41.0
-22.0
0.0
6.0
-10.0
-15.0
-18.0
11.0
-28.0
-29.0
13.0
37.0
-25.0
-5.0
-38.0
-40.0
-23.0
9.0
-59.0
-42.0
-12.0
-57.0
34.0
6.0
17.0
19.0
39.0
35.0
26.0
8.0
5.0
30.0
24.0
30.0
7.0
7.0
-22.0
7.0
-16.0
-37.0
1.0
-14.0
-40.0
-19.0
-21.0
-23.0
-43.0
-34.0
-48.0
-12.0
-62.0
-35.0
-6.0
26.0
60.0
63.0
55.0
41.0
52.0
38.0
11.0
0.0
17.0
-27.0
-22.0
-24.0
7.0
-4.0
-23.0
-15.0
-45.0
-2.0
-12.0
-26.0
-33.0
-28.0
-10.0
-14.0
-11.0
-2.0
4.0
-22.0
-24.0
-42.0
-48.0
-48.0
-15.0
21.0
34.0
4.0
-17.0
11.0
-6.0
-33.0
-11.0
-14.0
-5.0
-5.0
-13.0
4.0
28.0
-28.0
-7.0
-12.0
-12.0
-14.0
-3.0
-2.0
-17.0
17.0
18.0
16.0
-19.0
8.0
3.0
7.0
1.0
-17.0
-29.0
-4.0
38.0
27.0
11.0
-27.0
-32.0
-37.0
-11.0
-8.0
27.0
2.0
6.0
7.0
-43.0
-26.0
-29.0
-23.0
-4.0
33.0
-12.0
9.0
4.0
4.0
-40.0
-25.0
-31.0
-28.0
-13.0
5.0
-13.0
-6.0
20.0
4.0
-11.0
-5.0
-32.0
-27.0
-9.0
-5.0
-9.0
-31.0
-3.0
17.0
-29.0
-9.0
22.0
16.0
31.0
31.0
1.0
-10.0
-29.0
-16.0
-17.0
-28.0
-43.0
-46.0
-5.0
-12.0
-11.0
12.0
-2.0
-17.0
-4.0
0.0
15.0
10.0
-36.0
-16.0
-13.0
-12.0
-3.0
-3.0
-3.0
-3.0
-18.0
-22.0
-14.0
4.0
-3.0
-3.0
10.0
-30.0
2.0
-7.0
11.0
12.0
14.0
17.0
19.0
-13.0
-14.0
33.0
-2.0
-35.0
-5.0
-2.0
12.0
13.0
-27.0
3.0
-22.0
-5.0
-4.0
-6.0
-9.0
-8.0
3.0
6.0
-12.0
-16.0
-7.0
-25.0
-30.0
-53.0
-51.0
-51.0
-34.0
-22.0
24.0
4.0
26.0
13.0
17.0
18.0
-5.0
-7.0
34.0
20.0
7.0
9.0
-21.0
-19.0
-24.0
2.0
15.0
10.0
-14.0
-23.0
-4.0
2.0
17.0
-5.0
-9.0
-13.0
0.0
-2.0
-25.0
-15.0
-15.0
-21.0
-3.0
6.0
9.0
-2.0
-4.0
-4.0
-21.0
-9.0
10.0
17.0
23.0
2.0
-3.0
-16.0
-3.0
2.0
40.0
-9.0
-7.0
-18.0
-7.0
-11.0
-14.0
-19.0
-88.0
-92.0
-46.0
10.0
66.0
17.0
-7.0
8.0
12.0
-20.0
-27.0
-27.0
-11.0
4.0
-11.0
-30.0
2.0
2.0
16.0
-17.0
-9.0
-9.0
-17.0
-15.0
-2.0
9.0
32.0
-6.0
-34.0
-30.0
-33.0
-29.0
-11.0
-66.0
-19.0
-43.0
-6.0
39.0
41.0
0.0
-13.0
-17.0
-3.0
6.0
-3.0
31.0
-24.0
-14.0
-14.0
-13.0
-9.0
-8.0
-4.0
10.0
20.0
20.0
-17.0
-11.0
9.0
4.0
24.0
28.0
25.0
10.0
-35.0
-22.0
-20.0
13.0
12.0
2.0
29.0
24.0
-24.0
-27.0
-31.0
44.0
2.0
-23.0
35.0
2.0
-9.0
-15.0
-8.0
-14.0
1.0
18.0
10.0
-12.0
2.0
11.0
-25.0
-24.0
-13.0
-27.0
23.0
-9.0
-18.0
-43.0
9.0
-22.0
7.0
5.0
-19.0
-28.0
20.0
-23.0
-2.0
8.0
-20.0
-18.0
-4.0
-4.0
-19.0
1.0
-40.0
17.0
12.0
24.0
16.0
7.0
2.0
9.0
35.0
-22.0
-38.0
-22.0
-8.0
10.0
-25.0
-23.0
-12.0
-11.0
11.0
-16.0
-16.0
13.0
-1.0
5.0
-31.0
14.0
-5.0
2.0
7.0
22.0
4.0
-33.0
27.0
4.0
-20.0
-29.0
3.0
2.0
3.0
-22.0
-14.0
-6.0
13.0
-1.0
14.0
7.0
-20.0
-23.0
-6.0
10.0
5.0
-10.0
-32.0
-35.0
20.0
15.0
11.0
14.0
15.0
-15.0
-42.0
-39.0
-32.0
16.0
-18.0
-8.0
-8.0
-7.0
-24.0
-30.0
14.0
24.0
33.0
1.0
-9.0
13.0
37.0
34.0
37.0
40.0
21.0
5.0
14.0
-21.0
-25.0
-34.0
-39.0
-36.0
-5.0
-15.0
-15.0
19.0
19.0
-26.0
-3.0
-2.0
9.0
0.0
-14.0
-4.0
-6.0
-50.0
-20.0
-42.0
-23.0
2.0
8.0
11.0
8.0
17.0
-7.0
-3.0
-25.0
-12.0
7.0
0.0
2.0
3.0
-28.0
-14.0
12.0
-8.0
8.0
12.0
-4.0
-34.0
-37.0
-36.0
-29.0
-18.0
-9.0
-3.0
0.0
1.0
-15.0
2.0
5.0
5.0
17.0
19.0
7.0
13.0
-15.0
-11.0
-34.0
-37.0
-35.0
-36.0
15.0
-17.0
-44.0
-26.0
-10.0
14.0
57.0
39.0
48.0
55.0
12.0
-3.0
4.0
14.0
17.0
-33.0
-16.0
2.0
-13.0
-9.0
-20.0
0.0
13.0
1.0
-3.0
5.0
9.0
7.0
6.0
5.0
-20.0
-36.0
-27.0
-28.0
-6.0
-1.0
-15.0
-5.0
-42.0
-51.0
-46.0
-39.0
-29.0
-37.0
-30.0
-16.0
12.0
-14.0
8.0
9.0
-7.0
-17.0
5.0
1.0
-1.0
1.0
-37.0
-28.0
-19.0
-23.0
-35.0
-17.0
15.0
-6.0
36.0
14.0
28.0
6.0
6.0
4.0
-15.0
-10.0
0.0
-3.0
20.0
-24.0
-15.0
-5.0
-5.0
-6.0
-20.0
-18.0
-14.0
-20.0
-26.0
-25.0
-23.0
-2.0
-2.0
-4.0
-11.0
18.0
8.0
6.0
30.0
26.0
9.0
13.0
4.0
9.0
3.0
19.0
19.0
0.0
-27.0
-25.0
-17.0
20.0
3.0
2.0
-10.0
-13.0
-53.0
16.0
-27.0
28.0
27.0
10.0
-13.0
-13.0
-15.0
-2.0
-13.0
-7.0
36.0
35.0
-14.0
-21.0
7.0
14.0
-15.0
-10.0
-17.0
6.0
-29.0
-7.0
-22.0
6.0
1.0
4.0
17.0
-21.0
-27.0
-36.0
1.0
18.0
-12.0
-48.0
-25.0
-24.0
-13.0
20.0
-13.0
12.0
2.0
-46.0
-21.0
1.0
33.0
31.0
40.0
24.0
13.0
-9.0
-15.0
-53.0
3.0
-32.0
-2.0
1.0
19.0
-24.0
-35.0
2.0
2.0
5.0
-13.0
-1.0
5.0
7.0
11.0
23.0
-3.0
13.0
-24.0
-33.0
-37.0
-2.0
-33.0
-37.0
-54.0
-16.0
-18.0
12.0
6.0
7.0
15.0
-1.0
-23.0
-23.0
-40.0
-21.0
20.0
95.0
67.0
-14.0
-15.0
-17.0
-17.0
-18.0
-17.0
-12.0
9.0
-11.0
-17.0
-29.0
-23.0
-33.0
-1.0
-4.0
41.0
-16.0
17.0
23.0
28.0
-23.0
-8.0
-7.0
-24.0
-28.0
7.0
7.0
-18.0
-2.0
-19.0
-2.0
1.0
-28.0
-34.0
-33.0
-20.0
-3.0
9.0
-13.0
-38.0
-24.0
7.0
20.0
-22.0
-22.0
-17.0
2.0
-16.0
-31.0
7.0
-4.0
-16.0
-31.0
-17.0
-17.0
-11.0
4.0
15.0
15.0
-17.0
0.0
-14.0
-20.0
14.0
18.0
27.0
-9.0
-6.0
0.0
5.0
10.0
9.0
-1.0
-2.0
-7.0
-1.0
-36.0
-17.0
-22.0
-50.0
2.0
-11.0
-16.0
-32.0
-18.0
11.0
29.0
3.0
7.0
6.0
-1.0
-4.0
8.0
2.0
11.0
-2.0
-1.0
-8.0
-19.0
-14.0
-5.0
-23.0
-37.0
4.0
4.0
20.0
8.0
-32.0
-18.0
11.0
26.0
-6.0
18.0
23.0
33.0
-19.0
-14.0
-3.0
9.0
23.0
15.0
-5.0
-5.0
-31.0
-25.0
-24.0
-54.0
-15.0
-34.0
-5.0
7.0
30.0
-13.0
-17.0
-21.0
-21.0
-31.0
-2.0
-2.0
1.0
11.0
-12.0
-2.0
10.0
5.0
-1.0
-9.0
-23.0
1.0
-8.0
7.0
11.0
-5.0
-42.0
-40.0
-30.0
29.0
36.0
36.0
4.0
-26.0
5.0
-19.0
-11.0
-11.0
-42.0
-20.0
1.0
-51.0
-17.0
-8.0
28.0
8.0
16.0
17.0
19.0
14.0
18.0
23.0
11.0
21.0
-33.0
-20.0
2.0
1.0
6.0
5.0
-23.0
0.0
-11.0
2.0
4.0
-4.0
-1.0
0.0
-28.0
-22.0
-7.0
-6.0
-18.0
8.0
1.0
-9.0
0.0
-2.0
-35.0
-32.0
-13.0
-36.0
-24.0
-31.0
-14.0
3.0
37.0
37.0
39.0
28.0
12.0
-4.0
0.0
7.0
-15.0
-29.0
9.0
11.0
-20.0
-22.0
16.0
-7.0
-22.0
-12.0
-21.0
-3.0
0.0
2.0
14.0
8.0
29.0
0.0
-5.0
-36.0
-58.0
-60.0
-9.0
-10.0
10.0
15.0
9.0
14.0
27.0
11.0
-1.0
15.0
-8.0
-15.0
32.0
-30.0
-19.0
6.0
37.0
1.0
-6.0
23.0
-22.0
-21.0
-19.0
20.0
-8.0
-4.0
-32.0
-5.0
-20.0
-18.0
-4.0
-4.0
4.0
-40.0
-29.0
-7.0
2.0
-4.0
-6.0
8.0
25.0
25.0
-19.0
-35.0
-50.0
-16.0
-24.0
-26.0
-42.0
-16.0
15.0
13.0
-15.0
13.0
7.0
31.0
22.0
18.0
10.0
-14.0
-6.0
-4.0
12.0
2.0
8.0
-13.0
6.0
13.0
54.0
-12.0
-2.0
-2.0
2.0
-14.0
-27.0
-21.0
-17.0
-22.0
-31.0
-31.0
-33.0
-39.0
-16.0
0.0
28.0
24.0
-9.0
-17.0
3.0
8.0
-6.0
-7.0
-30.0
-19.0
-32.0
0.0
-9.0
8.0
4.0
5.0
10.0
9.0
14.0
-22.0
-21.0
-25.0
-13.0
6.0
19.0
-6.0
8.0
2.0
6.0
-5.0
-1.0
22.0
-3.0
0.0
-35.0
-72.0
8.0
8.0
30.0
4.0
14.0
-34.0
-31.0
-46.0
-14.0
5.0
0.0
7.0
19.0
-1.0
37.0
18.0
-28.0
-21.0
14.0
-4.0
-9.0
-9.0
-6.0
-28.0
7.0
-7.0
-20.0
-12.0
16.0
27.0
4.0
4.0
-6.0
-47.0
-2.0
20.0
23.0
15.0
-30.0
-14.0
-22.0
-20.0
-32.0
22.0
33.0
-35.0
-11.0
-25.0
-15.0
34.0
18.0
17.0
-15.0
11.0
2.0
-10.0
9.0
-10.0
-8.0
-43.0
6.0
12.0
20.0
36.0
-9.0
0.0
10.0
-10.0
-23.0
-4.0
-43.0
-41.0
12.0
8.0
5.0
-3.0
10.0
-12.0
-31.0
-36.0
-11.0
-13.0
9.0
-32.0
11.0
-16.0
-4.0
-4.0
-59.0
-37.0
2.0
-1.0
21.0
32.0
35.0
-22.0
-17.0
17.0
-7.0
10.0
-21.0
-22.0
-9.0
-16.0
0.0
-6.0
17.0
13.0
15.0
10.0
-9.0
-8.0
-15.0
8.0
-5.0
-23.0
-26.0
5.0
-27.0
-41.0
-21.0
-22.0
-2.0
-27.0
7.0
15.0
18.0
-11.0
-18.0
-9.0
-16.0
-22.0
-42.0
-35.0
-21.0
-11.0
23.0
10.0
12.0
-2.0
-19.0
-18.0
8.0
20.0
25.0
2.0
9.0
10.0
7.0
-24.0
14.0
17.0
-15.0
-8.0
-16.0
-5.0
13.0
4.0
-5.0
-24.0
-16.0
-10.0
6.0
-24.0
-20.0
-7.0
-17.0
-15.0
-17.0
1.0
-21.0
-20.0
-34.0
-13.0
-15.0
15.0
17.0
1.0
-1.0
8.0
1.0
-4.0
-19.0
-35.0
-15.0
-27.0
-24.0
13.0
8.0
-9.0
-3.0
-1.0
13.0
-13.0
-34.0
-17.0
7.0
17.0
18.0
19.0
3.0
2.0
6.0
-4.0
16.0
9.0
4.0
1.0
-42.0
-19.0
38.0
31.0
-30.0
-27.0
-10.0
-5.0
-12.0
-2.0
12.0
-20.0
-49.0
-51.0
-59.0
-50.0
-59.0
0.0
39.0
9.0
30.0
-2.0
29.0
24.0
19.0
7.0
33.0
13.0
18.0
-2.0
-9.0
-22.0
-44.0
-44.0
-21.0
15.0
-4.0
9.0
-15.0
41.0
-25.0
-5.0
-5.0
-3.0
-3.0
-11.0
4.0
10.0
-18.0
-36.0
-25.0
-28.0
-29.0
-25.0
-10.0
-4.0
-24.0
16.0
23.0
2.0
5.0
0.0
-15.0
-10.0
-11.0
-10.0
16.0
10.0
-1.0
22.0
0.0
-24.0
13.0
12.0
-16.0
-15.0
-18.0
-28.0
-7.0
17.0
-3.0
-20.0
-7.0
-6.0
-19.0
3.0
6.0
1.0
-17.0
10.0
11.0
-25.0
-29.0
-29.0
-26.0
-2.0
24.0
1.0
22.0
38.0
0.0
-18.0
-23.0
-27.0
-24.0
3.0
17.0
-24.0
-55.0
-63.0
-2.0
-13.0
-12.0
-9.0
-71.0
4.0
51.0
31.0
25.0
14.0
18.0
-2.0
5.0
4.0
37.0
13.0
-21.0
-25.0
-12.0
36.0
30.0
-50.0
-59.0
-55.0
-36.0
-17.0
-17.0
12.0
38.0
15.0
17.0
5.0
-16.0
-22.0
-25.0
4.0
24.0
-26.0
-43.0
6.0
10.0
6.0
-30.0
-28.0
-8.0
-18.0
-1.0
-4.0
2.0
-19.0
4.0
1.0
-5.0
-7.0
36.0
11.0
-11.0
9.0
-8.0
-4.0
-33.0
-33.0
-21.0
-20.0
-40.0
-56.0
-14.0
8.0
43.0
10.0
6.0
2.0
9.0
13.0
4.0
-6.0
-5.0
-4.0
-4.0
-27.0
-22.0
6.0
-11.0
-7.0
-5.0
17.0
29.0
13.0
-1.0
28.0
-3.0
-21.0
-12.0
-8.0
6.0
-16.0
-51.0
-57.0
-48.0
-33.0
-77.0
-11.0
-12.0
-12.0
31.0
32.0
33.0
40.0
13.0
17.0
-4.0
-26.0
-13.0
-8.0
31.0
18.0
13.0
9.0
8.0
-3.0
-17.0
-55.0
-31.0
-34.0
-2.0
-24.0
-6.0
4.0
18.0
26.0
2.0
-28.0
-36.0
-32.0
-2.0
-5.0
4.0
-8.0
10.0
0.0
9.0
-11.0
3.0
5.0
-16.0
-42.0
-33.0
-32.0
20.0
10.0
9.0
-2.0
7.0
5.0
0.0
32.0
-3.0
-4.0
-1.0
-4.0
1.0
19.0
-2.0
2.0
-7.0
-17.0
-4.0
-25.0
-3.0
9.0
-26.0
-10.0
-2.0
-3.0
10.0
10.0
-39.0
-13.0
-24.0
-27.0
-46.0
-53.0
-36.0
-31.0
-17.0
13.0
72.0
31.0
-6.0
-16.0
-1.0
-16.0
13.0
17.0
7.0
0.0
-1.0
-8.0
-31.0
5.0
10.0
13.0
-4.0
-6.0
12.0
10.0
-13.0
30.0
-1.0
-11.0
-40.0
-17.0
-9.0
-10.0
-16.0
6.0
-28.0
-16.0
-22.0
-24.0
4.0
20.0
-36.0
-30.0
28.0
-25.0
-2.0
-19.0
-15.0
11.0
6.0
-6.0
-10.0
-8.0
-5.0
-15.0
-13.0
10.0
18.0
14.0
35.0
7.0
-7.0
-8.0
-30.0
46.0
-13.0
-7.0
-12.0
10.0
8.0
-9.0
0.0
0.0
20.0
0.0
-11.0
-45.0
-47.0
-19.0
-36.0
-2.0
10.0
8.0
12.0
9.0
49.0
34.0
18.0
-27.0
-25.0
-15.0
-40.0
-48.0
-37.0
26.0
-17.0
-18.0
-11.0
11.0
-10.0
-8.0
-10.0
-4.0
-14.0
-24.0
-17.0
-26.0
-1.0
2.0
10.0
6.0
-9.0
-10.0
8.0
7.0
-2.0
12.0
11.0
6.0
3.0
-12.0
-19.0
-19.0
-8.0
-25.0
-10.0
-28.0
0.0
-14.0
-46.0
-17.0
-2.0
0.0
-7.0
27.0
24.0
-6.0
26.0
-2.0
6.0
10.0
-2.0
-9.0
6.0
25.0
9.0
8.0
13.0
-7.0
-17.0
-41.0
-67.0
-61.0
-30.0
-17.0
1.0
22.0
-3.0
3.0
-7.0
40.0
49.0
47.0
-15.0
-13.0
-10.0
46.0
-12.0
-7.0
-19.0
-22.0
14.0
13.0
30.0
0.0
3.0
-4.0
2.0
16.0
-10.0
-21.0
-3.0
2.0
-28.0
-5.0
-18.0
-1.0
-2.0
-24.0
-14.0
28.0
-4.0
-7.0
-6.0
14.0
-23.0
-4.0
22.0
6.0
-17.0
-17.0
-7.0
-10.0
2.0
26.0
-11.0
-7.0
-9.0
-10.0
-34.0
-16.0
-9.0
-12.0
1.0
-4.0
9.0
-4.0
-21.0
-25.0
8.0
14.0
0.0
-3.0
5.0
-17.0
2.0
-10.0
-15.0
-14.0
-6.0
21.0
18.0
24.0
-10.0
-29.0
-8.0
-11.0
-9.0
-4.0
-7.0
-30.0
-4.0
-7.0
-3.0
-11.0
-19.0
19.0
-18.0
-4.0
-3.0
-20.0
-5.0
-11.0
-15.0
27.0
15.0
9.0
3.0
-3.0
4.0
0.0
13.0
15.0
-14.0
-36.0
-23.0
-37.0
15.0
-14.0
11.0
-11.0
-27.0
-25.0
-69.0
-18.0
7.0
18.0
6.0
31.0
29.0
-9.0
2.0
9.0
0.0
-33.0
-6.0
-10.0
-27.0
-11.0
-25.0
-17.0
-15.0
-18.0
-3.0
16.0
13.0
24.0
-14.0
-24.0
-37.0
-31.0
-28.0
-23.0
9.0
28.0
-4.0
17.0
15.0
1.0
-14.0
-28.0
-26.0
-19.0
12.0
-11.0
10.0
30.0
24.0
8.0
4.0
22.0
9.0
5.0
-24.0
4.0
-4.0
5.0
2.0
-33.0
-23.0
-15.0
-21.0
-15.0
-18.0
6.0
14.0
20.0
-21.0
-26.0
-11.0
-28.0
-6.0
-11.0
-21.0
5.0
3.0
24.0
-4.0
0.0
-40.0
6.0
36.0
33.0
11.0
-45.0
-5.0
36.0
-15.0
-45.0
-28.0
-11.0
-10.0
-4.0
14.0
38.0
37.0
14.0
-5.0
-8.0
14.0
-1.0
-13.0
-11.0
-27.0
-18.0
-33.0
-24.0
-28.0
8.0
-3.0
7.0
-63.0
-66.0
-48.0
1.0
15.0
-17.0
23.0
26.0
13.0
1.0
-1.0
1.0
6.0
21.0
0.0
-34.0
-23.0
-8.0
-8.0
13.0
-18.0
-19.0
-7.0
-22.0
-11.0
-34.0
-17.0
-40.0
-32.0
-17.0
19.0
23.0
22.0
-4.0
-6.0
-1.0
24.0
12.0
10.0
14.0
39.0
39.0
41.0
9.0
-7.0
-35.0
-6.0
-48.0
-8.0
-39.0
-3.0
2.0
24.0
17.0
16.0
-4.0
-14.0
-41.0
-31.0
3.0
-6.0
-5.0
-3.0
-25.0
-12.0
3.0
1.0
15.0
-7.0
-5.0
-6.0
-7.0
-22.0
-37.0
-32.0
-25.0
14.0
35.0
38.0
7.0
30.0
32.0
19.0
-27.0
-12.0
-5.0
-14.0
-5.0
-9.0
-12.0
-37.0
-38.0
-28.0
-36.0
-17.0
-12.0
31.0
20.0
-6.0
-10.0
-7.0
-12.0
6.0
0.0
-1.0
-14.0
7.0
18.0
14.0
3.0
-16.0
-19.0
-39.0
-32.0
-5.0
0.0
4.0
3.0
20.0
1.0
-26.0
-26.0
-41.0
-4.0
-23.0
-36.0
-6.0
1.0
5.0
-7.0
4.0
1.0
10.0
11.0
-5.0
-13.0
-26.0
-12.0
51.0
21.0
-4.0
-9.0
26.0
-17.0
-22.0
-14.0
3.0
-8.0
5.0
-24.0
-27.0
-26.0
-20.0
23.0
5.0
5.0
-1.0
31.0
22.0
-18.0
-4.0
1.0
19.0
13.0
11.0
-3.0
-32.0
-23.0
-5.0
-5.0
-17.0
-19.0
0.0
-28.0
-17.0
-19.0
-26.0
-51.0
-77.0
-55.0
-4.0
7.0
18.0
7.0
30.0
8.0
-8.0
24.0
19.0
22.0
-18.0
-18.0
-48.0
-13.0
35.0
34.0
76.0
26.0
-28.0
-32.0
-18.0
-13.0
6.0
15.0
-2.0
-33.0
-33.0
-2.0
6.0
-4.0
6.0
2.0
1.0
16.0
10.0
-32.0
-17.0
-25.0
-13.0
-16.0
-9.0
-8.0
-17.0
2.0
-4.0
8.0
7.0
3.0
3.0
20.0
21.0
19.0
14.0
20.0
19.0
-5.0
-12.0
-32.0
-41.0
-31.0
-19.0
-13.0
-6.0
-41.0
-57.0
-11.0
-43.0
1.0
-2.0
-18.0
-37.0
-34.0
-9.0
54.0
44.0
18.0
42.0
43.0
11.0
28.0
30.0
21.0
-1.0
-2.0
9.0
-41.0
-29.0
-15.0
-12.0
-17.0
-19.0
-16.0
10.0
-48.0
-22.0
5.0
20.0
-21.0
1.0
13.0
11.0
9.0
-6.0
-5.0
-7.0
-16.0
-4.0
-11.0
37.0
-3.0
37.0
36.0
-7.0
-22.0
-10.0
-44.0
-12.0
-23.0
-21.0
-48.0
-19.0
-18.0
-4.0
-23.0
0.0
4.0
27.0
-3.0
5.0
-8.0
-14.0
-16.0
-30.0
-15.0
-6.0
-39.0
-10.0
26.0
7.0
-24.0
4.0
8.0
-5.0
-14.0
0.0
1.0
-18.0
23.0
-10.0
-6.0
-16.0
-19.0
8.0
-1.0
23.0
44.0
5.0
-2.0
-7.0
-40.0
-37.0
-42.0
-11.0
-21.0
-63.0
-59.0
-11.0
42.0
41.0
11.0
-8.0
-3.0
18.0
26.0
3.0
-4.0
0.0
-14.0
3.0
3.0
-11.0
-5.0
-46.0
-31.0
-11.0
30.0
11.0
16.0
4.0
23.0
1.0
6.0
4.0
-30.0
-31.0
-41.0
-33.0
-16.0
-8.0
11.0
6.0
11.0
38.0
16.0
36.0
-5.0
-2.0
-2.0
-7.0
-25.0
-32.0
-36.0
30.0
33.0
-2.0
-15.0
-27.0
-31.0
-37.0
-29.0
-3.0
-2.0
14.0
-4.0
-17.0
0.0
2.0
-60.0
-26.0
32.0
-13.0
-18.0
18.0
32.0
-30.0
-19.0
-28.0
31.0
42.0
33.0
-56.0
-53.0
-82.0
-11.0
21.0
38.0
24.0
10.0
15.0
13.0
-9.0
-2.0
-18.0
11.0
-11.0
0.0
-11.0
-7.0
-1.0
6.0
-15.0
-16.0
-4.0
-9.0
-9.0
-33.0
-18.0
-5.0
9.0
-38.0
2.0
6.0
5.0
-9.0
-10.0
0.0
-14.0
14.0
-11.0
-5.0
6.0
2.0
-5.0
11.0
21.0
8.0
-3.0
-10.0
-46.0
-17.0
20.0
25.0
20.0
-24.0
17.0
-5.0
-34.0
-14.0
-16.0
-18.0
-21.0
-22.0
-12.0
-2.0
1.0
-33.0
-29.0
-3.0
-3.0
-5.0
-17.0
-19.0
-17.0
4.0
7.0
0.0
31.0
13.0
38.0
6.0
-22.0
-23.0
-37.0
-15.0
8.0
-25.0
8.0
1.0
-37.0
-5.0
-2.0
-4.0
17.0
21.0
37.0
-12.0
-15.0
-13.0
-5.0
8.0
-31.0
-30.0
-21.0
-12.0
2.0
16.0
12.0
24.0
-4.0
-70.0
3.0
6.0
36.0
9.0
6.0
-25.0
-11.0
-16.0
-1.0
-4.0
25.0
24.0
12.0
-15.0
1.0
-10.0
-2.0
-14.0
-13.0
-24.0
-19.0
-22.0
-11.0
9.0
2.0
-6.0
12.0
-26.0
-4.0
-1.0
4.0
4.0
-25.0
-3.0
-4.0
12.0
8.0
-37.0
-28.0
-9.0
-30.0
-28.0
-7.0
-4.0
-8.0
12.0
4.0
-40.0
17.0
20.0
17.0
16.0
-23.0
-35.0
7.0
6.0
0.0
13.0
-8.0
-23.0
-110.0
-108.0
-39.0
88.0
49.0
23.0
28.0
14.0
-8.0
25.0
26.0
27.0
1.0
-19.0
10.0
-13.0
5.0
-26.0
-19.0
-23.0
-28.0
-29.0
-10.0
-3.0
3.0
30.0
17.0
-18.0
-44.0
-18.0
-18.0
-21.0
-23.0
14.0
18.0
38.0
33.0
9.0
-36.0
-12.0
-34.0
-33.0
-24.0
-31.0
-35.0
7.0
-12.0
-2.0
0.0
4.0
-10.0
-15.0
15.0
-12.0
-7.0
-7.0
-5.0
9.0
19.0
12.0
17.0
14.0
4.0
-10.0
-32.0
-24.0
-42.0
-15.0
-42.0
-72.0
5.0
4.0
61.0
50.0
19.0
22.0
-1.0
-13.0
6.0
28.0
13.0
14.0
-11.0
-33.0
-48.0
0.0
-40.0
-32.0
-17.0
0.0
-3.0
-5.0
-14.0
-24.0
-20.0
44.0
21.0
-9.0
-2.0
31.0
11.0
11.0
-2.0
-29.0
6.0
-28.0
-22.0
-19.0
5.0
-3.0
-8.0
-13.0
15.0
21.0
6.0
19.0
21.0
-12.0
-18.0
-16.0
20.0
24.0
25.0
17.0
-5.0
13.0
2.0
2.0
-41.0
-44.0
-7.0
-5.0
-4.0
9.0
1.0
-26.0
-27.0
-28.0
-30.0
-21.0
-34.0
-27.0
-18.0
8.0
3.0
22.0
-3.0
3.0
16.0
14.0
4.0
6.0
6.0
11.0
-1.0
2.0
-20.0
-16.0
13.0
2.0
-7.0
-13.0
18.0
-50.0
-19.0
-17.0
10.0
-13.0
14.0
-26.0
20.0
13.0
-3.0
2.0
-7.0
-19.0
-17.0
25.0
2.0
-31.0
-11.0
-9.0
-9.0
-18.0
-44.0
-42.0
-53.0
-25.0
-10.0
-24.0
-5.0
-8.0
-15.0
-1.0
22.0
40.0
28.0
18.0
37.0
-20.0
-24.0
-23.0
-4.0
5.0
51.0
2.0
-3.0
3.0
-11.0
-8.0
19.0
12.0
-46.0
17.0
-2.0
-2.0
-11.0
28.0
-5.0
28.0
29.0
28.0
10.0
-12.0
-34.0
-2.0
-28.0
-22.0
-27.0
-36.0
-39.0
-41.0
-19.0
-24.0
7.0
15.0
-18.0
-11.0
-7.0
4.0
8.0
10.0
-5.0
10.0
-10.0
-11.0
-3.0
6.0
-14.0
-68.0
-44.0
-46.0
19.0
19.0
27.0
-19.0
-22.0
-24.0
-2.0
-24.0
8.0
7.0
-17.0
-44.0
-45.0
-11.0
-38.0
-21.0
-4.0
7.0
28.0
33.0
23.0
-21.0
9.0
-24.0
-15.0
-2.0
1.0
0.0
-28.0
-35.0
-72.0
61.0
89.0
68.0
33.0
28.0
11.0
-3.0
-9.0
-10.0
-28.0
-18.0
-10.0
-11.0
-43.0
-29.0
17.0
18.0
-39.0
-37.0
-24.0
-14.0
-15.0
28.0
17.0
-14.0
-18.0
7.0
0.0
2.0
10.0
-15.0
-4.0
-5.0
-10.0
-14.0
-4.0
-21.0
2.0
0.0
-7.0
-3.0
-4.0
-21.0
-20.0
-25.0
-48.0
-32.0
-46.0
-44.0
-16.0
55.0
30.0
-4.0
14.0
-11.0
-4.0
-20.0
-25.0
-20.0
14.0
21.0
-4.0
15.0
10.0
-7.0
-26.0
-18.0
-41.0
-40.0
-20.0
-51.0
-29.0
30.0
29.0
29.0
-18.0
-17.0
14.0
17.0
-10.0
4.0
-19.0
-10.0
-72.0
-78.0
-57.0
8.0
50.0
46.0
78.0
27.0
12.0
11.0
18.0
3.0
2.0
-32.0
-30.0
-26.0
-23.0
-30.0
4.0
17.0
24.0
26.0
27.0
5.0
12.0
14.0
-18.0
-17.0
-28.0
-38.0
-6.0
8.0
26.0
13.0
27.0
28.0
-20.0
-4.0
-5.0
-18.0
-11.0
-7.0
0.0
9.0
-5.0
-6.0
50.0
19.0
-2.0
-24.0
-25.0
-45.0
8.0
-33.0
-39.0
-37.0
-25.0
-28.0
-52.0
-15.0
54.0
-9.0
9.0
-20.0
-8.0
2.0
7.0
-6.0
-14.0
6.0
-13.0
0.0
-37.0
-18.0
-6.0
-11.0
-26.0
14.0
1.0
-33.0
17.0
20.0
34.0
-11.0
-12.0
-13.0
-2.0
12.0
26.0
-10.0
-25.0
1.0
4.0
6.0
5.0
9.0
4.0
-13.0
-11.0
6.0
-33.0
-31.0
-22.0
-24.0
-8.0
2.0
10.0
-12.0
10.0
-17.0
-8.0
-65.0
-15.0
23.0
-24.0
-25.0
-5.0
-26.0
-23.0
7.0
-17.0
-11.0
-1.0
9.0
-10.0
-5.0
-12.0
7.0
-10.0
18.0
34.0
-5.0
-8.0
-9.0
-6.0
-5.0
-28.0
-35.0
-11.0
23.0
1.0
13.0
5.0
11.0
0.0
1.0
29.0
-7.0
-5.0
-43.0
-9.0
19.0
-27.0
-28.0
-1.0
4.0
23.0
10.0
-9.0
10.0
11.0
13.0
13.0
-41.0
3.0
10.0
-8.0
-12.0
-57.0
-52.0
-2.0
18.0
20.0
-18.0
-19.0
-15.0
-24.0
-10.0
-10.0
7.0
12.0
7.0
9.0
-2.0
6.0
7.0
-42.0
-17.0
17.0
27.0
11.0
37.0
42.0
1.0
-23.0
-20.0
-45.0
-48.0
-5.0
-12.0
26.0
-11.0
-4.0
14.0
1.0
-1.0
-9.0
-12.0
-3.0
-21.0
-17.0
-32.0
-35.0
-33.0
-1.0
-6.0
-29.0
-24.0
1.0
3.0
-43.0
-27.0
10.0
2.0
17.0
16.0
56.0
28.0
1.0
-5.0
-6.0
14.0
35.0
32.0
16.0
16.0
3.0
10.0
8.0
-15.0
-24.0
-65.0
-83.0
-64.0
3.0
13.0
38.0
35.0
59.0
35.0
38.0
16.0
4.0
8.0
-15.0
-16.0
-31.0
-37.0
-26.0
-8.0
-27.0
-48.0
-49.0
-8.0
15.0
6.0
19.0
35.0
26.0
-5.0
-11.0
-13.0
-31.0
-106.0
-39.0
-33.0
-11.0
23.0
27.0
7.0
12.0
19.0
17.0
18.0
11.0
15.0
-7.0
-10.0
-47.0
-3.0
-15.0
-14.0
5.0
7.0
13.0
12.0
-8.0
3.0
-15.0
-39.0
7.0
-3.0
21.0
-3.0
-7.0
-3.0
-39.0
-10.0
8.0
-4.0
24.0
16.0
-7.0
12.0
-3.0
-5.0
-19.0
-11.0
-26.0
-17.0
11.0
21.0
41.0
-4.0
-12.0
-14.0
-31.0
-24.0
-28.0
2.0
43.0
2.0
-9.0
-12.0
-21.0
-25.0
-23.0
-8.0
-24.0
-50.0
-17.0
0.0
12.0
-3.0
-4.0
-4.0
28.0
20.0
8.0
4.0
-19.0
-3.0
-7.0
-24.0
-3.0
-2.0
35.0
-23.0
-19.0
20.0
-3.0
0.0
3.0
-7.0
-21.0
-24.0
-6.0
-14.0
-21.0
8.0
-20.0
-12.0
-23.0
6.0
-8.0
-7.0
12.0
17.0
2.0
20.0
8.0
2.0
-7.0
6.0
4.0
1.0
-2.0
2.0
-2.0
-32.0
-35.0
-32.0
-25.0
-14.0
-9.0
-11.0
0.0
-60.0
-1.0
21.0
25.0
20.0
17.0
12.0
-9.0
-5.0
0.0
-10.0
-24.0
-13.0
-52.0
-21.0
3.0
8.0
-26.0
-30.0
-36.0
-16.0
-4.0
27.0
35.0
35.0
29.0
6.0
6.0
-2.0
17.0
-53.0
-92.0
-50.0
10.0
4.0
9.0
37.0
5.0
8.0
-3.0
12.0
35.0
10.0
-7.0
-8.0
-17.0
8.0
19.0
17.0
13.0
-12.0
-22.0
9.0
7.0
-13.0
-27.0
-22.0
19.0
19.0
-30.0
-21.0
-10.0
-40.0
-25.0
-6.0
-26.0
-9.0
-9.0
-9.0
8.0
-16.0
-36.0
10.0
41.0
-17.0
-31.0
-43.0
-9.0
-9.0
6.0
14.0
6.0
6.0
2.0
26.0
8.0
33.0
12.0
12.0
2.0
-44.0
-10.0
-41.0
-41.0
-19.0
-29.0
-39.0
-24.0
-28.0
8.0
26.0
37.0
18.0
20.0
10.0
18.0
-15.0
1.0
3.0
-20.0
-44.0
-26.0
-8.0
16.0
11.0
8.0
5.0
-11.0
-7.0
-26.0
-13.0
-36.0
-38.0
-10.0
-5.0
53.0
19.0
11.0
12.0
-16.0
-12.0
-7.0
-20.0
-18.0
-6.0
-7.0
3.0
-1.0
-4.0
-11.0
-5.0
-8.0
-14.0
-22.0
-15.0
-25.0
8.0
4.0
4.0
11.0
-1.0
-44.0
1.0
-11.0
-4.0
5.0
21.0
6.0
1.0
-3.0
6.0
2.0
12.0
-50.0
-52.0
-26.0
-11.0
17.0
18.0
22.0
22.0
-19.0
16.0
-3.0
-9.0
16.0
15.0
-18.0
-21.0
-34.0
-50.0
-45.0
-54.0
-17.0
35.0
10.0
16.0
20.0
22.0
-5.0
-9.0
-24.0
-24.0
24.0
52.0
11.0
11.0
-19.0
-18.0
-24.0
9.0
32.0
16.0
23.0
20.0
-16.0
-20.0
-19.0
-26.0
-49.0
-7.0
-8.0
-20.0
0.0
-22.0
-10.0
2.0
26.0
27.0
28.0
0.0
-3.0
-30.0
-9.0
-8.0
14.0
-1.0
-45.0
-49.0
0.0
-4.0
-25.0
13.0
-10.0
-7.0
-34.0
-5.0
57.0
55.0
15.0
-2.0
5.0
3.0
-4.0
19.0
-19.0
-22.0
-5.0
-1.0
20.0
25.0
-9.0
-43.0
-9.0
-8.0
-66.0
-32.0
-7.0
1.0
2.0
33.0
8.0
-35.0
-24.0
-8.0
-10.0
12.0
2.0
-2.0
-6.0
16.0
16.0
3.0
20.0
28.0
22.0
20.0
-17.0
-15.0
-3.0
-16.0
-92.0
-41.0
10.0
-21.0
-8.0
-30.0
-29.0
-27.0
44.0
30.0
24.0
26.0
47.0
32.0
6.0
17.0
27.0
29.0
12.0
4.0
-15.0
-16.0
-35.0
-31.0
-49.0
-35.0
-10.0
-14.0
-19.0
29.0
26.0
13.0
-26.0
-21.0
13.0
12.0
-7.0
-5.0
7.0
-24.0
-4.0
-8.0
-6.0
4.0
4.0
0.0
-8.0
0.0
11.0
-5.0
1.0
-9.0
7.0
20.0
-18.0
-42.0
-26.0
-18.0
-28.0
-5.0
34.0
-23.0
-26.0
-9.0
-8.0
-21.0
-31.0
-30.0
-13.0
-15.0
13.0
-12.0
19.0
25.0
17.0
-7.0
-10.0
-6.0
-5.0
20.0
3.0
3.0
-12.0
-17.0
1.0
-74.0
-86.0
-79.0
-3.0
-7.0
16.0
26.0
9.0
16.0
22.0
13.0
24.0
26.0
-2.0
3.0
-16.0
-43.0
-40.0
-26.0
-23.0
-30.0
-55.0
-60.0
-66.0
-33.0
-8.0
58.0
37.0
33.0
25.0
39.0
10.0
7.0
13.0
-4.0
9.0
-1.0
-18.0
-2.0
-14.0
3.0
-11.0
-13.0
3.0
14.0
4.0
-39.0
-48.0
-13.0
8.0
0.0
-2.0
-3.0
36.0
6.0
5.0
-1.0
-22.0
-9.0
20.0
15.0
-5.0
-4.0
-12.0
34.0
9.0
14.0
-4.0
-46.0
-37.0
-29.0
-20.0
-23.0
-11.0
-21.0
2.0
-9.0
7.0
25.0
40.0
21.0
-3.0
-6.0
-20.0
14.0
2.0
20.0
-2.0
-3.0
-15.0
-1.0
-4.0
-8.0
-17.0
7.0
6.0
28.0
22.0
-9.0
-2.0
-5.0
5.0
5.0
31.0
0.0
-4.0
0.0
-19.0
-35.0
-12.0
-7.0
-15.0
-18.0
-57.0
-22.0
-10.0
-16.0
-18.0
-6.0
-8.0
18.0
-12.0
-8.0
-34.0
-31.0
-34.0
-14.0
-4.0
9.0
13.0
-11.0
2.0
3.0
0.0
-3.0
7.0
10.0
-5.0
-19.0
-8.0
-9.0
37.0
34.0
1.0
-1.0
-24.0
-21.0
-5.0
10.0
-1.0
-18.0
2.0
0.0
-5.0
19.0
-24.0
-5.0
-45.0
-49.0
-8.0
-24.0
4.0
1.0
-31.0
-39.0
-23.0
7.0
9.0
39.0
31.0
-10.0
-14.0
-12.0
-20.0
-15.0
-14.0
9.0
-2.0
11.0
18.0
-8.0
6.0
1.0
16.0
9.0
2.0
-24.0
0.0
2.0
-21.0
-10.0
-30.0
-29.0
-11.0
8.0
11.0
4.0
18.0
-26.0
10.0
-23.0
-28.0
-26.0
-28.0
-16.0
-6.0
-5.0
-16.0
22.0
6.0
-12.0
8.0
16.0
34.0
3.0
-2.0
22.0
-4.0
-27.0
-25.0
-15.0
1.0
1.0
15.0
-3.0
6.0
-11.0
-8.0
-17.0
-40.0
7.0
-37.0
-30.0
-20.0
-3.0
-26.0
-16.0
6.0
-4.0
16.0
-20.0
-11.0
-14.0
5.0
10.0
10.0
20.0
-4.0
3.0
-3.0
10.0
-26.0
-30.0
-16.0
-26.0
-42.0
-17.0
1.0
-21.0
4.0
9.0
21.0
16.0
24.0
20.0
24.0
-45.0
-10.0
-4.0
-3.0
-14.0
-27.0
-24.0
-9.0
-2.0
7.0
21.0
20.0
6.0
-21.0
-1.0
-8.0
-11.0
-21.0
-29.0
9.0
7.0
-12.0
-4.0
23.0
-18.0
-35.0
-38.0
-11.0
-23.0
-3.0
-18.0
-23.0
-4.0
-43.0
-28.0
-32.0
-33.0
-11.0
-28.0
-52.0
-5.0
-10.0
-2.0
33.0
26.0
15.0
15.0
-8.0
-1.0
8.0
24.0
25.0
19.0
0.0
3.0
18.0
14.0
-24.0
-45.0
-51.0
-40.0
-32.0
31.0
16.0
-2.0
24.0
27.0
-9.0
1.0
-5.0
24.0
0.0
24.0
3.0
10.0
-19.0
-17.0
-27.0
-44.0
5.0
10.0
13.0
-3.0
-6.0
7.0
-4.0
-4.0
14.0
3.0
5.0
-1.0
-22.0
-38.0
-50.0
-31.0
-16.0
-14.0
-18.0
-3.0
-14.0
9.0
24.0
4.0
5.0
22.0
-6.0
-8.0
-5.0
8.0
-19.0
-17.0
20.0
-36.0
-38.0
-61.0
-94.0
-92.0
-51.0
-20.0
2.0
25.0
30.0
25.0
66.0
33.0
40.0
39.0
0.0
23.0
37.0
23.0
-20.0
-24.0
2.0
7.0
-20.0
-19.0
6.0
14.0
3.0
-12.0
-15.0
6.0
5.0
-21.0
-5.0
-5.0
-27.0
-23.0
-7.0
-32.0
-8.0
-25.0
-12.0
-10.0
5.0
4.0
-6.0
23.0
24.0
-2.0
-18.0
-15.0
-5.0
-44.0
4.0
1.0
-10.0
-27.0
-11.0
-15.0
32.0
14.0
-14.0
7.0
4.0
5.0
3.0
-8.0
2.0
21.0
17.0
4.0
11.0
-4.0
-10.0
-10.0
-21.0
-18.0
7.0
9.0
-24.0
-13.0
-4.0
23.0
-3.0
-3.0
-90.0
-55.0
31.0
-5.0
-31.0
-47.0
50.0
30.0
31.0
39.0
15.0
-6.0
13.0
21.0
17.0
23.0
7.0
-13.0
-4.0
8.0
9.0
17.0
1.0
-22.0
22.0
-12.0
-9.0
-5.0
-38.0
-37.0
-41.0
-22.0
-4.0
-1.0
2.0
2.0
-17.0
-12.0
-18.0
-20.0
-7.0
-22.0
-18.0
-6.0
11.0
-35.0
-27.0
-7.0
34.0
35.0
7.0
22.0
-7.0
-23.0
-12.0
-18.0
3.0
4.0
-15.0
-14.0
-12.0
-5.0
-15.0
-21.0
4.0
-30.0
-22.0
27.0
-37.0
-40.0
7.0
7.0
-3.0
-15.0
-13.0
-9.0
-16.0
-26.0
-37.0
-31.0
-9.0
-2.0
-10.0
-3.0
-14.0
10.0
35.0
15.0
-11.0
-8.0
13.0
19.0
20.0
8.0
17.0
31.0
0.0
-52.0
-62.0
-59.0
-22.0
7.0
45.0
27.0
30.0
31.0
-25.0
-6.0
-22.0
-20.0
-36.0
-38.0
-15.0
-22.0
-3.0
1.0
-28.0
-4.0
6.0
9.0
-2.0
-19.0
-15.0
-8.0
-36.0
8.0
-28.0
-44.0
14.0
15.0
34.0
26.0
-9.0
9.0
-20.0
-13.0
-5.0
1.0
-4.0
-4.0
1.0
24.0
-7.0
-18.0
-38.0
-30.0
0.0
39.0
32.0
35.0
10.0
-34.0
2.0
21.0
-4.0
-31.0
-33.0
16.0
27.0
31.0
-5.0
-20.0
-35.0
-11.0
-25.0
-38.0
-26.0
-9.0
-12.0
-13.0
-14.0
26.0
9.0
-11.0
-5.0
7.0
3.0
5.0
37.0
48.0
28.0
2.0
-35.0
-39.0
-14.0
26.0
-35.0
-10.0
15.0
9.0
-35.0
-25.0
-24.0
-13.0
-18.0
-7.0
2.0
17.0
22.0
18.0
3.0
2.0
-17.0
-14.0
-24.0
8.0
39.0
-6.0
14.0
15.0
27.0
-23.0
0.0
16.0
10.0
10.0
-7.0
10.0
1.0
-1.0
-19.0
-17.0
-20.0
-6.0
-9.0
-27.0
-31.0
-18.0
6.0
0.0
-23.0
1.0
-29.0
-16.0
28.0
46.0
-2.0
-4.0
2.0
13.0
13.0
13.0
-17.0
-10.0
13.0
-7.0
-25.0
0.0
-5.0
-8.0
-9.0
-3.0
-36.0
-39.0
8.0
26.0
13.0
-15.0
-20.0
-23.0
-24.0
-33.0
-20.0
22.0
9.0
26.0
-31.0
-36.0
-7.0
-6.0
24.0
55.0
18.0
-11.0
-5.0
-2.0
12.0
6.0
-13.0
-11.0
-1.0
-25.0
-14.0
-6.0
-6.0
2.0
-39.0
-32.0
14.0
18.0
-42.0
11.0
-3.0
-19.0
-1.0
-9.0
3.0
-18.0
5.0
3.0
5.0
-8.0
-35.0
-27.0
16.0
21.0
3.0
4.0
9.0
9.0
17.0
29.0
9.0
-24.0
-25.0
-33.0
-41.0
-47.0
-31.0
-30.0
-6.0
30.0
-12.0
-20.0
-32.0
-14.0
14.0
24.0
29.0
31.0
24.0
12.0
6.0
17.0
2.0
0.0
-9.0
-29.0
-24.0
-20.0
16.0
-28.0
-17.0
-4.0
-5.0
-24.0
-5.0
-6.0
4.0
2.0
-6.0
-6.0
-9.0
-13.0
19.0
43.0
40.0
1.0
-14.0
-14.0
-16.0
-11.0
-33.0
-2.0
-40.0
-20.0
18.0
-14.0
-17.0
-15.0
-6.0
3.0
-5.0
4.0
2.0
10.0
9.0
-14.0
26.0
26.0
-2.0
-4.0
1.0
-2.0
4.0
-1.0
-4.0
-23.0
-23.0
-25.0
-24.0
19.0
-6.0
-5.0
-10.0
-15.0
-55.0
-9.0
7.0
6.0
-2.0
-18.0
4.0
-13.0
23.0
-12.0
-22.0
-8.0
21.0
22.0
-10.0
-51.0
-16.0
-9.0
-18.0
-23.0
-2.0
-3.0
-12.0
-10.0
9.0
-7.0
6.0
-14.0
-32.0
18.0
30.0
21.0
1.0
4.0
-3.0
-15.0
-36.0
11.0
12.0
-36.0
-35.0
-21.0
4.0
4.0
-21.0
-23.0
7.0
10.0
-3.0
-21.0
-37.0
13.0
-19.0
-16.0
-13.0
6.0
11.0
18.0
40.0
-4.0
25.0
-12.0
-24.0
-20.0
-5.0
14.0
0.0
-30.0
-2.0
2.0
-5.0
6.0
-12.0
-3.0
-11.0
-25.0
-28.0
-2.0
19.0
-6.0
-12.0
-40.0
-33.0
-39.0
-14.0
3.0
15.0
7.0
-1.0
15.0
22.0
-12.0
-25.0
-24.0
-1.0
6.0
-1.0
2.0
26.0
-2.0
-17.0
-20.0
-11.0
-7.0
-22.0
-11.0
-8.0
-24.0
-25.0
-8.0
6.0
-2.0
-12.0
-5.0
11.0
11.0
0.0
1.0
-15.0
1.0
23.0
-26.0
-25.0
-26.0
10.0
9.0
24.0
-4.0
-8.0
-41.0
-2.0
-37.0
-11.0
-13.0
-2.0
-16.0
18.0
2.0
30.0
25.0
54.0
12.0
-5.0
-2.0
18.0
1.0
9.0
-33.0
-36.0
-40.0
-8.0
-14.0
28.0
28.0
-11.0
-2.0
-4.0
-17.0
-26.0
11.0
-16.0
1.0
-9.0
-13.0
-40.0
-22.0
-19.0
-6.0
-5.0
13.0
-5.0
-9.0
3.0
1.0
0.0
-11.0
-11.0
-16.0
-9.0
17.0
-4.0
4.0
-18.0
-17.0
3.0
-1.0
0.0
-15.0
-20.0
17.0
17.0
-26.0
-19.0
-24.0
-16.0
-12.0
-31.0
-22.0
-32.0
-26.0
8.0
11.0
30.0
29.0
-21.0
-12.0
-36.0
-38.0
-17.0
-12.0
9.0
18.0
27.0
25.0
-8.0
8.0
18.0
4.0
3.0
21.0
39.0
26.0
16.0
10.0
-22.0
8.0
-19.0
-25.0
1.0
12.0
-24.0
-20.0
-23.0
-21.0
0.0
-13.0
-20.0
-40.0
-23.0
-3.0
-38.0
-82.0
-15.0
-19.0
20.0
-2.0
54.0
46.0
39.0
-1.0
16.0
14.0
-23.0
-23.0
18.0
30.0
10.0
9.0
-56.0
1.0
-50.0
-3.0
48.0
38.0
33.0
16.0
11.0
14.0
-13.0
-26.0
-20.0
-5.0
-1.0
3.0
-5.0
-8.0
-33.0
10.0
32.0
-6.0
-48.0
-31.0
-30.0
-32.0
-2.0
20.0
-18.0
-8.0
-30.0
4.0
-22.0
-8.0
1.0
3.0
3.0
-12.0
-17.0
-28.0
5.0
1.0
-1.0
-2.0
7.0
3.0
-22.0
23.0
27.0
-13.0
-31.0
-12.0
-19.0
-17.0
9.0
9.0
13.0
-2.0
-7.0
24.0
1.0
19.0
7.0
-11.0
2.0
6.0
0.0
-37.0
-15.0
4.0
4.0
-24.0
-2.0
9.0
-12.0
-12.0
-10.0
-39.0
-20.0
-45.0
-29.0
-7.0
29.0
-10.0
-57.0
-56.0
-33.0
-4.0
24.0
37.0
26.0
26.0
11.0
6.0
-18.0
-19.0
-2.0
6.0
4.0
1.0
-4.0
0.0
10.0
-7.0
-10.0
-8.0
-10.0
39.0
-6.0
-15.0
-44.0
-59.0
-35.0
-29.0
-4.0
-4.0
14.0
0.0
-14.0
-32.0
0.0
-2.0
2.0
27.0
-3.0
0.0
21.0
27.0
21.0
24.0
31.0
-13.0
-16.0
-25.0
-7.0
5.0
-9.0
1.0
2.0
-9.0
5.0
18.0
0.0
6.0
-29.0
-27.0
-34.0
-5.0
-22.0
-10.0
11.0
9.0
-31.0
-40.0
2.0
3.0
-7.0
-6.0
12.0
8.0
1.0
-45.0
-68.0
-38.0
-48.0
-50.0
8.0
59.0
75.0
24.0
17.0
10.0
18.0
27.0
24.0
26.0
5.0
-46.0
-34.0
-24.0
-23.0
-55.0
-29.0
4.0
-7.0
-9.0
19.0
30.0
12.0
3.0
31.0
38.0
-15.0
-24.0
-52.0
-53.0
-53.0
2.0
27.0
20.0
9.0
9.0
-35.0
2.0
-28.0
-24.0
20.0
-19.0
7.0
0.0
4.0
30.0
9.0
3.0
4.0
1.0
-11.0
-26.0
-14.0
-20.0
-19.0
-25.0
-9.0
-32.0
-12.0
-14.0
-11.0
-14.0
-19.0
26.0
3.0
19.0
-28.0
-8.0
-18.0
-18.0
-35.0
-38.0
-45.0
43.0
39.0
6.0
24.0
-1.0
-26.0
-29.0
23.0
32.0
15.0
1.0
-39.0
-64.0
-20.0
-27.0
2.0
-2.0
38.0
30.0
-18.0
-35.0
-43.0
-29.0
25.0
36.0
4.0
-2.0
6.0
16.0
-1.0
-5.0
-24.0
-3.0
-45.0
16.0
51.0
52.0
31.0
32.0
2.0
3.0
-10.0
15.0
1.0
-22.0
11.0
7.0
-15.0
-7.0
-30.0
-29.0
-29.0
-15.0
-5.0
-1.0
-28.0
-25.0
18.0
-1.0
-13.0
-11.0
7.0
-13.0
4.0
17.0
7.0
7.0
12.0
1.0
-8.0
5.0
21.0
-23.0
6.0
-26.0
-14.0
-9.0
-23.0
-21.0
-1.0
0.0
-11.0
-29.0
-17.0
-1.0
25.0
23.0
-2.0
-20.0
-7.0
-12.0
-21.0
10.0
-4.0
-12.0
3.0
-1.0
-28.0
-6.0
35.0
14.0
4.0
-6.0
-6.0
-12.0
8.0
8.0
10.0
25.0
-13.0
-15.0
-17.0
7.0
-13.0
5.0
-11.0
-5.0
1.0
-24.0
-6.0
-6.0
4.0
8.0
-26.0
-31.0
-8.0
-1.0
-2.0
-19.0
-19.0
-12.0
13.0
32.0
-1.0
-15.0
-12.0
-9.0
19.0
8.0
-15.0
-5.0
31.0
-9.0
1.0
15.0
15.0
22.0
-15.0
2.0
37.0
11.0
-40.0
-39.0
-23.0
12.0
18.0
14.0
25.0
-21.0
-19.0
-18.0
3.0
-46.0
-40.0
-50.0
-60.0
-56.0
-16.0
2.0
55.0
43.0
-4.0
-7.0
-13.0
18.0
-10.0
-23.0
24.0
-1.0
-35.0
8.0
10.0
-11.0
18.0
33.0
-21.0
-27.0
-13.0
-43.0
5.0
5.0
54.0
10.0
-6.0
22.0
-26.0
-32.0
-42.0
-1.0
-4.0
-34.0
-50.0
-26.0
-13.0
28.0
-11.0
-18.0
-14.0
10.0
-26.0
-10.0
3.0
-7.0
-41.0
-20.0
35.0
34.0
25.0
15.0
2.0
4.0
0.0
-26.0
11.0
-23.0
-17.0
-13.0
-17.0
-61.0
-40.0
9.0
-4.0
-20.0
18.0
31.0
0.0
2.0
14.0
7.0
6.0
-9.0
-9.0
-27.0
0.0
-2.0
-18.0
-13.0
5.0
-15.0
-9.0
41.0
-1.0
-14.0
3.0
0.0
4.0
1.0
-17.0
-12.0
10.0
19.0
-9.0
-22.0
-17.0
-11.0
13.0
21.0
5.0
-4.0
-2.0
10.0
-27.0
-41.0
-36.0
-2.0
-5.0
-7.0
1.0
-10.0
5.0
11.0
8.0
1.0
6.0
-17.0
-32.0
-30.0
-6.0
1.0
-65.0
-11.0
-23.0
1.0
5.0
5.0
-7.0
-5.0
0.0
-15.0
-5.0
14.0
-6.0
20.0
3.0
-5.0
-32.0
-31.0
-14.0
-9.0
-37.0
-49.0
-16.0
7.0
13.0
27.0
-48.0
-47.0
-40.0
15.0
51.0
3.0
-2.0
-10.0
-19.0
-48.0
6.0
7.0
23.0
29.0
52.0
26.0
-17.0
15.0
4.0
8.0
-23.0
-22.0
-24.0
-1.0
-8.0
-30.0
-36.0
-38.0
-36.0
-15.0
22.0
27.0
12.0
5.0
-20.0
-35.0
-5.0
-18.0
17.0
-10.0
14.0
13.0
24.0
8.0
2.0
31.0
31.0
-2.0
2.0
-14.0
-25.0
-22.0
-53.0
-42.0
-33.0
-33.0
-1.0
20.0
16.0
14.0
5.0
7.0
-5.0
-27.0
-6.0
-1.0
-14.0
-20.0
-12.0
9.0
-2.0
-5.0
-7.0
21.0
6.0
0.0
-1.0
-22.0
-17.0
-17.0
-5.0
-9.0
-8.0
-2.0
-14.0
23.0
30.0
21.0
6.0
-16.0
-6.0
-5.0
-30.0
-12.0
-16.0
-43.0
-11.0
-7.0
-9.0
-40.0
7.0
14.0
5.0
29.0
29.0
-6.0
19.0
18.0
-9.0
-33.0
12.0
9.0
-10.0
-14.0
-6.0
5.0
-28.0
-3.0
28.0
23.0
12.0
12.0
14.0
-34.0
-33.0
-27.0
-38.0
-11.0
-32.0
9.0
-30.0
-36.0
-11.0
45.0
30.0
-22.0
-17.0
-15.0
-35.0
-38.0
-41.0
-39.0
27.0
50.0
-20.0
11.0
3.0
13.0
17.0
-11.0
7.0
8.0
-20.0
-24.0
31.0
-5.0
9.0
-2.0
-18.0
-4.0
28.0
21.0
-22.0
-26.0
-15.0
-18.0
-22.0
19.0
-4.0
-7.0
-7.0
-9.0
-12.0
-25.0
9.0
7.0
5.0
-24.0
5.0
28.0
3.0
5.0
-31.0
-12.0
-30.0
-36.0
-59.0
-106.0
-83.0
24.0
33.0
31.0
33.0
22.0
40.0
16.0
18.0
-7.0
17.0
-8.0
2.0
1.0
-25.0
-13.0
30.0
14.0
-33.0
-42.0
7.0
-5.0
-18.0
-17.0
18.0
11.0
-20.0
-49.0
-24.0
-10.0
14.0
38.0
-23.0
-22.0
-5.0
5.0
9.0
-11.0
14.0
30.0
26.0
-10.0
-8.0
-12.0
-38.0
11.0
4.0
5.0
-21.0
-32.0
-43.0
-72.0
-36.0
-35.0
-19.0
-7.0
-12.0
-10.0
16.0
-9.0
-19.0
29.0
-33.0
-33.0
-90.0
-19.0
99.0
112.0
63.0
33.0
47.0
26.0
31.0
31.0
-16.0
22.0
-11.0
-42.0
-28.0
-3.0
30.0
37.0
-22.0
-22.0
13.0
12.0
-10.0
1.0
18.0
-5.0
-51.0
-65.0
-62.0
-62.0
6.0
3.0
-16.0
-24.0
-9.0
2.0
11.0
29.0
-17.0
-21.0
0.0
-18.0
25.0
27.0
-12.0
5.0
15.0
-27.0
-21.0
-17.0
-13.0
-21.0
-14.0
-6.0
-4.0
4.0
-11.0
-27.0
-24.0
-24.0
17.0
-11.0
-8.0
-17.0
-17.0
-4.0
-13.0
-56.0
-14.0
-12.0
-6.0
-35.0
-86.0
-49.0
-9.0
33.0
37.0
47.0
1.0
2.0
4.0
-42.0
14.0
14.0
4.0
27.0
1.0
-5.0
-6.0
-8.0
8.0
6.0
3.0
-4.0
20.0
-35.0
-27.0
11.0
5.0
6.0
-15.0
-12.0
-19.0
14.0
-2.0
4.0
17.0
10.0
-21.0
-17.0
-19.0
3.0
-52.0
-46.0
-29.0
5.0
10.0
6.0
-9.0
-5.0
1.0
4.0
12.0
-2.0
9.0
-24.0
-3.0
-9.0
-15.0
-13.0
5.0
9.0
18.0
-21.0
13.0
-1.0
27.0
17.0
9.0
6.0
-28.0
4.0
21.0
27.0
5.0
-46.0
-48.0
22.0
-23.0
-23.0
-31.0
-17.0
45.0
-6.0
9.0
-14.0
-16.0
-33.0
-19.0
-17.0
28.0
0.0
-18.0
-15.0
18.0
21.0
11.0
11.0
-2.0
-2.0
-4.0
-3.0
-15.0
-3.0
-4.0
-41.0
2.0
-5.0
-27.0
-29.0
-19.0
15.0
13.0
-4.0
4.0
-22.0
-34.0
-22.0
-23.0
-27.0
-10.0
-1.0
13.0
6.0
-11.0
7.0
34.0
-11.0
-18.0
-21.0
13.0
34.0
14.0
-16.0
24.0
17.0
28.0
10.0
-10.0
-11.0
-27.0
-31.0
-12.0
3.0
-17.0
-29.0
11.0
-8.0
-19.0
-18.0
-26.0
21.0
-7.0
18.0
2.0
-34.0
-23.0
9.0
12.0
13.0
-13.0
-17.0
0.0
-11.0
-10.0
-2.0
-8.0
-8.0
3.0
0.0
4.0
-43.0
-5.0
20.0
28.0
29.0
17.0
-18.0
-33.0
-31.0
1.0
7.0
5.0
12.0
-13.0
-38.0
5.0
-10.0
6.0
9.0
-17.0
-13.0
-16.0
2.0
-47.0
-12.0
-4.0
16.0
1.0
4.0
-34.0
-20.0
-42.0
-21.0
-11.0
-43.0
21.0
6.0
38.0
41.0
51.0
11.0
38.0
22.0
-24.0
-38.0
-24.0
1.0
-2.0
1.0
14.0
0.0
-24.0
-11.0
2.0
-15.0
-42.0
-7.0
3.0
0.0
-22.0
-2.0
15.0
25.0
-29.0
-22.0
-16.0
-21.0
-5.0
-3.0
18.0
20.0
9.0
-1.0
-3.0
-64.0
-34.0
-7.0
1.0
6.0
4.0
-22.0
29.0
-26.0
-92.0
-32.0
5.0
-5.0
27.0
32.0
29.0
38.0
55.0
19.0
37.0
30.0
-2.0
-13.0
25.0
26.0
16.0
-14.0
-23.0
-33.0
-33.0
-27.0
-23.0
-19.0
-28.0
-38.0
18.0
5.0
-16.0
0.0
-20.0
-7.0
-33.0
-18.0
8.0
3.0
-6.0
25.0
-8.0
-39.0
-26.0
-22.0
-6.0
3.0
20.0
18.0
-7.0
-32.0
-6.0
12.0
-47.0
25.0
4.0
-27.0
-20.0
-19.0
12.0
1.0
11.0
9.0
-43.0
-20.0
-11.0
-9.0
15.0
15.0
7.0
11.0
-2.0
-23.0
-37.0
-19.0
-34.0
-4.0
10.0
-5.0
20.0
2.0
-10.0
-19.0
-34.0
-39.0
-42.0
-19.0
11.0
3.0
-7.0
-1.0
-16.0
-14.0
28.0
45.0
36.0
5.0
40.0
41.0
8.0
0.0
12.0
10.0
3.0
-6.0
-25.0
-13.0
-9.0
-11.0
-23.0
-2.0
16.0
-7.0
-22.0
-28.0
-7.0
-36.0
12.0
5.0
-28.0
-44.0
-50.0
-1.0
19.0
-34.0
-26.0
-18.0
-18.0
-13.0
10.0
-4.0
-33.0
-8.0
55.0
35.0
-15.0
11.0
-3.0
-1.0
-1.0
16.0
19.0
30.0
-15.0
-17.0
32.0
-3.0
-2.0
-2.0
-18.0
-103.0
-85.0
-7.0
5.0
50.0
41.0
14.0
-7.0
-7.0
12.0
2.0
4.0
-1.0
0.0
26.0
1.0
0.0
-25.0
-17.0
-37.0
-29.0
-21.0
-18.0
-5.0
22.0
-15.0
19.0
11.0
10.0
8.0
-40.0
38.0
18.0
44.0
18.0
9.0
-19.0
-16.0
-5.0
12.0
-9.0
6.0
-8.0
17.0
-11.0
-18.0
-7.0
-26.0
-26.0
8.0
-6.0
-10.0
-8.0
6.0
-2.0
-11.0
-26.0
-25.0
-24.0
-14.0
-5.0
-1.0
10.0
-3.0
-22.0
-19.0
-12.0
-6.0
-7.0
-30.0
-33.0
-35.0
16.0
9.0
-3.0
25.0
-43.0
-31.0
-25.0
8.0
25.0
5.0
2.0
-6.0
25.0
22.0
2.0
-28.0
-22.0
-13.0
8.0
-13.0
-27.0
-20.0
3.0
5.0
29.0
31.0
29.0
25.0
4.0
27.0
11.0
7.0
-10.0
-11.0
-8.0
-13.0
-9.0
-35.0
-12.0
-7.0
-2.0
10.0
-21.0
-4.0
-40.0
-34.0
-33.0
-26.0
11.0
-7.0
8.0
17.0
-7.0
8.0
-22.0
-13.0
-9.0
33.0
5.0
-12.0
2.0
-30.0
-13.0
-5.0
-6.0
9.0
8.0
7.0
-5.0
-7.0
-13.0
-16.0
-5.0
-32.0
9.0
14.0
15.0
3.0
4.0
-11.0
-16.0
7.0
-5.0
6.0
0.0
-14.0
-9.0
-9.0
-29.0
-66.0
34.0
3.0
33.0
33.0
-37.0
-23.0
-24.0
-7.0
-38.0
-14.0
13.0
-7.0
-12.0
35.0
9.0
17.0
22.0
33.0
14.0
18.0
31.0
0.0
-9.0
-28.0
-35.0
-45.0
-46.0
-38.0
-53.0
9.0
4.0
27.0
-2.0
-28.0
-5.0
10.0
1.0
27.0
-5.0
2.0
5.0
0.0
3.0
32.0
-8.0
-35.0
-31.0
-17.0
-22.0
-7.0
-1.0
-9.0
-72.0
-17.0
2.0
23.0
25.0
-18.0
-8.0
-13.0
9.0
7.0
21.0
-2.0
15.0
-5.0
-3.0
-4.0
-5.0
-40.0
-17.0
15.0
-3.0
-15.0
-13.0
10.0
12.0
-10.0
-3.0
2.0
10.0
11.0
-19.0
-23.0
-18.0
-13.0
-14.0
-38.0
-65.0
-21.0
4.0
25.0
20.0
2.0
18.0
54.0
50.0
16.0
2.0
-27.0
-33.0
-78.0
-21.0
3.0
27.0
2.0
1.0
-14.0
-36.0
4.0
-6.0
24.0
19.0
60.0
34.0
15.0
14.0
0.0
-12.0
-13.0
5.0
7.0
-4.0
18.0
-28.0
-26.0
-28.0
7.0
-26.0
6.0
-11.0
-33.0
13.0
17.0
-4.0
-13.0
-19.0
-47.0
-17.0
-8.0
-46.0
4.0
-19.0
-27.0
-39.0
-38.0
-39.0
-14.0
16.0
10.0
24.0
-1.0
4.0
5.0
-2.0
6.0
9.0
24.0
9.0
7.0
-5.0
29.0
1.0
11.0
8.0
7.0
10.0
-25.0
-21.0
0.0
-22.0
-18.0
0.0
21.0
23.0
8.0
12.0
-22.0
-31.0
-27.0
-31.0
-14.0
-9.0
-88.0
-12.0
-26.0
-26.0
-27.0
24.0
15.0
33.0
52.0
19.0
-4.0
3.0
-24.0
-15.0
-12.0
-12.0
24.0
10.0
-34.0
-15.0
-60.0
-11.0
10.0
11.0
1.0
-7.0
4.0
27.0
1.0
-2.0
-2.0
-31.0
-18.0
-11.0
-26.0
-5.0
-9.0
6.0
-3.0
-20.0
-25.0
-78.0
-76.0
-74.0
8.0
28.0
33.0
55.0
31.0
4.0
-31.0
-21.0
-22.0
-28.0
-21.0
26.0
28.0
4.0
-21.0
2.0
26.0
7.0
-5.0
5.0
8.0
-19.0
-52.0
-42.0
-55.0
-9.0
23.0
51.0
-43.0
-35.0
-29.0
-10.0
-8.0
27.0
21.0
30.0
9.0
5.0
-5.0
0.0
-7.0
10.0
9.0
10.0
4.0
25.0
-2.0
0.0
-49.0
-50.0
-56.0
-24.0
-15.0
-7.0
34.0
-22.0
-28.0
-5.0
7.0
13.0
6.0
-50.0
-125.0
-56.0
28.0
48.0
37.0
-5.0
-17.0
-21.0
-8.0
-3.0
33.0
46.0
31.0
-5.0
9.0
-31.0
-22.0
-23.0
-49.0
-7.0
19.0
-23.0
-25.0
-11.0
-17.0
16.0
39.0
34.0
5.0
6.0
16.0
8.0
11.0
8.0
-24.0
-36.0
-21.0
-18.0
11.0
-1.0
18.0
-14.0
-3.0
14.0
22.0
-16.0
-34.0
-28.0
-35.0
-15.0
33.0
17.0
41.0
4.0
11.0
-26.0
-15.0
-23.0
-33.0
-21.0
-6.0
12.0
3.0
-15.0
-35.0
-41.0
-24.0
-16.0
-49.0
-37.0
-8.0
-4.0
-31.0
-147.0
-104.0
4.0
47.0
49.0
45.0
57.0
41.0
53.0
52.0
29.0
22.0
15.0
-6.0
-9.0
-17.0
-74.0
-123.0
-82.0
7.0
43.0
49.0
70.0
37.0
37.0
25.0
-9.0
3.0
17.0
-10.0
18.0
3.0
14.0
14.0
8.0
-14.0
-2.0
9.0
-7.0
-40.0
-16.0
-44.0
7.0
0.0
-4.0
18.0
17.0
5.0
-33.0
-2.0
-11.0
-7.0
-4.0
-29.0
-30.0
-6.0
-17.0
-6.0
-19.0
-18.0
-13.0
-37.0
-35.0
-5.0
-5.0
-15.0
-6.0
17.0
-26.0
-18.0
-12.0
16.0
0.0
-14.0
-16.0
32.0
0.0
17.0
32.0
29.0
8.0
-2.0
-19.0
39.0
38.0
-13.0
6.0
-35.0
-34.0
1.0
15.0
29.0
-51.0
-36.0
-34.0
-32.0
-42.0
32.0
-1.0
-16.0
29.0
7.0
7.0
15.0
16.0
-14.0
-32.0
-25.0
-42.0
-2.0
-35.0
-53.0
-18.0
31.0
24.0
-35.0
-8.0
29.0
57.0
33.0
20.0
-6.0
32.0
43.0
43.0
1.0
-22.0
-6.0
26.0
4.0
12.0
7.0
-20.0
2.0
4.0
-10.0
12.0
-12.0
-27.0
-6.0
9.0
0.0
-19.0
-15.0
-19.0
-10.0
-35.0
-29.0
-20.0
-2.0
-14.0
-13.0
19.0
7.0
10.0
-11.0
-22.0
-11.0
15.0
28.0
15.0
-26.0
7.0
1.0
4.0
-16.0
13.0
7.0
-11.0
-24.0
-27.0
2.0
0.0
6.0
6.0
-36.0
-11.0
15.0
1.0
-6.0
3.0
-13.0
-2.0
-18.0
-16.0
2.0
40.0
2.0
6.0
-34.0
-16.0
0.0
-22.0
2.0
2.0
13.0
-8.0
1.0
7.0
3.0
4.0
-5.0
-21.0
-22.0
-24.0
-11.0
-9.0
-10.0
26.0
21.0
-17.0
-21.0
-60.0
-81.0
-72.0
-43.0
-36.0
8.0
36.0
60.0
10.0
18.0
-6.0
-5.0
-6.0
9.0
-25.0
24.0
4.0
-19.0
-33.0
46.0
15.0
-9.0
-11.0
20.0
41.0
7.0
-4.0
0.0
-34.0
5.0
14.0
-22.0
-19.0
37.0
18.0
-14.0
-7.0
-8.0
-1.0
-20.0
-19.0
-25.0
-20.0
-38.0
-14.0
-16.0
-24.0
-1.0
-16.0
-47.0
-17.0
9.0
11.0
24.0
-1.0
-5.0
-7.0
3.0
32.0
5.0
-27.0
8.0
13.0
5.0
-12.0
11.0
-39.0
40.0
5.0
-3.0
-19.0
20.0
18.0
28.0
-11.0
-13.0
0.0
6.0
-12.0
-19.0
-10.0
-41.0
-38.0
-18.0
-6.0
11.0
14.0
-2.0
-7.0
-54.0
-26.0
-12.0
-12.0
14.0
22.0
-12.0
-6.0
22.0
-19.0
-1.0
-6.0
-46.0
-48.0
-39.0
-18.0
14.0
31.0
14.0
-21.0
2.0
34.0
3.0
2.0
38.0
20.0
-7.0
18.0
-22.0
-19.0
-35.0
-37.0
-6.0
-8.0
4.0
-13.0
-6.0
-20.0
-12.0
-13.0
2.0
-2.0
-17.0
-11.0
8.0
-21.0
-25.0
0.0
6.0
5.0
-22.0
7.0
16.0
20.0
-9.0
6.0
4.0
-28.0
2.0
11.0
-17.0
-22.0
-47.0
-49.0
-36.0
-8.0
4.0
-2.0
-15.0
-20.0
-13.0
7.0
19.0
22.0
23.0
-17.0
6.0
5.0
-8.0
-10.0
-7.0
-7.0
-1.0
-7.0
-16.0
-33.0
-29.0
-16.0
-28.0
4.0
26.0
-18.0
-6.0
-2.0
11.0
-13.0
-1.0
16.0
16.0
9.0
0.0
3.0
8.0
7.0
-25.0
0.0
14.0
-1.0
26.0
2.0
18.0
38.0
-70.0
-69.0
-55.0
-15.0
-16.0
42.0
38.0
19.0
-17.0
-5.0
-11.0
-18.0
5.0
39.0
7.0
-30.0
-41.0
-4.0
14.0
-9.0
-33.0
-37.0
-35.0
-2.0
18.0
-3.0
7.0
-15.0
2.0
-30.0
-51.0
-55.0
-34.0
-8.0
-52.0
-31.0
19.0
28.0
51.0
38.0
42.0
39.0
25.0
11.0
-32.0
-16.0
-13.0
31.0
-3.0
-5.0
-1.0
3.0
-15.0
-7.0
-33.0
-28.0
-15.0
-8.0
12.0
21.0
-23.0
-16.0
-43.0
21.0
-10.0
18.0
-6.0
26.0
11.0
21.0
-31.0
-30.0
-31.0
-18.0
18.0
18.0
-7.0
2.0
-2.0
0.0
-55.0
-53.0
-5.0
0.0
-36.0
-87.0
-44.0
-6.0
4.0
3.0
25.0
20.0
25.0
8.0
-8.0
-37.0
-1.0
-1.0
14.0
8.0
14.0
20.0
9.0
2.0
-10.0
-11.0
-31.0
-19.0
-28.0
-13.0
-15.0
-16.0
-3.0
2.0
10.0
18.0
-7.0
6.0
7.0
15.0
8.0
11.0
-25.0
-51.0
-43.0
-31.0
0.0
-8.0
3.0
1.0
14.0
15.0
51.0
-10.0
-9.0
-21.0
-16.0
-22.0
-38.0
18.0
-20.0
-21.0
5.0
-4.0
26.0
21.0
-23.0
-33.0
-18.0
-36.0
-6.0
-8.0
21.0
-10.0
-5.0
-8.0
0.0
14.0
11.0
0.0
-18.0
-14.0
-25.0
12.0
23.0
19.0
13.0
-16.0
11.0
16.0
2.0
3.0
22.0
-22.0
-1.0
-10.0
-8.0
5.0
-28.0
-36.0
1.0
-1.0
23.0
-18.0
7.0
6.0
6.0
-17.0
-9.0
-27.0
-3.0
-4.0
-21.0
4.0
-40.0
-9.0
14.0
-26.0
-4.0
7.0
-20.0
-25.0
-28.0
21.0
18.0
6.0
4.0
20.0
6.0
-12.0
6.0
14.0
10.0
-19.0
-8.0
4.0
-16.0
-2.0
31.0
15.0
5.0
4.0
-34.0
-27.0
-17.0
-16.0
-28.0
-2.0
23.0
-6.0
-26.0
-22.0
-22.0
-21.0
-19.0
-2.0
-17.0
-43.0
12.0
-4.0
24.0
20.0
35.0
6.0
14.0
-35.0
8.0
22.0
6.0
3.0
-25.0
-24.0
-12.0
1.0
7.0
-20.0
-13.0
-30.0
-69.0
-51.0
-25.0
-26.0
23.0
37.0
38.0
32.0
20.0
-26.0
-30.0
-47.0
-51.0
-53.0
10.0
28.0
15.0
-5.0
6.0
21.0
6.0
14.0
-12.0
-10.0
9.0
24.0
-16.0
9.0
27.0
26.0
12.0
-3.0
-3.0
-4.0
-32.0
-17.0
-17.0
2.0
-12.0
7.0
28.0
-3.0
13.0
11.0
-3.0
-14.0
-20.0
-4.0
-11.0
1.0
-2.0
-1.0
-28.0
-26.0
-22.0
3.0
-24.0
-18.0
-14.0
0.0
-23.0
14.0
2.0
-4.0
-4.0
31.0
-8.0
-19.0
-25.0
12.0
-13.0
-28.0
-54.0
-55.0
-37.0
-27.0
-20.0
25.0
-2.0
6.0
33.0
3.0
-30.0
-34.0
-31.0
-32.0
-11.0
8.0
-5.0
-17.0
3.0
-16.0
11.0
7.0
24.0
-6.0
3.0
-40.0
3.0
-26.0
30.0
49.0
2.0
2.0
1.0
-9.0
-7.0
-4.0
-13.0
-29.0
-13.0
37.0
15.0
16.0
-17.0
-13.0
9.0
18.0
-36.0
-1.0
-38.0
-23.0
-29.0
-31.0
1.0
13.0
-5.0
-2.0
29.0
35.0
39.0
-3.0
-22.0
-22.0
-5.0
-6.0
-7.0
-42.0
-28.0
-4.0
-22.0
-32.0
12.0
6.0
-11.0
-4.0
7.0
-45.0
16.0
22.0
31.0
19.0
-9.0
-4.0
13.0
20.0
37.0
-17.0
-16.0
-8.0
-21.0
-1.0
-6.0
-7.0
-17.0
-39.0
-32.0
-23.0
-3.0
-19.0
-28.0
-13.0
29.0
27.0
51.0
2.0
2.0
-29.0
4.0
32.0
-14.0
7.0
-33.0
-39.0
-44.0
-17.0
11.0
37.0
13.0
-26.0
-9.0
-10.0
-10.0
-13.0
4.0
10.0
2.0
-15.0
-34.0
-39.0
-9.0
-80.0
-55.0
-52.0
18.0
-23.0
6.0
4.0
43.0
65.0
94.0
58.0
38.0
36.0
-16.0
-15.0
-13.0
-4.0
4.0
-2.0
-27.0
-12.0
-29.0
-31.0
-13.0
-3.0
18.0
0.0
-11.0
-26.0
-32.0
6.0
-15.0
-17.0
-2.0
-2.0
-2.0
1.0
1.0
-3.0
-31.0
-2.0
17.0
20.0
19.0
14.0
-28.0
-4.0
-5.0
-27.0
-20.0
-21.0
6.0
6.0
-74.0
-31.0
-18.0
18.0
29.0
53.0
22.0
23.0
4.0
14.0
13.0
-32.0
-4.0
-15.0
-15.0
-37.0
-41.0
-33.0
20.0
20.0
-9.0
16.0
-20.0
-16.0
23.0
-13.0
-9.0
-5.0
9.0
9.0
12.0
15.0
-2.0
-12.0
-76.0
-90.0
-21.0
13.0
49.0
46.0
46.0
15.0
6.0
1.0
-2.0
-9.0
25.0
7.0
-4.0
1.0
-34.0
-21.0
0.0
-4.0
0.0
-23.0
-1.0
-21.0
-7.0
-10.0
5.0
-25.0
-20.0
-12.0
-5.0
1.0
32.0
37.0
24.0
23.0
-2.0
8.0
3.0
-5.0
-2.0
-19.0
-40.0
-7.0
-10.0
-6.0
4.0
6.0
12.0
3.0
17.0
3.0
0.0
-18.0
-10.0
-10.0
-19.0
-27.0
-47.0
2.0
7.0
43.0
34.0
25.0
-4.0
-1.0
5.0
-7.0
9.0
8.0
-6.0
-35.0
-12.0
-24.0
-30.0
-32.0
-24.0
-31.0
32.0
13.0
32.0
13.0
-13.0
8.0
-17.0
-20.0
-31.0
-28.0
-26.0
0.0
-24.0
-19.0
-29.0
-26.0
-32.0
-36.0
-38.0
-23.0
-51.0
-18.0
-5.0
5.0
-15.0
-13.0
-12.0
-20.0
-59.0
-13.0
70.0
55.0
26.0
37.0
-2.0
4.0
15.0
13.0
5.0
-20.0
1.0
-8.0
11.0
2.0
15.0
19.0
-3.0
-4.0
-7.0
8.0
-15.0
-23.0
-30.0
-10.0
1.0
-9.0
-69.0
-62.0
-84.0
34.0
25.0
28.0
55.0
17.0
32.0
-17.0
-29.0
-29.0
-81.0
-98.0
-33.0
40.0
35.0
32.0
37.0
17.0
15.0
14.0
6.0
-14.0
-13.0
15.0
-7.0
-1.0
-3.0
-2.0
-33.0
-33.0
13.0
8.0
-14.0
-30.0
-3.0
-10.0
0.0
10.0
-22.0
-29.0
-32.0
-44.0
-67.0
-65.0
-21.0
5.0
57.0
41.0
9.0
8.0
2.0
40.0
52.0
34.0
17.0
10.0
-8.0
-5.0
-7.0
-9.0
-37.0
-20.0
20.0
17.0
6.0
13.0
25.0
-2.0
-6.0
-6.0
-18.0
-25.0
-7.0
-12.0
-30.0
-2.0
25.0
5.0
-18.0
-14.0
6.0
-30.0
-42.0
-30.0
2.0
-46.0
-7.0
-12.0
-3.0
-7.0
13.0
-21.0
51.0
-13.0
-5.0
15.0
27.0
22.0
-41.0
-43.0
-29.0
5.0
35.0
17.0
19.0
-2.0
24.0
1.0
-15.0
-18.0
-19.0
-73.0
-52.0
-37.0
-6.0
4.0
21.0
39.0
55.0
54.0
15.0
-7.0
-47.0
-57.0
-72.0
-25.0
-18.0
5.0
-12.0
-11.0
-23.0
-37.0
-32.0
33.0
7.0
-22.0
32.0
8.0
8.0
1.0
36.0
-1.0
15.0
13.0
19.0
21.0
-16.0
-9.0
-8.0
-9.0
15.0
6.0
27.0
-12.0
-12.0
-33.0
-16.0
11.0
23.0
32.0
4.0
-4.0
-16.0
-11.0
-8.0
-8.0
-9.0
32.0
2.0
2.0
-48.0
-13.0
11.0
-12.0
-7.0
5.0
-14.0
16.0
3.0
3.0
5.0
-34.0
-5.0
-9.0
-9.0
-19.0
-44.0
10.0
2.0
-6.0
-7.0
-4.0
1.0
-23.0
-11.0
14.0
-7.0
-9.0
44.0
44.0
22.0
-64.0
-40.0
-65.0
-48.0
10.0
11.0
45.0
28.0
34.0
-15.0
-10.0
-25.0
-16.0
13.0
6.0
-6.0
-5.0
24.0
18.0
14.0
4.0
-7.0
4.0
9.0
14.0
15.0
17.0
-6.0
-8.0
-20.0
-96.0
-30.0
-2.0
21.0
23.0
1.0
-27.0
39.0
43.0
10.0
-12.0
30.0
-3.0
35.0
62.0
-48.0
-40.0
-15.0
-18.0
-38.0
-11.0
2.0
2.0
-21.0
-21.0
-24.0
18.0
-7.0
-6.0
-4.0
-11.0
19.0
13.0
-8.0
-10.0
6.0
13.0
-25.0
-21.0
-22.0
23.0
16.0
-8.0
-29.0
-22.0
-1.0
-18.0
-23.0
-22.0
6.0
-13.0
-34.0
-14.0
21.0
4.0
-20.0
-10.0
-29.0
-30.0
-18.0
31.0
9.0
-8.0
-12.0
1.0
-11.0
-9.0
-22.0
-23.0
-10.0
-13.0
26.0
-14.0
-49.0
-16.0
9.0
11.0
7.0
12.0
17.0
7.0
23.0
-1.0
5.0
10.0
1.0
24.0
-5.0
-12.0
-2.0
-13.0
-18.0
-43.0
-20.0
11.0
-30.0
-76.0
-40.0
-39.0
35.0
36.0
17.0
-13.0
-4.0
18.0
29.0
-25.0
-41.0
-41.0
-33.0
-48.0
-4.0
3.0
1.0
21.0
22.0
14.0
-14.0
-19.0
-16.0
18.0
11.0
-40.0
-21.0
-7.0
-8.0
-24.0
-30.0
-22.0
5.0
27.0
5.0
16.0
17.0
20.0
-3.0
-6.0
4.0
8.0
-30.0
-26.0
-40.0
-19.0
-3.0
8.0
-23.0
-18.0
-29.0
-26.0
-9.0
5.0
-15.0
-7.0
-14.0
4.0
-19.0
6.0
11.0
11.0
10.0
-30.0
-58.0
-65.0
22.0
-7.0
-20.0
-60.0
-13.0
-6.0
19.0
71.0
56.0
4.0
45.0
62.0
41.0
30.0
22.0
19.0
-20.0
-4.0
-1.0
-16.0
7.0
1.0
5.0
1.0
-16.0
-13.0
1.0
-6.0
-43.0
-38.0
-21.0
-21.0
-8.0
-33.0
-39.0
-38.0
-32.0
-91.0
-66.0
14.0
10.0
7.0
24.0
13.0
26.0
23.0
-20.0
-11.0
-18.0
-17.0
5.0
3.0
-9.0
-23.0
-9.0
-10.0
30.0
-5.0
0.0
14.0
-8.0
-18.0
-20.0
-11.0
2.0
3.0
1.0
-20.0
-42.0
32.0
9.0
-11.0
-10.0
-8.0
-37.0
-42.0
27.0
-5.0
-18.0
-8.0
-10.0
-31.0
-14.0
0.0
8.0
6.0
-25.0
17.0
0.0
3.0
3.0
27.0
-10.0
-6.0
17.0
14.0
7.0
4.0
-27.0
-53.0
-61.0
-52.0
-53.0
16.0
27.0
37.0
19.0
13.0
7.0
20.0
2.0
-28.0
-42.0
-59.0
-164.0
-170.0
-9.0
-19.0
64.0
78.0
44.0
-1.0
-48.0
-75.0
24.0
28.0
78.0
74.0
31.0
21.0
11.0
-18.0
-35.0
-40.0
-37.0
-36.0
-1.0
9.0
6.0
21.0
-13.0
16.0
-15.0
-3.0
-12.0
-13.0
-37.0
-24.0
27.0
-20.0
-9.0
8.0
17.0
34.0
16.0
16.0
4.0
-11.0
3.0
-9.0
-6.0
-32.0
-21.0
-24.0
-1.0
-5.0
23.0
3.0
42.0
-5.0
-38.0
-3.0
18.0
-28.0
-18.0
-14.0
-9.0
-4.0
-21.0
-16.0
18.0
-14.0
-12.0
8.0
-22.0
-20.0
-9.0
28.0
11.0
-22.0
8.0
9.0
3.0
-16.0
-4.0
-7.0
5.0
-8.0
-12.0
4.0
19.0
18.0
12.0
14.0
-11.0
-6.0
13.0
7.0
-38.0
-34.0
-41.0
8.0
0.0
-1.0
-3.0
-1.0
-41.0
6.0
-42.0
-39.0
17.0
26.0
11.0
2.0
-10.0
-7.0
-33.0
-58.0
-28.0
9.0
38.0
29.0
23.0
2.0
5.0
11.0
6.0
-10.0
24.0
26.0
11.0
-17.0
-26.0
-13.0
-10.0
-14.0
-39.0
-4.0
22.0
12.0
-23.0
-34.0
5.0
4.0
-3.0
-10.0
-27.0
-9.0
-28.0
-25.0
-30.0
-49.0
3.0
20.0
-11.0
-17.0
-13.0
38.0
67.0
4.0
-10.0
-17.0
-4.0
-5.0
52.0
47.0
12.0
-26.0
-17.0
17.0
21.0
-11.0
5.0
-26.0
-31.0
-40.0
-7.0
26.0
35.0
1.0
8.0
18.0
-15.0
-17.0
11.0
5.0
15.0
-5.0
-15.0
-13.0
-31.0
-14.0
26.0
-2.0
28.0
29.0
24.0
-4.0
-20.0
1.0
-1.0
-7.0
-21.0
-18.0
-13.0
-13.0
-25.0
-18.0
-6.0
-16.0
-13.0
-41.0
-1.0
-18.0
-9.0
-5.0
11.0
2.0
-20.0
-28.0
-17.0
-22.0
-18.0
4.0
16.0
18.0
-15.0
-17.0
7.0
-22.0
-40.0
-25.0
13.0
41.0
41.0
41.0
2.0
0.0
-23.0
10.0
9.0
5.0
4.0
2.0
-2.0
2.0
7.0
15.0
-5.0
19.0
-2.0
-17.0
-18.0
-8.0
-18.0
-16.0
-24.0
12.0
-10.0
-16.0
-20.0
16.0
-3.0
1.0
-4.0
-4.0
-45.0
-38.0
-4.0
24.0
31.0
0.0
23.0
33.0
-5.0
-2.0
26.0
22.0
-31.0
5.0
-9.0
-4.0
9.0
-3.0
-19.0
-23.0
-35.0
-24.0
6.0
-3.0
-30.0
-44.0
7.0
-15.0
-1.0
1.0
16.0
45.0
26.0
11.0
-10.0
26.0
28.0
7.0
-13.0
-17.0
-31.0
-25.0
-27.0
-2.0
15.0
15.0
7.0
-13.0
-21.0
-20.0
-22.0
-20.0
-29.0
-2.0
1.0
-33.0
9.0
-28.0
-2.0
-13.0
-28.0
-43.0
-63.0
19.0
62.0
22.0
-74.0
15.0
12.0
16.0
23.0
56.0
19.0
-72.0
-44.0
29.0
49.0
-8.0
4.0
4.0
-1.0
-52.0
-35.0
-2.0
31.0
47.0
24.0
-15.0
-23.0
-24.0
-5.0
11.0
0.0
-8.0
-9.0
-15.0
7.0
3.0
3.0
2.0
-34.0
-38.0
-6.0
4.0
53.0
41.0
1.0
-34.0
0.0
3.0
-2.0
15.0
-7.0
-22.0
1.0
-12.0
2.0
2.0
-25.0
-26.0
-3.0
-22.0
-45.0
-34.0
-27.0
-38.0
-8.0
-12.0
30.0
29.0
45.0
18.0
22.0
0.0
-18.0
-26.0
-37.0
-11.0
-37.0
-28.0
-53.0
5.0
38.0
15.0
-38.0
-16.0
-25.0
7.0
39.0
36.0
35.0
-18.0
-19.0
-16.0
1.0
-4.0
-4.0
-12.0
-24.0
-28.0
-9.0
-12.0
6.0
-31.0
-37.0
-31.0
6.0
42.0
-6.0
-7.0
30.0
3.0
-67.0
-54.0
-34.0
13.0
35.0
-39.0
-29.0
-32.0
11.0
5.0
46.0
9.0
-5.0
-32.0
-13.0
-18.0
-34.0
-37.0
0.0
1.0
-4.0
14.0
36.0
3.0
23.0
17.0
-19.0
-25.0
-13.0
-20.0
8.0
-34.0
8.0
18.0
12.0
-10.0
15.0
23.0
-8.0
-6.0
0.0
2.0
-32.0
-32.0
-70.0
-98.0
-34.0
-23.0
-7.0
-7.0
-55.0
-12.0
77.0
65.0
119.0
46.0
42.0
45.0
15.0
40.0
13.0
-28.0
16.0
17.0
2.0
8.0
-17.0
-24.0
-3.0
-18.0
9.0
-17.0
-15.0
-58.0
-25.0
-72.0
-65.0
-66.0
-55.0
1.0
-8.0
-7.0
-20.0
3.0
20.0
300.0
313.0
313.0
313.0
313.0
313.0
313.0
313.0
313.0
313.0
313.0
313.0
313.0
313.0
86.0
-64.0
-208.0
-313.0
-313.0
-313.0
-313.0
-313.0
-313.0
-313.0
-313.0
-313.0
-313.0
-313.0
-313.0
-313.0
-313.0
-313.0
-313.0
-313.0
-313.0
-313.0
-313.0
-313.0
-313.0
-313.0
-313.0
-313.0
-313.0
-313.0
-313.0
-293.0
-313.0
-313.0
-313.0
-244.0
-234.0
-244.0
-251.0
-235.0
-238.0
-258.0
-262.0
-198.0
-198.0
-165.0
-176.0
-162.0
-166.0
-173.0
-175.0
-154.0
-152.0
-115.0
-112.0
-59.0
-67.0
-74.0
-71.0
-107.0
-81.0
-32.0
-6.0
-21.0
-58.0
-23.0
-20.0
-55.0
-55.0
-41.0
8.0
9.0
1.0
1.0
26.0
32.0
48.0
3.0
10.0
-17.0
-2.0
-10.0
25.0
44.0
10.0
-28.0
-24.0
-29.0
-29.0
-8.0
21.0
21.0
-11.0
-54.0
17.0
27.0
22.0
0.0
-2.0
11.0
-14.0
-27.0
-12.0
-93.0
8.0
-37.0
-28.0
11.0
15.0
24.0
31.0
13.0
15.0
8.0
-14.0
62.0
41.0
11.0
17.0
64.0
28.0
76.0
91.0
60.0
91.0
203.0
294.0
233.0
215.0
256.0
251.0
313.0
211.0
256.0
220.0
201.0
72.0
118.0
117.0
230.0
313.0
313.0
313.0
313.0
313.0
313.0
313.0
313.0
313.0
252.0
-35.0
-150.0
-313.0
-313.0
-313.0
-313.0
-313.0
-313.0
-313.0
-313.0
-313.0
-313.0
-313.0
-313.0
-313.0
-313.0
-313.0
-313.0
-313.0
-313.0
-283.0
-186.0
95.0
153.0
205.0
193.0
182.0
164.0
220.0
132.0
115.0
24.0
-53.0
-50.0
-58.0
-22.0
-39.0
64.0
28.0
-34.0
-36.0
-28.0
-134.0
-173.0
-251.0
-179.0
-150.0
-231.0
-227.0
-155.0
-150.0
-166.0
-179.0
-102.0
-211.0
-242.0
-240.0
-236.0
-221.0
-260.0
-201.0
-253.0
-140.0
-165.0
-97.0
-106.0
-66.0
-128.0
-140.0
-96.0
-51.0
-7.0
-33.0
10.0
-60.0
-41.0
-17.0
59.0
61.0
18.0
65.0
43.0
6.0
6.0
5.0
39.0
45.0
51.0
57.0
78.0
55.0
65.0
49.0
62.0
66.0
43.0
67.0
20.0
40.0
49.0
62.0
108.0
83.0
57.0
50.0
90.0
-25.0
21.0
17.0
-12.0
54.0
112.0
64.0
94.0
59.0
50.0
15.0
-11.0
-10.0
8.0
51.0
29.0
62.0
89.0
54.0
20.0
39.0
15.0
10.0
7.0
-9.0
-14.0
68.0
64.0
95.0
27.0
-37.0
-43.0
-59.0
18.0
52.0
25.0
10.0
38.0
50.0
58.0
22.0
5.0
12.0
47.0
34.0
5.0
23.0
11.0
-35.0
0.0
-5.0
-19.0
-26.0
-5.0
24.0
-18.0
-35.0
-9.0
-23.0
0.0
23.0
13.0
6.0
2.0
-64.0
-71.0
-79.0
-68.0
17.0
-16.0
11.0
0.0
-12.0
28.0
10.0
46.0
80.0
46.0
39.0
-4.0
-10.0
5.0
-5.0
-20.0
-19.0
-33.0
-72.0
6.0
28.0
47.0
27.0
33.0
44.0
12.0
40.0
6.0
-17.0
-25.0
-10.0
-5.0
-23.0
3.0
11.0
-67.0
-72.0
-84.0
-15.0
38.0
35.0
52.0
53.0
-64.0
-68.0
-27.0
16.0
79.0
44.0
30.0
52.0
60.0
7.0
-30.0
-33.0
36.0
8.0
-23.0
-56.0
25.0
-31.0
6.0
-16.0
-42.0
-44.0
-89.0
-115.0
-69.0
35.0
-23.0
40.0
36.0
13.0
65.0
69.0
28.0
28.0
32.0
22.0
-9.0
-44.0
-22.0
-30.0
-14.0
-15.0
-27.0
-84.0
-132.0
-31.0
-23.0
49.0
21.0
71.0
-43.0
-42.0
13.0
52.0
13.0
-35.0
-5.0
22.0
34.0
55.0
56.0
61.0
28.0
30.0
8.0
-35.0
-48.0
9.0
34.0
-59.0
-36.0
-47.0
-50.0
36.0
51.0
29.0
-31.0
49.0
28.0
-12.0
-27.0
-34.0
15.0
5.0
-5.0
-14.0
-26.0
-1.0
30.0
14.0
-1.0
-17.0
-6.0
-26.0
1.0
-9.0
-2.0
-7.0
0.0
10.0
8.0
4.0
7.0
-11.0
-31.0
-16.0
0.0
-33.0
-42.0
-30.0
4.0
-2.0
26.0
15.0
21.0
-28.0
-44.0
-35.0
-1.0
-1.0
-7.0
-13.0
6.0
4.0
-9.0
-13.0
-21.0
13.0
-1.0
11.0
7.0
11.0
9.0
6.0
43.0
-6.0
-30.0
26.0
-6.0
9.0
-23.0
-26.0
-9.0
-47.0
-28.0
-2.0
28.0
-2.0
-23.0
-56.0
-66.0
-62.0
-27.0
39.0
60.0
42.0
61.0
-7.0
-24.0
-11.0
-4.0
-8.0
63.0
13.0
-34.0
-22.0
-19.0
21.0
30.0
-7.0
-15.0
-16.0
-4.0
-26.0
-23.0
-24.0
6.0
-11.0
14.0
13.0
-4.0
7.0
15.0
-18.0
-50.0
-19.0
-5.0
-44.0
-33.0
-57.0
26.0
31.0
-5.0
-91.0
4.0
8.0
32.0
64.0
46.0
13.0
38.0
40.0
30.0
-25.0
-57.0
-27.0
20.0
-38.0
-58.0
24.0
-12.0
-21.0
-1.0
-19.0
-7.0
-36.0
-78.0
-36.0
3.0
47.0
38.0
44.0
36.0
30.0
32.0
-10.0
16.0
48.0
-11.0
-25.0
-13.0
-22.0
-40.0
-19.0
-47.0
-60.0
-36.0
0.0
-39.0
-31.0
25.0
24.0
37.0
-31.0
-49.0
-29.0
35.0
13.0
47.0
15.0
14.0
11.0
12.0
17.0
-12.0
-8.0
17.0
15.0
14.0
-38.0
-49.0
-50.0
-2.0
-16.0
-11.0
29.0
6.0
-50.0
-58.0
-27.0
-21.0
-22.0
0.0
-6.0
25.0
-7.0
9.0
-1.0
-20.0
-5.0
6.0
-11.0
-5.0
-8.0
-16.0
12.0
-13.0
-15.0
-11.0
14.0
-29.0
-25.0
-20.0
-30.0
-50.0
-17.0
-20.0
14.0
1.0
17.0
-23.0
-23.0
-2.0
-1.0
-7.0
19.0
-16.0
4.0
-7.0
13.0
9.0
20.0
6.0
14.0
13.0
-13.0
1.0
26.0
-6.0
8.0
-33.0
-36.0
-23.0
8.0
1.0
-2.0
6.0
-8.0
20.0
-13.0
-21.0
-20.0
10.0
-4.0
8.0
0.0
-94.0
-127.0
-94.0
-7.0
28.0
27.0
15.0
-16.0
0.0
22.0
35.0
53.0
36.0
29.0
65.0
73.0
71.0
29.0
-17.0
-29.0
-16.0
1.0
-21.0
-36.0
-21.0
-29.0
6.0
-26.0
-21.0
-7.0
-35.0
-34.0
-16.0
-25.0
-24.0
-32.0
3.0
-12.0
4.0
21.0
11.0
-24.0
4.0
6.0
-24.0
-26.0
-43.0
-27.0
-17.0
11.0
16.0
19.0
3.0
19.0
18.0
20.0
-26.0
7.0
-7.0
-22.0
24.0
-32.0
-11.0
-32.0
-12.0
2.0
20.0
-4.0
-11.0
-12.0
-8.0
-15.0
-18.0
-19.0
3.0
3.0
-35.0
-100.0
-30.0
-13.0
24.0
-1.0
33.0
-16.0
-20.0
-32.0
4.0
-20.0
-18.0
41.0
-38.0
-33.0
-8.0
32.0
50.0
33.0
-56.0
2.0
18.0
37.0
59.0
30.0
-13.0
1.0
-72.0
-71.0
-106.0
-39.0
-20.0
20.0
21.0
-59.0
-35.0
32.0
28.0
37.0
40.0
31.0
-10.0
-22.0
-20.0
-20.0
18.0
24.0
17.0
12.0
-7.0
-21.0
-4.0
2.0
20.0
-8.0
18.0
-48.0
-56.0
-49.0
-41.0
-1.0
11.0
18.0
-13.0
10.0
9.0
-18.0
12.0
12.0
9.0
-24.0
-22.0
2.0
16.0
-11.0
8.0
12.0
-5.0
-10.0
4.0
-37.0
-53.0
-13.0
21.0
4.0
5.0
4.0
-12.0
-10.0
16.0
31.0
-2.0
-47.0
-47.0
-29.0
7.0
22.0
3.0
0.0
-28.0
-28.0
7.0
56.0
29.0
9.0
-53.0
15.0
-18.0
-12.0
-22.0
-13.0
-20.0
-37.0
-28.0
-42.0
-25.0
20.0
-13.0
-14.0
-14.0
17.0
57.0
54.0
42.0
27.0
4.0
-19.0
-22.0
-16.0
-24.0
-3.0
-28.0
-1.0
0.0
-26.0
-13.0
14.0
-13.0
-9.0
-24.0
-26.0
-21.0
-7.0
-14.0
-37.0
-73.0
-48.0
0.0
7.0
16.0
17.0
-3.0
5.0
43.0
7.0
14.0
16.0
5.0
14.0
4.0
7.0
-4.0
-31.0
-35.0
-7.0
-15.0
-2.0
24.0
19.0
15.0
-27.0
-21.0
-20.0
24.0
19.0
-7.0
-19.0
0.0
-2.0
-10.0
-21.0
-48.0
-18.0
3.0
33.0
44.0
20.0
-20.0
-7.0
-24.0
-20.0
6.0
-19.0
4.0
21.0
5.0
2.0
4.0
-1.0
24.0
13.0
21.0
22.0
-28.0
-26.0
-23.0
-104.0
-107.0
-92.0
-37.0
29.0
64.0
40.0
1.0
-27.0
-37.0
6.0
28.0
24.0
-13.0
4.0
17.0
12.0
6.0
27.0
6.0
20.0
-16.0
-14.0
1.0
-5.0
-27.0
-23.0
-6.0
-26.0
-15.0
-28.0
-8.0
-4.0
15.0
7.0
9.0
-3.0
11.0
-61.0
-39.0
-6.0
-49.0
-33.0
-48.0
29.0
29.0
46.0
-7.0
-39.0
8.0
-38.0
1.0
-1.0
27.0
24.0
37.0
44.0
19.0
-12.0
-6.0
9.0
-1.0
6.0
6.0
9.0
-44.0
-26.0
-24.0
-27.0
-28.0
-14.0
7.0
13.0
18.0
9.0
-14.0
22.0
-9.0
-2.0
-11.0
4.0
-4.0
-11.0
13.0
-16.0
-11.0
8.0
-2.0
12.0
15.0
16.0
7.0
-6.0
-27.0
-52.0
-4.0
-10.0
10.0
3.0
-17.0
-12.0
-28.0
-24.0
-31.0
-7.0
31.0
4.0
50.0
10.0
38.0
25.0
0.0
-9.0
-23.0
-6.0
-4.0
5.0
-3.0
4.0
11.0
-25.0
-27.0
-26.0
-15.0
-44.0
4.0
-25.0
-20.0
-47.0
16.0
15.0
20.0
13.0
1.0
12.0
-11.0
-51.0
-77.0
-29.0
16.0
49.0
29.0
20.0
3.0
13.0
8.0
-20.0
-15.0
-21.0
-17.0
-34.0
-6.0
-5.0
7.0
23.0
-3.0
-17.0
-13.0
3.0
-27.0
-21.0
23.0
16.0
28.0
50.0
-4.0
33.0
31.0
-22.0
-4.0
-11.0
-8.0
-8.0
-34.0
-31.0
-17.0
28.0
24.0
-15.0
11.0
-15.0
0.0
8.0
-8.0
10.0
0.0
-39.0
8.0
-29.0
-18.0
0.0
-5.0
-4.0
-46.0
-30.0
-15.0
-31.0
-44.0
-7.0
21.0
40.0
9.0
3.0
-13.0
3.0
-5.0
-9.0
13.0
-18.0
17.0
-11.0
-8.0
-1.0
-14.0
-5.0
33.0
-11.0
-10.0
14.0
10.0
8.0
-47.0
-48.0
-77.0
-65.0
-25.0
18.0
18.0
42.0
45.0
-10.0
-22.0
-32.0
12.0
5.0
-22.0
-21.0
-6.0
-3.0
4.0
-36.0
-52.0
-58.0
-39.0
15.0
-2.0
14.0
6.0
9.0
-26.0
-9.0
38.0
37.0
-5.0
7.0
20.0
12.0
12.0
4.0
-36.0
-16.0
15.0
13.0
38.0
28.0
-1.0
-16.0
-20.0
-29.0
-18.0
-9.0
-7.0
1.0
20.0
-4.0
-5.0
-10.0
3.0
18.0
10.0
11.0
-5.0
6.0
-21.0
-39.0
-2.0
1.0
8.0
9.0
27.0
24.0
-18.0
-16.0
-31.0
-39.0
-22.0
-3.0
-10.0
9.0
19.0
21.0
36.0
38.0
-12.0
14.0
13.0
-2.0
-14.0
-19.0
-13.0
2.0
21.0
19.0
-15.0
-20.0
1.0
-9.0
-19.0
-37.0
-36.0
-15.0
-18.0
-18.0
-24.0
-20.0
-17.0
21.0
5.0
-13.0
-18.0
21.0
-17.0
-1.0
-44.0
-12.0
53.0
22.0
11.0
22.0
-20.0
11.0
-11.0
-3.0
-12.0
13.0
-3.0
-8.0
11.0
-10.0
21.0
0.0
10.0
6.0
4.0
-17.0
-44.0
-8.0
19.0
-1.0
-30.0
-17.0
35.0
44.0
19.0
15.0
-7.0
-22.0
-4.0
-66.0
-88.0
-42.0
19.0
19.0
35.0
41.0
11.0
23.0
16.0
-4.0
-15.0
-16.0
-11.0
-5.0
28.0
34.0
21.0
25.0
-24.0
-11.0
-17.0
-18.0
45.0
41.0
9.0
-11.0
-31.0
-55.0
-51.0
-19.0
0.0
-26.0
2.0
-8.0
26.0
-9.0
-39.0
-11.0
11.0
15.0
9.0
-8.0
0.0
7.0
22.0
14.0
13.0
5.0
3.0
-15.0
-7.0
-46.0
-19.0
-9.0
-17.0
-42.0
-33.0
-15.0
-8.0
43.0
54.0
28.0
-6.0
-5.0
-11.0
-22.0
-12.0
-17.0
-25.0
-5.0
-6.0
-2.0
-9.0
-2.0
-14.0
-17.0
-9.0
-25.0
-17.0
18.0
17.0
-2.0
9.0
-1.0
-11.0
-10.0
-5.0
1.0
5.0
-21.0
11.0
-11.0
39.0
43.0
21.0
-15.0
15.0
11.0
-6.0
-31.0
-42.0
-28.0
-28.0
-23.0
-40.0
-12.0
-17.0
7.0
0.0
3.0
-14.0
-22.0
-10.0
-3.0
-16.0
4.0
-15.0
6.0
3.0
13.0
31.0
-4.0
9.0
6.0
-21.0
-10.0
20.0
7.0
5.0
-26.0
4.0
29.0
10.0
15.0
1.0
-9.0
-19.0
-21.0
-21.0
-55.0
-32.0
-36.0
-45.0
-41.0
-19.0
-6.0
23.0
4.0
15.0
17.0
-15.0
9.0
3.0
0.0
-26.0
-64.0
4.0
9.0
4.0
-16.0
-15.0
4.0
25.0
22.0
21.0
-25.0
-5.0
16.0
-9.0
-5.0
13.0
-16.0
-11.0
-5.0
2.0
-9.0
-20.0
-20.0
-13.0
1.0
17.0
-7.0
2.0
4.0
16.0
-3.0
21.0
15.0
8.0
10.0
2.0
12.0
-21.0
-13.0
-18.0
-4.0
-28.0
-26.0
-28.0
-71.0
-32.0
10.0
11.0
11.0
-6.0
17.0
39.0
36.0
-18.0
39.0
12.0
19.0
5.0
7.0
8.0
2.0
-16.0
-14.0
-32.0
-15.0
-20.0
-9.0
-9.0
2.0
1.0
1.0
12.0
10.0
11.0
20.0
21.0
-12.0
-12.0
-12.0
-14.0
-2.0
-11.0
-27.0
-38.0
-36.0
-30.0
-31.0
-6.0
-9.0
-11.0
-2.0
-7.0
10.0
0.0
11.0
9.0
20.0
-5.0
0.0
-11.0
1.0
2.0
4.0
7.0
-31.0
-26.0
-4.0
2.0
5.0
6.0
29.0
4.0
-28.0
2.0
-16.0
22.0
-33.0
-30.0
-24.0
-15.0
4.0
11.0
0.0
3.0
29.0
-4.0
-25.0
-6.0
-3.0
-27.0
-1.0
-24.0
-9.0
-6.0
3.0
20.0
-15.0
9.0
11.0
-4.0
-24.0
-55.0
-29.0
-5.0
21.0
-16.0
28.0
17.0
17.0
21.0
7.0
-18.0
-15.0
-4.0
-9.0
-3.0
-9.0
-26.0
-27.0
-27.0
-18.0
-5.0
-4.0
-42.0
-52.0
-17.0
-44.0
-26.0
-32.0
4.0
46.0
44.0
22.0
11.0
7.0
-18.0
0.0
17.0
19.0
46.0
28.0
14.0
-18.0
-4.0
-14.0
-10.0
8.0
-12.0
-21.0
-5.0
15.0
-19.0
-9.0
-29.0
-39.0
-45.0
-8.0
-11.0
-7.0
8.0
24.0
-5.0
-24.0
-33.0
-22.0
-12.0
-7.0
18.0
21.0
23.0
2.0
31.0
18.0
16.0
7.0
6.0
7.0
-3.0
-9.0
-19.0
-75.0
-2.0
34.0
40.0
33.0
19.0
21.0
-6.0
-9.0
6.0
-8.0
19.0
-4.0
-8.0
-6.0
15.0
0.0
-16.0
-29.0
-23.0
-11.0
-11.0
-31.0
-40.0
-25.0
-18.0
20.0
20.0
8.0
-12.0
-21.0
-8.0
-28.0
-22.0
-13.0
7.0
-46.0
-33.0
-40.0
5.0
24.0
-21.0
-34.0
13.0
7.0
13.0
-13.0
-24.0
-19.0
-4.0
23.0
-3.0
-4.0
11.0
-26.0
-23.0
-20.0
-48.0
-40.0
4.0
13.0
26.0
17.0
11.0
10.0
-35.0
-6.0
2.0
4.0
-4.0
34.0
13.0
53.0
26.0
15.0
-23.0
-5.0
-6.0
2.0
-26.0
-26.0
-41.0
-15.0
-1.0
8.0
-25.0
-25.0
-18.0
-7.0
-22.0
-29.0
-11.0
-30.0
-18.0
-8.0
19.0
16.0
12.0
11.0
-18.0
-11.0
-5.0
-31.0
-32.0
-29.0
-21.0
-9.0
-12.0
-5.0
-19.0
-36.0
-30.0
5.0
11.0
-48.0
15.0
31.0
30.0
37.0
2.0
12.0
40.0
14.0
6.0
29.0
30.0
5.0
1.0
0.0
28.0
-3.0
-6.0
14.0
-5.0
-7.0
5.0
-9.0
-1.0
-4.0
-5.0
-10.0
-16.0
-15.0
-28.0
-19.0
-1.0
-34.0
-31.0
-29.0
-16.0
-21.0
2.0
24.0
-9.0
-24.0
-33.0
5.0
28.0
28.0
-4.0
8.0
0.0
-2.0
-4.0
6.0
-6.0
-30.0
0.0
3.0
-21.0
7.0
0.0
-3.0
-16.0
-49.0
-23.0
0.0
27.0
33.0
-9.0
11.0
39.0
8.0
32.0
0.0
-26.0
7.0
7.0
-1.0
-29.0
-11.0
-7.0
-23.0
-8.0
-19.0
3.0
-15.0
-16.0
-12.0
28.0
-20.0
-2.0
2.0
5.0
14.0
6.0
-8.0
-3.0
-9.0
-1.0
-12.0
6.0
-22.0
8.0
-25.0
-47.0
-9.0
-43.0
-61.0
13.0
47.0
18.0
46.0
12.0
7.0
19.0
28.0
-8.0
-8.0
-35.0
-21.0
-13.0
-22.0
-24.0
-48.0
-29.0
-5.0
-14.0
-19.0
1.0
-2.0
-21.0
-16.0
-9.0
-18.0
5.0
42.0
28.0
41.0
62.0
33.0
76.0
39.0
14.0
14.0
-29.0
-35.0
-11.0
-18.0
-38.0
-11.0
-1.0
-25.0
-3.0
-35.0
-33.0
-21.0
-9.0
-4.0
-12.0
-22.0
-24.0
-8.0
22.0
-24.0
8.0
-29.0
17.0
24.0
3.0
0.0
-18.0
-50.0
-48.0
-51.0
-20.0
-6.0
12.0
21.0
21.0
20.0
42.0
46.0
-18.0
-40.0
-26.0
-31.0
-21.0
-20.0
-16.0
-8.0
-50.0
-24.0
7.0
21.0
45.0
0.0
-1.0
10.0
2.0
17.0
11.0
4.0
-11.0
9.0
3.0
21.0
17.0
9.0
12.0
7.0
-9.0
-33.0
1.0
-13.0
-23.0
-34.0
-2.0
4.0
-17.0
1.0
-4.0
-26.0
-3.0
5.0
-14.0
-15.0
-10.0
-1.0
9.0
-4.0
-8.0
2.0
30.0
4.0
-15.0
7.0
-3.0
-7.0
4.0
-22.0
-5.0
-18.0
-55.0
-16.0
11.0
-26.0
-4.0
1.0
11.0
14.0
14.0
-45.0
-31.0
-22.0
0.0
6.0
4.0
6.0
7.0
-41.0
18.0
-15.0
-8.0
-49.0
-10.0
11.0
-1.0
12.0
0.0
0.0
-9.0
2.0
8.0
-17.0
-6.0
12.0
22.0
21.0
-24.0
-24.0
-18.0
4.0
17.0
10.0
8.0
-3.0
-19.0
-22.0
-41.0
7.0
7.0
-8.0
9.0
-29.0
-76.0
-78.0
-67.0
-86.0
-40.0
0.0
34.0
32.0
28.0
57.0
2.0
11.0
-16.0
-16.0
0.0
-14.0
18.0
33.0
19.0
3.0
-35.0
0.0
15.0
13.0
22.0
2.0
-9.0
11.0
33.0
11.0
19.0
34.0
-7.0
-17.0
15.0
0.0
3.0
-19.0
-43.0
-10.0
-1.0
-11.0
-22.0
-23.0
-21.0
-6.0
14.0
4.0
-16.0
-10.0
-29.0
-25.0
-11.0
-8.0
1.0
-10.0
-13.0
-15.0
-3.0
-14.0
-19.0
9.0
17.0
20.0
7.0
-53.0
-32.0
0.0
0.0
11.0
18.0
-9.0
21.0
24.0
23.0
0.0
-8.0
4.0
-2.0
-1.0
1.0
7.0
4.0
9.0
-5.0
-50.0
-55.0
-41.0
-58.0
-12.0
-1.0
-6.0
16.0
21.0
6.0
-13.0
-49.0
-39.0
1.0
-15.0
39.0
0.0
-42.0
-29.0
9.0
15.0
-15.0
41.0
17.0
17.0
28.0
-20.0
4.0
-3.0
-27.0
7.0
21.0
1.0
20.0
-19.0
-38.0
-7.0
-29.0
-23.0
-20.0
4.0
-8.0
11.0
-39.0
-28.0
-70.0
20.0
7.0
3.0
-27.0
-53.0
-5.0
-2.0
20.0
4.0
23.0
12.0
24.0
22.0
3.0
24.0
28.0
31.0
-24.0
-53.0
-79.0
-36.0
-7.0
-11.0
14.0
17.0
24.0
8.0
-3.0
-2.0
13.0
-62.0
-88.0
-86.0
-43.0
-33.0
11.0
27.0
39.0
22.0
38.0
-59.0
-67.0
-66.0
-25.0
0.0
69.0
58.0
-3.0
28.0
2.0
2.0
10.0
12.0
3.0
10.0
-19.0
-6.0
-18.0
-10.0
-1.0
-1.0
-12.0
-8.0
18.0
11.0
2.0
5.0
-16.0
-17.0
10.0
0.0
-41.0
-51.0
-46.0
-15.0
-10.0
-4.0
-25.0
-34.0
-17.0
-3.0
27.0
24.0
23.0
37.0
7.0
16.0
12.0
-17.0
-26.0
-28.0
-18.0
-16.0
-31.0
-24.0
-39.0
-21.0
-31.0
-33.0
11.0
18.0
13.0
15.0
24.0
37.0
15.0
-46.0
-42.0
-5.0
-8.0
33.0
22.0
23.0
8.0
-24.0
-33.0
33.0
38.0
-21.0
-6.0
21.0
20.0
14.0
-17.0
0.0
16.0
-22.0
-17.0
-32.0
-23.0
-42.0
-22.0
-24.0
-7.0
-24.0
-2.0
23.0
-2.0
-26.0
12.0
12.0
2.0
-6.0
3.0
5.0
4.0
2.0
-1.0
-41.0
-20.0
16.0
-10.0
-15.0
-16.0
3.0
-8.0
-3.0
21.0
-5.0
2.0
-21.0
-17.0
-17.0
-28.0
-27.0
-24.0
6.0
-4.0
-5.0
-4.0
-20.0
-37.0
-30.0
16.0
3.0
7.0
1.0
6.0
-11.0
27.0
-9.0
-3.0
-10.0
-10.0
-7.0
3.0
-6.0
-4.0
6.0
2.0
-24.0
-18.0
-16.0
-38.0
-9.0
-5.0
-10.0
-5.0
15.0
-28.0
-21.0
-15.0
-7.0
38.0
-1.0
-15.0
-8.0
-48.0
-25.0
3.0
-2.0
27.0
20.0
-1.0
-3.0
2.0
-13.0
16.0
30.0
4.0
-13.0
2.0
12.0
9.0
23.0
-3.0
-9.0
-13.0
-18.0
-24.0
-18.0
12.0
3.0
-5.0
8.0
18.0
-27.0
3.0
-14.0
-38.0
-18.0
2.0
1.0
14.0
36.0
-8.0
13.0
22.0
39.0
10.0
-13.0
2.0
2.0
3.0
-12.0
7.0
-30.0
16.0
-18.0
-14.0
-21.0
-26.0
-21.0
-11.0
-22.0
0.0
-6.0
-13.0
-12.0
-17.0
-14.0
-14.0
-1.0
4.0
15.0
-8.0
-13.0
-14.0
-18.0
-15.0
9.0
3.0
5.0
-2.0
-27.0
-30.0
-45.0
17.0
8.0
0.0
30.0
17.0
15.0
27.0
38.0
23.0
18.0
-13.0
-19.0
-1.0
-28.0
5.0
20.0
-7.0
-35.0
-41.0
-14.0
-13.0
19.0
21.0
9.0
-9.0
1.0
-36.0
-40.0
-16.0
-8.0
26.0
-1.0
-15.0
34.0
-12.0
-8.0
-14.0
-17.0
-6.0
-23.0
-8.0
-23.0
-9.0
-1.0
-37.0
-28.0
1.0
-38.0
-56.0
13.0
9.0
22.0
36.0
49.0
50.0
35.0
-5.0
-37.0
6.0
-42.0
-51.0
7.0
15.0
7.0
17.0
22.0
14.0
16.0
-7.0
-21.0
13.0
22.0
0.0
-22.0
-30.0
-29.0
3.0
-7.0
-6.0
13.0
-20.0
4.0
12.0
20.0
17.0
6.0
-10.0
-25.0
-37.0
-63.0
-35.0
-30.0
12.0
25.0
2.0
-4.0
-3.0
-18.0
-18.0
-7.0
-58.0
-19.0
-1.0
-4.0
-7.0
0.0
12.0
0.0
-4.0
-20.0
-51.0
-35.0
20.0
15.0
41.0
49.0
18.0
18.0
40.0
1.0
30.0
37.0
33.0
-13.0
-5.0
-13.0
-33.0
-8.0
9.0
-4.0
-14.0
-18.0
-2.0
-12.0
8.0
0.0
-20.0
-17.0
-53.0
-3.0
-36.0
-13.0
-20.0
-16.0
2.0
9.0
-28.0
-12.0
4.0
-1.0
25.0
0.0
8.0
17.0
20.0
21.0
-8.0
-15.0
-17.0
-37.0
2.0
32.0
2.0
-54.0
-44.0
-42.0
12.0
15.0
-2.0
16.0
-8.0
-8.0
15.0
15.0
14.0
11.0
14.0
14.0
14.0
-24.0
-18.0
-17.0
19.0
10.0
22.0
13.0
21.0
3.0
1.0
-17.0
-14.0
-18.0
27.0
3.0
-20.0
-20.0
-17.0
-10.0
-36.0
-25.0
3.0
12.0
-1.0
2.0
17.0
12.0
7.0
-10.0
-28.0
-39.0
-40.0
-18.0
14.0
-1.0
-1.0
-7.0
5.0
-8.0
-3.0
-19.0
-7.0
-17.0
-2.0
-9.0
-13.0
-8.0
-13.0
-11.0
11.0
-22.0
-11.0
-8.0
0.0
-8.0
-20.0
-14.0
-37.0
-8.0
-1.0
-8.0
16.0
20.0
13.0
4.0
-17.0
-19.0
-26.0
-7.0
17.0
36.0
7.0
-11.0
-9.0
17.0
-8.0
-7.0
10.0
13.0
-12.0
-20.0
4.0
-3.0
22.0
-2.0
-24.0
-15.0
-10.0
-8.0
-10.0
-5.0
27.0
34.0
20.0
-8.0
13.0
2.0
-30.0
-3.0
-26.0
-21.0
-12.0
-9.0
-18.0
-10.0
-8.0
-18.0
-33.0
-71.0
-20.0
4.0
42.0
39.0
-6.0
-3.0
6.0
-1.0
-15.0
-31.0
-46.0
-20.0
-5.0
-7.0
6.0
4.0
-40.0
-44.0
-5.0
4.0
-6.0
6.0
13.0
5.0
32.0
30.0
8.0
7.0
-2.0
14.0
-33.0
-9.0
5.0
2.0
8.0
-2.0
-34.0
-32.0
-15.0
-24.0
0.0
-26.0
-30.0
-18.0
-4.0
0.0
5.0
8.0
-16.0
-30.0
-3.0
7.0
37.0
14.0
16.0
9.0
-40.0
-23.0
-8.0
-19.0
-11.0
11.0
19.0
-2.0
-13.0
-22.0
-17.0
-26.0
-10.0
-8.0
8.0
9.0
6.0
16.0
18.0
16.0
-9.0
-6.0
-27.0
-14.0
-36.0
-18.0
-34.0
-26.0
11.0
-1.0
21.0
26.0
12.0
21.0
44.0
34.0
25.0
12.0
2.0
3.0
4.0
2.0
-15.0
-37.0
-44.0
-17.0
8.0
3.0
-30.0
-17.0
17.0
13.0
-33.0
-18.0
-7.0
-9.0
-10.0
-18.0
-3.0
7.0
-7.0
-9.0
8.0
36.0
-7.0
-17.0
-58.0
-64.0
-69.0
-57.0
23.0
30.0
51.0
77.0
52.0
30.0
-2.0
-39.0
11.0
30.0
-23.0
-20.0
-12.0
-1.0
13.0
-7.0
21.0
-9.0
25.0
19.0
-6.0
4.0
-45.0
-61.0
8.0
20.0
-21.0
-20.0
-37.0
-24.0
-14.0
-22.0
-43.0
-15.0
2.0
28.0
32.0
14.0
25.0
-22.0
-23.0
-13.0
8.0
-14.0
-20.0
-4.0
-33.0
-46.0
-37.0
-29.0
-48.0
-40.0
-9.0
18.0
44.0
10.0
-52.0
-10.0
6.0
-8.0
7.0
6.0
-9.0
15.0
-34.0
-11.0
-24.0
-8.0
1.0
-10.0
-5.0
-5.0
-5.0
0.0
-9.0
15.0
27.0
-1.0
-15.0
5.0
-3.0
-4.0
-10.0
1.0
-5.0
8.0
-15.0
-13.0
7.0
-5.0
-18.0
-24.0
-15.0
-45.0
-36.0
-4.0
-7.0
3.0
42.0
25.0
0.0
-4.0
2.0
6.0
-4.0
-21.0
-33.0
-20.0
-19.0
-23.0
-17.0
-23.0
-41.0
-11.0
17.0
19.0
22.0
34.0
22.0
-10.0
7.0
6.0
-42.0
-38.0
15.0
19.0
-6.0
5.0
11.0
-1.0
-8.0
-14.0
-25.0
-32.0
31.0
13.0
7.0
-26.0
-36.0
-27.0
-29.0
-25.0
-1.0
4.0
30.0
-2.0
-17.0
9.0
-12.0
16.0
-7.0
-6.0
6.0
-4.0
7.0
-12.0
-18.0
-22.0
-32.0
-6.0
-27.0
-30.0
0.0
-14.0
-11.0
0.0
-20.0
-4.0
5.0
15.0
31.0
29.0
-6.0
24.0
9.0
-15.0
-9.0
16.0
19.0
1.0
-8.0
-12.0
0.0
6.0
-16.0
-14.0
-19.0
6.0
-13.0
9.0
-3.0
-3.0
-6.0
-44.0
-24.0
-33.0
1.0
-24.0
-11.0
-10.0
26.0
31.0
22.0
-7.0
9.0
3.0
-5.0
0.0
-9.0
4.0
-15.0
-10.0
3.0
20.0
7.0
8.0
-2.0
16.0
-25.0
19.0
-35.0
-38.0
-44.0
-38.0
-28.0
12.0
18.0
17.0
11.0
11.0
26.0
22.0
-5.0
7.0
17.0
-26.0
-33.0
-18.0
-29.0
-14.0
-9.0
7.0
36.0
13.0
-6.0
11.0
13.0
-6.0
-22.0
-10.0
-5.0
0.0
-1.0
-7.0
-40.0
-29.0
-22.0
-16.0
-7.0
-7.0
8.0
8.0
10.0
-2.0
-5.0
28.0
42.0
-1.0
6.0
-26.0
-56.0
-46.0
-36.0
-4.0
-9.0
-17.0
-5.0
21.0
13.0
-32.0
-24.0
-26.0
-40.0
-26.0
5.0
3.0
47.0
34.0
52.0
37.0
10.0
18.0
-21.0
-19.0
21.0
54.0
17.0
6.0
-19.0
-16.0
-26.0
-24.0
-22.0
-20.0
-31.0
-40.0
-14.0
-22.0
-9.0
-15.0
33.0
30.0
-19.0
-1.0
-30.0
-17.0
-22.0
7.0
0.0
-34.0
-8.0
-5.0
-33.0
-23.0
4.0
18.0
-2.0
22.0
54.0
-12.0
17.0
13.0
-16.0
-67.0
-38.0
13.0
-13.0
-20.0
9.0
28.0
11.0
9.0
4.0
-9.0
-44.0
2.0
-3.0
-55.0
-59.0
-58.0
-17.0
-19.0
27.0
50.0
11.0
13.0
38.0
22.0
49.0
2.0
24.0
17.0
-20.0
-48.0
-57.0
-20.0
-30.0
8.0
1.0
1.0
6.0
12.0
29.0
36.0
-5.0
-10.0
0.0
13.0
-8.0
-14.0
16.0
5.0
-40.0
-9.0
-2.0
-24.0
-6.0
-24.0
-20.0
-9.0
-20.0
-22.0
-38.0
-25.0
-14.0
-9.0
6.0
-5.0
3.0
16.0
-13.0
-26.0
-10.0
-15.0
3.0
-3.0
9.0
-16.0
-17.0
-12.0
-71.0
-69.0
-79.0
-48.0
-7.0
-1.0
24.0
50.0
28.0
-38.0
-55.0
-51.0
-18.0
29.0
29.0
-4.0
35.0
48.0
20.0
11.0
-9.0
-12.0
-12.0
-2.0
48.0
29.0
29.0
26.0
-28.0
-33.0
-44.0
-40.0
-28.0
23.0
23.0
14.0
8.0
0.0
8.0
-26.0
-22.0
-16.0
-35.0
-41.0
-15.0
-7.0
10.0
-2.0
2.0
24.0
-12.0
-16.0
-6.0
-3.0
2.0
12.0
-26.0
-12.0
-20.0
-3.0
-30.0
-33.0
-52.0
-3.0
2.0
25.0
56.0
12.0
-15.0
-10.0
-1.0
2.0
11.0
-22.0
-14.0
-12.0
-28.0
-28.0
-5.0
4.0
4.0
-6.0
29.0
5.0
17.0
2.0
-4.0
-39.0
5.0
12.0
-25.0
-20.0
16.0
12.0
-13.0
3.0
-9.0
-21.0
-5.0
-33.0
-29.0
-21.0
-12.0
-16.0
11.0
-16.0
-41.0
-54.0
-57.0
-9.0
28.0
42.0
37.0
6.0
-2.0
10.0
-1.0
-10.0
9.0
-6.0
9.0
1.0
-26.0
-14.0
-10.0
-18.0
-26.0
-26.0
0.0
-19.0
23.0
23.0
44.0
68.0
52.0
6.0
3.0
1.0
26.0
4.0
0.0
-7.0
11.0
-2.0
-17.0
-33.0
-42.0
13.0
-9.0
-32.0
7.0
12.0
34.0
9.0
-26.0
-8.0
19.0
-5.0
-6.0
1.0
-4.0
-8.0
9.0
-30.0
-39.0
-23.0
5.0
11.0
7.0
8.0
2.0
3.0
-5.0
-4.0
34.0
21.0
18.0
13.0
3.0
4.0
-29.0
-25.0
-12.0
-11.0
7.0
12.0
14.0
-36.0
-39.0
-47.0
-4.0
-5.0
7.0
-36.0
-19.0
-27.0
6.0
28.0
-11.0
-40.0
-6.0
-9.0
19.0
-2.0
-17.0
-15.0
24.0
22.0
16.0
-21.0
-27.0
-29.0
2.0
-12.0
4.0
-61.0
-85.0
-86.0
2.0
34.0
34.0
31.0
32.0
45.0
-4.0
12.0
46.0
39.0
-18.0
6.0
4.0
2.0
-2.0
-12.0
-14.0
-3.0
-13.0
2.0
23.0
15.0
-5.0
-3.0
-20.0
-4.0
-17.0
-11.0
19.0
41.0
16.0
-24.0
-80.0
-87.0
-143.0
-41.0
-14.0
37.0
53.0
51.0
33.0
27.0
7.0
15.0
-28.0
-28.0
-36.0
-105.0
-57.0
0.0
33.0
5.0
-48.0
-46.0
-19.0
20.0
23.0
4.0
-121.0
-112.0
2.0
57.0
44.0
51.0
70.0
73.0
78.0
59.0
35.0
28.0
-11.0
-27.0
-15.0
-19.0
9.0
-18.0
-46.0
-25.0
2.0
-4.0
-14.0
9.0
8.0
8.0
-38.0
-10.0
3.0
-17.0
-29.0
-7.0
28.0
-2.0
-44.0
-45.0
8.0
-2.0
-29.0
-14.0
1.0
7.0
1.0
-16.0
-1.0
1.0
-37.0
1.0
-35.0
-29.0
-32.0
-11.0
-19.0
-5.0
-22.0
-16.0
-29.0
-23.0
-14.0
-11.0
-27.0
-5.0
-8.0
25.0
8.0
3.0
28.0
17.0
28.0
1.0
-34.0
-14.0
-17.0
-2.0
8.0
10.0
24.0
-11.0
-7.0
-1.0
-28.0
1.0
-10.0
-1.0
-8.0
-13.0
-18.0
0.0
8.0
-5.0
-12.0
0.0
-14.0
-20.0
-1.0
0.0
20.0
-8.0
-20.0
-15.0
-9.0
0.0
-16.0
-23.0
-7.0
-10.0
12.0
24.0
34.0
2.0
-8.0
-15.0
-4.0
27.0
-1.0
-3.0
3.0
-8.0
7.0
-7.0
-22.0
-24.0
3.0
-14.0
-39.0
-43.0
-23.0
3.0
-16.0
3.0
-6.0
-1.0
8.0
-2.0
4.0
0.0
-27.0
-52.0
-37.0
-25.0
-1.0
-10.0
-9.0
-13.0
-9.0
-13.0
4.0
-5.0
-7.0
-67.0
5.0
-8.0
-1.0
10.0
30.0
37.0
26.0
9.0
29.0
32.0
25.0
2.0
-3.0
-20.0
6.0
3.0
4.0
-6.0
-16.0
-25.0
-5.0
-11.0
-15.0
-30.0
5.0
3.0
-19.0
-13.0
-20.0
-20.0
20.0
19.0
4.0
27.0
-33.0
-23.0
8.0
-24.0
-20.0
-2.0
-9.0
-9.0
-37.0
-44.0
-19.0
-15.0
9.0
33.0
4.0
-13.0
-18.0
-21.0
-15.0
-4.0
-14.0
-11.0
-9.0
-19.0
-1.0
5.0
20.0
4.0
-9.0
-19.0
-18.0
-23.0
18.0
29.0
-14.0
-21.0
-22.0
1.0
26.0
-2.0
-3.0
-4.0
49.0
11.0
-47.0
-29.0
-16.0
-17.0
4.0
9.0
-14.0
-14.0
-16.0
-12.0
-15.0
19.0
4.0
33.0
18.0
1.0
17.0
6.0
0.0
-10.0
-1.0
-17.0
-16.0
-25.0
-48.0
-45.0
-68.0
-66.0
-24.0
12.0
32.0
35.0
19.0
19.0
16.0
27.0
-9.0
-15.0
-34.0
-3.0
-79.0
-30.0
-22.0
-7.0
-2.0
18.0
-22.0
-30.0
20.0
-20.0
-41.0
-14.0
-18.0
-16.0
-40.0
-24.0
28.0
23.0
25.0
22.0
0.0
-8.0
-29.0
-20.0
-49.0
6.0
29.0
19.0
1.0
-2.0
-19.0
-11.0
-1.0
34.0
2.0
19.0
-19.0
-10.0
2.0
13.0
6.0
7.0
-7.0
-25.0
-28.0
-13.0
-2.0
-1.0
-2.0
-6.0
9.0
-3.0
-6.0
-3.0
15.0
-27.0
-1.0
-4.0
9.0
0.0
-32.0
-8.0
15.0
-22.0
-22.0
-22.0
-28.0
-21.0
-11.0
-47.0
-52.0
4.0
2.0
9.0
17.0
-1.0
0.0
3.0
-1.0
-15.0
-11.0
6.0
6.0
-13.0
-26.0
8.0
10.0
13.0
6.0
5.0
9.0
23.0
24.0
-1.0
-6.0
0.0
2.0
-2.0
-27.0
-16.0
-13.0
-24.0
-9.0
-12.0
-3.0
-3.0
-43.0
-44.0
-31.0
-3.0
4.0
-10.0
10.0
14.0
19.0
38.0
-26.0
-27.0
-7.0
11.0
13.0
-1.0
-13.0
-11.0
10.0
-19.0
-4.0
-5.0
-31.0
-9.0
5.0
0.0
-7.0
-22.0
-38.0
-26.0
8.0
9.0
25.0
-22.0
-42.0
-11.0
-9.0
6.0
1.0
21.0
10.0
10.0
-11.0
-28.0
-15.0
-13.0
-13.0
6.0
5.0
-11.0
-29.0
-29.0
9.0
-1.0
13.0
7.0
11.0
-36.0
-39.0
-38.0
-43.0
-44.0
-31.0
-20.0
5.0
51.0
41.0
23.0
23.0
46.0
-6.0
-8.0
4.0
2.0
-13.0
5.0
2.0
0.0
2.0
-19.0
20.0
9.0
19.0
12.0
-16.0
-7.0
-52.0
-33.0
-2.0
-20.0
-14.0
-3.0
-11.0
-11.0
-21.0
-22.0
-5.0
5.0
21.0
57.0
42.0
41.0
12.0
-6.0
-38.0
-59.0
-53.0
6.0
30.0
24.0
69.0
70.0
2.0
-6.0
-14.0
-19.0
-9.0
-5.0
9.0
-36.0
-114.0
-110.0
-7.0
-4.0
20.0
58.0
19.0
0.0
-15.0
-54.0
-49.0
-50.0
-68.0
-12.0
-3.0
14.0
-39.0
-75.0
-59.0
-18.0
18.0
30.0
1.0
42.0
30.0
41.0
36.0
13.0
15.0
28.0
12.0
10.0
36.0
26.0
20.0
-4.0
2.0
-33.0
-6.0
-4.0
38.0
42.0
4.0
-50.0
-7.0
-50.0
-24.0
17.0
-6.0
-5.0
-8.0
-7.0
-40.0
-68.0
-20.0
-21.0
-10.0
18.0
20.0
-8.0
8.0
11.0
11.0
13.0
3.0
12.0
3.0
7.0
0.0
5.0
21.0
24.0
-22.0
-7.0
-15.0
-24.0
-26.0
-22.0
-22.0
-20.0
-11.0
-19.0
-31.0
37.0
50.0
7.0
-16.0
-7.0
-1.0
-4.0
3.0
-1.0
-22.0
-27.0
12.0
5.0
-25.0
-30.0
-20.0
-7.0
-1.0
1.0
-4.0
-11.0
-19.0
-8.0
7.0
2.0
-19.0
-22.0
-1.0
0.0
-3.0
-26.0
-9.0
11.0
18.0
4.0
-22.0
-19.0
-5.0
-8.0
-14.0
-46.0
-22.0
-14.0
-13.0
26.0
13.0
3.0
25.0
21.0
-2.0
-6.0
-30.0
3.0
27.0
6.0
-11.0
-7.0
-9.0
-15.0
8.0
-7.0
-19.0
2.0
-6.0
20.0
12.0
-15.0
-39.0
-29.0
22.0
2.0
13.0
-6.0
-27.0
-9.0
-8.0
-42.0
2.0
4.0
31.0
-6.0
12.0
7.0
-32.0
-14.0
-6.0
-28.0
-25.0
-23.0
-8.0
-28.0
-6.0
12.0
17.0
1.0
-9.0
-23.0
-2.0
-2.0
-20.0
-7.0
-11.0
-4.0
-36.0
-56.0
-31.0
-11.0
-19.0
-28.0
10.0
20.0
20.0
0.0
16.0
4.0
22.0
37.0
20.0
20.0
14.0
-7.0
2.0
0.0
-4.0
-28.0
-5.0
1.0
-6.0
-11.0
-13.0
-13.0
10.0
29.0
2.0
-1.0
-38.0
-35.0
-16.0
-20.0
4.0
-66.0
-38.0
-12.0
30.0
29.0
-12.0
-28.0
-1.0
-9.0
4.0
18.0
23.0
-3.0
-29.0
4.0
-8.0
3.0
-11.0
-20.0
8.0
-61.0
-3.0
34.0
-4.0
-16.0
-7.0
-30.0
-2.0
-6.0
0.0
-30.0
-24.0
-2.0
-8.0
12.0
-8.0
-24.0
-22.0
-21.0
15.0
10.0
-32.0
-20.0
29.0
37.0
37.0
39.0
10.0
14.0
-16.0
-32.0
-5.0
8.0
-14.0
21.0
-3.0
-28.0
13.0
17.0
-14.0
-10.0
-2.0
-5.0
6.0
-17.0
4.0
-5.0
-20.0
-25.0
-18.0
-10.0
-17.0
-49.0
-69.0
-83.0
-31.0
19.0
-13.0
-17.0
-19.0
-16.0
-35.0
9.0
-12.0
16.0
-6.0
23.0
63.0
61.0
34.0
17.0
-15.0
7.0
12.0
18.0
-1.0
5.0
-2.0
-4.0
3.0
-20.0
-20.0
13.0
-17.0
-21.0
-9.0
-9.0
-16.0
-8.0
6.0
2.0
7.0
11.0
-21.0
-52.0
-23.0
-1.0
-42.0
-41.0
-45.0
-33.0
-17.0
-26.0
23.0
7.0
2.0
32.0
19.0
19.0
32.0
-15.0
-5.0
0.0
-9.0
10.0
-7.0
13.0
7.0
8.0
11.0
-22.0
-14.0
6.0
-3.0
-19.0
4.0
-37.0
-20.0
-26.0
-46.0
12.0
19.0
3.0
-14.0
10.0
-33.0
-34.0
18.0
11.0
37.0
-14.0
-33.0
-30.0
-48.0
-9.0
-21.0
-27.0
51.0
31.0
18.0
17.0
55.0
26.0
-8.0
7.0
-18.0
-19.0
-9.0
-18.0
18.0
-6.0
-23.0
-27.0
-37.0
-9.0
-11.0
21.0
41.0
43.0
48.0
33.0
-17.0
-5.0
-14.0
-23.0
-11.0
-7.0
-5.0
-5.0
-12.0
13.0
10.0
-15.0
-17.0
-20.0
4.0
16.0
17.0
15.0
-27.0
-30.0
-8.0
9.0
-27.0
-28.0
-12.0
-12.0
9.0
7.0
22.0
25.0
-19.0
-24.0
5.0
0.0
-21.0
15.0
9.0
7.0
-16.0
-21.0
13.0
16.0
0.0
-24.0
14.0
5.0
7.0
3.0
-11.0
-25.0
-7.0
-42.0
-24.0
-20.0
8.0
-26.0
-23.0
-24.0
-10.0
21.0
19.0
9.0
-20.0
-14.0
-19.0
-16.0
-26.0
-31.0
-23.0
0.0
-8.0
-20.0
8.0
-19.0
-7.0
-16.0
-21.0
-23.0
17.0
20.0
2.0
3.0
3.0
-5.0
1.0
-13.0
-5.0
-7.0
4.0
-9.0
-23.0
-15.0
-31.0
-12.0
0.0
2.0
13.0
12.0
-10.0
50.0
-15.0
-11.0
39.0
2.0
2.0
-15.0
-19.0
-25.0
-82.0
-74.0
-67.0
-9.0
6.0
12.0
52.0
34.0
64.0
63.0
29.0
4.0
1.0
3.0
-13.0
-26.0
-25.0
-12.0
-35.0
-31.0
-8.0
-16.0
8.0
25.0
-3.0
-14.0
-31.0
3.0
24.0
26.0
6.0
-28.0
-39.0
-40.0
4.0
4.0
5.0
52.0
27.0
34.0
16.0
-13.0
-18.0
-26.0
-23.0
-26.0
-5.0
-40.0
-36.0
-35.0
-25.0
17.0
6.0
-13.0
-7.0
21.0
-36.0
-17.0
35.0
26.0
35.0
9.0
-15.0
-10.0
-6.0
-23.0
-34.0
4.0
-37.0
-45.0
-57.0
-38.0
0.0
19.0
-10.0
-5.0
5.0
-4.0
-4.0
-7.0
8.0
-41.0
-16.0
-18.0
24.0
55.0
25.0
29.0
42.0
40.0
-17.0
-113.0
-22.0
24.0
23.0
34.0
2.0
12.0
-20.0
-20.0
-73.0
-64.0
17.0
49.0
5.0
42.0
28.0
31.0
3.0
11.0
-36.0
-7.0
-5.0
-19.0
-17.0
3.0
-13.0
-23.0
-8.0
-5.0
16.0
35.0
15.0
2.0
1.0
-6.0
-29.0
-39.0
-6.0
-8.0
0.0
-20.0
-16.0
-24.0
-21.0
-9.0
11.0
3.0
-2.0
-13.0
-18.0
5.0
-12.0
20.0
15.0
10.0
22.0
-13.0
4.0
-1.0
-5.0
-14.0
-13.0
-15.0
-6.0
-26.0
-23.0
-32.0
-31.0
-25.0
-1.0
5.0
7.0
-16.0
-13.0
-5.0
11.0
-4.0
-3.0
-3.0
-28.0
-27.0
4.0
-28.0
-25.0
-9.0
3.0
-9.0
35.0
34.0
-11.0
-23.0
-10.0
-16.0
2.0
-29.0
-21.0
-41.0
-18.0
-7.0
9.0
-20.0
-11.0
12.0
27.0
3.0
-7.0
-8.0
-32.0
-24.0
-7.0
-1.0
-3.0
-6.0
-10.0
-10.0
-16.0
-5.0
7.0
7.0
20.0
-10.0
35.0
-22.0
-21.0
-26.0
2.0
11.0
-9.0
-12.0
-23.0
-16.0
21.0
12.0
-22.0
-12.0
-24.0
10.0
-3.0
-6.0
-16.0
-15.0
13.0
-9.0
3.0
20.0
4.0
-26.0
17.0
17.0
-12.0
-7.0
-77.0
-67.0
-6.0
12.0
62.0
3.0
-38.0
-35.0
-10.0
25.0
0.0
-16.0
-16.0
-20.0
31.0
48.0
24.0
28.0
47.0
54.0
44.0
-10.0
-39.0
-11.0
24.0
38.0
10.0
11.0
-16.0
-5.0
-34.0
-19.0
5.0
-3.0
-31.0
-16.0
-34.0
-34.0
-53.0
-32.0
-7.0
32.0
6.0
-9.0
-9.0
-5.0
-32.0
-34.0
-13.0
-10.0
13.0
6.0
-7.0
15.0
1.0
-17.0
-5.0
-4.0
-17.0
-19.0
-20.0
-37.0
-17.0
10.0
-17.0
26.0
19.0
22.0
-13.0
-13.0
0.0
0.0
-12.0
18.0
18.0
4.0
11.0
18.0
20.0
18.0
-5.0
25.0
2.0
6.0
2.0
-32.0
-44.0
-46.0
-28.0
-24.0
-15.0
-33.0
-72.0
-39.0
11.0
29.0
52.0
52.0
31.0
15.0
-9.0
-9.0
-2.0
-9.0
-10.0
8.0
-35.0
-28.0
-46.0
-35.0
-42.0
20.0
50.0
22.0
-2.0
-8.0
-20.0
-16.0
-33.0
-32.0
-15.0
-48.0
-48.0
-13.0
24.0
20.0
14.0
6.0
14.0
19.0
27.0
18.0
-7.0
-11.0
-27.0
-48.0
1.0
3.0
-17.0
-47.0
-37.0
-16.0
-36.0
-33.0
23.0
17.0
12.0
8.0
9.0
15.0
17.0
-30.0
-17.0
-8.0
24.0
-10.0
0.0
-5.0
-17.0
-44.0
-16.0
-15.0
-28.0
-8.0
-48.0
-4.0
35.0
33.0
26.0
51.0
43.0
31.0
22.0
22.0
17.0
-9.0
-55.0
-64.0
-22.0
-17.0
13.0
27.0
9.0
9.0
-14.0
-51.0
-38.0
-34.0
-25.0
-46.0
-30.0
-1.0
-4.0
5.0
19.0
29.0
17.0
17.0
10.0
3.0
-11.0
-15.0
-6.0
-7.0
27.0
21.0
-2.0
2.0
-19.0
-48.0
-6.0
-25.0
6.0
-15.0
-57.0
-60.0
-41.0
-31.0
-52.0
-40.0
-7.0
-4.0
71.0
64.0
16.0
-29.0
-3.0
4.0
17.0
7.0
-28.0
-19.0
56.0
10.0
4.0
-24.0
-7.0
-11.0
-26.0
-13.0
10.0
-20.0
-4.0
34.0
32.0
40.0
13.0
12.0
13.0
10.0
-12.0
9.0
19.0
-4.0
-12.0
-2.0
6.0
5.0
-10.0
-20.0
-27.0
-49.0
-48.0
-32.0
13.0
24.0
28.0
27.0
14.0
14.0
-3.0
46.0
-18.0
-44.0
-31.0
-26.0
2.0
2.0
23.0
-4.0
30.0
-15.0
-29.0
-29.0
-25.0
-7.0
-51.0
-62.0
6.0
69.0
26.0
-1.0
4.0
-31.0
-51.0
5.0
23.0
22.0
0.0
24.0
30.0
1.0
-40.0
4.0
-23.0
-7.0
-9.0
-11.0
2.0
-31.0
-15.0
-45.0
2.0
-15.0
15.0
50.0
45.0
43.0
5.0
-48.0
-32.0
-9.0
-15.0
11.0
0.0
-10.0
49.0
50.0
-14.0
26.0
2.0
16.0
-8.0
-11.0
-4.0
11.0
-12.0
-15.0
-3.0
-20.0
-10.0
-7.0
-8.0
-8.0
2.0
-15.0
-20.0
-20.0
-5.0
-28.0
-13.0
-16.0
-27.0
-3.0
9.0
32.0
-20.0
-20.0
-49.0
-22.0
12.0
45.0
-13.0
11.0
9.0
-1.0
-3.0
-4.0
-3.0
-28.0
-37.0
-23.0
-5.0
-1.0
-2.0
4.0
17.0
24.0
30.0
20.0
20.0
4.0
-15.0
-6.0
-15.0
-8.0
-6.0
-3.0
5.0
8.0
1.0
5.0
-19.0
-48.0
-32.0
-39.0
-77.0
-82.0
-92.0
-27.0
40.0
37.0
52.0
54.0
36.0
-12.0
-9.0
-24.0
-20.0
4.0
10.0
2.0
-2.0
21.0
3.0
-43.0
-61.0
-70.0
-28.0
5.0
54.0
38.0
22.0
8.0
21.0
11.0
-4.0
-9.0
4.0
-16.0
-13.0
-39.0
-35.0
-24.0
-6.0
-7.0
-28.0
-21.0
-14.0
9.0
16.0
-2.0
5.0
-32.0
-34.0
-9.0
-6.0
-7.0
-5.0
-28.0
-3.0
25.0
30.0
20.0
-5.0
22.0
4.0
2.0
-15.0
-32.0
-16.0
-35.0
-12.0
0.0
12.0
34.0
20.0
12.0
1.0
13.0
-13.0
4.0
1.0
-26.0
5.0
-2.0
-20.0
-24.0
-26.0
-32.0
-21.0
-7.0
-17.0
11.0
-8.0
-10.0
16.0
16.0
-28.0
-32.0
-27.0
6.0
28.0
24.0
18.0
11.0
-5.0
-2.0
-28.0
0.0
6.0
-3.0
11.0
-6.0
-1.0
12.0
-4.0
-1.0
-13.0
-24.0
-20.0
-14.0
11.0
0.0
10.0
50.0
5.0
9.0
14.0
-5.0
-19.0
-37.0
-10.0
5.0
-10.0
-6.0
-10.0
-19.0
-9.0
-33.0
-27.0
-16.0
-2.0
5.0
-3.0
6.0
18.0
31.0
15.0
16.0
-17.0
-9.0
2.0
17.0
-5.0
-17.0
11.0
18.0
-50.0
-55.0
-15.0
23.0
4.0
-20.0
10.0
-1.0
-9.0
-2.0
-19.0
32.0
16.0
-9.0
2.0
-22.0
-7.0
26.0
-1.0
-4.0
-56.0
-47.0
-4.0
11.0
-27.0
-25.0
10.0
22.0
17.0
14.0
64.0
23.0
-12.0
-53.0
-18.0
-15.0
2.0
-11.0
-35.0
-40.0
-37.0
-30.0
-42.0
-29.0
-35.0
-40.0
-52.0
-1.0
28.0
28.0
34.0
7.0
27.0
23.0
17.0
-18.0
13.0
-33.0
-13.0
-16.0
25.0
62.0
26.0
-7.0
-15.0
-5.0
8.0
26.0
-11.0
-19.0
-35.0
-40.0
-11.0
41.0
21.0
62.0
37.0
-30.0
-9.0
-3.0
-29.0
-40.0
-32.0
-72.0
-40.0
19.0
45.0
55.0
-11.0
-19.0
-15.0
7.0
22.0
42.0
-10.0
-4.0
-71.0
-68.0
-11.0
-8.0
21.0
45.0
44.0
35.0
3.0
10.0
0.0
17.0
-15.0
-14.0
-3.0
-4.0
10.0
11.0
-20.0
-41.0
-46.0
-9.0
-17.0
-21.0
-30.0
-28.0
-14.0
29.0
29.0
13.0
26.0
-2.0
11.0
5.0
-26.0
-10.0
-14.0
-8.0
-18.0
-8.0
-17.0
-10.0
-38.0
-42.0
-68.0
-27.0
3.0
37.0
8.0
-8.0
-6.0
16.0
-7.0
-3.0
-32.0
-19.0
6.0
-34.0
-4.0
-2.0
7.0
12.0
8.0
12.0
0.0
-17.0
-30.0
-36.0
5.0
11.0
22.0
24.0
-7.0
8.0
15.0
-26.0
-33.0
17.0
25.0
-6.0
26.0
3.0
-18.0
-16.0
4.0
11.0
-15.0
-5.0
-20.0
-4.0
11.0
36.0
12.0
12.0
-21.0
-9.0
8.0
9.0
18.0
37.0
-20.0
-35.0
-35.0
-38.0
-19.0
-12.0
4.0
26.0
6.0
11.0
-7.0
-15.0
-15.0
-7.0
-3.0
-7.0
-8.0
-43.0
-28.0
-3.0
-16.0
13.0
6.0
3.0
-10.0
-13.0
-21.0
-31.0
-10.0
-27.0
-34.0
-12.0
18.0
22.0
-5.0
17.0
7.0
9.0
35.0
-23.0
14.0
8.0
15.0
9.0
-15.0
-13.0
11.0
26.0
15.0
-23.0
-12.0
-25.0
-39.0
-38.0
-6.0
-5.0
-22.0
-30.0
-22.0
-1.0
12.0
28.0
9.0
13.0
-4.0
-18.0
-11.0
-46.0
1.0
1.0
6.0
-12.0
-1.0
-2.0
0.0
4.0
-22.0
-9.0
-9.0
-17.0
2.0
-9.0
3.0
5.0
-13.0
0.0
-2.0
-3.0
29.0
51.0
-7.0
1.0
34.0
37.0
-27.0
-42.0
-31.0
10.0
5.0
-8.0
15.0
-10.0
-6.0
4.0
21.0
-7.0
-38.0
-13.0
-38.0
-15.0
-3.0
-47.0
-25.0
-19.0
-20.0
16.0
-13.0
10.0
-3.0
-2.0
-14.0
18.0
2.0
-3.0
8.0
-13.0
20.0
-56.0
19.0
13.0
6.0
35.0
1.0
2.0
-9.0
-5.0
-57.0
-42.0
-45.0
-18.0
15.0
11.0
34.0
43.0
2.0
31.0
12.0
20.0
22.0
27.0
-20.0
1.0
15.0
8.0
18.0
-26.0
-24.0
-17.0
-36.0
-12.0
-28.0
-1.0
-2.0
7.0
-12.0
-19.0
-42.0
19.0
15.0
7.0
-6.0
-9.0
-11.0
-6.0
3.0
-7.0
7.0
1.0
-26.0
-20.0
-12.0
-20.0
1.0
0.0
22.0
-6.0
2.0
16.0
21.0
13.0
-7.0
-12.0
-21.0
-24.0
-35.0
-28.0
-11.0
-6.0
9.0
5.0
3.0
35.0
-15.0
-5.0
-17.0
-15.0
-11.0
-6.0
3.0
-25.0
-6.0
-1.0
-6.0
1.0
25.0
9.0
23.0
-5.0
-19.0
-27.0
-28.0
-15.0
25.0
18.0
-1.0
-13.0
-6.0
4.0
-12.0
6.0
-2.0
-2.0
-27.0
-27.0
-5.0
-14.0
16.0
4.0
3.0
-5.0
-5.0
-28.0
-11.0
-28.0
-16.0
6.0
29.0
21.0
20.0
4.0
6.0
-70.0
-71.0
-70.0
-67.0
-28.0
-18.0
17.0
24.0
9.0
-28.0
-34.0
-28.0
-17.0
24.0
57.0
54.0
44.0
17.0
41.0
-3.0
1.0
19.0
18.0
-2.0
-11.0
4.0
7.0
6.0
-5.0
-7.0
39.0
-8.0
-3.0
-101.0
0.0
-13.0
-38.0
16.0
6.0
-16.0
18.0
17.0
20.0
2.0
17.0
1.0
8.0
8.0
-25.0
-17.0
-17.0
-21.0
-21.0
-29.0
-24.0
-25.0
-23.0
26.0
10.0
9.0
-20.0
-5.0
-11.0
-24.0
10.0
8.0
-5.0
12.0
9.0
11.0
0.0
-28.0
-19.0
-8.0
7.0
15.0
-7.0
-16.0
12.0
-15.0
-19.0
-6.0
-9.0
11.0
21.0
4.0
7.0
21.0
21.0
-11.0
-16.0
-24.0
-22.0
-35.0
2.0
-32.0
-47.0
-19.0
-15.0
-27.0
-5.0
0.0
8.0
-5.0
-55.0
-36.0
-16.0
-7.0
-24.0
1.0
-21.0
-18.0
-19.0
11.0
36.0
40.0
47.0
3.0
-9.0
-17.0
-6.0
-8.0
-8.0
26.0
29.0
-10.0
-16.0
-36.0
-6.0
-4.0
-48.0
-10.0
-11.0
2.0
-9.0
-19.0
-48.0
-21.0
-22.0
-10.0
-3.0
22.0
23.0
19.0
-7.0
16.0
-15.0
1.0
-1.0
-19.0
8.0
13.0
8.0
-8.0
-8.0
-13.0
-5.0
18.0
-1.0
-27.0
-42.0
-20.0
-25.0
-13.0
-9.0
3.0
-9.0
-7.0
-20.0
-18.0
21.0
16.0
14.0
-44.0
-13.0
-19.0
-16.0
-16.0
2.0
33.0
56.0
11.0
8.0
14.0
21.0
20.0
-21.0
-53.0
18.0
18.0
-10.0
-16.0
-17.0
-20.0
9.0
26.0
10.0
-34.0
-12.0
-6.0
-35.0
-2.0
-2.0
-81.0
-27.0
-7.0
-18.0
19.0
38.0
35.0
4.0
13.0
11.0
-15.0
25.0
35.0
10.0
-21.0
-31.0
-18.0
-48.0
-26.0
-26.0
-6.0
31.0
44.0
-2.0
21.0
16.0
14.0
-4.0
3.0
0.0
6.0
4.0
0.0
-9.0
21.0
-23.0
-22.0
-13.0
-18.0
-13.0
20.0
23.0
-14.0
-41.0
-12.0
-27.0
-22.0
-39.0
-13.0
-25.0
13.0
-23.0
-21.0
-40.0
10.0
27.0
16.0
24.0
4.0
10.0
-23.0
-22.0
11.0
-11.0
7.0
37.0
15.0
10.0
5.0
3.0
-43.0
-12.0
23.0
-26.0
-26.0
-26.0
26.0
-18.0
-3.0
-1.0
14.0
-1.0
17.0
-3.0
-39.0
-29.0
-17.0
4.0
-6.0
-7.0
-7.0
0.0
-7.0
-39.0
5.0
12.0
19.0
10.0
-8.0
-9.0
2.0
-3.0
-21.0
-40.0
-35.0
0.0
-13.0
0.0
12.0
6.0
16.0
23.0
6.0
-24.0
-29.0
10.0
4.0
-5.0
-16.0
-28.0
-17.0
-13.0
26.0
1.0
22.0
13.0
1.0
6.0
-23.0
-21.0
-14.0
-23.0
-21.0
-56.0
-24.0
-30.0
-51.0
-19.0
-6.0
-9.0
23.0
32.0
-2.0
-19.0
-3.0
23.0
25.0
32.0
17.0
12.0
10.0
-12.0
6.0
-31.0
-37.0
-40.0
-39.0
18.0
-18.0
-9.0
-3.0
35.0
19.0
2.0
1.0
3.0
24.0
32.0
-34.0
-39.0
-46.0
-33.0
-22.0
-32.0
-19.0
19.0
-10.0
-3.0
-7.0
-12.0
-14.0
55.0
35.0
-19.0
-8.0
-4.0
-1.0
-15.0
-36.0
-45.0
8.0
15.0
1.0
-15.0
-38.0
-11.0
0.0
9.0
2.0
4.0
21.0
38.0
29.0
22.0
-5.0
-22.0
-3.0
6.0
-13.0
-9.0
-15.0
-12.0
-20.0
-5.0
-5.0
12.0
-15.0
-13.0
-37.0
-38.0
-33.0
-16.0
0.0
20.0
42.0
25.0
12.0
-9.0
-1.0
-4.0
8.0
7.0
4.0
-25.0
-16.0
-19.0
-11.0
-22.0
-9.0
-14.0
18.0
-4.0
33.0
-12.0
-15.0
-27.0
-17.0
-3.0
-9.0
-11.0
4.0
22.0
3.0
10.0
-27.0
-35.0
-53.0
-30.0
18.0
22.0
9.0
22.0
27.0
-17.0
-31.0
-7.0
-6.0
-9.0
-21.0
-20.0
-1.0
-18.0
23.0
-7.0
-35.0
-30.0
-13.0
0.0
-22.0
-25.0
-15.0
0.0
-9.0
-15.0
9.0
30.0
-27.0
-16.0
-24.0
-22.0
-1.0
18.0
-11.0
-17.0
-12.0
2.0
12.0
-4.0
1.0
-4.0
-7.0
16.0
0.0
35.0
1.0
-6.0
16.0
-3.0
-22.0
-21.0
-27.0
-25.0
-50.0
-4.0
-12.0
-41.0
-3.0
32.0
21.0
22.0
-22.0
23.0
25.0
1.0
-12.0
-4.0
-52.0
-3.0
9.0
2.0
-13.0
14.0
22.0
-4.0
-6.0
-9.0
-17.0
0.0
14.0
13.0
15.0
23.0
1.0
-14.0
-2.0
-12.0
6.0
3.0
-3.0
14.0
29.0
14.0
-19.0
2.0
-44.0
-30.0
-10.0
2.0
18.0
18.0
12.0
10.0
-10.0
-1.0
5.0
-17.0
12.0
-19.0
-49.0
-58.0
-123.0
-60.0
26.0
54.0
64.0
54.0
27.0
-1.0
-35.0
-33.0
11.0
-22.0
-31.0
0.0
-2.0
-24.0
7.0
26.0
47.0
48.0
27.0
1.0
-12.0
-26.0
19.0
-12.0
2.0
-22.0
-39.0
-38.0
-6.0
45.0
34.0
-11.0
-29.0
-20.0
-6.0
-16.0
10.0
16.0
-10.0
-12.0
-30.0
-82.0
-114.0
-23.0
-7.0
19.0
12.0
15.0
18.0
7.0
4.0
9.0
43.0
14.0
9.0
14.0
36.0
34.0
37.0
29.0
-13.0
-2.0
-33.0
-19.0
7.0
14.0
19.0
14.0
-13.0
-9.0
-20.0
0.0
18.0
-24.0
-3.0
4.0
-24.0
-25.0
-34.0
-40.0
-12.0
-6.0
-39.0
-49.0
-33.0
-21.0
-2.0
-2.0
-6.0
-2.0
39.0
32.0
14.0
-40.0
-25.0
5.0
0.0
7.0
15.0
1.0
0.0
16.0
-33.0
-52.0
-22.0
-27.0
-18.0
-17.0
-22.0
-6.0
11.0
31.0
25.0
36.0
13.0
-27.0
16.0
27.0
10.0
-12.0
-11.0
-10.0
-74.0
-106.0
-45.0
7.0
35.0
34.0
14.0
-1.0
-33.0
-2.0
20.0
28.0
31.0
20.0
19.0
18.0
-4.0
4.0
-25.0
1.0
-9.0
18.0
-16.0
-5.0
-40.0
-46.0
-15.0
-30.0
-25.0
-59.0
-2.0
20.0
9.0
33.0
10.0
8.0
5.0
-28.0
-29.0
-33.0
-7.0
1.0
-9.0
7.0
28.0
23.0
-6.0
-3.0
17.0
-8.0
-9.0
-3.0
-8.0
-32.0
-18.0
-17.0
-9.0
14.0
33.0
43.0
20.0
21.0
-28.0
-26.0
-7.0
-1.0
-7.0
12.0
-7.0
6.0
-36.0
27.0
-2.0
6.0
0.0
2.0
-10.0
-6.0
-6.0
18.0
-14.0
-22.0
13.0
13.0
0.0
-1.0
10.0
0.0
1.0
-47.0
-33.0
-13.0
15.0
-1.0
-6.0
-7.0
-6.0
-32.0
-10.0
-5.0
2.0
8.0
25.0
20.0
18.0
22.0
-15.0
11.0
-26.0
-45.0
-41.0
12.0
13.0
-2.0
-20.0
-22.0
-38.0
14.0
-10.0
12.0
-2.0
-15.0
-73.0
-57.0
-15.0
-23.0
-3.0
24.0
8.0
57.0
-13.0
-12.0
-13.0
8.0
13.0
13.0
16.0
33.0
10.0
-1.0
-10.0
-15.0
-11.0
4.0
-15.0
-15.0
1.0
-20.0
0.0
-8.0
2.0
43.0
3.0
-37.0
14.0
20.0
11.0
7.0
2.0
11.0
3.0
14.0
-9.0
-12.0
-35.0
-27.0
-20.0
-22.0
-28.0
-16.0
6.0
9.0
13.0
13.0
-4.0
-5.0
-34.0
-31.0
-3.0
-1.0
1.0
-13.0
-6.0
-16.0
22.0
34.0
32.0
3.0
-19.0
-36.0
0.0
-46.0
-24.0
19.0
30.0
33.0
17.0
10.0
-9.0
10.0
-3.0
-1.0
-15.0
-15.0
-21.0
-27.0
-8.0
-22.0
-19.0
2.0
28.0
-7.0
-6.0
-61.0
-61.0
-63.0
-19.0
8.0
23.0
33.0
46.0
9.0
-14.0
-10.0
11.0
18.0
29.0
21.0
18.0
-13.0
2.0
-29.0
-19.0
12.0
20.0
-4.0
-34.0
-62.0
-58.0
-24.0
13.0
18.0
19.0
14.0
-7.0
-8.0
-15.0
7.0
-1.0
-22.0
19.0
0.0
32.0
29.0
-1.0
8.0
-36.0
-57.0
-15.0
-27.0
-73.0
-17.0
-61.0
30.0
72.0
74.0
33.0
-4.0
-2.0
0.0
-10.0
-26.0
-33.0
9.0
-1.0
4.0
8.0
-6.0
-10.0
0.0
17.0
-9.0
-7.0
-13.0
-48.0
-39.0
-8.0
-7.0
11.0
4.0
-33.0
-29.0
1.0
13.0
4.0
18.0
-19.0
-16.0
-15.0
-19.0
6.0
-13.0
48.0
16.0
-1.0
0.0
-10.0
-12.0
-7.0
15.0
-12.0
-47.0
2.0
12.0
-21.0
-21.0
-16.0
-36.0
-16.0
-23.0
-17.0
59.0
59.0
-7.0
-31.0
-38.0
-38.0
-24.0
-27.0
42.0
2.0
24.0
6.0
10.0
-20.0
-22.0
-23.0
-25.0
-23.0
-15.0
-42.0
32.0
11.0
12.0
-24.0
-24.0
-16.0
-29.0
-28.0
4.0
12.0
-7.0
-30.0
-35.0
-19.0
-19.0
-8.0
16.0
-10.0
4.0
1.0
-7.0
2.0
8.0
6.0
5.0
-15.0
-9.0
-44.0
-24.0
-36.0
-24.0
-19.0
-11.0
11.0
9.0
20.0
7.0
-24.0
15.0
8.0
19.0
-9.0
-31.0
-13.0
-18.0
-10.0
24.0
26.0
29.0
7.0
15.0
9.0
6.0
34.0
31.0
6.0
-19.0
-27.0
0.0
10.0
-27.0
-2.0
-52.0
-16.0
-24.0
-8.0
-9.0
17.0
-22.0
-8.0
-23.0
-26.0
5.0
6.0
1.0
-24.0
-31.0
-36.0
-23.0
-25.0
-40.0
-106.0
-58.0
30.0
33.0
22.0
71.0
41.0
7.0
18.0
-24.0
-11.0
-8.0
61.0
64.0
34.0
62.0
36.0
41.0
32.0
-17.0
20.0
2.0
5.0
-3.0
-20.0
0.0
10.0
-28.0
-54.0
-15.0
4.0
-33.0
-24.0
-21.0
-39.0
-33.0
20.0
-10.0
-9.0
-13.0
-1.0
-18.0
-1.0
-1.0
3.0
13.0
0.0
-34.0
-53.0
-27.0
2.0
16.0
31.0
32.0
5.0
0.0
16.0
-7.0
-27.0
-25.0
18.0
6.0
7.0
3.0
-25.0
-24.0
-20.0
-21.0
-20.0
-8.0
-8.0
-8.0
-18.0
-19.0
5.0
-11.0
26.0
-14.0
-13.0
-14.0
-13.0
3.0
6.0
6.0
5.0
-15.0
-3.0
-21.0
-15.0
-18.0
-8.0
13.0
3.0
4.0
0.0
9.0
-13.0
-21.0
-15.0
-17.0
-19.0
5.0
1.0
-1.0
53.0
-7.0
-14.0
-5.0
-52.0
-29.0
12.0
-40.0
-18.0
-19.0
37.0
-36.0
-9.0
-10.0
-24.0
-12.0
21.0
19.0
15.0
17.0
4.0
-32.0
-34.0
-37.0
-49.0
31.0
74.0
48.0
22.0
9.0
49.0
42.0
0.0
2.0
-17.0
-14.0
-31.0
-13.0
-11.0
-15.0
8.0
15.0
-15.0
-2.0
-18.0
-24.0
2.0
-24.0
-47.0
-45.0
-29.0
-17.0
4.0
7.0
-9.0
-10.0
-9.0
-19.0
-27.0
-29.0
-7.0
11.0
18.0
2.0
18.0
-2.0
-32.0
-25.0
-5.0
6.0
16.0
-7.0
-12.0
-24.0
19.0
8.0
5.0
8.0
14.0
15.0
13.0
18.0
-5.0
-31.0
10.0
-5.0
-8.0
-8.0
-7.0
-2.0
17.0
0.0
11.0
-9.0
-28.0
-53.0
-63.0
-2.0
15.0
17.0
-3.0
-18.0
19.0
5.0
8.0
9.0
4.0
40.0
-13.0
-5.0
-14.0
42.0
-23.0
-35.0
-38.0
-31.0
-10.0
-8.0
-12.0
-3.0
-4.0
-10.0
-5.0
-17.0
-15.0
-10.0
-23.0
-13.0
-18.0
-17.0
-16.0
-16.0
-41.0
8.0
10.0
7.0
-2.0
35.0
11.0
5.0
-45.0
1.0
-5.0
-31.0
4.0
10.0
28.0
21.0
19.0
18.0
4.0
-20.0
-5.0
-39.0
-7.0
-48.0
-39.0
-9.0
-15.0
-9.0
10.0
4.0
-42.0
-37.0
12.0
65.0
21.0
41.0
29.0
29.0
1.0
23.0
-54.0
-61.0
-37.0
-20.0
-16.0
7.0
-12.0
-5.0
4.0
12.0
7.0
1.0
15.0
25.0
8.0
32.0
-7.0
-14.0
-19.0
3.0
6.0
18.0
32.0
11.0
-23.0
0.0
1.0
0.0
-2.0
-22.0
-45.0
-19.0
20.0
20.0
0.0
-18.0
-31.0
-44.0
6.0
16.0
-21.0
-11.0
1.0
-7.0
8.0
14.0
-2.0
-1.0
-18.0
-2.0
8.0
4.0
11.0
4.0
-3.0
33.0
7.0
8.0
-12.0
-38.0
-13.0
-9.0
-30.0
-7.0
-5.0
-18.0
-28.0
-28.0
-12.0
16.0
-79.0
-59.0
-13.0
7.0
11.0
22.0
32.0
31.0
-5.0
29.0
30.0
35.0
-8.0
27.0
14.0
12.0
-15.0
-13.0
-13.0
-2.0
-20.0
-14.0
-49.0
-79.0
-21.0
-35.0
8.0
5.0
-3.0
41.0
28.0
-4.0
1.0
-28.0
19.0
22.0
16.0
8.0
-9.0
-26.0
-10.0
-8.0
-4.0
-15.0
-13.0
2.0
-12.0
-16.0
4.0
9.0
15.0
-15.0
2.0
-18.0
1.0
-27.0
-11.0
-15.0
-5.0
-11.0
-6.0
14.0
11.0
11.0
16.0
6.0
-26.0
-20.0
-15.0
4.0
-17.0
6.0
16.0
30.0
-5.0
22.0
-3.0
-9.0
-38.0
-29.0
-23.0
-1.0
9.0
48.0
17.0
-5.0
-3.0
3.0
-2.0
-5.0
8.0
-10.0
-15.0
5.0
-7.0
-26.0
-15.0
-10.0
2.0
6.0
6.0
-35.0
-34.0
19.0
9.0
38.0
65.0
69.0
11.0
37.0
-29.0
-29.0
-38.0
3.0
-49.0
-33.0
-4.0
-1.0
-16.0
29.0
10.0
-16.0
4.0
-34.0
-26.0
1.0
9.0
10.0
-19.0
-18.0
1.0
17.0
-18.0
-16.0
-24.0
-6.0
-3.0
3.0
0.0
-4.0
25.0
-38.0
-5.0
-2.0
4.0
-1.0
-5.0
-11.0
-24.0
-41.0
18.0
7.0
6.0
3.0
13.0
7.0
21.0
28.0
24.0
19.0
3.0
-63.0
-50.0
-4.0
-18.0
-19.0
-35.0
-37.0
-9.0
6.0
15.0
-22.0
-1.0
-18.0
-26.0
21.0
9.0
17.0
-20.0
23.0
-7.0
18.0
9.0
-11.0
-50.0
-120.0
-79.0
-71.0
-1.0
38.0
32.0
38.0
49.0
35.0
15.0
19.0
21.0
18.0
-9.0
19.0
-28.0
-70.0
-86.0
-57.0
19.0
36.0
76.0
68.0
40.0
14.0
-10.0
2.0
-13.0
-18.0
-26.0
-43.0
-14.0
-13.0
-43.0
-24.0
-39.0
5.0
11.0
40.0
46.0
24.0
11.0
10.0
-3.0
-14.0
-15.0
10.0
-11.0
27.0
34.0
-24.0
-24.0
-28.0
-9.0
-2.0
28.0
-26.0
-3.0
-17.0
-30.0
-7.0
18.0
15.0
30.0
-12.0
4.0
-27.0
2.0
-7.0
-17.0
-18.0
-12.0
-18.0
-8.0
1.0
-16.0
-26.0
10.0
11.0
-7.0
-3.0
-2.0
4.0
-31.0
11.0
6.0
-17.0
13.0
3.0
-10.0
9.0
-2.0
-1.0
-17.0
-25.0
-7.0
-24.0
12.0
-6.0
15.0
16.0
-7.0
-16.0
-2.0
-20.0
-20.0
-24.0
-19.0
-19.0
14.0
-18.0
9.0
6.0
-11.0
27.0
-2.0
-6.0
37.0
43.0
-24.0
18.0
-47.0
-42.0
-32.0
-65.0
-41.0
-7.0
-17.0
-2.0
25.0
12.0
-9.0
-9.0
-1.0
-9.0
26.0
31.0
11.0
-17.0
-7.0
-21.0
10.0
10.0
19.0
22.0
26.0
21.0
-3.0
1.0
12.0
31.0
6.0
5.0
7.0
-15.0
-23.0
-26.0
2.0
21.0
-64.0
-16.0
25.0
32.0
-4.0
15.0
-3.0
-11.0
-22.0
-30.0
-37.0
-37.0
-32.0
-43.0
-24.0
-4.0
12.0
18.0
-1.0
-17.0
11.0
-25.0
-34.0
-25.0
-21.0
0.0
7.0
-1.0
26.0
11.0
-1.0
-36.0
12.0
17.0
41.0
-18.0
-29.0
-68.0
-30.0
-40.0
4.0
16.0
15.0
22.0
1.0
-55.0
-1.0
2.0
-34.0
-62.0
2.0
25.0
21.0
19.0
15.0
10.0
24.0
27.0
11.0
31.0
7.0
21.0
9.0
11.0
-36.0
-38.0
-20.0
1.0
7.0
-10.0
5.0
8.0
1.0
-5.0
-27.0
-56.0
-15.0
-19.0
-19.0
-30.0
-18.0
-4.0
5.0
7.0
-45.0
-17.0
-1.0
-46.0
-92.0
4.0
72.0
65.0
51.0
51.0
19.0
14.0
12.0
20.0
7.0
-37.0
-14.0
-19.0
-4.0
-6.0
24.0
20.0
-13.0
0.0
3.0
1.0
11.0
9.0
-25.0
-29.0
-26.0
-25.0
-14.0
-6.0
-21.0
8.0
18.0
-25.0
-30.0
-31.0
-21.0
-17.0
-42.0
39.0
64.0
44.0
46.0
21.0
-43.0
-47.0
-15.0
4.0
-29.0
-27.0
-34.0
6.0
-30.0
-45.0
-11.0
-6.0
-3.0
-24.0
-32.0
-46.0
-63.0
-27.0
50.0
74.0
50.0
49.0
38.0
5.0
20.0
28.0
45.0
6.0
-24.0
-14.0
-15.0
-15.0
-11.0
-2.0
11.0
3.0
-10.0
28.0
40.0
47.0
-9.0
-12.0
-27.0
-13.0
6.0
-4.0
-67.0
-22.0
3.0
-41.0
-4.0
-16.0
-27.0
-33.0
-15.0
12.0
-12.0
-31.0
-70.0
-22.0
-10.0
-12.0
-11.0
-17.0
-24.0
22.0
-16.0
5.0
3.0
18.0
5.0
4.0
-18.0
-17.0
5.0
-2.0
4.0
5.0
6.0
-4.0
18.0
27.0
15.0
1.0
-7.0
-14.0
-10.0
-1.0
5.0
-31.0
-37.0
-42.0
-21.0
-59.0
0.0
-1.0
27.0
21.0
-19.0
-42.0
-32.0
-28.0
-10.0
24.0
12.0
16.0
-3.0
-11.0
7.0
15.0
0.0
1.0
-2.0
-7.0
-1.0
8.0
0.0
16.0
16.0
1.0
0.0
-2.0
-9.0
-19.0
-57.0
-85.0
-21.0
-5.0
12.0
12.0
31.0
18.0
-5.0
-20.0
-32.0
-63.0
-43.0
-9.0
40.0
30.0
18.0
24.0
-7.0
1.0
-106.0
-78.0
10.0
51.0
39.0
42.0
5.0
0.0
-33.0
-10.0
-22.0
23.0
-9.0
32.0
-4.0
43.0
1.0
-7.0
15.0
-5.0
19.0
-40.0
9.0
-10.0
-24.0
-18.0
35.0
37.0
0.0
-23.0
-25.0
-7.0
20.0
14.0
-10.0
-21.0
-22.0
-30.0
-7.0
6.0
-11.0
-50.0
-23.0
-22.0
3.0
26.0
8.0
12.0
-13.0
-34.0
-1.0
29.0
-4.0
-14.0
1.0
32.0
24.0
16.0
-28.0
-38.0
21.0
13.0
-11.0
7.0
-3.0
-47.0
-26.0
-23.0
0.0
10.0
3.0
23.0
0.0
-5.0
-2.0
32.0
14.0
10.0
23.0
29.0
-16.0
-38.0
-4.0
-34.0
-20.0
-16.0
-26.0
-24.0
-5.0
2.0
25.0
17.0
9.0
26.0
15.0
-12.0
4.0
4.0
-7.0
-10.0
-21.0
10.0
-16.0
-36.0
-6.0
-13.0
6.0
9.0
14.0
-9.0
6.0
28.0
-16.0
-4.0
23.0
-3.0
-44.0
-49.0
-69.0
-48.0
-11.0
-5.0
-40.0
-7.0
1.0
-5.0
4.0
8.0
-24.0
-19.0
-57.0
-65.0
-52.0
-10.0
16.0
26.0
17.0
22.0
1.0
9.0
13.0
32.0
22.0
11.0
25.0
14.0
30.0
30.0
-6.0
20.0
11.0
-13.0
-11.0
-5.0
13.0
-38.0
-50.0
-56.0
-13.0
-12.0
-3.0
-1.0
4.0
2.0
17.0
-7.0
-2.0
-4.0
3.0
-9.0
-17.0
-19.0
7.0
-48.0
-24.0
-2.0
-2.0
5.0
13.0
-50.0
-24.0
32.0
9.0
-18.0
-32.0
-32.0
-48.0
-50.0
-7.0
-1.0
-11.0
1.0
-10.0
3.0
-6.0
-9.0
5.0
6.0
23.0
13.0
5.0
18.0
4.0
3.0
-11.0
20.0
18.0
17.0
14.0
6.0
-23.0
-33.0
-57.0
-12.0
-29.0
-29.0
-13.0
-13.0
12.0
8.0
28.0
41.0
18.0
-2.0
23.0
4.0
6.0
1.0
-43.0
-9.0
-23.0
-26.0
-24.0
-5.0
15.0
21.0
-7.0
-6.0
-46.0
-10.0
21.0
11.0
3.0
32.0
27.0
20.0
-6.0
-7.0
-5.0
-18.0
3.0
-23.0
-37.0
-61.0
-11.0
-7.0
7.0
9.0
19.0
-2.0
-13.0
18.0
-3.0
9.0
-11.0
-10.0
9.0
4.0
-34.0
-37.0
-42.0
-33.0
18.0
24.0
41.0
4.0
10.0
10.0
9.0
-6.0
11.0
-8.0
-55.0
-52.0
-39.0
7.0
-6.0
-8.0
-11.0
2.0
-22.0
-13.0
-26.0
9.0
-8.0
-1.0
30.0
30.0
13.0
-19.0
-22.0
-16.0
-4.0
-6.0
-6.0
-39.0
-40.0
-39.0
-26.0
1.0
7.0
27.0
29.0
32.0
36.0
-5.0
-1.0
-7.0
-30.0
-17.0
26.0
20.0
2.0
-45.0
-12.0
-34.0
-27.0
-29.0
-15.0
-50.0
-44.0
7.0
35.0
61.0
14.0
8.0
3.0
11.0
-25.0
-52.0
-34.0
-26.0
4.0
-26.0
-22.0
-119.0
-55.0
-56.0
-24.0
35.0
64.0
19.0
-61.0
-62.0
-36.0
5.0
77.0
77.0
59.0
50.0
0.0
22.0
33.0
47.0
11.0
-13.0
-4.0
0.0
-54.0
-22.0
-44.0
-41.0
-53.0
-29.0
-29.0
14.0
-10.0
-7.0
-24.0
13.0
13.0
18.0
17.0
30.0
20.0
1.0
-38.0
-35.0
-31.0
-28.0
-33.0
-2.0
-21.0
-15.0
-25.0
-28.0
-9.0
-11.0
10.0
-9.0
-18.0
22.0
58.0
25.0
13.0
37.0
20.0
20.0
-31.0
-29.0
-42.0
-49.0
-31.0
-7.0
-29.0
-45.0
-41.0
-51.0
1.0
-45.0
1.0
27.0
28.0
42.0
44.0
3.0
18.0
32.0
10.0
-22.0
4.0
13.0
6.0
13.0
-15.0
-11.0
-5.0
-8.0
-13.0
6.0
-15.0
-20.0
-21.0
-18.0
7.0
0.0
6.0
3.0
34.0
17.0
-30.0
-14.0
-7.0
-7.0
-16.0
-21.0
-34.0
-32.0
6.0
12.0
-13.0
-8.0
-22.0
-10.0
19.0
13.0
15.0
18.0
-17.0
-19.0
-2.0
2.0
-10.0
2.0
-20.0
-19.0
-33.0
-32.0
-19.0
-4.0
-4.0
-21.0
-22.0
-27.0
23.0
9.0
-6.0
-10.0
13.0
-9.0
-27.0
12.0
-7.0
-28.0
-30.0
-27.0
-3.0
-3.0
7.0
4.0
14.0
9.0
9.0
0.0
-11.0
-18.0
-16.0
-11.0
-15.0
-12.0
-17.0
3.0
-15.0
-48.0
-7.0
10.0
-11.0
-11.0
-4.0
17.0
0.0
18.0
43.0
-4.0
-2.0
-6.0
18.0
20.0
13.0
20.0
-16.0
-4.0
-34.0
-18.0
-24.0
-38.0
-1.0
-2.0
-17.0
30.0
1.0
11.0
-6.0
-9.0
-20.0
-16.0
-19.0
-20.0
-2.0
-32.0
-47.0
-19.0
-11.0
-7.0
11.0
14.0
8.0
12.0
-24.0
-5.0
-10.0
18.0
15.0
-24.0
-25.0
-23.0
-24.0
-25.0
25.0
28.0
28.0
-14.0
-9.0
-32.0
-7.0
7.0
-15.0
-29.0
-11.0
-5.0
21.0
17.0
38.0
24.0
19.0
16.0
13.0
14.0
-20.0
-41.0
-6.0
2.0
18.0
-2.0
-1.0
10.0
41.0
48.0
-14.0
-19.0
-33.0
-13.0
6.0
-31.0
-5.0
-25.0
-48.0
-55.0
-23.0
-18.0
-61.0
-90.0
-1.0
38.0
36.0
55.0
8.0
12.0
-11.0
-40.0
-34.0
31.0
13.0
3.0
17.0
43.0
22.0
24.0
16.0
-5.0
-42.0
-37.0
-14.0
34.0
46.0
6.0
-24.0
-20.0
-35.0
-9.0
-14.0
-2.0
-12.0
-40.0
-13.0
-5.0
31.0
39.0
-8.0
-6.0
14.0
22.0
22.0
43.0
-20.0
-2.0
-32.0
-39.0
-20.0
-1.0
-26.0
-19.0
11.0
26.0
11.0
-35.0
-54.0
-56.0
-27.0
-11.0
30.0
9.0
9.0
5.0
21.0
9.0
2.0
-6.0
-39.0
-17.0
-7.0
-2.0
-44.0
-20.0
-40.0
-24.0
5.0
-1.0
43.0
37.0
-7.0
-25.0
-9.0
-4.0
-3.0
30.0
19.0
18.0
-2.0
1.0
-1.0
8.0
-5.0
9.0
0.0
-22.0
-9.0
-11.0
-13.0
-39.0
-27.0
-31.0
-21.0
10.0
12.0
15.0
-9.0
-9.0
-41.0
-24.0
-14.0
-44.0
-36.0
25.0
38.0
4.0
37.0
35.0
7.0
2.0
-4.0
-57.0
-65.0
18.0
-1.0
37.0
36.0
34.0
39.0
23.0
-8.0
10.0
6.0
21.0
-6.0
-9.0
4.0
3.0
-21.0
-7.0
-29.0
18.0
19.0
5.0
-2.0
10.0
-5.0
-5.0
-28.0
-30.0
-10.0
-12.0
-1.0
-6.0
-34.0
-50.0
-33.0
-30.0
-93.0
-57.0
-91.0
-35.0
38.0
17.0
15.0
52.0
51.0
45.0
17.0
-4.0
-4.0
-19.0
2.0
-15.0
30.0
-2.0
26.0
30.0
7.0
10.0
15.0
0.0
-32.0
-5.0
-18.0
-19.0
1.0
-2.0
6.0
-21.0
-18.0
2.0
-20.0
27.0
35.0
4.0
-14.0
-13.0
-16.0
-26.0
-18.0
-42.0
-10.0
-20.0
-31.0
-5.0
-11.0
-4.0
10.0
-7.0
-11.0
13.0
6.0
-9.0
-39.0
-39.0
-16.0
-14.0
-3.0
11.0
-7.0
-33.0
-57.0
-72.0
-134.0
-43.0
-59.0
-61.0
-103.0
25.0
72.0
147.0
94.0
90.0
50.0
30.0
46.0
44.0
-3.0
12.0
2.0
51.0
29.0
69.0
32.0
-54.0
43.0
38.0
-29.0
-9.0
3.0
-53.0
-74.0
-38.0
-14.0
-31.0
53.0
60.0
33.0
23.0
-36.0
-67.0
-145.0
-106.0
-9.0
57.0
78.0
79.0
66.0
65.0
67.0
53.0
6.0
24.0
-5.0
-23.0
-1.0
5.0
-9.0
2.0
13.0
31.0
-26.0
-31.0
-3.0
-2.0
3.0
6.0
-42.0
-17.0
-100.0
-73.0
-40.0
-5.0
7.0
29.0
17.0
31.0
27.0
-17.0
1.0
7.0
25.0
20.0
2.0
-48.0
-55.0
-48.0
14.0
38.0
30.0
-6.0
-32.0
-23.0
-59.0
-55.0
-32.0
-34.0
-29.0
-14.0
-8.0
12.0
6.0
13.0
1.0
5.0
9.0
8.0
-1.0
-13.0
-36.0
-39.0
-5.0
-11.0
2.0
4.0
-13.0
-17.0
-37.0
-7.0
26.0
-1.0
39.0
12.0
-111.0
-94.0
-11.0
-10.0
36.0
67.0
47.0
51.0
-2.0
4.0
15.0
-8.0
-52.0
-50.0
-52.0
-15.0
-2.0
21.0
4.0
13.0
-14.0
-27.0
-29.0
-31.0
-38.0
11.0
1.0
17.0
6.0
5.0
9.0
9.0
21.0
24.0
-7.0
6.0
-29.0
-3.0
-22.0
-42.0
8.0
-16.0
-42.0
-46.0
-32.0
-18.0
-8.0
-8.0
26.0
8.0
-34.0
-15.0
-15.0
-12.0
-75.0
4.0
16.0
40.0
-14.0
24.0
31.0
8.0
18.0
11.0
44.0
44.0
34.0
3.0
-14.0
-71.0
-92.0
-64.0
-35.0
-29.0
-6.0
49.0
15.0
32.0
0.0
-27.0
-23.0
-26.0
-24.0
-23.0
-3.0
1.0
-3.0
-1.0
-7.0
9.0
-15.0
16.0
17.0
17.0
27.0
-3.0
3.0
-29.0
-11.0
-1.0
4.0
31.0
9.0
12.0
-8.0
10.0
0.0
16.0
-4.0
16.0
-6.0
-7.0
25.0
27.0
-28.0
-25.0
-37.0
16.0
18.0
-15.0
-18.0
-26.0
-35.0
-38.0
-8.0
-14.0
-18.0
-8.0
-9.0
-39.0
-27.0
23.0
13.0
16.0
31.0
21.0
-22.0
-117.0
-59.0
11.0
49.0
37.0
36.0
34.0
-41.0
-35.0
6.0
33.0
16.0
30.0
22.0
30.0
40.0
42.0
34.0
18.0
0.0
-14.0
-18.0
-26.0
-24.0
-56.0
-63.0
-65.0
-68.0
0.0
7.0
17.0
-23.0
-12.0
-43.0
-67.0
-12.0
-18.0
-1.0
40.0
21.0
20.0
10.0
25.0
35.0
-17.0
-37.0
-32.0
-13.0
-77.0
-85.0
-63.0
17.0
18.0
14.0
11.0
-20.0
-21.0
1.0
11.0
27.0
-2.0
-22.0
3.0
37.0
-13.0
-25.0
-26.0
-22.0
4.0
13.0
1.0
5.0
0.0
-6.0
-10.0
-20.0
-18.0
-15.0
-6.0
-16.0
-49.0
-29.0
-6.0
16.0
34.0
24.0
18.0
15.0
-12.0
-5.0
13.0
-22.0
-22.0
-15.0
-26.0
-1.0
-2.0
-28.0
-30.0
-26.0
0.0
53.0
54.0
-12.0
-23.0
-24.0
-20.0
12.0
-12.0
-12.0
12.0
11.0
-30.0
-3.0
20.0
-9.0
-14.0
-6.0
-48.0
-63.0
-12.0
22.0
-8.0
-27.0
9.0
-1.0
-2.0
-9.0
19.0
21.0
-9.0
-28.0
-34.0
-23.0
-14.0
-4.0
-8.0
29.0
-4.0
-64.0
57.0
-4.0
41.0
46.0
30.0
-5.0
-3.0
13.0
3.0
-22.0
-40.0
-16.0
-55.0
-12.0
-13.0
7.0
7.0
15.0
12.0
38.0
-20.0
-21.0
-29.0
-55.0
-24.0
1.0
11.0
21.0
31.0
-7.0
4.0
19.0
9.0
-2.0
-17.0
-5.0
0.0
-16.0
-11.0
-11.0
-29.0
-30.0
-18.0
30.0
38.0
16.0
16.0
-7.0
-3.0
-15.0
-31.0
-16.0
6.0
10.0
-7.0
-3.0
-11.0
-15.0
-8.0
-10.0
-24.0
-65.0
-4.0
-40.0
-84.0
-14.0
-14.0
0.0
33.0
47.0
21.0
19.0
-33.0
-22.0
50.0
55.0
57.0
-24.0
8.0
13.0
-15.0
-7.0
24.0
0.0
-20.0
-21.0
-13.0
12.0
-34.0
-36.0
-23.0
17.0
27.0
23.0
1.0
-30.0
-34.0
-14.0
-27.0
-21.0
15.0
34.0
12.0
6.0
8.0
-18.0
-16.0
-34.0
-19.0
-30.0
-13.0
2.0
19.0
-4.0
-25.0
-7.0
-8.0
33.0
18.0
2.0
21.0
-10.0
-6.0
-20.0
-7.0
-53.0
-55.0
-87.0
-158.0
-100.0
-53.0
13.0
76.0
36.0
45.0
-53.0
-61.0
-24.0
1.0
-21.0
35.0
42.0
62.0
-26.0
-27.0
-19.0
-14.0
44.0
12.0
0.0
-3.0
14.0
14.0
23.0
3.0
31.0
51.0
19.0
28.0
13.0
27.0
-24.0
-3.0
-24.0
-68.0
-55.0
-60.0
26.0
25.0
44.0
7.0
5.0
-3.0
16.0
-46.0
-33.0
-23.0
11.0
49.0
2.0
16.0
46.0
23.0
-32.0
19.0
-34.0
18.0
-20.0
-27.0
74.0
20.0
-7.0
-65.0
-27.0
-57.0
-43.0
-46.0
-25.0
-13.0
-22.0
-6.0
12.0
-5.0
-4.0
6.0
-20.0
6.0
-7.0
-13.0
4.0
-3.0
-11.0
-28.0
-19.0
-25.0
-52.0
-53.0
-16.0
21.0
19.0
-6.0
-4.0
13.0
0.0
35.0
11.0
1.0
68.0
27.0
19.0
-2.0
10.0
2.0
-20.0
-51.0
-69.0
-55.0
18.0
-9.0
16.0
-28.0
51.0
-60.0
67.0
-13.0
9.0
19.0
-67.0
16.0
24.0
52.0
33.0
-10.0
-35.0
11.0
-4.0
4.0
18.0
-23.0
-19.0
1.0
28.0
13.0
-22.0
-24.0
-29.0
-33.0
-34.0
4.0
-35.0
-21.0
-10.0
-2.0
-20.0
-5.0
31.0
35.0
21.0
10.0
-3.0
2.0
13.0
10.0
-5.0
-21.0
-1.0
-2.0
-33.0
21.0
-31.0
-1.0
-21.0
-22.0
-35.0
14.0
5.0
8.0
-33.0
-35.0
-8.0
45.0
13.0
14.0
7.0
2.0
-9.0
-7.0
10.0
57.0
33.0
42.0
20.0
19.0
22.0
11.0
-1.0
-2.0
-17.0
-78.0
-65.0
-29.0
-39.0
-30.0
-5.0
-31.0
-36.0
-39.0
-27.0
6.0
17.0
0.0
22.0
-57.0
-16.0
4.0
77.0
81.0
44.0
27.0
-15.0
-13.0
-18.0
-26.0
16.0
22.0
6.0
9.0
18.0
-3.0
3.0
-4.0
6.0
-49.0
-68.0
-85.0
-91.0
-50.0
-57.0
-54.0
-27.0
-33.0
-60.0
19.0
11.0
30.0
25.0
21.0
6.0
18.0
7.0
45.0
9.0
17.0
-6.0
2.0
-30.0
-29.0
12.0
-23.0
24.0
3.0
-7.0
-40.0
-27.0
-57.0
56.0
50.0
44.0
40.0
4.0
-47.0
14.0
14.0
5.0
-29.0
9.0
-83.0
11.0
1.0
-10.0
11.0
-5.0
-23.0
-13.0
8.0
-24.0
-12.0
1.0
11.0
-4.0
9.0
7.0
-8.0
-24.0
-7.0
-35.0
-28.0
-17.0
-32.0
2.0
-31.0
5.0
-7.0
-33.0
18.0
-22.0
-9.0
22.0
-3.0
9.0
-41.0
-18.0
2.0
-1.0
-38.0
-56.0
-74.0
-14.0
-18.0
-3.0
-9.0
13.0
-27.0
-64.0
-44.0
-21.0
-25.0
40.0
64.0
22.0
32.0
-21.0
-11.0
10.0
16.0
19.0
1.0
21.0
-28.0
-31.0
5.0
-10.0
20.0
-23.0
4.0
-9.0
-21.0
-19.0
-23.0
41.0
24.0
41.0
20.0
-7.0
-27.0
-13.0
-20.0
-16.0
-12.0
-11.0
-5.0
12.0
4.0
18.0
7.0
-19.0
-11.0
1.0
-22.0
-6.0
-3.0
-23.0
14.0
18.0
-14.0
-2.0
-9.0
1.0
-28.0
-24.0
43.0
-15.0
5.0
-22.0
10.0
34.0
15.0
2.0
-29.0
-52.0
16.0
-23.0
24.0
7.0
52.0
34.0
28.0
1.0
-20.0
-25.0
-4.0
-16.0
-1.0
-80.0
4.0
32.0
36.0
-21.0
-1.0
-1.0
-1.0
-8.0
17.0
15.0
32.0
-7.0
-5.0
-16.0
-9.0
-23.0
-28.0
-3.0
24.0
12.0
33.0
-65.0
-79.0
-31.0
-31.0
-24.0
-1.0
-64.0
-74.0
-96.0
37.0
87.0
4.0
51.0
31.0
39.0
100.0
92.0
4.0
68.0
75.0
47.0
50.0
9.0
44.0
-5.0
-14.0
-160.0
-58.0
-82.0
-52.0
-87.0
-54.0
-3.0
-18.0
-6.0
132.0
96.0
30.0
16.0
-15.0
60.0
84.0
-49.0
65.0
-32.0
-18.0
-161.0
46.0
-80.0
-68.0
-57.0
-57.0
-86.0
-42.0
-64.0
-96.0
-86.0
-22.0
37.0
-28.0
53.0
31.0
88.0
80.0
47.0
78.0
143.0
167.0
108.0
40.0
59.0
30.0
5.0
-144.0
-43.0
-186.0
-45.0
-72.0
-219.0
117.0
-313.0
-313.0
57.0
58.0
99.0
84.0
13.0
-95.0
49.0
77.0
2.0
21.0
-19.0
-90.0
-90.0
-128.0
-42.0
-115.0
29.0
-1.0
163.0
-43.0
183.0
313.0
313.0
313.0
313.0
313.0
313.0
313.0
313.0
313.0
309.0
313.0
313.0
313.0
313.0
313.0
206.0
-111.0
125.0
139.0
-42.0
-145.0
-211.0
-313.0
-313.0
-313.0
-313.0
-313.0
-313.0
-313.0
-313.0
-313.0
-313.0
-313.0
-313.0
-313.0
-313.0
-313.0
-313.0
-313.0
-313.0
-313.0
-261.0
-239.0
-191.0
-177.0
-149.0
-107.0
-104.0
-87.0
-42.0
-61.0
24.0
35.0
79.0
55.0
8.0
58.0
68.0
57.0
74.0
112.0
123.0
108.0
46.0
101.0
133.0
134.0
74.0
75.0
101.0
119.0
90.0
94.0
71.0
116.0
68.0
101.0
88.0
62.0
59.0
44.0
73.0
69.0
61.0
80.0
97.0
67.0
4.0
25.0
19.0
13.0
32.0
11.0
57.0
48.0
-12.0
44.0
46.0
37.0
110.0
95.0
18.0
-46.0
41.0
5.0
26.0
56.0
39.0
42.0
36.0
39.0
2.0
-15.0
20.0
39.0
13.0
22.0
20.0
-10.0
5.0
-3.0
21.0
-24.0
8.0
-14.0
-26.0
4.0
0.0
-13.0
-47.0
-25.0
-18.0
-17.0
-28.0
-10.0
-53.0
-35.0
4.0
42.0
38.0
70.0
19.0
4.0
-63.0
-5.0
-23.0
16.0
-54.0
-33.0
2.0
-63.0
-43.0
-27.0
-18.0
19.0
62.0
13.0
-26.0
-17.0
20.0
-2.0
-48.0
-28.0
-37.0
40.0
-42.0
1.0
-8.0
-19.0
-27.0
16.0
6.0
35.0
-14.0
-24.0
40.0
16.0
-49.0
-22.0
14.0
-17.0
-6.0
0.0
0.0
33.0
-5.0
-4.0
-52.0
-29.0
0.0
12.0
3.0
4.0
-24.0
-19.0
-74.0
-25.0
-7.0
8.0
34.0
-28.0
-16.0
-12.0
0.0
10.0
30.0
4.0
-26.0
-9.0
2.0
-4.0
-3.0
-15.0
-29.0
17.0
32.0
-28.0
5.0
34.0
-45.0
20.0
42.0
42.0
-63.0
-148.0
-42.0
6.0
83.0
95.0
37.0
-1.0
6.0
14.0
-13.0
7.0
-12.0
-17.0
28.0
53.0
53.0
102.0
-3.0
-39.0
27.0
11.0
2.0
-16.0
-13.0
-3.0
24.0
-29.0
-43.0
3.0
-10.0
35.0
36.0
28.0
-20.0
-18.0
-42.0
-23.0
-42.0
-8.0
-74.0
-40.0
-40.0
-53.0
-19.0
-6.0
-18.0
-7.0
10.0
-60.0
-118.0
-2.0
38.0
79.0
56.0
55.0
-25.0
-52.0
-49.0
-6.0
6.0
-6.0
56.0
22.0
53.0
31.0
36.0
35.0
18.0
35.0
36.0
27.0
-10.0
-7.0
-54.0
-45.0
-27.0
-4.0
-55.0
-75.0
-160.0
-71.0
-4.0
29.0
32.0
37.0
46.0
35.0
0.0
56.0
-14.0
15.0
-35.0
-15.0
15.0
-10.0
33.0
69.0
-15.0
1.0
-4.0
-2.0
8.0
1.0
-26.0
6.0
-21.0
-11.0
52.0
14.0
0.0
-10.0
-7.0
-56.0
-12.0
-7.0
6.0
-40.0
-35.0
-1.0
4.0
-17.0
-13.0
-57.0
43.0
84.0
11.0
88.0
50.0
0.0
51.0
-31.0
61.0
-73.0
55.0
2.0
82.0
-27.0
29.0
-100.0
46.0
-26.0
32.0
-74.0
-114.0
-74.0
-69.0
33.0
-28.0
4.0
60.0
-3.0
34.0
-6.0
-11.0
-83.0
-35.0
-51.0
-34.0
-21.0
24.0
-25.0
-2.0
15.0
29.0
-47.0
-32.0
-58.0
-32.0
-10.0
27.0
-11.0
-17.0
-5.0
-56.0
-43.0
-67.0
-50.0
-39.0
-42.0
44.0
11.0
13.0
-14.0
39.0
-9.0
-7.0
44.0
-37.0
-86.0
-65.0
-25.0
-143.0
-108.0
3.0
63.0
10.0
75.0
34.0
43.0
-41.0
31.0
65.0
18.0
-109.0
-4.0
-77.0
32.0
35.0
56.0
42.0
10.0
-15.0
-27.0
-14.0
1.0
-13.0
80.0
-41.0
-11.0
41.0
16.0
35.0
37.0
42.0
66.0
3.0
-22.0
4.0
-8.0
25.0
16.0
18.0
86.0
-66.0
-56.0
-33.0
-110.0
-26.0
-68.0
-108.0
-14.0
-37.0
-51.0
-18.0
-12.0
60.0
28.0
23.0
7.0
16.0
49.0
-8.0
-18.0
-2.0
6.0
-11.0
-51.0
-30.0
-40.0
-21.0
-52.0
-17.0
-32.0
-41.0
-36.0
-19.0
-22.0
16.0
13.0
27.0
-13.0
11.0
4.0
4.0
-10.0
42.0
2.0
-13.0
11.0
-19.0
-27.0
-21.0
-48.0
-10.0
-7.0
0.0
17.0
-31.0
18.0
-20.0
-18.0
15.0
-49.0
-3.0
11.0
7.0
21.0
27.0
31.0
-10.0
5.0
17.0
-27.0
-17.0
8.0
-39.0
-12.0
-2.0
33.0
6.0
-28.0
24.0
-18.0
-18.0
-46.0
7.0
30.0
-27.0
-92.0
-108.0
-59.0
11.0
37.0
-6.0
16.0
-28.0
100.0
52.0
-15.0
34.0
20.0
2.0
22.0
-5.0
-54.0
14.0
26.0
-1.0
-24.0
15.0
-18.0
-36.0
-12.0
-7.0
-16.0
-2.0
-17.0
-27.0
-56.0
6.0
-34.0
-2.0
14.0
20.0
21.0
19.0
36.0
35.0
-30.0
5.0
-18.0
15.0
14.0
15.0
21.0
10.0
-10.0
-9.0
8.0
29.0
-29.0
26.0
15.0
40.0
13.0
0.0
-29.0
-18.0
-54.0
-26.0
-7.0
9.0
-17.0
17.0
14.0
-31.0
-3.0
-6.0
6.0
-61.0
23.0
32.0
1.0
-23.0
-62.0
0.0
5.0
-2.0
-27.0
-22.0
47.0
28.0
7.0
5.0
-4.0
-2.0
6.0
-22.0
-4.0
-2.0
-31.0
-40.0
-3.0
5.0
14.0
-24.0
-8.0
-55.0
-40.0
-24.0
14.0
-9.0
20.0
-9.0
-3.0
-13.0
-49.0
-67.0
2.0
-5.0
-44.0
10.0
-14.0
-75.0
-73.0
-40.0
36.0
76.0
67.0
-16.0
-1.0
26.0
-13.0
48.0
21.0
26.0
56.0
44.0
8.0
-53.0
20.0
49.0
-15.0
-25.0
-13.0
-6.0
-28.0
-47.0
-19.0
13.0
-14.0
-11.0
-26.0
-24.0
-24.0
37.0
-1.0
5.0
5.0
-23.0
-1.0
8.0
-27.0
-78.0
-22.0
-33.0
15.0
24.0
54.0
8.0
31.0
-32.0
-7.0
-50.0
-29.0
-14.0
15.0
22.0
-17.0
-5.0
-4.0
35.0
0.0
18.0
19.0
10.0
0.0
5.0
-17.0
-1.0
9.0
-29.0
-1.0
-50.0
-10.0
-108.0
-63.0
2.0
1.0
-7.0
1.0
-9.0
-44.0
-57.0
-30.0
18.0
85.0
46.0
13.0
72.0
-30.0
-19.0
7.0
69.0
53.0
2.0
-7.0
32.0
3.0
3.0
4.0
-19.0
-15.0
-5.0
-5.0
-2.0
17.0
-5.0
-23.0
1.0
-20.0
-60.0
7.0
20.0
10.0
-50.0
17.0
-33.0
-43.0
-30.0
-16.0
-66.0
-28.0
-26.0
-48.0
-46.0
7.0
59.0
9.0
35.0
11.0
-35.0
-6.0
-27.0
-19.0
-32.0
-12.0
21.0
-10.0
12.0
-13.0
14.0
-1.0
-4.0
17.0
-17.0
47.0
-19.0
-1.0
-18.0
-15.0
11.0
37.0
-11.0
9.0
8.0
41.0
20.0
-1.0
-2.0
-7.0
-21.0
4.0
0.0
-10.0
-11.0
-33.0
-47.0
-46.0
2.0
-1.0
-32.0
-17.0
-8.0
-19.0
31.0
13.0
-33.0
-15.0
11.0
22.0
5.0
-24.0
-28.0
-34.0
-25.0
-29.0
4.0
-11.0
-23.0
17.0
33.0
28.0
-2.0
6.0
4.0
-36.0
-36.0
-8.0
-34.0
6.0
29.0
23.0
-14.0
-7.0
17.0
-51.0
-17.0
21.0
4.0
6.0
14.0
20.0
-2.0
-42.0
5.0
-18.0
-16.0
-31.0
-18.0
-5.0
-24.0
-50.0
-34.0
-57.0
-39.0
-20.0
11.0
-1.0
-13.0
3.0
22.0
-5.0
12.0
-8.0
43.0
2.0
-22.0
-7.0
-72.0
-23.0
-4.0
-27.0
26.0
0.0
9.0
-33.0
26.0
-75.0
-34.0
32.0
14.0
-17.0
8.0
-4.0
30.0
-9.0
56.0
-4.0
36.0
47.0
36.0
-4.0
8.0
17.0
-18.0
-45.0
-54.0
13.0
-53.0
-42.0
-16.0
35.0
24.0
56.0
24.0
19.0
14.0
2.0
-31.0
-11.0
29.0
-14.0
28.0
31.0
36.0
-7.0
-8.0
-35.0
-61.0
-24.0
-14.0
-62.0
-2.0
-31.0
8.0
-26.0
-31.0
11.0
-46.0
-2.0
17.0
-51.0
38.0
22.0
-18.0
-20.0
-9.0
16.0
26.0
-2.0
9.0
-7.0
-20.0
-12.0
15.0
-45.0
-3.0
-24.0
-12.0
-19.0
-17.0
-33.0
-20.0
7.0
42.0
34.0
0.0
1.0
14.0
-17.0
-4.0
0.0
0.0
4.0
-10.0
7.0
-9.0
7.0
-27.0
-24.0
7.0
-31.0
-37.0
-45.0
-44.0
-23.0
11.0
16.0
-24.0
-27.0
-7.0
-17.0
-19.0
6.0
-23.0
13.0
21.0
-14.0
45.0
17.0
48.0
0.0
1.0
0.0
-2.0
4.0
-26.0
-44.0
-23.0
10.0
-2.0
-10.0
-4.0
31.0
-44.0
-24.0
0.0
11.0
-26.0
-22.0
-12.0
-27.0
0.0
-3.0
-18.0
-33.0
3.0
30.0
-13.0
-41.0
-18.0
1.0
4.0
6.0
23.0
-45.0
-26.0
-9.0
37.0
19.0
-14.0
-27.0
-30.0
-34.0
-27.0
-13.0
-12.0
12.0
13.0
13.0
7.0
14.0
6.0
34.0
-5.0
-3.0
24.0
-12.0
-21.0
-28.0
-15.0
23.0
32.0
57.0
8.0
42.0
-28.0
-43.0
-22.0
0.0
-13.0
-58.0
-55.0
-59.0
-60.0
-22.0
-65.0
46.0
31.0
-14.0
1.0
21.0
34.0
-3.0
29.0
36.0
23.0
-13.0
-64.0
16.0
-32.0
-22.0
2.0
11.0
-15.0
35.0
24.0
1.0
40.0
7.0
9.0
-50.0
9.0
18.0
-92.0
-105.0
-5.0
9.0
-33.0
-66.0
-11.0
-47.0
28.0
28.0
52.0
54.0
40.0
-2.0
13.0
39.0
35.0
28.0
-35.0
-10.0
-37.0
-100.0
-8.0
-30.0
31.0
15.0
19.0
92.0
44.0
51.0
43.0
27.0
-26.0
-9.0
-14.0
-17.0
-30.0
29.0
-7.0
0.0
-1.0
-38.0
-35.0
-20.0
-30.0
0.0
-11.0
-15.0
25.0
21.0
-20.0
-53.0
-60.0
3.0
43.0
45.0
5.0
-9.0
6.0
-29.0
4.0
-20.0
-21.0
22.0
8.0
-19.0
-19.0
-19.0
5.0
4.0
-19.0
-116.0
-40.0
41.0
51.0
38.0
9.0
8.0
-8.0
-5.0
2.0
-34.0
-12.0
-5.0
-2.0
-18.0
-11.0
-26.0
-22.0
-30.0
-13.0
-1.0
-12.0
16.0
-26.0
9.0
-6.0
-16.0
-3.0
-10.0
11.0
11.0
-9.0
13.0
19.0
0.0
0.0
21.0
-4.0
-5.0
-15.0
-31.0
-24.0
-4.0
-13.0
-11.0
-15.0
-49.0
-15.0
-29.0
-74.0
-15.0
9.0
21.0
10.0
9.0
-68.0
-79.0
-35.0
-23.0
-23.0
7.0
-20.0
52.0
17.0
40.0
-6.0
13.0
5.0
21.0
-39.0
-2.0
25.0
32.0
-13.0
14.0
-13.0
-21.0
19.0
17.0
-12.0
21.0
6.0
33.0
-37.0
-26.0
-3.0
-2.0
28.0
14.0
2.0
-10.0
24.0
-21.0
-19.0
-2.0
-40.0
-24.0
-3.0
0.0
-59.0
-52.0
-64.0
-93.0
-63.0
33.0
-24.0
37.0
68.0
66.0
40.0
38.0
-47.0
-53.0
-4.0
-12.0
9.0
16.0
-14.0
0.0
-22.0
1.0
23.0
46.0
40.0
18.0
23.0
2.0
17.0
33.0
14.0
1.0
-19.0
-22.0
5.0
9.0
-13.0
-2.0
21.0
4.0
-17.0
-15.0
2.0
-13.0
-35.0
0.0
-16.0
-4.0
-9.0
-8.0
-13.0
-23.0
-1.0
-15.0
1.0
15.0
40.0
-10.0
-5.0
-7.0
-11.0
-28.0
-5.0
-7.0
0.0
-18.0
-13.0
-13.0
-42.0
-39.0
2.0
11.0
26.0
-17.0
15.0
1.0
2.0
1.0
-26.0
-10.0
-9.0
-22.0
-6.0
-2.0
-24.0
-55.0
-10.0
-10.0
10.0
18.0
-11.0
21.0
23.0
-37.0
-9.0
1.0
-23.0
-3.0
29.0
18.0
21.0
6.0
-20.0
-53.0
-46.0
-38.0
-23.0
-5.0
-22.0
-28.0
27.0
-4.0
-6.0
4.0
3.0
5.0
-29.0
-35.0
10.0
5.0
-17.0
9.0
18.0
9.0
-11.0
-24.0
10.0
9.0
30.0
26.0
38.0
18.0
48.0
24.0
22.0
17.0
-20.0
-71.0
-85.0
-62.0
-40.0
-4.0
-22.0
-27.0
-29.0
-11.0
17.0
36.0
7.0
14.0
3.0
-11.0
-62.0
23.0
17.0
7.0
1.0
3.0
6.0
10.0
-8.0
-2.0
-29.0
-40.0
-47.0
-9.0
-25.0
-8.0
-12.0
-7.0
9.0
-4.0
-20.0
-31.0
-36.0
-45.0
-4.0
-18.0
12.0
27.0
18.0
32.0
1.0
6.0
2.0
-20.0
-18.0
-13.0
-15.0
-42.0
-8.0
-31.0
-12.0
-36.0
-112.0
-41.0
-86.0
-20.0
-10.0
-43.0
-19.0
-23.0
-33.0
-50.0
-5.0
29.0
66.0
149.0
13.0
17.0
-33.0
57.0
35.0
47.0
61.0
66.0
57.0
43.0
18.0
18.0
12.0
-49.0
-53.0
-27.0
-5.0
17.0
19.0
31.0
-10.0
-1.0
-9.0
-19.0
-33.0
-28.0
7.0
-19.0
-16.0
-11.0
-20.0
-41.0
-23.0
14.0
-27.0
-7.0
39.0
45.0
-20.0
2.0
18.0
-5.0
-6.0
-11.0
-13.0
-5.0
-13.0
5.0
-10.0
-51.0
-32.0
-27.0
-15.0
-9.0
-44.0
-45.0
-10.0
-3.0
26.0
16.0
13.0
16.0
13.0
-1.0
-3.0
25.0
24.0
-37.0
-51.0
-36.0
-63.0
-44.0
-5.0
20.0
38.0
-9.0
-36.0
-7.0
-24.0
-22.0
20.0
-3.0
-7.0
17.0
29.0
24.0
12.0
-20.0
-4.0
20.0
-14.0
-23.0
-13.0
-12.0
-36.0
-18.0
-11.0
-48.0
-78.0
-105.0
-76.0
-82.0
-53.0
-23.0
-10.0
15.0
20.0
19.0
25.0
22.0
48.0
12.0
23.0
17.0
-14.0
2.0
37.0
43.0
-16.0
-8.0
20.0
17.0
24.0
7.0
-9.0
0.0
19.0
15.0
-30.0
-14.0
-2.0
-8.0
9.0
33.0
-17.0
-18.0
7.0
-38.0
-32.0
-39.0
-40.0
-34.0
-33.0
-24.0
-36.0
-23.0
0.0
-46.0
-24.0
2.0
9.0
1.0
-4.0
16.0
29.0
6.0
8.0
27.0
0.0
33.0
5.0
-10.0
8.0
17.0
-18.0
27.0
7.0
11.0
-21.0
-34.0
12.0
-5.0
-9.0
9.0
-2.0
1.0
1.0
-1.0
7.0
-21.0
-44.0
-45.0
-25.0
-10.0
-34.0
-37.0
-7.0
-13.0
5.0
13.0
17.0
44.0
26.0
-23.0
2.0
-48.0
-51.0
-30.0
-92.0
-19.0
-35.0
-11.0
-18.0
48.0
-11.0
26.0
36.0
11.0
30.0
16.0
24.0
-11.0
26.0
29.0
30.0
14.0
6.0
-6.0
-24.0
-52.0
-24.0
-15.0
-33.0
-28.0
-19.0
-8.0
-26.0
-13.0
-6.0
-22.0
-49.0
-29.0
-65.0
-19.0
20.0
-17.0
0.0
1.0
64.0
20.0
48.0
31.0
54.0
47.0
26.0
66.0
-22.0
22.0
-36.0
-14.0
-33.0
-29.0
-15.0
-52.0
-10.0
-50.0
-25.0
-40.0
-7.0
13.0
13.0
28.0
3.0
36.0
-36.0
-25.0
-35.0
-59.0
-26.0
-2.0
13.0
19.0
-5.0
29.0
20.0
15.0
-41.0
-7.0
14.0
16.0
11.0
11.0
-1.0
-13.0
-19.0
-34.0
-23.0
-36.0
-5.0
0.0
7.0
5.0
6.0
-5.0
21.0
26.0
6.0
7.0
-12.0
-25.0
-35.0
-13.0
-40.0
-21.0
9.0
16.0
1.0
7.0
4.0
-10.0
-24.0
-30.0
-38.0
-27.0
-20.0
-41.0
22.0
23.0
8.0
-6.0
-30.0
-25.0
-59.0
-55.0
-7.0
52.0
27.0
41.0
57.0
27.0
22.0
12.0
-27.0
-1.0
13.0
-4.0
3.0
-2.0
-26.0
-52.0
-31.0
-28.0
36.0
30.0
16.0
-33.0
-22.0
-29.0
-41.0
47.0
-19.0
-1.0
6.0
-28.0
-15.0
-2.0
-15.0
16.0
28.0
7.0
-32.0
-33.0
-12.0
-55.0
-7.0
-12.0
30.0
19.0
27.0
26.0
39.0
31.0
54.0
11.0
-20.0
-52.0
-20.0
-1.0
14.0
7.0
-37.0
-23.0
-53.0
6.0
-14.0
-4.0
-6.0
-47.0
-14.0
-64.0
4.0
11.0
24.0
20.0
-6.0
-18.0
-19.0
-4.0
4.0
5.0
7.0
30.0
15.0
25.0
24.0
17.0
24.0
-6.0
13.0
-15.0
-20.0
-27.0
-40.0
-23.0
-36.0
-14.0
10.0
39.0
43.0
18.0
39.0
8.0
27.0
7.0
31.0
3.0
-26.0
-30.0
-28.0
-31.0
-34.0
-22.0
-10.0
7.0
4.0
16.0
-23.0
-19.0
11.0
20.0
-28.0
-23.0
-71.0
-31.0
-36.0
-80.0
-5.0
18.0
-13.0
-4.0
-9.0
-9.0
38.0
1.0
17.0
-9.0
1.0
11.0
-29.0
-23.0
-22.0
2.0
13.0
7.0
16.0
-31.0
-11.0
-37.0
-7.0
-4.0
-9.0
-2.0
8.0
24.0
-21.0
-40.0
-8.0
-30.0
-10.0
7.0
9.0
30.0
21.0
-8.0
-17.0
-7.0
-20.0
-22.0
6.0
7.0
-27.0
-24.0
-3.0
7.0
-11.0
-39.0
-30.0
-14.0
45.0
37.0
4.0
-7.0
1.0
5.0
-11.0
-5.0
-8.0
26.0
5.0
10.0
41.0
19.0
28.0
20.0
-21.0
21.0
-22.0
-19.0
1.0
-7.0
36.0
36.0
-14.0
22.0
-4.0
1.0
-86.0
-102.0
-85.0
8.0
4.0
7.0
0.0
36.0
6.0
-19.0
-113.0
-1.0
-8.0
-71.0
-4.0
1.0
31.0
38.0
72.0
26.0
45.0
46.0
38.0
62.0
-6.0
1.0
-79.0
-60.0
-29.0
-31.0
2.0
0.0
16.0
17.0
13.0
23.0
-33.0
-13.0
-25.0
-4.0
2.0
7.0
-7.0
-23.0
-30.0
-41.0
-4.0
-6.0
23.0
11.0
-12.0
13.0
6.0
12.0
5.0
14.0
-13.0
15.0
28.0
8.0
-4.0
-15.0
-30.0
4.0
1.0
-10.0
-17.0
16.0
-7.0
19.0
-3.0
-7.0
-3.0
4.0
-31.0
-24.0
-21.0
-9.0
-16.0
-24.0
4.0
4.0
-10.0
-22.0
-11.0
-17.0
-26.0
0.0
19.0
-28.0
-17.0
11.0
-39.0
-17.0
1.0
4.0
-9.0
15.0
11.0
2.0
-9.0
14.0
3.0
18.0
-18.0
-25.0
-26.0
9.0
7.0
15.0
-44.0
-17.0
-18.0
-16.0
-54.0
-51.0
-24.0
-36.0
12.0
-6.0
23.0
-23.0
27.0
14.0
-31.0
-32.0
38.0
-12.0
11.0
-2.0
-1.0
13.0
-15.0
-15.0
-26.0
-35.0
0.0
9.0
-9.0
17.0
0.0
-9.0
-27.0
-4.0
5.0
20.0
11.0
12.0
30.0
-13.0
2.0
0.0
-6.0
-28.0
0.0
-17.0
-12.0
-2.0
35.0
-8.0
14.0
3.0
-29.0
-32.0
-23.0
-31.0
-14.0
-91.0
-57.0
-34.0
-66.0
-77.0
-29.0
18.0
12.0
43.0
112.0
50.0
38.0
30.0
4.0
27.0
10.0
53.0
49.0
77.0
17.0
-26.0
-11.0
-12.0
-29.0
-28.0
-67.0
-31.0
-56.0
-33.0
-22.0
-31.0
-34.0
-6.0
3.0
4.0
0.0
2.0
-5.0
0.0
-1.0
13.0
-4.0
4.0
-19.0
18.0
5.0
15.0
4.0
24.0
-17.0
-2.0
-10.0
-10.0
2.0
10.0
-19.0
-25.0
-6.0
2.0
0.0
-11.0
29.0
0.0
-20.0
-12.0
9.0
10.0
31.0
35.0
-32.0
-13.0
-14.0
-27.0
4.0
-8.0
6.0
15.0
-5.0
5.0
1.0
-21.0
-28.0
-8.0
-14.0
1.0
-9.0
-13.0
-24.0
-8.0
5.0
-19.0
-11.0
-31.0
-11.0
8.0
4.0
10.0
8.0
1.0
11.0
24.0
-2.0
19.0
-4.0
-25.0
-19.0
-36.0
-42.0
-57.0
-83.0
-19.0
-18.0
9.0
28.0
15.0
15.0
-2.0
22.0
30.0
-1.0
-15.0
11.0
-1.0
1.0
-12.0
-5.0
-27.0
1.0
-3.0
-4.0
0.0
14.0
17.0
29.0
6.0
24.0
2.0
-22.0
-11.0
-11.0
0.0
-8.0
16.0
18.0
7.0
-18.0
-18.0
28.0
26.0
-49.0
-35.0
-24.0
-37.0
11.0
29.0
20.0
10.0
3.0
-17.0
18.0
-10.0
6.0
23.0
9.0
-3.0
15.0
-30.0
-6.0
8.0
-9.0
19.0
-8.0
-41.0
-12.0
-3.0
-19.0
3.0
-3.0
5.0
39.0
-15.0
2.0
41.0
7.0
-15.0
-9.0
-47.0
-21.0
-19.0
-26.0
-19.0
-15.0
-2.0
17.0
6.0
-15.0
-9.0
-27.0
-32.0
-30.0
18.0
13.0
-12.0
-20.0
8.0
-32.0
-22.0
-43.0
-34.0
8.0
0.0
13.0
-20.0
-18.0
-7.0
-12.0
-30.0
-18.0
-9.0
34.0
-25.0
-16.0
-40.0
37.0
48.0
8.0
-70.0
17.0
31.0
-64.0
2.0
-11.0
-15.0
-28.0
-62.0
-26.0
48.0
88.0
91.0
67.0
18.0
12.0
3.0
27.0
38.0
24.0
31.0
4.0
5.0
18.0
-4.0
-32.0
15.0
4.0
-31.0
-67.0
-22.0
-34.0
-2.0
-7.0
-17.0
-21.0
-45.0
-8.0
-26.0
-26.0
-18.0
-2.0
1.0
-26.0
4.0
-1.0
15.0
11.0
3.0
-6.0
-12.0
-30.0
-25.0
-3.0
-34.0
-18.0
-4.0
6.0
-7.0
6.0
-25.0
-26.0
-27.0
-15.0
0.0
-14.0
-20.0
-42.0
-8.0
14.0
14.0
-17.0
-11.0
2.0
11.0
-5.0
-28.0
-13.0
-39.0
10.0
10.0
-1.0
16.0
3.0
-4.0
-2.0
24.0
36.0
13.0
-2.0
-32.0
-11.0
-7.0
-30.0
-26.0
5.0
-37.0
10.0
23.0
41.0
-7.0
3.0
1.0
-21.0
-6.0
-20.0
-4.0
23.0
-2.0
0.0
18.0
-15.0
-13.0
-18.0
-12.0
0.0
-35.0
-48.0
-62.0
-24.0
-48.0
-6.0
-15.0
-2.0
34.0
18.0
31.0
14.0
8.0
-17.0
-15.0
-16.0
-17.0
-13.0
-30.0
-15.0
-5.0
-4.0
12.0
-11.0
8.0
-7.0
-13.0
11.0
5.0
7.0
5.0
-17.0
-2.0
7.0
12.0
-2.0
-3.0
37.0
0.0
-32.0
-4.0
-35.0
-44.0
-48.0
-32.0
-26.0
-25.0
-26.0
-2.0
35.0
12.0
17.0
-13.0
22.0
-3.0
13.0
-1.0
16.0
33.0
-2.0
13.0
20.0
4.0
-12.0
12.0
24.0
21.0
28.0
-8.0
-9.0
-24.0
-41.0
-21.0
-8.0
-30.0
0.0
-4.0
18.0
6.0
8.0
-26.0
-40.0
4.0
-7.0
-7.0
-58.0
-68.0
-53.0
13.0
25.0
36.0
31.0
16.0
4.0
26.0
7.0
0.0
-20.0
-11.0
-29.0
1.0
-16.0
-33.0
-10.0
-20.0
-15.0
-26.0
-13.0
-20.0
-6.0
22.0
17.0
-11.0
-4.0
-23.0
0.0
-9.0
22.0
-9.0
10.0
-5.0
-4.0
-5.0
-34.0
-26.0
-3.0
9.0
-13.0
-10.0
-24.0
3.0
1.0
-10.0
-24.0
-52.0
-21.0
-3.0
13.0
-39.0
-9.0
1.0
34.0
22.0
-38.0
-53.0
-30.0
-25.0
-39.0
2.0
23.0
22.0
32.0
8.0
13.0
9.0
6.0
11.0
30.0
-8.0
9.0
-15.0
-22.0
-22.0
-8.0
-16.0
2.0
3.0
24.0
11.0
-12.0
-15.0
-26.0
-28.0
-21.0
-14.0
1.0
-2.0
25.0
-14.0
5.0
-19.0
16.0
-2.0
-28.0
-13.0
-35.0
-35.0
-25.0
-16.0
-16.0
-29.0
18.0
12.0
4.0
-7.0
1.0
6.0
-7.0
-3.0
-23.0
-6.0
18.0
-1.0
52.0
24.0
-13.0
-18.0
2.0
12.0
4.0
-6.0
-27.0
-5.0
-3.0
27.0
-2.0
-3.0
-31.0
10.0
-11.0
-21.0
-48.0
8.0
-7.0
-8.0
-20.0
-21.0
-11.0
-13.0
-19.0
-6.0
-6.0
14.0
-15.0
-25.0
-9.0
-33.0
6.0
9.0
-10.0
-2.0
-6.0
6.0
17.0
-11.0
-21.0
-25.0
-16.0
3.0
30.0
4.0
1.0
-9.0
-15.0
-39.0
-6.0
-12.0
-23.0
-19.0
17.0
-7.0
8.0
3.0
4.0
-32.0
9.0
-4.0
-5.0
7.0
13.0
7.0
-1.0
26.0
4.0
-3.0
-6.0
-6.0
-10.0
-5.0
-17.0
17.0
0.0
-11.0
-27.0
-28.0
-20.0
-7.0
-35.0
18.0
2.0
2.0
-4.0
-22.0
-40.0
-2.0
-21.0
-14.0
-10.0
0.0
24.0
-2.0
31.0
-15.0
9.0
29.0
18.0
11.0
-22.0
3.0
-26.0
-4.0
-47.0
-18.0
-7.0
-2.0
33.0
46.0
27.0
31.0
29.0
8.0
-31.0
-15.0
7.0
-15.0
-8.0
-10.0
-3.0
-5.0
-11.0
-3.0
11.0
-4.0
-5.0
-34.0
-22.0
-22.0
-23.0
17.0
0.0
-7.0
14.0
-14.0
-49.0
-34.0
-20.0
-29.0
16.0
39.0
-30.0
-14.0
16.0
-9.0
-5.0
-4.0
-20.0
-21.0
2.0
-2.0
9.0
-8.0
-48.0
-40.0
-1.0
-14.0
-6.0
-9.0
34.0
25.0
3.0
4.0
-21.0
-13.0
-3.0
-14.0
10.0
17.0
-27.0
-20.0
-38.0
14.0
11.0
23.0
23.0
-16.0
3.0
4.0
1.0
2.0
-2.0
28.0
9.0
19.0
0.0
4.0
10.0
15.0
3.0
-30.0
-15.0
9.0
16.0
-21.0
-14.0
-22.0
-14.0
4.0
-19.0
21.0
3.0
-3.0
-13.0
-5.0
-23.0
-18.0
-19.0
-21.0
-18.0
-40.0
-24.0
9.0
3.0
-1.0
18.0
-1.0
12.0
4.0
-2.0
5.0
8.0
-9.0
-11.0
-11.0
-57.0
-76.0
1.0
-8.0
38.0
49.0
28.0
22.0
9.0
-2.0
-6.0
-58.0
-67.0
-55.0
-11.0
26.0
6.0
19.0
-1.0
11.0
26.0
-7.0
-31.0
-34.0
-15.0
-42.0
-52.0
-10.0
6.0
25.0
57.0
2.0
1.0
-3.0
11.0
-14.0
-10.0
5.0
14.0
29.0
-7.0
12.0
-2.0
-5.0
-15.0
-7.0
35.0
31.0
-38.0
-60.0
-36.0
-15.0
-5.0
-9.0
-5.0
9.0
55.0
41.0
38.0
-32.0
-33.0
-36.0
-62.0
-47.0
-19.0
31.0
-15.0
-16.0
1.0
19.0
-4.0
-9.0
-27.0
-18.0
3.0
-10.0
8.0
-9.0
4.0
-8.0
7.0
-2.0
-14.0
-5.0
-6.0
-10.0
-18.0
-27.0
-60.0
-3.0
-15.0
-10.0
-1.0
2.0
3.0
2.0
-2.0
12.0
2.0
-6.0
7.0
-31.0
-26.0
-26.0
-5.0
-33.0
-28.0
-1.0
-2.0
39.0
40.0
40.0
25.0
25.0
-3.0
-28.0
-2.0
10.0
-10.0
24.0
17.0
23.0
-27.0
-27.0
8.0
-21.0
-34.0
-19.0
-19.0
0.0
11.0
-2.0
-13.0
-17.0
-25.0
5.0
-20.0
23.0
-19.0
6.0
12.0
-18.0
5.0
-1.0
-9.0
11.0
4.0
12.0
7.0
2.0
-10.0
-16.0
2.0
-10.0
12.0
-5.0
-12.0
-16.0
-11.0
-1.0
-10.0
-21.0
-13.0
-12.0
-16.0
-21.0
29.0
-9.0
8.0
-21.0
-11.0
-5.0
-4.0
5.0
0.0
11.0
2.0
-24.0
-18.0
17.0
-2.0
-20.0
-7.0
-3.0
-23.0
-9.0
23.0
6.0
15.0
-30.0
-46.0
-54.0
-26.0
-18.0
-5.0
-17.0
-4.0
18.0
56.0
13.0
19.0
40.0
22.0
30.0
-16.0
-74.0
-103.0
-25.0
5.0
18.0
5.0
-2.0
20.0
16.0
-32.0
26.0
26.0
8.0
20.0
18.0
17.0
8.0
-9.0
8.0
-27.0
-38.0
-37.0
3.0
19.0
42.0
51.0
-7.0
3.0
5.0
-19.0
-36.0
-18.0
-18.0
-48.0
-63.0
-71.0
-9.0
17.0
23.0
0.0
24.0
-4.0
18.0
2.0
17.0
-17.0
9.0
-22.0
-20.0
-31.0
9.0
13.0
15.0
24.0
0.0
5.0
5.0
2.0
5.0
-25.0
-15.0
6.0
4.0
-29.0
-85.0
-74.0
2.0
-5.0
-1.0
20.0
-19.0
-3.0
30.0
10.0
17.0
31.0
14.0
-4.0
2.0
1.0
8.0
32.0
20.0
-14.0
-9.0
-10.0
-26.0
-19.0
-20.0
-2.0
6.0
1.0
17.0
-9.0
-19.0
-13.0
-36.0
-110.0
-111.0
-110.0
-50.0
-19.0
-5.0
49.0
49.0
17.0
21.0
21.0
21.0
16.0
-17.0
-11.0
-31.0
-11.0
17.0
44.0
13.0
38.0
41.0
16.0
12.0
-7.0
-2.0
-15.0
13.0
-29.0
-12.0
3.0
3.0
3.0
-8.0
8.0
16.0
-24.0
-11.0
-30.0
-36.0
-17.0
-13.0
-29.0
-19.0
-54.0
-41.0
-14.0
-16.0
-23.0
-14.0
3.0
-4.0
6.0
16.0
30.0
22.0
40.0
41.0
18.0
20.0
17.0
23.0
-21.0
27.0
-17.0
-25.0
0.0
-1.0
-31.0
-22.0
-58.0
-66.0
-116.0
-80.0
-52.0
-2.0
24.0
48.0
34.0
10.0
-4.0
-1.0
19.0
23.0
1.0
0.0
-5.0
14.0
-14.0
-7.0
-12.0
-16.0
-30.0
-13.0
23.0
-1.0
-8.0
-23.0
-27.0
-20.0
-17.0
-14.0
0.0
19.0
44.0
22.0
4.0
-15.0
-9.0
-22.0
-6.0
-11.0
-13.0
-45.0
-19.0
-6.0
-15.0
-6.0
-21.0
0.0
-8.0
-7.0
-11.0
2.0
-16.0
-4.0
-1.0
0.0
0.0
-3.0
-30.0
-32.0
-1.0
-23.0
7.0
29.0
35.0
-18.0
1.0
5.0
17.0
14.0
4.0
-51.0
-49.0
-15.0
-10.0
12.0
2.0
-1.0
-23.0
-27.0
-2.0
-7.0
-35.0
-21.0
16.0
-28.0
-13.0
37.0
-15.0
-20.0
-20.0
-38.0
-3.0
28.0
-10.0
23.0
47.0
0.0
-70.0
-70.0
-7.0
33.0
54.0
46.0
13.0
49.0
21.0
10.0
-10.0
-16.0
10.0
-17.0
-10.0
-25.0
-18.0
-24.0
-13.0
-2.0
21.0
22.0
8.0
-20.0
-7.0
-19.0
5.0
-10.0
6.0
18.0
20.0
11.0
-11.0
-16.0
-4.0
-10.0
6.0
-19.0
9.0
3.0
-22.0
-23.0
-13.0
11.0
11.0
-1.0
1.0
7.0
-6.0
-5.0
-17.0
-17.0
-7.0
-1.0
-2.0
-21.0
-10.0
-9.0
-1.0
-13.0
-14.0
-12.0
-12.0
-7.0
-16.0
-41.0
12.0
14.0
-14.0
-1.0
9.0
2.0
-18.0
-11.0
29.0
17.0
-27.0
-36.0
6.0
-9.0
2.0
1.0
18.0
2.0
-18.0
-9.0
15.0
-11.0
-13.0
11.0
-11.0
-17.0
-23.0
-27.0
-3.0
-17.0
-37.0
-14.0
8.0
7.0
-33.0
-28.0
-39.0
14.0
11.0
-18.0
-30.0
40.0
25.0
32.0
46.0
39.0
4.0
19.0
-13.0
3.0
2.0
3.0
-20.0
-3.0
-8.0
-16.0
-10.0
9.0
-23.0
-26.0
13.0
-10.0
-7.0
16.0
-25.0
-12.0
-19.0
2.0
22.0
13.0
-2.0
-3.0
-6.0
-40.0
-25.0
-21.0
-4.0
2.0
-20.0
5.0
-16.0
18.0
21.0
28.0
19.0
15.0
58.0
0.0
-15.0
-34.0
-62.0
-49.0
-16.0
-6.0
-35.0
-26.0
13.0
4.0
-25.0
10.0
6.0
-7.0
-8.0
-1.0
20.0
22.0
22.0
4.0
-13.0
-14.0
1.0
8.0
11.0
7.0
-5.0
0.0
-4.0
-13.0
-29.0
-9.0
-1.0
-9.0
-3.0
4.0
17.0
15.0
-19.0
-11.0
8.0
-17.0
-7.0
-13.0
9.0
4.0
-25.0
-27.0
-12.0
-10.0
-42.0
-24.0
23.0
28.0
-1.0
36.0
22.0
23.0
20.0
-15.0
-22.0
-10.0
12.0
-7.0
-4.0
8.0
14.0
2.0
11.0
-20.0
19.0
3.0
-9.0
2.0
-7.0
2.0
11.0
9.0
-9.0
1.0
-2.0
-14.0
-35.0
-25.0
-7.0
-18.0
-8.0
-15.0
-8.0
7.0
13.0
-9.0
-13.0
15.0
-12.0
10.0
-20.0
-4.0
29.0
-19.0
-32.0
-10.0
0.0
-7.0
23.0
27.0
3.0
5.0
0.0
24.0
-8.0
-4.0
-33.0
-14.0
-24.0
-15.0
-12.0
-13.0
3.0
-19.0
-6.0
-6.0
8.0
-12.0
-44.0
-28.0
-35.0
-40.0
10.0
-39.0
20.0
-6.0
-25.0
2.0
31.0
29.0
13.0
22.0
10.0
-2.0
-13.0
-22.0
8.0
4.0
1.0
-1.0
6.0
3.0
8.0
-2.0
-14.0
-6.0
-8.0
-26.0
-23.0
-15.0
-21.0
-21.0
-30.0
-28.0
-43.0
-24.0
-26.0
11.0
-13.0
5.0
51.0
51.0
14.0
26.0
1.0
22.0
-14.0
1.0
-13.0
-21.0
-3.0
-1.0
19.0
10.0
-6.0
0.0
20.0
-17.0
-12.0
-2.0
1.0
6.0
-5.0
-5.0
-14.0
-4.0
-25.0
6.0
8.0
-48.0
-29.0
-39.0
4.0
-24.0
2.0
5.0
-7.0
30.0
19.0
22.0
-8.0
-16.0
-3.0
12.0
-63.0
-18.0
-16.0
24.0
52.0
-8.0
32.0
30.0
-21.0
-7.0
11.0
9.0
-2.0
-16.0
22.0
-2.0
-25.0
-16.0
-17.0
-10.0
-57.0
-16.0
-7.0
-53.0
-43.0
-17.0
-10.0
-14.0
-14.0
2.0
1.0
-20.0
-13.0
-30.0
-6.0
-5.0
-16.0
-15.0
-4.0
-15.0
22.0
26.0
32.0
10.0
17.0
11.0
15.0
19.0
7.0
18.0
18.0
-8.0
-9.0
-13.0
-25.0
-11.0
-9.0
-20.0
-38.0
-19.0
-17.0
-54.0
-81.0
-60.0
-20.0
-29.0
12.0
10.0
-13.0
57.0
8.0
-5.0
-2.0
15.0
-13.0
-10.0
-44.0
-45.0
4.0
-17.0
13.0
7.0
29.0
33.0
3.0
36.0
49.0
45.0
26.0
-20.0
14.0
9.0
15.0
-30.0
-9.0
-33.0
-35.0
-47.0
-26.0
-49.0
-35.0
0.0
-10.0
-16.0
-3.0
0.0
-24.0
-22.0
-10.0
-21.0
10.0
-9.0
-4.0
4.0
21.0
14.0
4.0
-2.0
-8.0
-11.0
-11.0
1.0
-29.0
-17.0
23.0
6.0
-1.0
9.0
29.0
35.0
-6.0
33.0
-61.0
-63.0
-33.0
-30.0
-23.0
-25.0
0.0
-10.0
27.0
-15.0
22.0
-48.0
-8.0
-45.0
-15.0
-15.0
38.0
83.0
71.0
307.0
100.0
-3.0
157.0
39.0
-7.0
14.0
-17.0
-9.0
-77.0
-174.0
-107.0
-32.0
-33.0
-55.0
-17.0
-36.0
-77.0
-52.0
27.0
37.0
48.0
-23.0
-22.0
3.0
0.0
59.0
-24.0
-54.0
-2.0
-116.0
-86.0
-75.0
-53.0
-50.0
-83.0
1.0
-26.0
1.0
-77.0
-91.0
-55.0
29.0
-50.0
29.0
72.0
79.0
248.0
-8.0
93.0
148.0
159.0
156.0
85.0
79.0
37.0
46.0
65.0
57.0
32.0
42.0
23.0
33.0
12.0
8.0
-29.0
-18.0
-8.0
-3.0
-5.0
-64.0
-27.0
-8.0
-22.0
-18.0
8.0
-35.0
-35.0
-27.0
-11.0
-13.0
-3.0
-10.0
-3.0
-11.0
-13.0
-21.0
-60.0
-8.0
-18.0
-7.0
-43.0
-28.0
-28.0
-36.0
-26.0
-25.0
-34.0
-62.0
-36.0
-35.0
-23.0
-5.0
4.0
-19.0
-8.0
-20.0
-23.0
-6.0
-20.0
2.0
-10.0
-5.0
-15.0
-4.0
-9.0
-13.0
-8.0
3.0
-17.0
-39.0
-37.0
-13.0
-11.0
-4.0
-15.0
-17.0
-7.0
-13.0
-18.0
-26.0
4.0
-15.0
-3.0
33.0
7.0
-1.0
21.0
39.0
10.0
42.0
2.0
15.0
-21.0
-26.0
-6.0
11.0
-20.0
-7.0
9.0
0.0
-5.0
-15.0
14.0
12.0
22.0
13.0
-5.0
-46.0
-51.0
-7.0
2.0
23.0
-4.0
5.0
36.0
34.0
-12.0
-23.0
-44.0
-40.0
-17.0
-23.0
9.0
33.0
31.0
43.0
4.0
37.0
18.0
18.0
-15.0
-5.0
-10.0
-29.0
-33.0
-19.0
-18.0
-1.0
18.0
20.0
14.0
-9.0
16.0
-17.0
-11.0
-20.0
-7.0
-48.0
-8.0
-2.0
19.0
1.0
0.0
20.0
-1.0
6.0
1.0
0.0
-10.0
-13.0
-30.0
-53.0
-54.0
-30.0
28.0
35.0
8.0
-12.0
-60.0
-52.0
-22.0
26.0
-9.0
33.0
26.0
22.0
4.0
40.0
20.0
31.0
42.0
-45.0
-11.0
13.0
-34.0
-23.0
-27.0
-20.0
46.0
33.0
23.0
-37.0
-12.0
-14.0
-11.0
-12.0
-28.0
-7.0
-32.0
0.0
-27.0
5.0
-11.0
5.0
-18.0
-31.0
4.0
-5.0
-12.0
1.0
12.0
-9.0
-34.0
-16.0
-18.0
7.0
-19.0
-8.0
-2.0
16.0
11.0
31.0
-6.0
9.0
8.0
7.0
-68.0
-104.0
-24.0
-5.0
20.0
52.0
-30.0
-38.0
85.0
84.0
29.0
-14.0
-7.0
-35.0
-33.0
-3.0
20.0
18.0
9.0
-3.0
-45.0
-6.0
69.0
2.0
32.0
52.0
54.0
12.0
-4.0
-2.0
-23.0
-4.0
0.0
30.0
7.0
34.0
-39.0
-16.0
-4.0
-21.0
-16.0
-27.0
-31.0
-15.0
-26.0
-31.0
-38.0
-21.0
-5.0
10.0
14.0
-23.0
3.0
-11.0
-3.0
10.0
-13.0
5.0
-17.0
-16.0
2.0
-9.0
-2.0
-30.0
-9.0
-6.0
-22.0
-33.0
-18.0
-16.0
-14.0
-9.0
21.0
12.0
-4.0
-13.0
-5.0
15.0
15.0
11.0
-3.0
-5.0
10.0
5.0
-14.0
-14.0
-22.0
4.0
-24.0
-23.0
-15.0
-15.0
23.0
-5.0
-6.0
-75.0
-54.0
23.0
73.0
57.0
1.0
-9.0
45.0
-14.0
-5.0
-25.0
22.0
6.0
9.0
27.0
43.0
7.0
29.0
13.0
14.0
20.0
10.0
-14.0
-58.0
-57.0
-13.0
18.0
-15.0
-29.0
-13.0
-34.0
9.0
23.0
-16.0
-4.0
6.0
-21.0
-26.0
-44.0
-15.0
-5.0
-2.0
-41.0
-14.0
-20.0
-33.0
7.0
-27.0
-46.0
-22.0
-56.0
-31.0
-46.0
-9.0
-14.0
-34.0
-19.0
25.0
35.0
45.0
29.0
12.0
56.0
38.0
37.0
41.0
12.0
21.0
40.0
2.0
32.0
-8.0
-6.0
-39.0
-42.0
-38.0
-30.0
-18.0
-1.0
-41.0
-28.0
12.0
0.0
15.0
21.0
1.0
-16.0
-13.0
9.0
-18.0
-5.0
3.0
-26.0
9.0
0.0
-2.0
-18.0
-41.0
-10.0
-20.0
16.0
-2.0
6.0
-15.0
-17.0
-1.0
4.0
-4.0
-1.0
34.0
26.0
9.0
-9.0
-30.0
-36.0
-28.0
-23.0
-5.0
-6.0
-1.0
-33.0
-27.0
9.0
-4.0
-17.0
-18.0
-10.0
9.0
-29.0
6.0
26.0
-17.0
17.0
-20.0
-24.0
21.0
4.0
-18.0
-66.0
-82.0
-55.0
24.0
69.0
64.0
63.0
57.0
35.0
11.0
4.0
8.0
19.0
26.0
13.0
-2.0
-5.0
16.0
-2.0
-32.0
-23.0
-60.0
-80.0
-55.0
14.0
11.0
10.0
-12.0
-108.0
-136.0
2.0
33.0
-2.0
15.0
-17.0
14.0
16.0
45.0
55.0
22.0
4.0
-13.0
-10.0
2.0
1.0
6.0
-2.0
15.0
9.0
26.0
6.0
-50.0
24.0
0.0
-47.0
-8.0
-13.0
-9.0
8.0
-1.0
-6.0
3.0
-14.0
-8.0
-14.0
-1.0
-6.0
-7.0
7.0
-8.0
1.0
-9.0
7.0
25.0
23.0
17.0
22.0
-7.0
-15.0
1.0
6.0
7.0
2.0
-8.0
-11.0
13.0
4.0
-4.0
-82.0
-93.0
-13.0
45.0
58.0
21.0
8.0
-4.0
10.0
-6.0
3.0
-14.0
-20.0
-48.0
9.0
-26.0
18.0
18.0
19.0
-34.0
-57.0
-2.0
-28.0
-31.0
-14.0
3.0
-5.0
19.0
16.0
16.0
28.0
16.0
-10.0
-24.0
31.0
-39.0
-6.0
41.0
45.0
7.0
-28.0
-52.0
-37.0
-34.0
-31.0
-3.0
8.0
31.0
28.0
-2.0
1.0
2.0
13.0
-15.0
-9.0
-22.0
-40.0
26.0
32.0
-24.0
-44.0
24.0
25.0
11.0
-21.0
-33.0
5.0
32.0
28.0
2.0
-23.0
-33.0
-23.0
14.0
7.0
32.0
40.0
10.0
9.0
8.0
-8.0
25.0
-5.0
-17.0
-5.0
0.0
1.0
0.0
1.0
-46.0
-19.0
-46.0
-34.0
-9.0
-35.0
-44.0
-68.0
-31.0
-36.0
-10.0
40.0
49.0
89.0
71.0
31.0
38.0
11.0
-12.0
-18.0
1.0
-11.0
-6.0
-14.0
-2.0
2.0
-8.0
0.0
-6.0
-26.0
-41.0
-22.0
-9.0
-33.0
-1.0
-5.0
-1.0
-24.0
10.0
11.0
4.0
-4.0
-19.0
-25.0
-17.0
-7.0
-2.0
16.0
19.0
13.0
8.0
3.0
-21.0
-30.0
-20.0
-19.0
8.0
11.0
-6.0
-12.0
-20.0
5.0
-9.0
-8.0
-17.0
10.0
-13.0
-22.0
-60.0
-67.0
-23.0
-4.0
61.0
39.0
18.0
25.0
17.0
11.0
20.0
7.0
-13.0
-13.0
-20.0
-6.0
12.0
9.0
-7.0
-1.0
-16.0
1.0
-29.0
-18.0
-11.0
-53.0
-83.0
-57.0
-44.0
8.0
21.0
18.0
26.0
25.0
20.0
2.0
20.0
-7.0
6.0
5.0
-26.0
-25.0
-28.0
-19.0
-24.0
19.0
9.0
22.0
32.0
33.0
34.0
17.0
-8.0
-13.0
-8.0
-33.0
30.0
3.0
-18.0
-25.0
22.0
21.0
-29.0
-16.0
16.0
7.0
-11.0
2.0
3.0
-28.0
-26.0
-31.0
-40.0
-28.0
7.0
-3.0
8.0
17.0
12.0
-20.0
13.0
6.0
5.0
-20.0
7.0
6.0
-21.0
-17.0
13.0
-5.0
0.0
11.0
3.0
-13.0
-25.0
-32.0
-39.0
-3.0
-36.0
-32.0
-15.0
-13.0
-25.0
12.0
13.0
8.0
0.0
-13.0
-16.0
19.0
-20.0
-9.0
-6.0
-13.0
-7.0
8.0
-12.0
-37.0
-14.0
-22.0
-12.0
-7.0
-54.0
-22.0
-22.0
10.0
-7.0
-5.0
7.0
15.0
3.0
-9.0
-1.0
11.0
4.0
9.0
35.0
7.0
-16.0
-19.0
-12.0
-11.0
-10.0
11.0
-9.0
0.0
-7.0
-20.0
-20.0
1.0
-9.0
-7.0
10.0
11.0
16.0
-22.0
-9.0
-25.0
-3.0
-14.0
-4.0
1.0
-7.0
2.0
-23.0
6.0
7.0
-3.0
-4.0
-13.0
4.0
15.0
6.0
6.0
0.0
-37.0
-35.0
-43.0
-61.0
-71.0
-18.0
-16.0
-6.0
24.0
24.0
22.0
-16.0
10.0
19.0
14.0
-36.0
-56.0
-7.0
-17.0
7.0
4.0
42.0
-13.0
-27.0
-38.0
-14.0
-19.0
1.0
6.0
16.0
-14.0
4.0
33.0
15.0
2.0
4.0
6.0
-2.0
-4.0
-33.0
-25.0
-4.0
-9.0
-2.0
-8.0
22.0
17.0
13.0
-15.0
5.0
-17.0
-11.0
-21.0
1.0
0.0
-21.0
-12.0
-29.0
-38.0
-50.0
-36.0
-45.0
-49.0
-6.0
28.0
-9.0
-18.0
17.0
4.0
23.0
-11.0
18.0
-26.0
-20.0
-2.0
18.0
8.0
-33.0
10.0
8.0
-22.0
0.0
11.0
23.0
6.0
-5.0
3.0
15.0
13.0
22.0
-16.0
-2.0
-25.0
-64.0
-50.0
-43.0
-43.0
-48.0
-60.0
-42.0
9.0
46.0
43.0
31.0
20.0
14.0
7.0
3.0
-2.0
-16.0
18.0
11.0
9.0
41.0
-38.0
17.0
5.0
4.0
-16.0
-3.0
15.0
-3.0
9.0
19.0
0.0
4.0
-7.0
-11.0
10.0
-2.0
-7.0
-7.0
-17.0
-19.0
-48.0
-12.0
-28.0
0.0
9.0
9.0
12.0
-4.0
7.0
23.0
-1.0
13.0
19.0
-7.0
-34.0
-22.0
-15.0
-5.0
2.0
7.0
32.0
4.0
-4.0
2.0
-10.0
-29.0
10.0
-2.0
-15.0
-9.0
-21.0
-31.0
-37.0
-60.0
-64.0
-84.0
-79.0
-22.0
12.0
13.0
28.0
25.0
40.0
-10.0
24.0
38.0
17.0
7.0
-9.0
-6.0
-16.0
-22.0
-24.0
25.0
-11.0
-15.0
4.0
6.0
15.0
-11.0
0.0
-8.0
-9.0
-8.0
-4.0
30.0
-18.0
-16.0
1.0
-28.0
10.0
-13.0
-1.0
-10.0
-4.0
-35.0
-30.0
-37.0
36.0
28.0
11.0
-8.0
18.0
9.0
-1.0
6.0
0.0
-5.0
2.0
11.0
-8.0
-28.0
-34.0
-5.0
-11.0
-29.0
-21.0
34.0
-9.0
19.0
-6.0
-9.0
-18.0
-16.0
-22.0
-19.0
24.0
12.0
-47.0
-21.0
-46.0
4.0
18.0
-6.0
2.0
-9.0
-4.0
-8.0
5.0
-21.0
-13.0
-31.0
-32.0
-14.0
-7.0
8.0
24.0
30.0
-25.0
-7.0
-15.0
-14.0
-20.0
-7.0
14.0
-10.0
-13.0
-13.0
-26.0
-7.0
2.0
3.0
4.0
4.0
-7.0
-44.0
-31.0
-2.0
28.0
1.0
-11.0
-12.0
-11.0
3.0
27.0
7.0
-18.0
-18.0
-24.0
-51.0
-17.0
8.0
6.0
20.0
2.0
-29.0
-12.0
-13.0
-11.0
14.0
8.0
9.0
9.0
9.0
12.0
-8.0
6.0
47.0
-12.0
-42.0
-71.0
-22.0
-32.0
-21.0
14.0
-25.0
-36.0
16.0
8.0
23.0
12.0
0.0
16.0
13.0
12.0
15.0
10.0
11.0
12.0
-8.0
-15.0
-4.0
-7.0
-16.0
14.0
31.0
6.0
7.0
-4.0
-23.0
-10.0
-6.0
-2.0
-36.0
-7.0
9.0
-12.0
-19.0
-26.0
-8.0
-22.0
-34.0
-16.0
-2.0
27.0
-9.0
-5.0
7.0
14.0
4.0
2.0
-9.0
-11.0
0.0
3.0
-17.0
13.0
-13.0
-32.0
6.0
19.0
27.0
27.0
-4.0
6.0
-9.0
-5.0
-1.0
-18.0
-29.0
-9.0
-13.0
-13.0
8.0
25.0
19.0
4.0
-23.0
-2.0
19.0
-4.0
-9.0
-5.0
-31.0
-8.0
16.0
12.0
12.0
17.0
5.0
-38.0
5.0
-5.0
-4.0
-3.0
-18.0
-37.0
-37.0
-8.0
18.0
1.0
-6.0
-9.0
-50.0
-47.0
-49.0
-18.0
-4.0
-21.0
1.0
-5.0
43.0
41.0
-1.0
13.0
4.0
42.0
25.0
-2.0
-9.0
-26.0
3.0
-10.0
4.0
-36.0
-36.0
3.0
-9.0
7.0
-14.0
-8.0
-15.0
-15.0
6.0
13.0
30.0
0.0
-1.0
1.0
-3.0
-26.0
-15.0
-19.0
-15.0
5.0
-18.0
-2.0
6.0
-8.0
3.0
6.0
17.0
11.0
-5.0
-6.0
-55.0
-14.0
2.0
-42.0
9.0
-4.0
-14.0
-15.0
24.0
22.0
-30.0
-50.0
15.0
27.0
17.0
36.0
0.0
6.0
9.0
17.0
-37.0
-66.0
-48.0
7.0
4.0
-4.0
-3.0
-6.0
-21.0
-46.0
-39.0
-60.0
2.0
1.0
28.0
17.0
46.0
29.0
21.0
34.0
18.0
11.0
-10.0
-7.0
-4.0
2.0
-1.0
0.0
11.0
-3.0
-2.0
-14.0
-18.0
-52.0
-20.0
-2.0
2.0
-1.0
6.0
-29.0
-21.0
-33.0
17.0
6.0
-9.0
-9.0
-27.0
-28.0
-11.0
-36.0
-34.0
-23.0
28.0
-3.0
-1.0
-4.0
31.0
27.0
9.0
7.0
-1.0
-3.0
-46.0
-20.0
9.0
27.0
41.0
32.0
27.0
13.0
-6.0
5.0
-1.0
-5.0
3.0
13.0
-3.0
-8.0
0.0
-18.0
-15.0
-41.0
6.0
-8.0
3.0
13.0
5.0
-7.0
-18.0
-20.0
-5.0
-33.0
1.0
-9.0
-5.0
16.0
-18.0
-17.0
-19.0
-32.0
-68.0
-84.0
-126.0
-31.0
-31.0
-14.0
101.0
87.0
28.0
47.0
44.0
-12.0
28.0
9.0
2.0
-28.0
18.0
12.0
54.0
39.0
30.0
39.0
60.0
-17.0
-8.0
-10.0
-19.0
-26.0
-39.0
-37.0
-44.0
-9.0
-21.0
-36.0
-5.0
-10.0
-11.0
-4.0
0.0
-14.0
-14.0
-3.0
1.0
-42.0
2.0
5.0
-2.0
4.0
40.0
7.0
13.0
14.0
-12.0
-22.0
8.0
-3.0
-1.0
2.0
45.0
-20.0
-33.0
-55.0
-5.0
26.0
37.0
9.0
-16.0
-12.0
-4.0
-27.0
-17.0
-38.0
-3.0
-12.0
-40.0
1.0
5.0
5.0
-18.0
-25.0
12.0
7.0
26.0
38.0
17.0
10.0
4.0
3.0
14.0
-17.0
-18.0
8.0
-25.0
-46.0
-29.0
4.0
-2.0
-7.0
-27.0
9.0
30.0
17.0
-13.0
-3.0
12.0
-9.0
3.0
-4.0
-16.0
-3.0
9.0
40.0
-2.0
-32.0
-51.0
-39.0
6.0
6.0
-11.0
0.0
-18.0
4.0
2.0
-10.0
-11.0
-15.0
3.0
3.0
-6.0
-12.0
11.0
-34.0
25.0
-16.0
0.0
1.0
17.0
8.0
9.0
-8.0
19.0
-23.0
-1.0
-13.0
-12.0
-8.0
3.0
6.0
-20.0
-17.0
5.0
2.0
-20.0
-1.0
13.0
9.0
5.0
8.0
-15.0
-9.0
-18.0
-26.0
-5.0
-7.0
-6.0
-20.0
-20.0
-27.0
7.0
-15.0
2.0
-31.0
1.0
24.0
-36.0
3.0
4.0
1.0
-3.0
-9.0
6.0
26.0
-11.0
-56.0
-15.0
33.0
17.0
18.0
1.0
7.0
-2.0
-8.0
-2.0
18.0
1.0
28.0
11.0
14.0
4.0
-11.0
1.0
-48.0
-22.0
-38.0
-36.0
-31.0
-5.0
-13.0
-17.0
-37.0
-52.0
14.0
7.0
6.0
-9.0
-4.0
-4.0
-10.0
25.0
2.0
6.0
-16.0
4.0
-7.0
-34.0
13.0
-9.0
-2.0
23.0
-3.0
-1.0
-38.0
-21.0
-20.0
-17.0
-9.0
9.0
11.0
0.0
-3.0
2.0
-28.0
9.0
13.0
7.0
9.0
7.0
2.0
-18.0
5.0
-39.0
-121.0
-168.0
-44.0
-15.0
36.0
104.0
96.0
-9.0
-9.0
-27.0
4.0
50.0
31.0
-28.0
-3.0
25.0
24.0
13.0
49.0
36.0
6.0
14.0
-21.0
26.0
55.0
32.0
34.0
16.0
27.0
20.0
-2.0
-27.0
-21.0
-51.0
-29.0
-37.0
-36.0
-44.0
-37.0
-10.0
-12.0
35.0
52.0
10.0
26.0
13.0
13.0
26.0
0.0
24.0
7.0
13.0
-32.0
-6.0
-22.0
-46.0
-45.0
-22.0
-35.0
-1.0
15.0
-15.0
16.0
-11.0
-25.0
-11.0
-8.0
8.0
-2.0
-2.0
-16.0
-5.0
-28.0
-26.0
-24.0
-19.0
-23.0
-20.0
1.0
4.0
-17.0
-12.0
13.0
9.0
0.0
0.0
3.0
13.0
-31.0
-7.0
10.0
11.0
9.0
-10.0
-15.0
-23.0
-37.0
-24.0
-26.0
-2.0
7.0
11.0
-6.0
3.0
-7.0
-6.0
-3.0
3.0
18.0
-16.0
-23.0
11.0
-12.0
-8.0
18.0
-27.0
-28.0
-28.0
-12.0
-23.0
-46.0
3.0
-34.0
26.0
50.0
20.0
22.0
71.0
6.0
-16.0
20.0
4.0
-24.0
-40.0
-22.0
-5.0
0.0
18.0
10.0
23.0
-3.0
17.0
14.0
-53.0
-61.0
-46.0
-55.0
-13.0
-20.0
19.0
33.0
12.0
-36.0
3.0
23.0
-37.0
-40.0
-26.0
-26.0
43.0
33.0
-8.0
-16.0
39.0
21.0
23.0
33.0
-24.0
-33.0
1.0
0.0
8.0
8.0
-15.0
-45.0
-69.0
-60.0
-50.0
23.0
23.0
46.0
27.0
-4.0
7.0
11.0
-9.0
-6.0
-20.0
23.0
3.0
-4.0
-15.0
1.0
2.0
-29.0
7.0
7.0
-32.0
-19.0
-3.0
-39.0
-11.0
7.0
-7.0
18.0
28.0
23.0
9.0
-4.0
7.0
-28.0
-21.0
-26.0
-2.0
-31.0
-1.0
13.0
-15.0
-5.0
-18.0
14.0
-4.0
2.0
19.0
17.0
-9.0
-2.0
-44.0
-56.0
-46.0
-35.0
-8.0
-24.0
13.0
-5.0
-5.0
2.0
-1.0
5.0
24.0
14.0
-16.0
-19.0
-41.0
-61.0
-103.0
-100.0
-91.0
-54.0
15.0
39.0
51.0
40.0
16.0
31.0
12.0
13.0
55.0
94.0
84.0
79.0
33.0
31.0
-87.0
-52.0
-52.0
-48.0
-27.0
0.0
16.0
-12.0
17.0
-9.0
-3.0
45.0
24.0
22.0
5.0
5.0
7.0
-20.0
-46.0
-13.0
9.0
-9.0
12.0
20.0
-15.0
-11.0
-24.0
12.0
4.0
-11.0
4.0
-25.0
-18.0
-21.0
12.0
-13.0
-25.0
-7.0
-26.0
-16.0
-22.0
-14.0
-10.0
-7.0
-12.0
-2.0
4.0
13.0
7.0
-23.0
7.0
-8.0
-49.0
-39.0
-32.0
12.0
-4.0
-11.0
-24.0
-24.0
-60.0
-53.0
-7.0
-12.0
-19.0
0.0
-15.0
-3.0
16.0
32.0
20.0
44.0
33.0
49.0
-33.0
-32.0
26.0
-18.0
17.0
-14.0
-29.0
17.0
18.0
19.0
28.0
29.0
27.0
0.0
-4.0
1.0
-1.0
-12.0
2.0
8.0
8.0
-2.0
-49.0
-34.0
-10.0
17.0
13.0
2.0
18.0
22.0
-22.0
-24.0
-8.0
10.0
5.0
-2.0
-8.0
-21.0
-12.0
-11.0
-9.0
-19.0
-14.0
-2.0
10.0
-9.0
-39.0
-20.0
3.0
-5.0
-5.0
-19.0
22.0
12.0
-20.0
-23.0
-33.0
-23.0
-16.0
-26.0
-3.0
6.0
-44.0
-20.0
-9.0
-4.0
3.0
24.0
49.0
35.0
10.0
32.0
20.0
-10.0
-15.0
-11.0
-18.0
-28.0
22.0
28.0
4.0
6.0
-1.0
38.0
1.0
2.0
-2.0
-13.0
-1.0
-3.0
-28.0
-24.0
-21.0
16.0
-1.0
-12.0
-2.0
-22.0
8.0
-1.0
12.0
-5.0
-10.0
1.0
-8.0
12.0
-11.0
21.0
39.0
35.0
-7.0
-57.0
-53.0
-37.0
46.0
46.0
30.0
-4.0
6.0
9.0
2.0
-12.0
11.0
-25.0
-22.0
-35.0
42.0
25.0
3.0
7.0
-23.0
-21.0
-47.0
-70.0
-52.0
-13.0
0.0
9.0
43.0
54.0
46.0
34.0
36.0
18.0
15.0
12.0
-42.0
2.0
-15.0
-14.0
30.0
-30.0
-18.0
-15.0
-26.0
-2.0
-23.0
-18.0
-24.0
-7.0
4.0
-5.0
-24.0
-22.0
-14.0
-45.0
-9.0
12.0
12.0
14.0
17.0
-1.0
-26.0
-27.0
-66.0
-42.0
3.0
-1.0
-22.0
-15.0
6.0
-4.0
21.0
12.0
9.0
11.0
-22.0
-28.0
9.0
17.0
-43.0
-16.0
4.0
36.0
1.0
34.0
30.0
33.0
6.0
1.0
-5.0
0.0
8.0
25.0
-13.0
13.0
3.0
20.0
18.0
7.0
-7.0
-1.0
4.0
-2.0
-8.0
-36.0
-87.0
-57.0
-28.0
-23.0
-4.0
29.0
11.0
0.0
-22.0
-40.0
13.0
-23.0
-33.0
-31.0
-6.0
-3.0
16.0
14.0
-5.0
2.0
-1.0
-23.0
19.0
17.0
-12.0
10.0
-15.0
22.0
6.0
2.0
33.0
-19.0
-9.0
-9.0
-21.0
2.0
30.0
10.0
1.0
-10.0
3.0
-33.0
-5.0
-15.0
-15.0
22.0
15.0
-20.0
-36.0
-40.0
-29.0
-14.0
-14.0
-15.0
-25.0
-1.0
-34.0
-29.0
4.0
13.0
-7.0
17.0
17.0
10.0
-25.0
-13.0
-12.0
-5.0
-17.0
-9.0
25.0
42.0
1.0
4.0
29.0
-4.0
-6.0
-17.0
-60.0
-9.0
17.0
13.0
12.0
8.0
-23.0
-8.0
-25.0
-10.0
-4.0
4.0
1.0
-17.0
-7.0
7.0
14.0
15.0
0.0
-37.0
13.0
6.0
4.0
-22.0
-13.0
-4.0
14.0
4.0
-16.0
13.0
2.0
10.0
12.0
9.0
-33.0
-37.0
-8.0
-22.0
-40.0
-33.0
-11.0
-5.0
-25.0
0.0
11.0
-6.0
-58.0
11.0
17.0
-3.0
-37.0
-32.0
-31.0
-50.0
6.0
13.0
-6.0
9.0
21.0
24.0
34.0
10.0
33.0
12.0
30.0
28.0
-3.0
21.0
-4.0
-13.0
-40.0
-17.0
-18.0
-22.0
34.0
35.0
21.0
49.0
14.0
9.0
-21.0
-18.0
-16.0
1.0
-2.0
-11.0
-14.0
11.0
-8.0
-42.0
-39.0
-3.0
-17.0
-42.0
-26.0
-20.0
-2.0
15.0
-14.0
-11.0
-10.0
-4.0
-6.0
-27.0
-13.0
-5.0
-9.0
11.0
-5.0
12.0
-13.0
-34.0
-68.0
-35.0
-10.0
-2.0
15.0
19.0
22.0
3.0
20.0
14.0
-12.0
8.0
6.0
-2.0
24.0
10.0
-10.0
-2.0
2.0
-17.0
-20.0
-3.0
-25.0
-21.0
-29.0
-42.0
-31.0
-5.0
14.0
9.0
-30.0
-31.0
-4.0
-20.0
-2.0
-7.0
-4.0
-18.0
-41.0
-6.0
18.0
9.0
16.0
20.0
10.0
11.0
18.0
20.0
-3.0
-8.0
-4.0
18.0
25.0
26.0
4.0
-11.0
2.0
3.0
-6.0
0.0
13.0
15.0
-34.0
-20.0
-9.0
-38.0
-14.0
2.0
-4.0
-33.0
1.0
10.0
-20.0
-24.0
-34.0
-22.0
-24.0
-3.0
-13.0
5.0
-15.0
-26.0
-12.0
0.0
-4.0
-4.0
17.0
-17.0
-10.0
36.0
12.0
30.0
20.0
26.0
25.0
1.0
-24.0
-30.0
-13.0
-25.0
-13.0
-28.0
17.0
20.0
-29.0
-63.0
-20.0
-35.0
-26.0
-32.0
-49.0
-21.0
-6.0
-19.0
-8.0
-6.0
3.0
34.0
65.0
28.0
29.0
28.0
81.0
75.0
49.0
22.0
18.0
-41.0
-45.0
-40.0
-31.0
12.0
22.0
18.0
8.0
-20.0
-47.0
-43.0
-33.0
-28.0
-22.0
-16.0
-11.0
-9.0
26.0
21.0
-4.0
10.0
-10.0
12.0
-35.0
-17.0
-17.0
-8.0
1.0
-17.0
-19.0
-5.0
-26.0
-1.0
5.0
13.0
-18.0
-15.0
-7.0
-50.0
-38.0
27.0
9.0
31.0
30.0
36.0
-31.0
-31.0
-22.0
-12.0
-7.0
0.0
-7.0
-6.0
-9.0
-2.0
17.0
14.0
9.0
-12.0
-18.0
12.0
-3.0
-18.0
-15.0
-41.0
-10.0
-12.0
-35.0
0.0
12.0
-3.0
-20.0
-42.0
3.0
-45.0
-24.0
-17.0
-25.0
26.0
25.0
4.0
0.0
-26.0
-5.0
12.0
33.0
21.0
-15.0
-17.0
-27.0
-38.0
-47.0
-2.0
47.0
31.0
12.0
9.0
45.0
38.0
17.0
38.0
25.0
-16.0
-4.0
-8.0
-15.0
-14.0
-8.0
4.0
24.0
4.0
-16.0
-25.0
-19.0
-20.0
-8.0
-9.0
-33.0
-26.0
-28.0
-22.0
-38.0
-41.0
-21.0
-11.0
-20.0
-16.0
-6.0
-19.0
-23.0
-5.0
-15.0
4.0
-16.0
-4.0
-4.0
-10.0
19.0
18.0
0.0
15.0
-2.0
-18.0
-8.0
3.0
23.0
20.0
7.0
-26.0
-12.0
5.0
4.0
14.0
-11.0
0.0
-3.0
-1.0
0.0
-17.0
-17.0
1.0
-1.0
28.0
2.0
-1.0
-25.0
-17.0
-21.0
-2.0
7.0
-15.0
-2.0
30.0
29.0
-2.0
5.0
9.0
3.0
35.0
18.0
-42.0
-15.0
-46.0
-54.0
-89.0
-63.0
-79.0
-43.0
-25.0
-47.0
21.0
14.0
38.0
65.0
43.0
0.0
6.0
8.0
17.0
20.0
23.0
24.0
5.0
8.0
-10.0
-37.0
-18.0
-26.0
-100.0
-20.0
-17.0
-50.0
11.0
11.0
-29.0
2.0
10.0
25.0
45.0
53.0
27.0
30.0
39.0
23.0
14.0
14.0
14.0
-24.0
-3.0
-33.0
-23.0
36.0
14.0
-17.0
-15.0
-2.0
-7.0
-19.0
30.0
9.0
-12.0
13.0
-34.0
-21.0
-18.0
-13.0
-14.0
-7.0
-25.0
-18.0
-11.0
-31.0
-65.0
-32.0
-27.0
3.0
-11.0
2.0
4.0
49.0
2.0
6.0
3.0
-29.0
-19.0
-17.0
2.0
-39.0
6.0
-3.0
-12.0
-49.0
16.0
11.0
-48.0
19.0
25.0
6.0
4.0
-2.0
-30.0
-27.0
-7.0
-13.0
11.0
-3.0
-10.0
18.0
12.0
7.0
7.0
-25.0
-26.0
-45.0
-6.0
19.0
16.0
12.0
-1.0
5.0
-8.0
-4.0
-5.0
5.0
42.0
8.0
22.0
-2.0
-15.0
-24.0
-38.0
-9.0
-17.0
-10.0
5.0
-10.0
-11.0
-21.0
-29.0
-25.0
-27.0
-15.0
-22.0
-34.0
-12.0
-28.0
-32.0
11.0
48.0
9.0
13.0
12.0
-2.0
-9.0
-15.0
-3.0
6.0
23.0
-5.0
1.0
6.0
-10.0
-7.0
30.0
7.0
9.0
33.0
40.0
26.0
2.0
22.0
-25.0
-13.0
-30.0
-50.0
-24.0
-23.0
-5.0
-20.0
-13.0
-13.0
7.0
1.0
-1.0
18.0
19.0
5.0
-15.0
-6.0
7.0
-23.0
-74.0
-13.0
-37.0
39.0
56.0
52.0
33.0
6.0
26.0
15.0
32.0
18.0
-2.0
-20.0
-27.0
-36.0
-15.0
9.0
-13.0
-24.0
-20.0
17.0
23.0
-2.0
-11.0
-22.0
1.0
-4.0
13.0
0.0
23.0
3.0
-24.0
-31.0
-60.0
-56.0
-45.0
-23.0
3.0
8.0
7.0
-1.0
13.0
4.0
12.0
18.0
-19.0
-7.0
-53.0
-11.0
18.0
0.0
2.0
-8.0
-28.0
-26.0
-2.0
22.0
79.0
-23.0
-1.0
-8.0
-26.0
4.0
-25.0
-84.0
-140.0
88.0
61.0
4.0
81.0
154.0
47.0
29.0
-21.0
-34.0
14.0
71.0
-49.0
4.0
27.0
-15.0
-4.0
-1.0
-83.0
-46.0
-111.0
39.0
69.0
98.0
80.0
-5.0
163.0
76.0
33.0
47.0
-55.0
10.0
-33.0
-83.0
-112.0
35.0
39.0
53.0
101.0
-15.0
-11.0
-27.0
-63.0
44.0
-59.0
-49.0
-79.0
-70.0
37.0
-36.0
-1.0
-12.0
-160.0
-34.0
-116.0
-51.0
50.0
88.0
51.0
135.0
-75.0
86.0
49.0
-313.0
-243.0
115.0
260.0
313.0
313.0
313.0
313.0
313.0
313.0
313.0
247.0
300.0
162.0
127.0
72.0
49.0
-9.0
-5.0
65.0
43.0
-58.0
-29.0
-3.0
103.0
169.0
211.0
-46.0
278.0
313.0
313.0
313.0
305.0
201.0
103.0
-44.0
-104.0
-82.0
-114.0
-106.0
-184.0
-303.0
-313.0
-269.0
-294.0
-275.0
-271.0
-270.0
-313.0
-215.0
-239.0
-260.0
-202.0
-205.0
-201.0
-224.0
-223.0
-197.0
-184.0
-118.0
-141.0
-136.0
-123.0
-129.0
-127.0
-119.0
-114.0
-84.0
-114.0
-73.0
-68.0
-96.0
-99.0
-114.0
-121.0
-90.0
-81.0
-63.0
-27.0
-8.0
-33.0
-30.0
-34.0
-125.0
48.0
-148.0
-41.0
-140.0
-80.0
-16.0
-241.0
-27.0
-21.0
1.0
-14.0
-142.0
-63.0
-121.0
63.0
75.0
37.0
0.0
-166.0
37.0
-57.0
-235.0
-313.0
-71.0
107.0
2.0
236.0
216.0
-30.0
34.0
-4.0
33.0
32.0
38.0
-7.0
-14.0
-18.0
14.0
-15.0
24.0
0.0
10.0
5.0
-9.0
3.0
15.0
26.0
43.0
1.0
7.0
47.0
14.0
13.0
65.0
13.0
-13.0
33.0
18.0
24.0
13.0
31.0
15.0
19.0
-12.0
40.0
46.0
41.0
66.0
40.0
31.0
30.0
36.0
43.0
7.0
31.0
23.0
33.0
37.0
9.0
18.0
9.0
24.0
13.0
15.0
9.0
-4.0
-26.0
-20.0
-24.0
-14.0
3.0
-5.0
-13.0
1.0
-9.0
-22.0
-2.0
-25.0
-11.0
-17.0
-1.0
-7.0
-7.0
-4.0
-20.0
11.0
-41.0
6.0
14.0
14.0
9.0
-1.0
7.0
0.0
12.0
-5.0
-24.0
-1.0
-22.0
12.0
15.0
-18.0
-12.0
46.0
49.0
-14.0
-28.0
-1.0
-78.0
-59.0
-15.0
-15.0
-18.0
5.0
-46.0
4.0
-16.0
-26.0
6.0
10.0
33.0
21.0
25.0
10.0
-22.0
-26.0
-5.0
24.0
12.0
19.0
-8.0
9.0
-1.0
-5.0
-2.0
-4.0
12.0
-20.0
1.0
5.0
-50.0
2.0
0.0
35.0
16.0
-49.0
10.0
24.0
11.0
23.0
6.0
-30.0
-20.0
-29.0
10.0
1.0
-85.0
-28.0
42.0
-10.0
-22.0
35.0
49.0
6.0
-4.0
4.0
3.0
1.0
7.0
-11.0
2.0
16.0
22.0
8.0
-34.0
-11.0
-22.0
9.0
43.0
-7.0
10.0
7.0
9.0
16.0
-11.0
-8.0
-19.0
-1.0
-3.0
5.0
-28.0
-20.0
-26.0
-25.0
31.0
-12.0
-14.0
-6.0
19.0
88.0
28.0
11.0
21.0
-34.0
-16.0
-20.0
-22.0
-26.0
-5.0
-33.0
-27.0
-7.0
-2.0
12.0
-27.0
-21.0
-4.0
-32.0
15.0
-1.0
-2.0
-10.0
11.0
-9.0
0.0
-15.0
-11.0
-12.0
-3.0
26.0
-7.0
-12.0
-9.0
2.0
-12.0
0.0
-14.0
-29.0
-3.0
6.0
-3.0
-2.0
4.0
-2.0
-12.0
15.0
-55.0
-90.0
12.0
30.0
44.0
49.0
47.0
48.0
11.0
-28.0
-25.0
-1.0
-3.0
-9.0
10.0
-5.0
20.0
24.0
-11.0
-26.0
-11.0
-15.0
8.0
-7.0
2.0
-5.0
-7.0
15.0
-15.0
-5.0
-5.0
2.0
34.0
0.0
-44.0
-22.0
-41.0
-26.0
-52.0
6.0
16.0
10.0
-12.0
-6.0
-12.0
20.0
9.0
8.0
-1.0
-1.0
33.0
4.0
-20.0
5.0
-6.0
-24.0
-13.0
12.0
15.0
12.0
22.0
9.0
-3.0
-17.0
-25.0
-24.0
-38.0
-27.0
-32.0
-29.0
-15.0
5.0
42.0
22.0
11.0
-26.0
-31.0
-25.0
-27.0
-27.0
19.0
30.0
28.0
33.0
17.0
11.0
6.0
-20.0
-15.0
-18.0
-2.0
5.0
-59.0
-38.0
-10.0
12.0
25.0
-9.0
12.0
4.0
-9.0
3.0
-32.0
7.0
27.0
25.0
21.0
24.0
14.0
17.0
-12.0
-6.0
1.0
-38.0
-66.0
26.0
24.0
-35.0
-16.0
-5.0
28.0
11.0
6.0
-25.0
9.0
-38.0
-42.0
-24.0
-11.0
31.0
-55.0
-54.0
-49.0
-53.0
47.0
35.0
34.0
39.0
26.0
-5.0
-59.0
13.0
11.0
17.0
-11.0
-45.0
-49.0
-43.0
-45.0
19.0
16.0
54.0
-6.0
-16.0
-4.0
18.0
-6.0
42.0
63.0
1.0
3.0
0.0
18.0
-2.0
-44.0
-14.0
-26.0
-5.0
-26.0
5.0
-9.0
-12.0
-18.0
-11.0
-13.0
-17.0
-21.0
-38.0
-16.0
-29.0
-13.0
33.0
-21.0
11.0
-9.0
11.0
6.0
21.0
2.0
0.0
-13.0
-23.0
-28.0
4.0
8.0
-9.0
-4.0
-44.0
-7.0
-32.0
-39.0
17.0
-2.0
5.0
-26.0
-22.0
-19.0
10.0
24.0
-5.0
5.0
-20.0
-22.0
-21.0
-7.0
6.0
8.0
6.0
15.0
-16.0
16.0
39.0
4.0
1.0
-15.0
-76.0
-79.0
-35.0
-53.0
-48.0
23.0
28.0
-23.0
16.0
47.0
38.0
33.0
31.0
42.0
13.0
11.0
-26.0
29.0
4.0
-15.0
3.0
5.0
10.0
-23.0
-24.0
-22.0
-27.0
-28.0
17.0
-12.0
-3.0
-8.0
-16.0
-24.0
-1.0
12.0
-118.0
22.0
-34.0
-31.0
-9.0
-15.0
-27.0
2.0
39.0
33.0
44.0
29.0
15.0
10.0
48.0
53.0
36.0
-5.0
0.0
-10.0
-16.0
-34.0
20.0
4.0
-14.0
-19.0
-42.0
-2.0
28.0
-4.0
-33.0
15.0
-16.0
10.0
33.0
23.0
16.0
-21.0
-29.0
-44.0
-72.0
-59.0
-17.0
5.0
0.0
8.0
9.0
-5.0
14.0
-4.0
9.0
-2.0
0.0
-3.0
-31.0
-34.0
3.0
18.0
15.0
20.0
-13.0
-14.0
19.0
-12.0
6.0
2.0
-24.0
-8.0
-22.0
5.0
-24.0
-69.0
12.0
-12.0
-21.0
-8.0
15.0
-17.0
-46.0
-134.0
-139.0
-22.0
61.0
19.0
17.0
16.0
55.0
42.0
-46.0
-36.0
-31.0
-7.0
17.0
0.0
36.0
2.0
-13.0
-23.0
55.0
52.0
58.0
118.0
55.0
15.0
30.0
17.0
2.0
13.0
-12.0
-15.0
-5.0
-20.0
-36.0
-19.0
-28.0
-13.0
-19.0
-1.0
3.0
-40.0
-21.0
-13.0
-48.0
-42.0
9.0
-11.0
-22.0
-24.0
-45.0
-30.0
-16.0
-20.0
5.0
59.0
2.0
-6.0
-20.0
-27.0
-16.0
25.0
32.0
3.0
41.0
9.0
2.0
-20.0
13.0
73.0
-49.0
-40.0
0.0
26.0
63.0
7.0
-73.0
33.0
51.0
107.0
7.0
-40.0
28.0
0.0
-61.0
10.0
42.0
26.0
11.0
39.0
54.0
97.0
75.0
121.0
125.0
126.0
116.0
151.0
112.0
146.0
98.0
99.0
17.0
21.0
14.0
-65.0
-76.0
-84.0
-71.0
-80.0
-114.0
-97.0
-71.0
-47.0
-37.0
-59.0
-117.0
-76.0
-139.0
-130.0
-94.0
-27.0
7.0
-92.0
-63.0
-39.0
-134.0
-17.0
-50.0
-4.0
-7.0
-54.0
-42.0
10.0
26.0
-33.0
-33.0
-43.0
1.0
-12.0
-25.0
-42.0
61.0
3.0
-82.0
-46.0
25.0
-39.0
-21.0
-162.0
-7.0
-56.0
-2.0
-22.0
-21.0
4.0
73.0
54.0
42.0
9.0
-17.0
24.0
-5.0
22.0
83.0
-22.0
1.0
-32.0
8.0
20.0
23.0
63.0
-101.0
-88.0
-156.0
-28.0
156.0
35.0
-96.0
-9.0
-61.0
39.0
59.0
-72.0
32.0
26.0
53.0
-26.0
20.0
24.0
13.0
7.0
-24.0
28.0
-3.0
-39.0
36.0
-42.0
24.0
8.0
0.0
17.0
66.0
12.0
18.0
-4.0
-10.0
-17.0
79.0
57.0
3.0
-2.0
44.0
-63.0
6.0
-28.0
-92.0
50.0
42.0
-11.0
-72.0
-109.0
-82.0
1.0
23.0
-69.0
37.0
-99.0
48.0
16.0
-53.0
44.0
69.0
24.0
0.0
-30.0
-67.0
54.0
14.0
1.0
-13.0
-41.0
11.0
-47.0
-71.0
-45.0
-53.0
-95.0
-36.0
-43.0
-64.0
43.0
-22.0
1.0
32.0
-36.0
-44.0
-31.0
-72.0
-81.0
97.0
-2.0
24.0
41.0
10.0
-44.0
68.0
3.0
-49.0
-114.0
-18.0
-67.0
22.0
82.0
31.0
-41.0
-23.0
42.0
-40.0
-49.0
41.0
-32.0
-2.0
-69.0
-8.0
-15.0
-58.0
-90.0
8.0
67.0
86.0
-44.0
25.0
41.0
53.0
10.0
48.0
-23.0
51.0
62.0
-96.0
123.0
18.0
-98.0
51.0
-70.0
-18.0
-33.0
45.0
31.0
-42.0
-44.0
-12.0
3.0
96.0
58.0
59.0
34.0
8.0
39.0
14.0
29.0
-38.0
-72.0
23.0
-10.0
34.0
-10.0
3.0
56.0
-57.0
113.0
-63.0
32.0
-29.0
45.0
-19.0
-15.0
-80.0
8.0
35.0
-108.0
-7.0
14.0
-70.0
44.0
-76.0
-15.0
14.0
0.0
-60.0
35.0
-22.0
3.0
-64.0
32.0
19.0
-28.0
10.0
25.0
-4.0
-14.0
-7.0
23.0
82.0
-19.0
32.0
9.0
-6.0
-24.0
-33.0
49.0
10.0
27.0
76.0
30.0
2.0
50.0
9.0
-20.0
-27.0
45.0
39.0
-8.0
28.0
-21.0
0.0
4.0
27.0
-29.0
-26.0
8.0
16.0
4.0
65.0
70.0
41.0
-23.0
-55.0
-73.0
33.0
13.0
14.0
-30.0
-59.0
-107.0
34.0
20.0
-37.0
-39.0
9.0
59.0
-35.0
-35.0
-57.0
8.0
50.0
-5.0
-127.0
-93.0
-64.0
-150.0
-313.0
-262.0
111.0
146.0
153.0
179.0
209.0
289.0
210.0
142.0
123.0
-15.0
-1.0
246.0
20.0
32.0
42.0
-16.0
-243.0
-115.0
61.0
-28.0
-119.0
52.0
-93.0
-82.0
-58.0
-96.0
-9.0
-4.0
35.0
25.0
-84.0
15.0
-44.0
-46.0
64.0
8.0
-16.0
-19.0
40.0
-12.0
-15.0
2.0
4.0
4.0
-67.0
-23.0
-88.0
34.0
-29.0
-30.0
-11.0
-11.0
23.0
43.0
19.0
73.0
56.0
41.0
15.0
3.0
-14.0
1.0
-11.0
27.0
-15.0
-121.0
-52.0
-3.0
-40.0
25.0
-116.0
-38.0
-78.0
-17.0
4.0
48.0
-21.0
22.0
-46.0
-5.0
-102.0
-34.0
-3.0
-73.0
95.0
10.0
64.0
26.0
-10.0
45.0
-28.0
20.0
-12.0
-7.0
3.0
-59.0
-36.0
-26.0
-123.0
-69.0
-79.0
-14.0
11.0
5.0
39.0
313.0
313.0
313.0
313.0
313.0
313.0
313.0
313.0
313.0
313.0
313.0
313.0
313.0
313.0
313.0
313.0
313.0
313.0
313.0
313.0
248.0
-50.0
-153.0
-288.0
-313.0
-313.0
-313.0
-313.0
-313.0
-313.0
-313.0
-313.0
-313.0
-313.0
-313.0
-313.0
-313.0
-313.0
-313.0
-313.0
-313.0
-313.0
-313.0
-313.0
-313.0
-313.0
-313.0
-313.0
-313.0
-313.0
-313.0
-313.0
-313.0
-313.0
-292.0
-290.0
-313.0
-290.0
-297.0
-300.0
-268.0
-231.0
-235.0
-197.0
-168.0
-115.0
-138.0
-151.0
-151.0
-155.0
-141.0
-153.0
-132.0
-121.0
-117.0
-103.0
-101.0
-54.0
-59.0
-87.0
-50.0
-56.0
-71.0
-68.0
-102.0
-102.0
-92.0
-106.0
-86.0
-43.0
-62.0
-72.0
-72.0
-38.0
-43.0
-58.0
-72.0
-59.0
-60.0
-58.0
-59.0
-16.0
-17.0
20.0
-64.0
-42.0
-34.0
-59.0
-66.0
-56.0
-45.0
-17.0
-34.0
-11.0
-9.0
-20.0
11.0
-27.0
-46.0
26.0
4.0
25.0
67.0
31.0
7.0
24.0
46.0
37.0
42.0
52.0
5.0
43.0
4.0
28.0
35.0
53.0
22.0
20.0
7.0
9.0
-33.0
33.0
35.0
20.0
-19.0
-3.0
-7.0
17.0
13.0
18.0
-4.0
20.0
13.0
6.0
-28.0
-39.0
-33.0
-31.0
-28.0
-4.0
13.0
2.0
-9.0
17.0
0.0
12.0
47.0
34.0
36.0
20.0
21.0
14.0
17.0
8.0
14.0
16.0
-17.0
-10.0
-12.0
2.0
-65.0
-20.0
-19.0
-5.0
18.0
-14.0
-13.0
-12.0
-2.0
61.0
50.0
48.0
45.0
59.0
6.0
2.0
25.0
32.0
37.0
43.0
20.0
-10.0
-41.0
-47.0
4.0
-27.0
-16.0
30.0
-2.0
39.0
37.0
10.0
23.0
-7.0
1.0
12.0
1.0
8.0
-2.0
35.0
13.0
44.0
32.0
0.0
-7.0
-3.0
2.0
28.0
40.0
-18.0
2.0
21.0
35.0
18.0
16.0
-8.0
-20.0
-18.0
5.0
-9.0
-41.0
-68.0
-30.0
-33.0
-18.0
16.0
-9.0
-28.0
-14.0
-36.0
-33.0
-21.0
15.0
-4.0
17.0
-35.0
-9.0
-32.0
-24.0
-28.0
7.0
28.0
17.0
21.0
-23.0
0.0
-15.0
-8.0
-10.0
0.0
35.0
-2.0
7.0
-6.0
-3.0
-8.0
-31.0
-53.0
-30.0
-11.0
-20.0
-17.0
26.0
24.0
-14.0
4.0
-5.0
16.0
53.0
59.0
14.0
13.0
7.0
7.0
-6.0
2.0
-8.0
1.0
6.0
0.0
-14.0
1.0
-7.0
37.0
13.0
22.0
25.0
-28.0
-22.0
-2.0
-31.0
2.0
-10.0
12.0
19.0
25.0
-2.0
-14.0
-5.0
-29.0
-32.0
-24.0
11.0
-74.0
-22.0
8.0
-7.0
-16.0
-15.0
-11.0
-12.0
10.0
-11.0
7.0
40.0
51.0
-1.0
-39.0
-19.0
-18.0
43.0
65.0
-87.0
4.0
67.0
-65.0
-5.0
37.0
31.0
20.0
-23.0
-12.0
35.0
0.0
42.0
3.0
5.0
6.0
5.0
-16.0
8.0
31.0
-40.0
31.0
-18.0
-17.0
-39.0
-6.0
-15.0
11.0
9.0
0.0
-12.0
-21.0
-5.0
-26.0
-1.0
2.0
1.0
13.0
21.0
20.0
-28.0
15.0
-4.0
7.0
6.0
-13.0
-9.0
-29.0
-13.0
-19.0
-2.0
-20.0
6.0
-44.0
-17.0
-61.0
-45.0
16.0
-16.0
-38.0
-40.0
-25.0
-20.0
-12.0
6.0
4.0
-1.0
-12.0
21.0
20.0
-12.0
-41.0
-73.0
-3.0
-53.0
32.0
28.0
27.0
29.0
-37.0
17.0
-6.0
11.0
26.0
16.0
-4.0
3.0
3.0
-13.0
-41.0
-8.0
7.0
-94.0
-32.0
-35.0
30.0
48.0
7.0
19.0
20.0
18.0
4.0
-26.0
-33.0
-1.0
33.0
46.0
-18.0
12.0
12.0
31.0
12.0
18.0
-23.0
-20.0
-30.0
-25.0
-7.0
27.0
25.0
13.0
3.0
-14.0
-21.0
6.0
-36.0
-32.0
-74.0
-68.0
15.0
30.0
2.0
-4.0
26.0
-33.0
-1.0
-4.0
-10.0
10.0
2.0
-4.0
-10.0
-17.0
-15.0
9.0
30.0
19.0
-59.0
-80.0
-64.0
0.0
62.0
37.0
9.0
-36.0
16.0
18.0
24.0
3.0
-28.0
-20.0
-17.0
-11.0
-24.0
-19.0
-14.0
-5.0
-32.0
-18.0
41.0
-8.0
-44.0
-41.0
29.0
61.0
19.0
16.0
30.0
-42.0
-64.0
-34.0
30.0
44.0
39.0
-21.0
-50.0
-55.0
1.0
22.0
14.0
12.0
19.0
-24.0
-46.0
-19.0
-12.0
-20.0
3.0
5.0
15.0
-30.0
21.0
-10.0
-18.0
4.0
-39.0
-32.0
-27.0
-53.0
-5.0
38.0
38.0
32.0
20.0
-12.0
-37.0
-33.0
-21.0
-12.0
-5.0
-4.0
3.0
5.0
23.0
22.0
-19.0
-3.0
-30.0
-32.0
-26.0
-2.0
-4.0
-18.0
3.0
-12.0
-45.0
-37.0
2.0
9.0
-19.0
13.0
-25.0
-31.0
-6.0
30.0
13.0
1.0
18.0
26.0
-4.0
0.0
-11.0
-13.0
16.0
37.0
-33.0
-46.0
-8.0
-39.0
-14.0
-35.0
-86.0
1.0
18.0
61.0
50.0
54.0
-30.0
18.0
1.0
-52.0
-30.0
-25.0
-15.0
-27.0
11.0
8.0
-38.0
12.0
21.0
-12.0
11.0
-13.0
-2.0
-17.0
5.0
20.0
2.0
1.0
5.0
-8.0
2.0
-18.0
-83.0
-24.0
31.0
33.0
-19.0
18.0
10.0
-4.0
-25.0
-27.0
-2.0
6.0
-27.0
-35.0
16.0
11.0
8.0
-24.0
-8.0
-22.0
-18.0
-41.0
-19.0
-10.0
5.0
25.0
-8.0
-11.0
19.0
-46.0
-6.0
-7.0
14.0
7.0
12.0
14.0
-5.0
-20.0
14.0
-20.0
-37.0
-17.0
-20.0
-24.0
-4.0
14.0
22.0
37.0
9.0
2.0
-49.0
-29.0
-21.0
-22.0
-23.0
-27.0
13.0
5.0
-54.0
-46.0
12.0
-96.0
-18.0
-19.0
44.0
13.0
30.0
27.0
-18.0
3.0
0.0
-10.0
-14.0
-8.0
-12.0
28.0
10.0
8.0
11.0
-26.0
-29.0
13.0
-11.0
-17.0
-81.0
-40.0
19.0
28.0
18.0
42.0
7.0
-9.0
-9.0
-3.0
-10.0
4.0
-25.0
-12.0
-18.0
-45.0
-47.0
-30.0
-38.0
-31.0
9.0
-43.0
-5.0
9.0
46.0
71.0
42.0
-7.0
2.0
4.0
0.0
-2.0
-1.0
-12.0
-35.0
-18.0
-37.0
7.0
42.0
33.0
-15.0
-5.0
-55.0
-33.0
-15.0
-23.0
21.0
-8.0
-32.0
-39.0
32.0
25.0
-2.0
-16.0
25.0
-32.0
-37.0
7.0
50.0
49.0
-4.0
20.0
-3.0
-80.0
24.0
89.0
-67.0
-96.0
-7.0
-6.0
16.0
31.0
74.0
41.0
-24.0
-12.0
-13.0
-70.0
-55.0
-54.0
-8.0
0.0
37.0
-41.0
-17.0
22.0
-18.0
17.0
-10.0
-10.0
70.0
13.0
34.0
39.0
33.0
15.0
-7.0
5.0
-18.0
-26.0
-53.0
-11.0
-20.0
-2.0
-33.0
-11.0
-29.0
-35.0
-9.0
-13.0
-30.0
-40.0
-34.0
-29.0
-31.0
-32.0
36.0
17.0
7.0
12.0
-4.0
17.0
-9.0
-30.0
-5.0
1.0
11.0
9.0
-6.0
-1.0
-33.0
-26.0
-39.0
-18.0
1.0
6.0
9.0
17.0
-22.0
-18.0
6.0
6.0
-13.0
9.0
-2.0
7.0
19.0
-14.0
-17.0
-19.0
-17.0
7.0
-5.0
20.0
47.0
-22.0
-16.0
-16.0
-31.0
-26.0
-19.0
-18.0
-40.0
19.0
27.0
35.0
6.0
-30.0
-29.0
-20.0
-2.0
-26.0
18.0
35.0
27.0
13.0
24.0
23.0
-10.0
19.0
-11.0
23.0
33.0
39.0
48.0
26.0
33.0
3.0
2.0
3.0
-8.0
3.0
-12.0
-16.0
-41.0
-2.0
-14.0
-23.0
-34.0
-16.0
-13.0
-7.0
6.0
41.0
52.0
78.0
67.0
103.0
79.0
84.0
60.0
59.0
37.0
70.0
37.0
23.0
39.0
51.0
20.0
26.0
10.0
0.0
-18.0
-58.0
-30.0
-50.0
-51.0
-17.0
-52.0
-53.0
-30.0
-63.0
-10.0
-22.0
-16.0
-38.0
-40.0
-38.0
-54.0
-52.0
-56.0
-73.0
-91.0
-83.0
-55.0
-50.0
-70.0
-60.0
-66.0
-62.0
-84.0
-24.0
-35.0
-20.0
-12.0
-35.0
-18.0
-68.0
-30.0
-42.0
-29.0
-13.0
65.0
-80.0
-171.0
-10.0
-31.0
-23.0
-10.0
-23.0
87.0
61.0
66.0
20.0
48.0
22.0
-42.0
-28.0
0.0
-17.0
15.0
-5.0
20.0
49.0
52.0
15.0
36.0
93.0
26.0
25.0
61.0
-6.0
27.0
27.0
18.0
10.0
-15.0
0.0
-44.0
-39.0
-28.0
-17.0
-45.0
-12.0
-39.0
-13.0
3.0
-25.0
-26.0
-25.0
-33.0
-51.0
-38.0
-33.0
-18.0
-6.0
0.0
50.0
7.0
11.0
31.0
1.0
25.0
5.0
-57.0
-53.0
5.0
8.0
8.0
-9.0
-28.0
-12.0
6.0
-1.0
6.0
-22.0
5.0
4.0
15.0
9.0
-14.0
-3.0
15.0
7.0
-30.0
-15.0
-19.0
17.0
11.0
12.0
19.0
15.0
-22.0
-20.0
-13.0
1.0
-12.0
-14.0
12.0
20.0
-17.0
-36.0
-24.0
-8.0
4.0
12.0
6.0
-5.0
-11.0
-3.0
-8.0
-18.0
-2.0
8.0
18.0
20.0
25.0
-7.0
-5.0
1.0
7.0
25.0
-17.0
-3.0
-3.0
24.0
8.0
-9.0
-9.0
-9.0
0.0
-7.0
4.0
2.0
44.0
-12.0
-19.0
-33.0
-17.0
-18.0
-33.0
1.0
-15.0
0.0
26.0
-1.0
-10.0
-7.0
26.0
14.0
-17.0
-3.0
-14.0
-23.0
-22.0
36.0
0.0
17.0
15.0
13.0
41.0
-11.0
9.0
-13.0
-33.0
-18.0
-25.0
-11.0
-48.0
-52.0
-18.0
-6.0
11.0
17.0
-37.0
-10.0
7.0
-11.0
1.0
0.0
-1.0
0.0
-15.0
-2.0
-15.0
-34.0
-7.0
-63.0
-12.0
-2.0
31.0
53.0
22.0
11.0
32.0
25.0
28.0
3.0
-7.0
-8.0
-37.0
-9.0
9.0
-14.0
-9.0
-59.0
-46.0
-13.0
5.0
3.0
-21.0
22.0
-5.0
-62.0
-3.0
3.0
-8.0
31.0
13.0
5.0
11.0
23.0
13.0
-4.0
2.0
3.0
-26.0
21.0
-6.0
-3.0
-28.0
5.0
-14.0
-43.0
-36.0
-26.0
-43.0
26.0
36.0
39.0
3.0
13.0
11.0
-8.0
-20.0
-24.0
-11.0
7.0
26.0
26.0
6.0
13.0
-2.0
-21.0
-22.0
-6.0
10.0
-4.0
10.0
11.0
13.0
-23.0
14.0
-31.0
-7.0
-8.0
13.0
-38.0
9.0
9.0
0.0
9.0
-3.0
-27.0
-34.0
-31.0
-63.0
-28.0
25.0
32.0
-14.0
-13.0
8.0
12.0
34.0
49.0
22.0
-14.0
-4.0
2.0
-23.0
6.0
3.0
-30.0
2.0
6.0
12.0
-7.0
-2.0
0.0
-18.0
-23.0
-12.0
1.0
11.0
-13.0
0.0
6.0
-14.0
-24.0
-39.0
-27.0
0.0
26.0
32.0
-19.0
-16.0
-16.0
28.0
28.0
1.0
0.0
-36.0
-27.0
10.0
-6.0
-15.0
-16.0
9.0
14.0
-4.0
-1.0
-11.0
24.0
-4.0
6.0
24.0
15.0
-21.0
-20.0
-24.0
6.0
30.0
3.0
-13.0
-45.0
-37.0
-30.0
18.0
12.0
3.0
9.0
6.0
-42.0
-52.0
-30.0
12.0
18.0
-6.0
0.0
-11.0
-12.0
-11.0
-13.0
-1.0
9.0
11.0
-53.0
0.0
0.0
6.0
-6.0
-48.0
-8.0
2.0
1.0
1.0
44.0
-16.0
-14.0
46.0
-1.0
3.0
-4.0
4.0
0.0
24.0
17.0
16.0
17.0
-7.0
-26.0
-34.0
8.0
-36.0
3.0
-8.0
5.0
-5.0
1.0
-54.0
14.0
67.0
7.0
-13.0
-5.0
-14.0
-54.0
-45.0
-46.0
8.0
-23.0
-25.0
-37.0
10.0
-61.0
-35.0
-44.0
29.0
36.0
64.0
55.0
10.0
1.0
0.0
-17.0
3.0
8.0
25.0
26.0
9.0
-14.0
-41.0
36.0
18.0
12.0
-9.0
-21.0
-15.0
-19.0
-5.0
0.0
-27.0
-12.0
-31.0
-55.0
-20.0
42.0
15.0
17.0
11.0
15.0
18.0
-9.0
3.0
0.0
-11.0
-2.0
-69.0
-74.0
-71.0
3.0
60.0
18.0
47.0
-5.0
5.0
16.0
2.0
1.0
-22.0
-34.0
-78.0
-38.0
32.0
7.0
13.0
-23.0
-95.0
-107.0
-77.0
0.0
55.0
63.0
-11.0
-51.0
-10.0
62.0
60.0
55.0
43.0
44.0
24.0
27.0
28.0
34.0
-7.0
-22.0
-4.0
-5.0
-6.0
24.0
5.0
-7.0
-43.0
-5.0
-22.0
-18.0
-23.0
-18.0
-13.0
-32.0
-8.0
-1.0
-26.0
-9.0
5.0
1.0
-4.0
17.0
-23.0
4.0
-32.0
1.0
-18.0
-4.0
-3.0
8.0
-11.0
-5.0
-29.0
-61.0
-19.0
-30.0
62.0
-9.0
-9.0
-45.0
-38.0
-39.0
41.0
65.0
55.0
47.0
-22.0
0.0
2.0
-4.0
1.0
-3.0
-14.0
-37.0
-35.0
-2.0
2.0
-39.0
-6.0
-11.0
33.0
37.0
30.0
26.0
-54.0
-31.0
-32.0
-37.0
-24.0
-41.0
18.0
25.0
19.0
5.0
-36.0
-40.0
-30.0
-15.0
28.0
-12.0
34.0
28.0
22.0
-13.0
-15.0
-27.0
-16.0
16.0
9.0
10.0
0.0
-3.0
-2.0
1.0
24.0
3.0
-20.0
-2.0
-2.0
-23.0
-24.0
-15.0
-24.0
-32.0
-29.0
19.0
15.0
11.0
24.0
30.0
-7.0
-12.0
-5.0
-3.0
-29.0
-46.0
-39.0
-27.0
11.0
-22.0
2.0
-5.0
-8.0
-4.0
-44.0
11.0
3.0
30.0
-28.0
-34.0
64.0
52.0
27.0
37.0
-72.0
-35.0
4.0
45.0
-10.0
14.0
12.0
17.0
28.0
36.0
-5.0
-21.0
-21.0
-4.0
3.0
-4.0
5.0
-1.0
-3.0
-28.0
-13.0
22.0
-11.0
-19.0
-11.0
-55.0
28.0
18.0
7.0
28.0
31.0
21.0
14.0
35.0
-21.0
7.0
-17.0
-22.0
24.0
-36.0
-13.0
39.0
-47.0
-43.0
-4.0
-22.0
-4.0
-9.0
-22.0
-13.0
4.0
2.0
-42.0
-59.0
-77.0
-21.0
-14.0
-13.0
-24.0
15.0
-11.0
-8.0
-6.0
-15.0
5.0
-27.0
12.0
11.0
-42.0
-9.0
-6.0
-17.0
20.0
-23.0
17.0
-11.0
-1.0
2.0
-19.0
7.0
16.0
31.0
95.0
9.0
35.0
-49.0
-20.0
-51.0
7.0
19.0
29.0
96.0
92.0
60.0
45.0
17.0
-1.0
-4.0
33.0
17.0
39.0
14.0
17.0
27.0
66.0
101.0
114.0
137.0
54.0
71.0
7.0
52.0
-3.0
11.0
-51.0
-36.0
-45.0
-53.0
7.0
-28.0
25.0
22.0
-27.0
13.0
37.0
41.0
2.0
44.0
30.0
95.0
60.0
-15.0
-18.0
9.0
-15.0
-39.0
-67.0
-55.0
-34.0
-59.0
-70.0
-29.0
-17.0
-20.0
-63.0
-30.0
-60.0
-39.0
-70.0
-79.0
-38.0
-31.0
-33.0
-22.0
-41.0
-83.0
-35.0
-26.0
-28.0
-30.0
-35.0
-16.0
-32.0
-74.0
-52.0
-35.0
-3.0
-11.0
-41.0
-11.0
-9.0
-20.0
-5.0
12.0
-5.0
-34.0
-5.0
-1.0
2.0
-6.0
-15.0
-12.0
-4.0
12.0
10.0
-22.0
-27.0
-25.0
-8.0
1.0
6.0
0.0
35.0
30.0
9.0
-17.0
-48.0
-49.0
-42.0
17.0
3.0
33.0
2.0
-11.0
26.0
-37.0
2.0
-4.0
6.0
-16.0
13.0
50.0
0.0
-12.0
-17.0
14.0
-3.0
0.0
14.0
11.0
-9.0
-24.0
-23.0
-3.0
13.0
-4.0
14.0
14.0
16.0
5.0
-30.0
-2.0
-9.0
15.0
-22.0
12.0
7.0
3.0
-33.0
11.0
8.0
-17.0
5.0
-11.0
-7.0
-11.0
-14.0
-14.0
-34.0
-25.0
-7.0
12.0
11.0
12.0
29.0
2.0
-15.0
-12.0
12.0
5.0
-32.0
-6.0
-48.0
-28.0
4.0
18.0
-35.0
-35.0
-41.0
-24.0
-11.0
-5.0
-5.0
-24.0
-27.0
-7.0
20.0
20.0
-15.0
5.0
-1.0
-19.0
10.0
-26.0
4.0
9.0
-27.0
-32.0
33.0
-33.0
14.0
36.0
37.0
28.0
29.0
-1.0
13.0
15.0
0.0
5.0
9.0
-10.0
-18.0
-12.0
-25.0
-4.0
-22.0
-18.0
-15.0
39.0
-12.0
-35.0
-27.0
-2.0
-11.0
-19.0
-51.0
-47.0
-60.0
-30.0
8.0
-7.0
22.0
-11.0
11.0
-35.0
-11.0
-15.0
43.0
6.0
6.0
-20.0
-11.0
26.0
3.0
49.0
6.0
-1.0
21.0
7.0
-12.0
1.0
13.0
-17.0
-22.0
-45.0
-37.0
-35.0
2.0
8.0
9.0
-36.0
-16.0
8.0
14.0
8.0
-11.0
-11.0
-4.0
-29.0
-27.0
-13.0
-21.0
10.0
27.0
3.0
-15.0
-20.0
-23.0
21.0
4.0
-4.0
-62.0
-5.0
10.0
13.0
-8.0
-13.0
-37.0
8.0
-18.0
-8.0
-23.0
-3.0
-18.0
5.0
-12.0
-17.0
2.0
26.0
-12.0
-1.0
18.0
1.0
-59.0
-70.0
-9.0
-9.0
-43.0
42.0
37.0
11.0
-25.0
-51.0
-2.0
-10.0
21.0
23.0
26.0
28.0
51.0
16.0
-13.0
-26.0
-17.0
1.0
13.0
14.0
22.0
-3.0
-13.0
-14.0
-47.0
-6.0
-46.0
-11.0
-40.0
-43.0
-24.0
-19.0
-19.0
5.0
-6.0
13.0
0.0
4.0
11.0
15.0
-17.0
-18.0
24.0
10.0
-2.0
11.0
-36.0
-7.0
12.0
11.0
-14.0
-7.0
-23.0
42.0
0.0
-11.0
0.0
7.0
7.0
11.0
-13.0
-13.0
-7.0
-33.0
-6.0
16.0
6.0
-4.0
-23.0
-19.0
-37.0
-33.0
10.0
-10.0
2.0
-4.0
-3.0
-1.0
-99.0
-95.0
-97.0
-44.0
46.0
7.0
-5.0
26.0
57.0
18.0
-20.0
-20.0
-18.0
20.0
28.0
-6.0
-37.0
8.0
16.0
-10.0
23.0
24.0
-30.0
-9.0
-2.0
-32.0
-4.0
5.0
21.0
2.0
9.0
9.0
24.0
23.0
-9.0
-24.0
-15.0
0.0
-2.0
-29.0
-26.0
-16.0
-1.0
-3.0
-33.0
-28.0
-16.0
-35.0
-16.0
13.0
4.0
7.0
-2.0
-56.0
12.0
-9.0
2.0
-57.0
11.0
38.0
28.0
24.0
11.0
48.0
-6.0
-46.0
-13.0
27.0
20.0
19.0
-14.0
-20.0
31.0
14.0
-8.0
-3.0
9.0
-24.0
0.0
10.0
-10.0
-8.0
-9.0
-7.0
-15.0
-5.0
-71.0
-59.0
-57.0
-25.0
36.0
31.0
15.0
1.0
13.0
-29.0
-1.0
-8.0
-7.0
13.0
12.0
14.0
38.0
18.0
29.0
-10.0
-2.0
-37.0
38.0
35.0
8.0
13.0
14.0
-13.0
-26.0
-50.0
-28.0
-7.0
-3.0
-40.0
-8.0
-7.0
-22.0
26.0
-15.0
-40.0
-16.0
10.0
19.0
2.0
-25.0
-24.0
-9.0
0.0
9.0
-8.0
27.0
35.0
11.0
29.0
-28.0
-31.0
-3.0
3.0
15.0
11.0
2.0
3.0
11.0
-69.0
-30.0
-26.0
20.0
-51.0
-47.0
-76.0
-5.0
24.0
4.0
43.0
15.0
12.0
-8.0
10.0
40.0
26.0
24.0
-2.0
-4.0
-27.0
-25.0
-18.0
-30.0
19.0
-11.0
-11.0
-14.0
-1.0
-19.0
7.0
-7.0
-4.0
42.0
-16.0
6.0
18.0
-35.0
-8.0
4.0
-11.0
-2.0
-10.0
-63.0
-67.0
28.0
52.0
-5.0
31.0
24.0
5.0
-57.0
-54.0
-7.0
-25.0
16.0
28.0
7.0
6.0
11.0
12.0
-6.0
-1.0
5.0
-18.0
-33.0
17.0
-41.0
-66.0
-18.0
39.0
-69.0
-75.0
0.0
28.0
72.0
2.0
49.0
-34.0
-10.0
-38.0
0.0
-8.0
-15.0
20.0
4.0
7.0
1.0
7.0
4.0
0.0
-29.0
-27.0
-13.0
-8.0
0.0
-13.0
0.0
-9.0
-10.0
-3.0
-4.0
-8.0
0.0
-18.0
5.0
-28.0
-17.0
26.0
-1.0
-1.0
11.0
15.0
2.0
-4.0
12.0
10.0
-10.0
-12.0
-7.0
-33.0
-13.0
-6.0
-2.0
-2.0
-9.0
6.0
10.0
-18.0
-78.0
-17.0
-1.0
-1.0
39.0
5.0
42.0
5.0
-3.0
6.0
27.0
-20.0
0.0
0.0
-12.0
-2.0
22.0
13.0
-5.0
-3.0
7.0
4.0
-42.0
-38.0
-24.0
-13.0
2.0
1.0
-21.0
-17.0
9.0
-25.0
9.0
7.0
13.0
-10.0
-42.0
-35.0
4.0
0.0
22.0
28.0
22.0
20.0
13.0
2.0
2.0
13.0
-19.0
-50.0
-20.0
-9.0
-4.0
-5.0
25.0
-10.0
2.0
-10.0
-11.0
-29.0
-25.0
-13.0
-11.0
-9.0
7.0
26.0
11.0
0.0
-11.0
-14.0
-2.0
-24.0
-64.0
-55.0
-56.0
12.0
39.0
14.0
6.0
15.0
-18.0
-40.0
-22.0
-21.0
12.0
25.0
-28.0
-8.0
-6.0
-2.0
-8.0
9.0
-5.0
-5.0
5.0
-36.0
-117.0
-36.0
44.0
21.0
4.0
30.0
-33.0
-28.0
-13.0
-12.0
74.0
5.0
-19.0
-42.0
-19.0
16.0
1.0
2.0
-10.0
3.0
1.0
0.0
-98.0
-20.0
47.0
-21.0
-18.0
-14.0
18.0
48.0
22.0
28.0
-15.0
-7.0
15.0
-1.0
-2.0
-5.0
-11.0
-24.0
-9.0
-1.0
-4.0
1.0
-47.0
-26.0
-24.0
-25.0
16.0
14.0
-9.0
-51.0
-30.0
15.0
20.0
-11.0
-19.0
-18.0
0.0
-9.0
-22.0
-20.0
11.0
22.0
22.0
6.0
-17.0
-18.0
1.0
9.0
28.0
-37.0
-59.0
-36.0
61.0
61.0
43.0
40.0
9.0
-4.0
6.0
-2.0
-3.0
1.0
23.0
-15.0
-24.0
-24.0
-27.0
18.0
-25.0
-9.0
13.0
-8.0
-11.0
-20.0
18.0
17.0
-47.0
-36.0
-26.0
-4.0
-43.0
-13.0
18.0
14.0
-69.0
-72.0
-47.0
8.0
13.0
6.0
5.0
-8.0
-34.0
12.0
13.0
12.0
20.0
47.0
-2.0
4.0
-7.0
33.0
-16.0
17.0
-3.0
-3.0
-22.0
-33.0
-9.0
-24.0
-19.0
-20.0
-1.0
-16.0
-21.0
-23.0
-39.0
-74.0
2.0
11.0
23.0
-19.0
-2.0
30.0
15.0
16.0
-87.0
-60.0
15.0
27.0
17.0
28.0
-1.0
23.0
37.0
39.0
-6.0
3.0
4.0
-10.0
1.0
61.0
8.0
-9.0
-19.0
-15.0
2.0
1.0
6.0
-1.0
-18.0
7.0
-7.0
-20.0
-37.0
-38.0
-34.0
-53.0
-55.0
6.0
-14.0
27.0
40.0
-8.0
26.0
27.0
-14.0
-31.0
-2.0
32.0
54.0
10.0
2.0
-26.0
-23.0
-20.0
-33.0
9.0
6.0
-12.0
19.0
-8.0
-1.0
12.0
2.0
0.0
-25.0
-50.0
-17.0
-22.0
-54.0
-11.0
-10.0
-10.0
-111.0
-112.0
-68.0
6.0
21.0
50.0
37.0
38.0
20.0
20.0
5.0
2.0
30.0
-14.0
-12.0
-36.0
-12.0
9.0
-9.0
-9.0
-25.0
-25.0
33.0
1.0
-12.0
11.0
-2.0
-13.0
-18.0
-16.0
-7.0
-10.0
-31.0
-72.0
-6.0
13.0
3.0
-9.0
-49.0
-20.0
10.0
7.0
21.0
42.0
18.0
-13.0
-11.0
9.0
25.0
15.0
12.0
10.0
-46.0
-36.0
5.0
8.0
4.0
-13.0
23.0
-4.0
-23.0
-28.0
13.0
-1.0
15.0
-10.0
5.0
13.0
-11.0
-24.0
-23.0
-24.0
-31.0
-29.0
-2.0
36.0
-7.0
11.0
-18.0
-24.0
-10.0
-11.0
2.0
4.0
26.0
-5.0
15.0
-20.0
-36.0
-6.0
24.0
28.0
7.0
-6.0
6.0
6.0
-34.0
-19.0
-2.0
-29.0
-44.0
-40.0
7.0
22.0
18.0
8.0
0.0
-13.0
26.0
2.0
-29.0
-30.0
-24.0
-43.0
-40.0
-59.0
7.0
-45.0
-39.0
-33.0
26.0
26.0
48.0
-23.0
27.0
30.0
48.0
18.0
48.0
36.0
-5.0
-8.0
-32.0
53.0
12.0
9.0
-34.0
-31.0
-4.0
-1.0
-42.0
-48.0
-50.0
-43.0
-47.0
-33.0
-1.0
-35.0
25.0
18.0
30.0
40.0
31.0
-14.0
-31.0
-42.0
-16.0
-26.0
-21.0
-30.0
3.0
5.0
12.0
3.0
39.0
-2.0
13.0
7.0
-17.0
26.0
13.0
8.0
-11.0
-51.0
16.0
11.0
-21.0
-11.0
7.0
3.0
2.0
0.0
-24.0
-21.0
-34.0
-1.0
15.0
-5.0
9.0
5.0
-29.0
-22.0
-37.0
-24.0
-57.0
-39.0
21.0
31.0
25.0
7.0
-7.0
-9.0
11.0
22.0
19.0
18.0
26.0
-2.0
-7.0
-23.0
-9.0
-8.0
-11.0
8.0
0.0
-14.0
-9.0
-14.0
-14.0
-8.0
-29.0
-30.0
7.0
5.0
-10.0
-25.0
-98.0
-82.0
24.0
32.0
18.0
18.0
-13.0
22.0
-17.0
15.0
10.0
-1.0
-27.0
6.0
14.0
8.0
-3.0
20.0
31.0
-15.0
-45.0
-25.0
-37.0
-46.0
2.0
7.0
12.0
16.0
13.0
5.0
-24.0
-2.0
-3.0
-5.0
4.0
4.0
-3.0
-5.0
0.0
-5.0
3.0
-30.0
-1.0
6.0
-19.0
-18.0
-4.0
-8.0
-23.0
-20.0
0.0
19.0
-26.0
-15.0
13.0
11.0
1.0
35.0
-11.0
14.0
-4.0
-45.0
-32.0
18.0
16.0
12.0
-28.0
3.0
15.0
2.0
-12.0
-24.0
-7.0
-37.0
-10.0
-15.0
48.0
-14.0
16.0
25.0
11.0
-27.0
-12.0
-36.0
0.0
12.0
20.0
21.0
9.0
-8.0
-17.0
14.0
-42.0
-18.0
4.0
12.0
-17.0
2.0
9.0
-24.0
-103.0
-37.0
3.0
-70.0
51.0
48.0
53.0
44.0
31.0
12.0
-11.0
-13.0
-9.0
-9.0
-8.0
-2.0
6.0
2.0
30.0
4.0
3.0
-20.0
13.0
-11.0
-32.0
-41.0
-19.0
4.0
-3.0
-19.0
-17.0
-13.0
-12.0
-25.0
0.0
-2.0
8.0
4.0
-5.0
-17.0
2.0
9.0
32.0
2.0
9.0
7.0
-23.0
9.0
-13.0
-8.0
-9.0
-20.0
-4.0
-11.0
-55.0
-46.0
-46.0
-4.0
-11.0
11.0
2.0
-8.0
7.0
17.0
18.0
12.0
-18.0
-20.0
-4.0
22.0
16.0
22.0
-2.0
0.0
-2.0
-10.0
-10.0
0.0
0.0
21.0
35.0
11.0
-18.0
-32.0
-15.0
-18.0
-9.0
-8.0
11.0
-15.0
-15.0
-4.0
-16.0
4.0
-9.0
-9.0
25.0
-23.0
-17.0
-14.0
-52.0
-40.0
-20.0
24.0
30.0
25.0
-1.0
47.0
30.0
22.0
44.0
-3.0
-29.0
-4.0
-59.0
-57.0
-21.0
35.0
9.0
-3.0
24.0
14.0
-31.0
9.0
-13.0
-14.0
-44.0
-1.0
10.0
38.0
3.0
1.0
-11.0
-25.0
-49.0
-48.0
7.0
12.0
-31.0
-13.0
-22.0
-60.0
-15.0
-38.0
11.0
11.0
24.0
58.0
-15.0
20.0
1.0
1.0
45.0
-1.0
-40.0
-41.0
32.0
40.0
0.0
-4.0
-52.0
-56.0
-15.0
12.0
17.0
11.0
-8.0
6.0
-48.0
-39.0
-6.0
-42.0
-16.0
-41.0
-31.0
-22.0
21.0
49.0
28.0
59.0
17.0
0.0
6.0
19.0
5.0
10.0
-29.0
-42.0
-30.0
6.0
1.0
16.0
2.0
-24.0
-35.0
-28.0
-14.0
0.0
2.0
-12.0
-7.0
17.0
0.0
10.0
3.0
5.0
4.0
-26.0
-36.0
-12.0
-14.0
-10.0
16.0
-43.0
-16.0
-16.0
-37.0
-48.0
-6.0
17.0
39.0
20.0
5.0
21.0
-31.0
-34.0
-9.0
-29.0
-6.0
14.0
-11.0
-7.0
-7.0
-12.0
11.0
11.0
-6.0
-9.0
-12.0
-27.0
11.0
16.0
-4.0
2.0
4.0
8.0
28.0
5.0
-5.0
-26.0
-10.0
-30.0
-1.0
-24.0
9.0
11.0
-5.0
-2.0
-22.0
1.0
-18.0
-32.0
-41.0
-41.0
-26.0
-25.0
-2.0
32.0
43.0
32.0
-104.0
-3.0
62.0
-2.0
1.0
4.0
28.0
7.0
0.0
26.0
-8.0
-4.0
-9.0
-40.0
-36.0
-32.0
10.0
19.0
7.0
7.0
-10.0
-4.0
-23.0
-6.0
3.0
-4.0
-48.0
-96.0
-67.0
43.0
64.0
30.0
27.0
12.0
10.0
-1.0
2.0
-26.0
-8.0
1.0
32.0
-7.0
27.0
4.0
-45.0
-40.0
31.0
-17.0
-22.0
-64.0
-68.0
-60.0
-8.0
-77.0
4.0
9.0
63.0
24.0
-8.0
10.0
19.0
40.0
11.0
24.0
-15.0
-13.0
13.0
9.0
11.0
-6.0
9.0
-8.0
-3.0
-29.0
-9.0
-13.0
-20.0
-63.0
-42.0
-77.0
-32.0
45.0
43.0
35.0
5.0
8.0
33.0
20.0
47.0
9.0
23.0
7.0
-3.0
-65.0
-29.0
-32.0
41.0
18.0
-6.0
-49.0
-35.0
3.0
46.0
9.0
-6.0
-10.0
-38.0
-41.0
-29.0
5.0
3.0
37.0
-1.0
42.0
2.0
2.0
-26.0
-27.0
-4.0
-20.0
10.0
20.0
-12.0
-30.0
-23.0
-28.0
-4.0
-39.0
-10.0
26.0
-4.0
-22.0
-1.0
1.0
-6.0
0.0
19.0
-24.0
-30.0
-38.0
8.0
30.0
26.0
-3.0
-112.0
-106.0
-52.0
-2.0
19.0
14.0
58.0
34.0
-26.0
43.0
-14.0
-18.0
19.0
38.0
-11.0
64.0
-12.0
27.0
31.0
-7.0
-19.0
-21.0
-23.0
-63.0
-55.0
-8.0
15.0
-19.0
-22.0
59.0
2.0
-2.0
-7.0
-57.0
-2.0
41.0
72.0
19.0
-24.0
-22.0
-5.0
-7.0
-32.0
-73.0
-83.0
4.0
-23.0
21.0
10.0
2.0
-8.0
-9.0
-22.0
-1.0
8.0
-22.0
49.0
43.0
4.0
-32.0
-5.0
0.0
33.0
8.0
-11.0
13.0
13.0
-10.0
19.0
-48.0
-4.0
0.0
-2.0
-17.0
-52.0
-19.0
9.0
-46.0
-51.0
-28.0
3.0
9.0
2.0
46.0
-16.0
13.0
18.0
3.0
-50.0
1.0
-30.0
-30.0
-17.0
-12.0
-9.0
12.0
19.0
6.0
-7.0
-1.0
7.0
8.0
10.0
-7.0
-1.0
-4.0
17.0
8.0
20.0
-15.0
-70.0
-71.0
-109.0
-11.0
-5.0
24.0
12.0
-26.0
-7.0
-62.0
-98.0
-92.0
-42.0
47.0
58.0
-16.0
-2.0
27.0
18.0
-32.0
17.0
20.0
30.0
43.0
34.0
26.0
-6.0
20.0
13.0
6.0
-23.0
-24.0
-19.0
-29.0
-49.0
-12.0
-109.0
-23.0
-7.0
-5.0
24.0
22.0
-35.0
-12.0
41.0
44.0
-72.0
-49.0
56.0
27.0
37.0
28.0
52.0
-13.0
-45.0
20.0
38.0
-16.0
28.0
11.0
52.0
51.0
3.0
34.0
-19.0
-40.0
-13.0
-59.0
15.0
27.0
-2.0
-4.0
17.0
-17.0
7.0
9.0
14.0
4.0
17.0
53.0
-19.0
-13.0
-26.0
-2.0
7.0
-2.0
-5.0
-48.0
-72.0
-23.0
32.0
38.0
-46.0
-54.0
35.0
19.0
-35.0
25.0
10.0
-7.0
39.0
34.0
-11.0
5.0
-7.0
-22.0
-21.0
0.0
14.0
5.0
-42.0
-42.0
44.0
29.0
-1.0
19.0
-23.0
-23.0
-61.0
-14.0
45.0
35.0
40.0
-15.0
-20.0
-36.0
-74.0
-35.0
-9.0
-3.0
3.0
4.0
8.0
27.0
48.0
56.0
-7.0
-45.0
-14.0
-2.0
-4.0
2.0
-15.0
-15.0
-59.0
-20.0
-7.0
-28.0
-26.0
-4.0
1.0
-2.0
4.0
15.0
15.0
8.0
9.0
0.0
16.0
-8.0
-10.0
-13.0
-43.0
0.0
-17.0
-25.0
-24.0
-18.0
-34.0
-14.0
-22.0
-22.0
-6.0
3.0
-6.0
8.0
-5.0
16.0
9.0
-3.0
-1.0
0.0
1.0
-5.0
25.0
7.0
-3.0
-32.0
1.0
-27.0
-15.0
-7.0
-20.0
-9.0
-6.0
2.0
-23.0
17.0
-2.0
0.0
7.0
-4.0
-24.0
-6.0
4.0
-18.0
33.0
-31.0
-16.0
-29.0
-8.0
-4.0
-18.0
-11.0
-12.0
5.0
18.0
-2.0
-8.0
-7.0
-64.0
-70.0
-34.0
10.0
57.0
-29.0
-107.0
-55.0
45.0
121.0
56.0
55.0
19.0
25.0
43.0
-6.0
-11.0
-4.0
-27.0
-58.0
-73.0
-73.0
-4.0
31.0
2.0
-5.0
-73.0
30.0
19.0
32.0
-17.0
-16.0
-45.0
26.0
22.0
-2.0
-85.0
-50.0
51.0
7.0
-13.0
-7.0
-74.0
11.0
49.0
33.0
24.0
-32.0
-35.0
7.0
-33.0
-32.0
2.0
46.0
52.0
-3.0
13.0
0.0
-61.0
-50.0
-16.0
-22.0
11.0
26.0
3.0
17.0
-33.0
3.0
-4.0
-1.0
-8.0
-9.0
3.0
-29.0
10.0
-8.0
-6.0
3.0
-13.0
-5.0
16.0
16.0
29.0
-2.0
-37.0
-1.0
7.0
-13.0
11.0
2.0
-5.0
-2.0
-4.0
-10.0
-41.0
-78.0
-12.0
23.0
-3.0
-15.0
18.0
23.0
6.0
6.0
2.0
-9.0
12.0
-16.0
-11.0
17.0
-17.0
-17.0
-15.0
-23.0
-27.0
-15.0
37.0
28.0
1.0
-5.0
-7.0
-4.0
16.0
2.0
-6.0
-7.0
-3.0
-17.0
-12.0
-33.0
-25.0
-30.0
15.0
-4.0
-52.0
-4.0
4.0
34.0
16.0
-14.0
-11.0
-9.0
-3.0
-29.0
-16.0
25.0
32.0
-20.0
10.0
-23.0
-192.0
-189.0
-58.0
18.0
74.0
62.0
48.0
-4.0
11.0
31.0
-37.0
-32.0
2.0
28.0
4.0
29.0
-15.0
-13.0
34.0
32.0
20.0
16.0
12.0
-13.0
-63.0
0.0
20.0
-12.0
-48.0
2.0
3.0
2.0
-30.0
14.0
15.0
-104.0
-36.0
12.0
22.0
14.0
-23.0
-22.0
-36.0
8.0
32.0
21.0
18.0
38.0
-11.0
-21.0
-3.0
-8.0
-7.0
4.0
-26.0
-28.0
15.0
9.0
3.0
-15.0
-20.0
-25.0
-9.0
-18.0
23.0
24.0
-15.0
-13.0
4.0
5.0
7.0
1.0
-26.0
3.0
42.0
44.0
-1.0
-40.0
-11.0
-6.0
-10.0
-9.0
-22.0
-38.0
-26.0
-13.0
-18.0
23.0
-18.0
6.0
19.0
16.0
26.0
-12.0
-8.0
1.0
-36.0
-21.0
-10.0
11.0
-52.0
-51.0
-119.0
-28.0
51.0
14.0
50.0
15.0
16.0
-5.0
4.0
-1.0
15.0
2.0
-77.0
28.0
-21.0
8.0
-10.0
-5.0
5.0
4.0
-17.0
7.0
34.0
39.0
-4.0
-42.0
-42.0
-21.0
15.0
17.0
-31.0
4.0
4.0
24.0
0.0
-20.0
-4.0
-17.0
-25.0
-25.0
17.0
18.0
24.0
7.0
-29.0
10.0
-7.0
-2.0
-2.0
-2.0
-27.0
-8.0
17.0
6.0
1.0
-2.0
-1.0
-27.0
-13.0
-11.0
-1.0
-44.0
12.0
-21.0
-7.0
3.0
0.0
11.0
-9.0
-10.0
-24.0
-10.0
-24.0
-21.0
39.0
8.0
11.0
-3.0
14.0
15.0
-17.0
-14.0
-6.0
2.0
10.0
-29.0
-7.0
-37.0
-33.0
-32.0
-122.0
-79.0
43.0
-18.0
16.0
49.0
36.0
9.0
33.0
30.0
49.0
28.0
-4.0
33.0
-52.0
-2.0
34.0
39.0
11.0
11.0
-10.0
-10.0
-4.0
10.0
33.0
14.0
-25.0
-45.0
-26.0
-29.0
-26.0
18.0
-20.0
-53.0
-5.0
-9.0
-27.0
-10.0
-2.0
0.0
-6.0
32.0
10.0
-10.0
-39.0
-17.0
30.0
23.0
18.0
10.0
-25.0
0.0
-5.0
-6.0
-20.0
-1.0
20.0
30.0
-16.0
-13.0
-40.0
-32.0
-21.0
16.0
36.0
36.0
-44.0
-20.0
24.0
21.0
-26.0
-24.0
-40.0
-58.0
-7.0
5.0
-4.0
-43.0
-66.0
-62.0
-4.0
26.0
29.0
28.0
52.0
-67.0
-11.0
21.0
-2.0
-1.0
32.0
48.0
-1.0
3.0
-2.0
0.0
-18.0
14.0
-13.0
-16.0
5.0
-21.0
2.0
-30.0
-12.0
-8.0
21.0
11.0
20.0
20.0
3.0
-13.0
-9.0
-35.0
-47.0
-19.0
2.0
10.0
-40.0
-42.0
12.0
-30.0
-11.0
-24.0
4.0
6.0
-2.0
-34.0
7.0
6.0
-5.0
0.0
17.0
14.0
24.0
48.0
16.0
-15.0
-32.0
-35.0
-12.0
-64.0
-56.0
-4.0
30.0
22.0
-27.0
-16.0
4.0
9.0
-22.0
-3.0
14.0
-2.0
25.0
-17.0
-22.0
8.0
4.0
5.0
1.0
2.0
5.0
-13.0
-28.0
-27.0
-50.0
-46.0
45.0
42.0
-18.0
13.0
44.0
-9.0
-6.0
-2.0
17.0
13.0
7.0
6.0
-8.0
-11.0
-38.0
-13.0
1.0
-26.0
-42.0
-13.0
14.0
15.0
4.0
11.0
22.0
-5.0
-5.0
-7.0
9.0
-8.0
24.0
23.0
2.0
-43.0
-11.0
-30.0
-34.0
-24.0
-13.0
-47.0
15.0
14.0
3.0
50.0
19.0
-27.0
-29.0
-28.0
-61.0
-11.0
-7.0
-6.0
-1.0
23.0
-23.0
-5.0
45.0
-12.0
52.0
18.0
9.0
8.0
-5.0
-7.0
-17.0
14.0
-29.0
-5.0
-28.0
-60.0
-26.0
-25.0
-18.0
30.0
-43.0
-33.0
4.0
0.0
27.0
18.0
19.0
17.0
18.0
-9.0
4.0
16.0
-21.0
-4.0
-13.0
12.0
-15.0
-13.0
-4.0
-8.0
7.0
-24.0
2.0
-35.0
-4.0
6.0
-56.0
-64.0
-58.0
-5.0
-16.0
21.0
3.0
12.0
35.0
5.0
11.0
11.0
1.0
8.0
9.0
20.0
20.0
11.0
2.0
-42.0
-20.0
-21.0
2.0
11.0
-7.0
7.0
0.0
-19.0
-25.0
-21.0
-14.0
-15.0
-17.0
-13.0
-31.0
-8.0
1.0
-13.0
-18.0
-15.0
-12.0
-7.0
25.0
-10.0
-41.0
-24.0
12.0
4.0
27.0
-11.0
-32.0
-27.0
19.0
-37.0
6.0
-1.0
10.0
18.0
44.0
10.0
7.0
4.0
3.0
4.0
-7.0
21.0
-32.0
-5.0
-15.0
-35.0
-9.0
-4.0
-22.0
-13.0
-27.0
13.0
-7.0
-6.0
-9.0
-9.0
14.0
14.0
-10.0
-2.0
-18.0
5.0
5.0
19.0
-43.0
-22.0
-44.0
-40.0
-7.0
-50.0
13.0
35.0
9.0
-24.0
-22.0
-13.0
20.0
20.0
-20.0
33.0
27.0
2.0
1.0
-41.0
-35.0
17.0
-19.0
-22.0
25.0
10.0
16.0
-36.0
-20.0
-19.0
36.0
-24.0
-37.0
-33.0
5.0
-17.0
30.0
14.0
15.0
5.0
31.0
-32.0
1.0
-2.0
-20.0
4.0
-45.0
-16.0
-22.0
31.0
22.0
20.0
16.0
13.0
-13.0
-15.0
4.0
6.0
-20.0
-20.0
-33.0
-33.0
-13.0
-10.0
-50.0
-22.0
4.0
23.0
13.0
7.0
9.0
13.0
-3.0
-3.0
-9.0
-17.0
5.0
-61.0
31.0
-34.0
2.0
-1.0
3.0
7.0
-6.0
-5.0
3.0
17.0
12.0
-3.0
-18.0
-7.0
-9.0
-4.0
0.0
9.0
10.0
-11.0
-2.0
-23.0
-34.0
7.0
-4.0
-10.0
-20.0
-3.0
1.0
11.0
-3.0
-4.0
1.0
-16.0
21.0
24.0
-23.0
13.0
20.0
32.0
2.0
23.0
2.0
-38.0
-17.0
-8.0
-26.0
-30.0
22.0
11.0
7.0
5.0
-31.0
10.0
9.0
10.0
6.0
-2.0
-5.0
-36.0
14.0
4.0
-7.0
-8.0
-17.0
-19.0
-25.0
-6.0
20.0
5.0
-11.0
-10.0
-18.0
9.0
18.0
18.0
-10.0
-7.0
4.0
-29.0
-39.0
9.0
9.0
31.0
-3.0
-2.0
-18.0
-14.0
-54.0
-61.0
-4.0
39.0
13.0
-2.0
22.0
26.0
-12.0
-3.0
-21.0
20.0
-5.0
-58.0
14.0
-53.0
-81.0
-86.0
-6.0
30.0
20.0
46.0
20.0
-3.0
42.0
59.0
3.0
0.0
-5.0
-18.0
-15.0
4.0
-29.0
-9.0
8.0
10.0
-41.0
-47.0
6.0
23.0
15.0
16.0
-13.0
-4.0
-36.0
-17.0
-22.0
-24.0
30.0
3.0
4.0
-10.0
-28.0
13.0
-21.0
7.0
-14.0
-10.0
-39.0
-2.0
-37.0
-12.0
-14.0
-23.0
-6.0
-5.0
-5.0
-7.0
-1.0
-8.0
-16.0
-13.0
-10.0
-15.0
-7.0
17.0
12.0
8.0
3.0
-5.0
-38.0
-15.0
-29.0
-33.0
-7.0
-18.0
3.0
2.0
21.0
19.0
36.0
11.0
-6.0
7.0
26.0
-6.0
-16.0
-17.0
3.0
8.0
14.0
15.0
2.0
-19.0
-5.0
-5.0
1.0
-4.0
-7.0
-18.0
-4.0
-43.0
-14.0
-25.0
-25.0
5.0
0.0
-2.0
-47.0
20.0
11.0
20.0
-22.0
12.0
6.0
14.0
9.0
15.0
-9.0
20.0
-7.0
17.0
-19.0
-13.0
2.0
21.0
-1.0
-1.0
-3.0
-18.0
-17.0
-9.0
-29.0
-105.0
-3.0
14.0
27.0
28.0
9.0
27.0
15.0
12.0
-39.0
13.0
-18.0
11.0
-12.0
-8.0
-7.0
-24.0
-15.0
-40.0
2.0
-38.0
12.0
-2.0
39.0
41.0
-4.0
23.0
-23.0
-17.0
-29.0
-4.0
-7.0
-20.0
-1.0
-1.0
-16.0
-10.0
10.0
12.0
-7.0
-5.0
-27.0
-9.0
-1.0
-3.0
-9.0
-13.0
14.0
38.0
-20.0
-19.0
18.0
19.0
-5.0
-5.0
-26.0
-20.0
-16.0
-4.0
-3.0
-19.0
16.0
26.0
4.0
4.0
-39.0
4.0
-1.0
28.0
-1.0
-15.0
-22.0
-12.0
28.0
28.0
-8.0
5.0
-22.0
-8.0
-1.0
-18.0
-48.0
-11.0
6.0
7.0
33.0
21.0
26.0
36.0
-17.0
-11.0
-1.0
15.0
-3.0
-7.0
0.0
-6.0
0.0
4.0
-7.0
-7.0
-28.0
34.0
-6.0
-4.0
28.0
-52.0
-4.0
-32.0
14.0
-8.0
-110.0
-15.0
-5.0
-4.0
74.0
-2.0
26.0
13.0
31.0
-39.0
-47.0
-1.0
-29.0
-32.0
-3.0
1.0
-11.0
-25.0
9.0
3.0
22.0
18.0
1.0
3.0
8.0
32.0
-31.0
-24.0
-31.0
24.0
14.0
29.0
13.0
9.0
-43.0
-77.0
-21.0
3.0
14.0
-10.0
-19.0
8.0
-29.0
-28.0
-13.0
-28.0
-38.0
-16.0
-15.0
9.0
7.0
-6.0
-16.0
-19.0
19.0
14.0
-2.0
-17.0
3.0
-27.0
-18.0
-29.0
6.0
2.0
19.0
32.0
-12.0
-9.0
-9.0
-35.0
-16.0
-7.0
11.0
11.0
4.0
9.0
20.0
-15.0
-1.0
-3.0
-2.0
25.0
23.0
20.0
14.0
-7.0
-9.0
-14.0
-19.0
-24.0
-72.0
-59.0
-40.0
-38.0
25.0
-34.0
13.0
-1.0
21.0
-1.0
-8.0
4.0
8.0
7.0
-7.0
12.0
-18.0
-4.0
6.0
6.0
-3.0
0.0
11.0
7.0
-37.0
44.0
15.0
7.0
22.0
-20.0
-4.0
-16.0
-5.0
-13.0
-14.0
-9.0
15.0
-6.0
-30.0
-3.0
10.0
11.0
22.0
20.0
0.0
-15.0
-1.0
-31.0
-19.0
0.0
15.0
-1.0
10.0
6.0
-17.0
9.0
-12.0
3.0
-2.0
-20.0
-12.0
-22.0
-14.0
-15.0
13.0
6.0
-19.0
11.0
-33.0
-6.0
-21.0
-5.0
10.0
15.0
-2.0
1.0
3.0
8.0
17.0
6.0
10.0
10.0
4.0
6.0
-1.0
-1.0
-45.0
-30.0
-37.0
-14.0
2.0
-62.0
-53.0
-51.0
-4.0
30.0
42.0
57.0
42.0
22.0
-24.0
-12.0
1.0
-5.0
-18.0
-10.0
-8.0
-15.0
18.0
-33.0
-24.0
-31.0
-34.0
-35.0
17.0
31.0
27.0
-12.0
-3.0
4.0
18.0
8.0
19.0
22.0
-22.0
-10.0
-32.0
-10.0
-17.0
-22.0
3.0
-41.0
-21.0
-22.0
52.0
-7.0
-29.0
-28.0
4.0
-2.0
-21.0
11.0
13.0
4.0
-44.0
12.0
14.0
4.0
8.0
24.0
-4.0
-12.0
-9.0
-16.0
-40.0
12.0
-8.0
5.0
-41.0
-13.0
27.0
18.0
-3.0
-5.0
-7.0
-25.0
9.0
34.0
6.0
-4.0
9.0
6.0
2.0
-2.0
-23.0
-11.0
-31.0
3.0
-24.0
-28.0
-10.0
17.0
-5.0
-11.0
7.0
-18.0
7.0
-7.0
-8.0
-24.0
-13.0
-17.0
-39.0
-37.0
42.0
16.0
-42.0
-37.0
-5.0
-9.0
-2.0
4.0
1.0
1.0
-25.0
-11.0
20.0
26.0
10.0
-13.0
-13.0
-2.0
33.0
33.0
12.0
-1.0
-42.0
-31.0
3.0
16.0
28.0
-12.0
-15.0
-11.0
13.0
-6.0
-2.0
3.0
-15.0
-17.0
-11.0
-24.0
-18.0
-12.0
-99.0
-60.0
-39.0
26.0
56.0
67.0
-2.0
15.0
44.0
39.0
17.0
35.0
-7.0
-21.0
5.0
-8.0
-27.0
-15.0
21.0
18.0
27.0
-25.0
-76.0
-121.0
-5.0
30.0
14.0
-12.0
6.0
5.0
-56.0
-23.0
17.0
48.0
13.0
0.0
3.0
24.0
-6.0
-9.0
-19.0
9.0
-14.0
-4.0
-12.0
2.0
12.0
2.0
-2.0
5.0
-5.0
31.0
39.0
-46.0
-16.0
10.0
35.0
20.0
-20.0
-24.0
-50.0
-21.0
-77.0
-34.0
28.0
-42.0
-23.0
-41.0
2.0
8.0
12.0
-11.0
33.0
30.0
13.0
-24.0
-53.0
-103.0
-72.0
-74.0
16.0
74.0
43.0
31.0
-17.0
27.0
-26.0
30.0
-16.0
-21.0
1.0
-5.0
-30.0
-7.0
23.0
11.0
-3.0
-19.0
-7.0
-4.0
-14.0
-8.0
2.0
5.0
10.0
-6.0
4.0
-2.0
-20.0
-22.0
-5.0
0.0
-22.0
-3.0
-25.0
7.0
-7.0
-60.0
-22.0
-22.0
-11.0
20.0
11.0
3.0
-30.0
0.0
-4.0
9.0
32.0
41.0
9.0
-8.0
-13.0
-3.0
11.0
-8.0
-8.0
23.0
22.0
27.0
17.0
2.0
19.0
1.0
-17.0
-62.0
-7.0
-2.0
-11.0
-11.0
-6.0
12.0
-17.0
-21.0
-11.0
-17.0
18.0
-7.0
-22.0
-24.0
4.0
9.0
2.0
0.0
23.0
1.0
2.0
21.0
4.0
5.0
-9.0
-6.0
-19.0
1.0
-27.0
15.0
-19.0
-40.0
7.0
5.0
-10.0
-25.0
5.0
7.0
-22.0
-22.0
-35.0
-32.0
-8.0
-9.0
15.0
1.0
11.0
-17.0
15.0
13.0
14.0
-3.0
-23.0
-24.0
-23.0
-44.0
-44.0
-24.0
-17.0
-4.0
-9.0
-8.0
-128.0
-125.0
-120.0
10.0
6.0
88.0
61.0
30.0
19.0
20.0
13.0
11.0
-12.0
6.0
24.0
41.0
38.0
25.0
34.0
11.0
-58.0
-64.0
-29.0
1.0
48.0
-5.0
2.0
21.0
-8.0
2.0
18.0
18.0
2.0
28.0
-9.0
-14.0
-14.0
-30.0
-8.0
17.0
5.0
8.0
20.0
2.0
-21.0
-44.0
-12.0
-43.0
23.0
5.0
-13.0
-10.0
-21.0
-35.0
21.0
-12.0
-26.0
3.0
-53.0
0.0
-9.0
-12.0
-1.0
-9.0
13.0
-24.0
-1.0
14.0
-16.0
0.0
6.0
2.0
-26.0
-25.0
-17.0
14.0
-19.0
-3.0
6.0
-7.0
-1.0
5.0
1.0
-22.0
-12.0
-20.0
5.0
-21.0
-45.0
16.0
-2.0
-1.0
-19.0
-9.0
15.0
-13.0
11.0
15.0
3.0
-21.0
7.0
1.0
-7.0
-13.0
3.0
9.0
18.0
-21.0
7.0
-19.0
-7.0
-15.0
16.0
26.0
-33.0
-11.0
-33.0
-34.0
-26.0
-6.0
-14.0
-18.0
-27.0
-13.0
28.0
24.0
20.0
9.0
0.0
-16.0
0.0
-1.0
3.0
-1.0
-2.0
-10.0
7.0
22.0
13.0
16.0
14.0
10.0
-15.0
-14.0
17.0
-6.0
-8.0
-9.0
1.0
-6.0
-7.0
-9.0
-9.0
17.0
-31.0
-5.0
-30.0
-18.0
12.0
-25.0
64.0
73.0
-3.0
-20.0
-43.0
-31.0
-21.0
-14.0
22.0
22.0
-4.0
-2.0
-3.0
-6.0
-2.0
-12.0
-22.0
-11.0
-29.0
6.0
5.0
6.0
-21.0
-23.0
23.0
-8.0
6.0
22.0
28.0
7.0
-34.0
-36.0
24.0
42.0
34.0
2.0
35.0
-4.0
-18.0
-18.0
13.0
17.0
-29.0
-30.0
-38.0
-28.0
-45.0
-79.0
-13.0
-21.0
69.0
73.0
30.0
26.0
12.0
-5.0
-24.0
-8.0
-7.0
-2.0
-13.0
-16.0
-30.0
-13.0
-22.0
-17.0
-31.0
-40.0
31.0
29.0
-10.0
-14.0
-64.0
-57.0
5.0
-47.0
10.0
15.0
-36.0
25.0
62.0
54.0
43.0
65.0
23.0
-12.0
-47.0
-38.0
-27.0
-34.0
-22.0
-23.0
-15.0
3.0
13.0
32.0
-4.0
-57.0
-37.0
5.0
57.0
63.0
-23.0
7.0
14.0
80.0
37.0
39.0
6.0
-9.0
-2.0
-1.0
-19.0
-9.0
17.0
31.0
-23.0
-7.0
-15.0
-10.0
-13.0
-17.0
10.0
1.0
2.0
-36.0
-46.0
-35.0
-28.0
-16.0
10.0
10.0
3.0
-22.0
22.0
35.0
-10.0
-10.0
2.0
-4.0
17.0
11.0
18.0
-15.0
-4.0
-6.0
-10.0
-5.0
-3.0
-28.0
19.0
22.0
-15.0
-17.0
-81.0
-10.0
5.0
2.0
-13.0
-12.0
9.0
11.0
-13.0
14.0
30.0
46.0
16.0
-5.0
-36.0
-5.0
12.0
4.0
-11.0
11.0
0.0
-13.0
5.0
9.0
3.0
-11.0
1.0
-8.0
-59.0
-45.0
-48.0
-21.0
-19.0
-57.0
-42.0
-11.0
26.0
27.0
46.0
-38.0
-10.0
47.0
28.0
54.0
25.0
11.0
-32.0
-35.0
-22.0
12.0
-23.0
-42.0
-18.0
-33.0
-121.0
-14.0
30.0
29.0
35.0
-8.0
4.0
-14.0
35.0
32.0
30.0
20.0
1.0
7.0
26.0
13.0
-3.0
-38.0
-51.0
-24.0
-11.0
-20.0
0.0
-1.0
-7.0
-37.0
-6.0
3.0
8.0
28.0
20.0
-25.0
5.0
5.0
-4.0
-48.0
2.0
8.0
-14.0
-35.0
-5.0
11.0
-40.0
-35.0
22.0
20.0
9.0
12.0
-10.0
3.0
-39.0
-27.0
7.0
5.0
-7.0
-17.0
-15.0
-23.0
13.0
9.0
-7.0
-24.0
-3.0
2.0
13.0
-23.0
-53.0
47.0
-25.0
-5.0
21.0
23.0
15.0
13.0
50.0
12.0
10.0
-15.0
-39.0
2.0
-13.0
-4.0
1.0
4.0
2.0
9.0
-1.0
-3.0
-18.0
-27.0
-5.0
23.0
1.0
0.0
-40.0
-18.0
-29.0
8.0
-19.0
-35.0
-19.0
9.0
3.0
2.0
-21.0
-4.0
-37.0
-11.0
1.0
-14.0
0.0
-11.0
13.0
12.0
-42.0
10.0
19.0
-14.0
-7.0
-2.0
4.0
-25.0
4.0
7.0
14.0
-4.0
22.0
21.0
-18.0
-7.0
-32.0
-3.0
-37.0
-29.0
-3.0
-5.0
3.0
10.0
-22.0
-7.0
-2.0
-8.0
-8.0
-10.0
-10.0
20.0
-7.0
6.0
-5.0
10.0
-17.0
-10.0
-4.0
-6.0
-14.0
-19.0
-24.0
-23.0
-23.0
-23.0
13.0
11.0
47.0
44.0
-50.0
-4.0
-36.0
18.0
6.0
4.0
28.0
0.0
14.0
12.0
-12.0
-6.0
-29.0
-49.0
-26.0
-46.0
-26.0
4.0
-2.0
3.0
24.0
18.0
25.0
-11.0
-24.0
-9.0
-17.0
37.0
-29.0
-35.0
20.0
20.0
-34.0
-7.0
16.0
10.0
19.0
24.0
16.0
20.0
-7.0
-17.0
-20.0
-27.0
12.0
-11.0
-11.0
-3.0
-18.0
-11.0
-7.0
-3.0
-1.0
-10.0
-22.0
-23.0
-18.0
-22.0
-20.0
-18.0
-35.0
-42.0
-8.0
-38.0
19.0
-13.0
26.0
-35.0
9.0
12.0
-15.0
36.0
22.0
9.0
-46.0
-46.0
-42.0
33.0
-15.0
-12.0
19.0
37.0
5.0
12.0
-26.0
-34.0
-32.0
-50.0
-32.0
-29.0
-30.0
-9.0
-33.0
30.0
7.0
9.0
27.0
0.0
13.0
13.0
-27.0
40.0
-18.0
13.0
-30.0
20.0
26.0
29.0
13.0
7.0
-1.0
-6.0
0.0
-20.0
-11.0
-16.0
-2.0
12.0
-15.0
-15.0
-1.0
-1.0
-5.0
-5.0
-12.0
4.0
-25.0
-64.0
-26.0
-24.0
-2.0
1.0
-17.0
-26.0
-22.0
-18.0
24.0
-5.0
29.0
26.0
11.0
0.0
10.0
-1.0
19.0
8.0
2.0
5.0
-6.0
-6.0
1.0
-4.0
-2.0
-8.0
-32.0
-15.0
16.0
4.0
-30.0
-31.0
-6.0
-3.0
10.0
-5.0
-46.0
-26.0
-29.0
44.0
11.0
7.0
6.0
-10.0
-2.0
10.0
-9.0
11.0
20.0
7.0
-10.0
-12.0
-17.0
-53.0
-32.0
0.0
-24.0
-23.0
16.0
4.0
27.0
24.0
-1.0
1.0
19.0
12.0
11.0
-15.0
22.0
36.0
14.0
7.0
-25.0
-17.0
-15.0
-24.0
-14.0
-26.0
14.0
12.0
-37.0
-45.0
-62.0
37.0
25.0
-3.0
11.0
-4.0
-15.0
-10.0
-10.0
-13.0
-35.0
28.0
13.0
19.0
29.0
18.0
-3.0
-13.0
-14.0
-12.0
-16.0
-12.0
-10.0
-5.0
-1.0
-37.0
35.0
-44.0
-7.0
-7.0
-28.0
6.0
8.0
-4.0
-8.0
-36.0
17.0
10.0
2.0
0.0
-25.0
5.0
-3.0
-14.0
-36.0
-20.0
-18.0
-13.0
24.0
20.0
-4.0
6.0
-4.0
-2.0
-1.0
-31.0
7.0
-16.0
-46.0
-44.0
5.0
-20.0
-12.0
28.0
-24.0
17.0
26.0
8.0
-10.0
-8.0
10.0
9.0
-20.0
-13.0
8.0
17.0
-4.0
-23.0
-9.0
-18.0
2.0
1.0
-1.0
22.0
22.0
26.0
-9.0
-31.0
-26.0
-21.0
28.0
-26.0
-48.0
-6.0
-20.0
-37.0
15.0
35.0
-20.0
-17.0
-16.0
11.0
-1.0
-22.0
15.0
-4.0
-8.0
-3.0
21.0
16.0
-3.0
-26.0
-7.0
-6.0
-1.0
2.0
20.0
-8.0
-19.0
-15.0
-6.0
-1.0
-27.0
19.0
-19.0
-12.0
-13.0
-17.0
-41.0
-39.0
-3.0
-15.0
34.0
18.0
-15.0
-11.0
2.0
2.0
-7.0
-1.0
-13.0
-5.0
17.0
-18.0
-14.0
-27.0
14.0
-64.0
-28.0
-34.0
-13.0
19.0
-26.0
11.0
26.0
21.0
-61.0
-3.0
26.0
26.0
20.0
13.0
1.0
-2.0
14.0
28.0
27.0
-1.0
-15.0
-10.0
-64.0
-23.0
-54.0
-49.0
30.0
-7.0
-4.0
-36.0
-5.0
-8.0
-14.0
-19.0
0.0
-7.0
-17.0
-21.0
18.0
27.0
7.0
7.0
-18.0
-33.0
-12.0
11.0
13.0
-5.0
-24.0
-2.0
2.0
6.0
6.0
6.0
-2.0
-6.0
-44.0
-31.0
-26.0
15.0
-17.0
-15.0
0.0
10.0
-14.0
-18.0
-36.0
-33.0
-37.0
-51.0
24.0
33.0
7.0
53.0
22.0
-3.0
-17.0
-3.0
3.0
5.0
-24.0
-21.0
-7.0
5.0
36.0
36.0
14.0
-1.0
-62.0
-1.0
1.0
-7.0
-19.0
2.0
5.0
4.0
11.0
-6.0
-24.0
-20.0
1.0
3.0
10.0
2.0
18.0
-17.0
-24.0
-35.0
-45.0
-8.0
-15.0
-17.0
-38.0
14.0
-9.0
51.0
25.0
-24.0
-6.0
-33.0
-16.0
-26.0
5.0
-21.0
9.0
-51.0
-15.0
-7.0
-15.0
-15.0
5.0
0.0
6.0
-18.0
1.0
21.0
19.0
13.0
28.0
-11.0
-44.0
-52.0
-59.0
-17.0
-3.0
-4.0
52.0
3.0
20.0
30.0
2.0
-1.0
-13.0
-12.0
17.0
3.0
-150.0
-4.0
-4.0
-57.0
-11.0
-29.0
-26.0
-17.0
32.0
7.0
18.0
19.0
-13.0
2.0
24.0
18.0
-21.0
6.0
-11.0
-13.0
-13.0
9.0
-31.0
-59.0
13.0
21.0
46.0
-6.0
-28.0
-8.0
8.0
4.0
-7.0
21.0
-13.0
-6.0
-14.0
-15.0
-16.0
-3.0
-7.0
0.0
12.0
4.0
6.0
3.0
48.0
-12.0
-33.0
-37.0
4.0
23.0
11.0
7.0
-6.0
-7.0
9.0
-11.0
-18.0
-62.0
-36.0
11.0
-30.0
-18.0
9.0
3.0
-33.0
-70.0
9.0
9.0
30.0
28.0
25.0
10.0
-3.0
-6.0
-9.0
-26.0
-25.0
22.0
-12.0
-1.0
20.0
0.0
-5.0
-2.0
-13.0
-13.0
21.0
14.0
13.0
4.0
-11.0
4.0
-4.0
3.0
14.0
16.0
-6.0
-37.0
-25.0
-17.0
-20.0
-29.0
-2.0
-5.0
4.0
-35.0
0.0
31.0
11.0
1.0
-28.0
7.0
13.0
15.0
-5.0
-18.0
-1.0
16.0
10.0
-2.0
16.0
-28.0
-52.0
-53.0
-7.0
-6.0
-18.0
-4.0
3.0
52.0
44.0
26.0
-4.0
-4.0
-48.0
-42.0
-18.0
-32.0
22.0
40.0
5.0
-47.0
-41.0
-40.0
-16.0
-11.0
-38.0
-11.0
2.0
-26.0
25.0
-12.0
-22.0
-24.0
-7.0
26.0
-3.0
16.0
-22.0
25.0
28.0
13.0
8.0
6.0
-2.0
7.0
-3.0
8.0
6.0
-14.0
17.0
-15.0
6.0
4.0
-5.0
-46.0
-35.0
-15.0
-15.0
7.0
-30.0
-2.0
-12.0
-11.0
-22.0
-58.0
-34.0
-24.0
-1.0
11.0
4.0
-6.0
26.0
30.0
6.0
28.0
-7.0
-2.0
-1.0
-9.0
-19.0
12.0
1.0
10.0
6.0
-5.0
28.0
16.0
5.0
-29.0
-2.0
-25.0
-3.0
4.0
-3.0
2.0
-17.0
4.0
3.0
-28.0
-27.0
-8.0
-28.0
-25.0
7.0
-54.0
-35.0
-22.0
17.0
23.0
-9.0
5.0
14.0
14.0
-2.0
-2.0
-27.0
-5.0
27.0
14.0
1.0
-38.0
-33.0
-30.0
3.0
-37.0
7.0
-13.0
-8.0
9.0
-19.0
-4.0
-27.0
-28.0
-33.0
-5.0
35.0
50.0
36.0
-19.0
-31.0
26.0
-9.0
-8.0
-22.0
-28.0
-46.0
-16.0
-11.0
18.0
6.0
-2.0
-12.0
-12.0
-44.0
-5.0
43.0
50.0
11.0
-17.0
15.0
-5.0
9.0
10.0
3.0
-20.0
7.0
18.0
25.0
9.0
-19.0
5.0
9.0
6.0
-35.0
-49.0
-4.0
2.0
-27.0
-45.0
2.0
-15.0
-12.0
-14.0
-3.0
-15.0
-41.0
-35.0
-8.0
26.0
10.0
2.0
33.0
29.0
-11.0
-12.0
9.0
-11.0
-7.0
-3.0
-27.0
14.0
-33.0
-28.0
2.0
21.0
7.0
5.0
-4.0
15.0
-16.0
-20.0
5.0
1.0
2.0
-2.0
-15.0
-43.0
4.0
-12.0
7.0
7.0
-15.0
-11.0
-7.0
-45.0
-84.0
-44.0
-23.0
60.0
15.0
40.0
32.0
28.0
39.0
-25.0
-44.0
-3.0
13.0
12.0
8.0
-31.0
8.0
11.0
-3.0
5.0
1.0
3.0
8.0
23.0
-15.0
-21.0
-40.0
-32.0
-10.0
6.0
-34.0
4.0
-18.0
16.0
29.0
10.0
-6.0
-8.0
-35.0
5.0
-21.0
-16.0
-17.0
-9.0
-14.0
-13.0
11.0
9.0
-9.0
35.0
14.0
2.0
-19.0
-3.0
-20.0
-39.0
-70.0
-72.0
32.0
-3.0
29.0
29.0
-34.0
-20.0
41.0
-35.0
16.0
22.0
-15.0
21.0
6.0
30.0
-4.0
32.0
-5.0
-27.0
2.0
4.0
8.0
22.0
-4.0
-18.0
8.0
0.0
-37.0
-31.0
-40.0
-36.0
5.0
11.0
-5.0
-26.0
-106.0
-72.0
40.0
33.0
22.0
27.0
25.0
9.0
-15.0
4.0
-18.0
-20.0
8.0
24.0
27.0
27.0
9.0
0.0
8.0
-51.0
-26.0
-36.0
-10.0
-21.0
-8.0
-9.0
-21.0
-5.0
-1.0
-5.0
20.0
10.0
11.0
2.0
-18.0
-18.0
-37.0
-37.0
-22.0
2.0
-6.0
-42.0
-42.0
3.0
24.0
28.0
-12.0
-11.0
-1.0
24.0
-8.0
7.0
-8.0
-18.0
14.0
10.0
22.0
11.0
18.0
38.0
6.0
13.0
-28.0
-31.0
-51.0
-49.0
-85.0
-25.0
-10.0
1.0
-29.0
32.0
24.0
15.0
4.0
2.0
-19.0
-46.0
-52.0
11.0
-12.0
27.0
7.0
-43.0
-9.0
-9.0
-43.0
5.0
6.0
33.0
23.0
10.0
-5.0
33.0
-14.0
-14.0
-24.0
45.0
-33.0
20.0
3.0
2.0
-42.0
-90.0
-15.0
-13.0
1.0
-17.0
-9.0
-9.0
-18.0
2.0
-19.0
1.0
26.0
28.0
-3.0
-11.0
12.0
-7.0
-24.0
11.0
-33.0
-25.0
-10.0
-9.0
6.0
-1.0
23.0
-20.0
-6.0
9.0
3.0
0.0
9.0
6.0
-1.0
21.0
21.0
9.0
4.0
33.0
37.0
21.0
10.0
14.0
5.0
-5.0
-30.0
-25.0
-48.0
-25.0
-27.0
-4.0
20.0
21.0
49.0
-9.0
73.0
-28.0
-9.0
-12.0
13.0
-1.0
-34.0
-34.0
31.0
3.0
-36.0
-39.0
-39.0
5.0
15.0
-7.0
11.0
12.0
24.0
24.0
30.0
-1.0
-81.0
-66.0
-18.0
25.0
13.0
10.0
-14.0
4.0
-11.0
-15.0
-29.0
-38.0
-13.0
-15.0
-2.0
3.0
2.0
21.0
18.0
3.0
18.0
3.0
13.0
15.0
-20.0
-15.0
-8.0
35.0
48.0
-22.0
-28.0
-27.0
-21.0
-31.0
-39.0
-33.0
-28.0
-6.0
-4.0
-11.0
-1.0
29.0
6.0
-1.0
-61.0
-57.0
-46.0
-15.0
-10.0
-9.0
10.0
22.0
4.0
16.0
-2.0
5.0
6.0
0.0
-6.0
-3.0
3.0
19.0
22.0
-8.0
-15.0
-17.0
-16.0
0.0
27.0
-1.0
6.0
-63.0
-45.0
6.0
-5.0
-14.0
-38.0
-21.0
-22.0
8.0
13.0
13.0
14.0
-14.0
5.0
1.0
-10.0
-12.0
-14.0
18.0
44.0
15.0
18.0
-14.0
-5.0
-13.0
-35.0
-60.0
5.0
-3.0
-9.0
-22.0
10.0
-17.0
-14.0
-17.0
-9.0
-6.0
19.0
-8.0
-20.0
-3.0
12.0
5.0
15.0
11.0
10.0
-5.0
17.0
-4.0
-9.0
-33.0
-58.0
-47.0
-20.0
-19.0
-36.0
-24.0
-2.0
-2.0
-40.0
-27.0
-40.0
-35.0
21.0
15.0
24.0
19.0
-23.0
5.0
0.0
10.0
18.0
57.0
-9.0
-2.0
12.0
-37.0
-3.0
6.0
19.0
-7.0
-4.0
-7.0
13.0
21.0
22.0
12.0
0.0
-11.0
-14.0
8.0
-17.0
-2.0
22.0
19.0
-26.0
-16.0
-48.0
-57.0
0.0
23.0
19.0
-27.0
-15.0
-13.0
-9.0
-12.0
2.0
7.0
-12.0
-26.0
-44.0
-16.0
6.0
4.0
-24.0
25.0
1.0
1.0
3.0
12.0
-9.0
6.0
-1.0
6.0
2.0
-7.0
-15.0
3.0
2.0
-8.0
-2.0
-16.0
-11.0
-14.0
-14.0
14.0
-21.0
-13.0
-3.0
9.0
-1.0
-2.0
-49.0
-46.0
-27.0
-65.0
-41.0
46.0
-35.0
-46.0
24.0
6.0
25.0
27.0
24.0
23.0
15.0
-2.0
-9.0
-2.0
2.0
11.0
-9.0
-13.0
-15.0
27.0
30.0
-4.0
-24.0
-1.0
-10.0
-12.0
-8.0
-15.0
-30.0
-22.0
5.0
4.0
14.0
-2.0
-4.0
7.0
-10.0
-25.0
-21.0
35.0
-20.0
-31.0
0.0
11.0
7.0
-46.0
-26.0
-34.0
2.0
-24.0
-31.0
-12.0
-2.0
-7.0
28.0
2.0
-23.0
-22.0
-1.0
19.0
-15.0
33.0
-34.0
6.0
25.0
43.0
-45.0
-42.0
4.0
2.0
12.0
-10.0
-3.0
-3.0
6.0
-37.0
10.0
9.0
-12.0
-17.0
-9.0
6.0
-12.0
-18.0
-8.0
-2.0
15.0
13.0
-9.0
12.0
0.0
-24.0
-27.0
-23.0
23.0
36.0
19.0
21.0
25.0
-31.0
-36.0
-52.0
-50.0
39.0
25.0
0.0
-52.0
-55.0
-34.0
-27.0
-16.0
-36.0
13.0
37.0
0.0
25.0
26.0
23.0
13.0
-1.0
-3.0
2.0
5.0
-17.0
-40.0
-19.0
-19.0
-17.0
-10.0
-1.0
-36.0
1.0
32.0
40.0
22.0
18.0
-6.0
-8.0
-38.0
1.0
1.0
10.0
5.0
-60.0
-25.0
-23.0
-48.0
-48.0
-5.0
-31.0
-17.0
8.0
37.0
12.0
-13.0
32.0
21.0
20.0
4.0
-6.0
-13.0
-41.0
-27.0
-14.0
-27.0
-16.0
-14.0
-24.0
-12.0
21.0
22.0
-22.0
22.0
8.0
15.0
18.0
-7.0
4.0
-10.0
3.0
-53.0
-17.0
15.0
-18.0
-29.0
-36.0
13.0
4.0
8.0
-13.0
-4.0
-18.0
-33.0
-19.0
-32.0
-30.0
-11.0
-11.0
-7.0
-5.0
7.0
22.0
-15.0
22.0
16.0
20.0
20.0
20.0
-29.0
24.0
25.0
-3.0
-7.0
-11.0
-69.0
-40.0
-11.0
-17.0
-13.0
-4.0
-5.0
-4.0
31.0
-3.0
18.0
-19.0
-7.0
-7.0
-4.0
-6.0
-7.0
-33.0
-9.0
-7.0
-7.0
-4.0
19.0
9.0
-8.0
9.0
0.0
21.0
-19.0
8.0
7.0
-45.0
46.0
46.0
21.0
-5.0
3.0
-39.0
3.0
3.0
-1.0
-18.0
-46.0
-43.0
12.0
9.0
13.0
10.0
37.0
21.0
22.0
18.0
0.0
3.0
-15.0
-25.0
18.0
-11.0
13.0
-30.0
-57.0
-17.0
9.0
13.0
-4.0
-40.0
-63.0
-13.0
-16.0
-4.0
-2.0
-5.0
-16.0
-22.0
-35.0
-35.0
13.0
17.0
4.0
-7.0
-20.0
-14.0
-7.0
-12.0
-5.0
7.0
-54.0
-15.0
40.0
43.0
13.0
-16.0
20.0
30.0
19.0
-10.0
17.0
-3.0
-11.0
-6.0
12.0
-1.0
0.0
2.0
-35.0
-67.0
6.0
27.0
-2.0
-8.0
-36.0
-9.0
30.0
28.0
1.0
-26.0
-25.0
-13.0
9.0
9.0
17.0
2.0
2.0
1.0
8.0
-2.0
4.0
7.0
27.0
18.0
15.0
21.0
9.0
0.0
0.0
-20.0
-9.0
-25.0
-35.0
-21.0
5.0
-15.0
7.0
9.0
-3.0
-4.0
-6.0
10.0
-1.0
18.0
4.0
-20.0
-46.0
-39.0
8.0
17.0
6.0
-2.0
22.0
-23.0
4.0
13.0
-18.0
-22.0
15.0
-2.0
-3.0
20.0
5.0
6.0
-19.0
5.0
12.0
18.0
10.0
9.0
-22.0
-16.0
-12.0
-8.0
-1.0
4.0
-27.0
-28.0
-47.0
-20.0
-20.0
-32.0
2.0
0.0
24.0
0.0
-21.0
-25.0
-30.0
3.0
15.0
-4.0
2.0
-11.0
-21.0
-28.0
-10.0
-7.0
3.0
-23.0
-26.0
-25.0
17.0
14.0
-13.0
19.0
31.0
32.0
8.0
-18.0
-14.0
-29.0
-42.0
-7.0
11.0
-20.0
-3.0
-2.0
-3.0
20.0
22.0
8.0
-2.0
14.0
-1.0
-2.0
2.0
2.0
10.0
17.0
39.0
8.0
21.0
0.0
-11.0
5.0
-9.0
-17.0
-31.0
-17.0
-1.0
-27.0
10.0
-2.0
-29.0
-25.0
-27.0
-32.0
-2.0
16.0
0.0
-29.0
-33.0
-15.0
2.0
-8.0
-10.0
-15.0
-2.0
22.0
-5.0
14.0
7.0
5.0
12.0
3.0
-9.0
-7.0
-25.0
-9.0
18.0
32.0
-22.0
-19.0
-11.0
13.0
-3.0
-3.0
-21.0
-51.0
-7.0
0.0
-48.0
-30.0
1.0
45.0
14.0
14.0
7.0
-9.0
3.0
34.0
9.0
2.0
6.0
-5.0
-11.0
-7.0
27.0
-20.0
-32.0
-46.0
27.0
-58.0
-22.0
-38.0
-4.0
1.0
-33.0
-21.0
-23.0
-1.0
-9.0
7.0
11.0
-11.0
7.0
6.0
-21.0
30.0
-7.0
-23.0
28.0
53.0
16.0
11.0
1.0
9.0
5.0
-24.0
-18.0
2.0
-13.0
15.0
-3.0
-12.0
-5.0
-12.0
-19.0
-20.0
-49.0
11.0
-40.0
-15.0
-28.0
-5.0
17.0
20.0
-17.0
17.0
36.0
1.0
-38.0
-20.0
-37.0
-6.0
7.0
4.0
7.0
-17.0
-20.0
-5.0
-26.0
17.0
-2.0
7.0
4.0
7.0
27.0
3.0
28.0
27.0
-7.0
-15.0
-1.0
-18.0
3.0
13.0
-2.0
26.0
-4.0
32.0
-17.0
-16.0
-12.0
-14.0
7.0
9.0
6.0
-8.0
-19.0
-31.0
-27.0
-32.0
-11.0
-3.0
9.0
5.0
19.0
-7.0
-5.0
-11.0
-4.0
-1.0
9.0
8.0
0.0
0.0
-19.0
-37.0
1.0
-5.0
17.0
-6.0
-129.0
-101.0
-18.0
-16.0
27.0
-61.0
-20.0
51.0
-82.0
16.0
72.0
65.0
60.0
56.0
1.0
21.0
-6.0
-9.0
64.0
15.0
-19.0
-17.0
-4.0
0.0
15.0
-18.0
5.0
11.0
18.0
7.0
7.0
4.0
-5.0
-8.0
-50.0
-29.0
-42.0
-5.0
0.0
-34.0
-9.0
-36.0
-13.0
-18.0
30.0
-19.0
-19.0
-35.0
24.0
-3.0
20.0
-7.0
13.0
17.0
-36.0
-13.0
-7.0
21.0
16.0
-11.0
-8.0
-77.0
-17.0
-15.0
-5.0
5.0
5.0
-14.0
17.0
1.0
-12.0
22.0
19.0
18.0
3.0
65.0
-13.0
2.0
-48.0
-15.0
-49.0
-34.0
-29.0
-20.0
27.0
-86.0
-37.0
13.0
1.0
24.0
-26.0
25.0
10.0
11.0
-4.0
34.0
20.0
-14.0
23.0
40.0
-3.0
13.0
-18.0
-5.0
-40.0
-45.0
-54.0
-56.0
-10.0
7.0
24.0
24.0
26.0
28.0
7.0
13.0
8.0
-23.0
-10.0
-3.0
1.0
-26.0
-34.0
-31.0
10.0
12.0
3.0
-8.0
-14.0
-30.0
1.0
11.0
8.0
6.0
-5.0
-8.0
19.0
3.0
-46.0
-28.0
-3.0
6.0
9.0
11.0
25.0
-11.0
10.0
-2.0
-9.0
20.0
-46.0
-54.0
-55.0
-55.0
12.0
23.0
15.0
-19.0
-13.0
28.0
-10.0
14.0
17.0
16.0
1.0
-45.0
-8.0
-26.0
0.0
14.0
-37.0
-20.0
14.0
10.0
28.0
28.0
10.0
-1.0
6.0
-2.0
-7.0
-14.0
-14.0
-18.0
-16.0
8.0
0.0
-8.0
-3.0
-11.0
-2.0
7.0
-28.0
-28.0
-30.0
-23.0
-3.0
11.0
28.0
-35.0
5.0
17.0
-32.0
-29.0
9.0
-14.0
16.0
-8.0
-39.0
12.0
11.0
-27.0
-7.0
-2.0
-20.0
-3.0
-25.0
26.0
9.0
34.0
49.0
18.0
-7.0
-7.0
20.0
-4.0
-1.0
-33.0
-11.0
-28.0
-14.0
-14.0
-20.0
-14.0
-18.0
-23.0
-6.0
-7.0
-6.0
-19.0
-48.0
-18.0
5.0
7.0
30.0
0.0
-12.0
16.0
12.0
-4.0
-25.0
31.0
53.0
41.0
1.0
6.0
0.0
0.0
2.0
15.0
4.0
-30.0
-42.0
-46.0
-7.0
6.0
4.0
-4.0
4.0
-21.0
7.0
-3.0
-15.0
-12.0
-15.0
-7.0
-13.0
-3.0
8.0
-26.0
10.0
-31.0
-26.0
-21.0
-11.0
-3.0
-21.0
-8.0
-17.0
-18.0
-15.0
-6.0
14.0
4.0
-9.0
-29.0
27.0
-6.0
-11.0
4.0
-48.0
-34.0
-13.0
-4.0
13.0
33.0
5.0
-12.0
12.0
8.0
-4.0
-29.0
-11.0
-5.0
12.0
22.0
51.0
19.0
18.0
-2.0
8.0
-5.0
-2.0
-3.0
-14.0
5.0
26.0
12.0
7.0
-41.0
-39.0
-14.0
-22.0
-23.0
26.0
-48.0
-21.0
-9.0
-28.0
-3.0
-27.0
-18.0
-26.0
-30.0
-14.0
-5.0
-7.0
10.0
-5.0
-9.0
20.0
-52.0
42.0
42.0
1.0
19.0
27.0
21.0
-36.0
0.0
2.0
-11.0
5.0
10.0
12.0
-23.0
1.0
-16.0
-3.0
20.0
-4.0
-33.0
6.0
6.0
12.0
-20.0
-35.0
4.0
-19.0
26.0
34.0
28.0
-12.0
-18.0
-26.0
-26.0
5.0
8.0
30.0
-2.0
4.0
-21.0
-10.0
-10.0
-3.0
-9.0
-3.0
7.0
-16.0
-22.0
12.0
-3.0
-8.0
-14.0
-84.0
-26.0
19.0
-3.0
-13.0
20.0
-29.0
-26.0
-14.0
-17.0
-52.0
-6.0
-33.0
11.0
-31.0
16.0
-3.0
-4.0
-14.0
-10.0
17.0
20.0
6.0
30.0
-2.0
-14.0
7.0
16.0
27.0
29.0
23.0
-3.0
-51.0
-34.0
16.0
11.0
19.0
-12.0
32.0
33.0
-7.0
-42.0
-26.0
6.0
81.0
40.0
-30.0
-26.0
-54.0
-44.0
-59.0
-9.0
28.0
12.0
25.0
10.0
11.0
-4.0
-18.0
-22.0
-16.0
2.0
3.0
-16.0
-37.0
-28.0
-61.0
-34.0
-46.0
-45.0
12.0
26.0
-16.0
6.0
-10.0
-18.0
-3.0
0.0
23.0
21.0
14.0
28.0
1.0
-10.0
-25.0
-25.0
11.0
7.0
7.0
8.0
6.0
-42.0
-22.0
-20.0
8.0
3.0
-16.0
-16.0
2.0
4.0
-20.0
-10.0
21.0
15.0
20.0
19.0
-19.0
-24.0
-22.0
-18.0
1.0
-1.0
5.0
8.0
13.0
3.0
0.0
-9.0
-10.0
-12.0
-36.0
4.0
9.0
-4.0
-9.0
28.0
-9.0
-27.0
-7.0
-4.0
5.0
15.0
65.0
9.0
5.0
-25.0
-69.0
-46.0
-47.0
-43.0
-10.0
-27.0
-1.0
-11.0
14.0
20.0
-6.0
23.0
-17.0
-18.0
22.0
-5.0
11.0
22.0
-5.0
-28.0
-9.0
-4.0
-16.0
-14.0
-51.0
-53.0
3.0
-24.0
9.0
0.0
3.0
-5.0
-23.0
-21.0
-37.0
-35.0
12.0
-13.0
30.0
-91.0
-44.0
19.0
15.0
19.0
33.0
32.0
22.0
10.0
21.0
38.0
-31.0
13.0
9.0
4.0
-13.0
17.0
44.0
-13.0
-4.0
8.0
-9.0
-24.0
29.0
30.0
-1.0
-7.0
16.0
-25.0
3.0
-10.0
-55.0
-20.0
-48.0
-44.0
-13.0
25.0
-5.0
-27.0
6.0
10.0
10.0
-12.0
-2.0
1.0
-1.0
0.0
1.0
10.0
-13.0
2.0
-27.0
-6.0
-12.0
-14.0
31.0
-7.0
-18.0
-51.0
-41.0
-68.0
0.0
-24.0
-18.0
-16.0
31.0
0.0
-16.0
13.0
10.0
11.0
10.0
27.0
41.0
43.0
33.0
-20.0
-5.0
-16.0
-33.0
-11.0
-16.0
-8.0
31.0
38.0
11.0
-31.0
-21.0
-12.0
11.0
20.0
10.0
-6.0
-20.0
-20.0
0.0
21.0
-3.0
-42.0
-13.0
15.0
-5.0
-28.0
-17.0
-16.0
-1.0
11.0
-9.0
-13.0
-21.0
-24.0
1.0
-25.0
20.0
19.0
0.0
-38.0
-28.0
-12.0
-14.0
-11.0
-20.0
-7.0
4.0
5.0
28.0
10.0
-6.0
-8.0
16.0
1.0
21.0
-33.0
-5.0
-5.0
-11.0
-8.0
-7.0
-2.0
-6.0
33.0
17.0
-2.0
-7.0
-5.0
-32.0
-18.0
4.0
50.0
-9.0
-21.0
0.0
6.0
10.0
17.0
-33.0
-2.0
14.0
46.0
27.0
-8.0
-39.0
-2.0
4.0
4.0
-24.0
-56.0
-60.0
10.0
-38.0
-25.0
14.0
13.0
-10.0
-16.0
-27.0
4.0
6.0
-18.0
56.0
17.0
0.0
32.0
15.0
11.0
-7.0
-18.0
-5.0
-12.0
6.0
-16.0
-4.0
-32.0
-26.0
-30.0
-2.0
2.0
-25.0
-21.0
-39.0
-2.0
-3.0
8.0
21.0
16.0
-18.0
-44.0
16.0
8.0
28.0
-1.0
-8.0
-6.0
-11.0
-11.0
12.0
34.0
20.0
0.0
-13.0
-30.0
-40.0
0.0
-1.0
-4.0
-13.0
0.0
-31.0
-7.0
2.0
13.0
0.0
-15.0
-3.0
-4.0
-5.0
-2.0
-6.0
-26.0
-16.0
-9.0
1.0
-4.0
10.0
7.0
-9.0
-40.0
0.0
-24.0
8.0
1.0
0.0
-26.0
-25.0
-31.0
-71.0
-23.0
36.0
19.0
15.0
-6.0
-29.0
-18.0
4.0
6.0
24.0
11.0
-5.0
2.0
3.0
17.0
18.0
21.0
-2.0
-4.0
-11.0
-19.0
0.0
-18.0
-6.0
-12.0
-24.0
-6.0
13.0
9.0
-18.0
-5.0
5.0
2.0
-20.0
-40.0
-53.0
14.0
-11.0
-10.0
6.0
-27.0
-14.0
20.0
20.0
-6.0
20.0
11.0
15.0
15.0
2.0
3.0
-1.0
35.0
11.0
1.0
-6.0
31.0
5.0
4.0
-36.0
-42.0
-45.0
-30.0
-16.0
-23.0
-30.0
15.0
11.0
11.0
6.0
2.0
-12.0
10.0
-8.0
-5.0
-4.0
36.0
30.0
35.0
0.0
-23.0
-5.0
26.0
2.0
8.0
6.0
-14.0
-18.0
-16.0
-13.0
17.0
-8.0
-22.0
-24.0
-4.0
-2.0
58.0
29.0
32.0
-10.0
-6.0
-6.0
-13.0
-31.0
-16.0
-18.0
-52.0
31.0
40.0
28.0
12.0
-5.0
15.0
-10.0
3.0
-3.0
-8.0
-2.0
-3.0
-10.0
-2.0
-5.0
-39.0
-10.0
-8.0
-21.0
24.0
2.0
2.0
-3.0
-19.0
27.0
-3.0
-42.0
9.0
-32.0
-31.0
3.0
11.0
41.0
36.0
18.0
-6.0
16.0
-27.0
-29.0
-29.0
-1.0
0.0
15.0
14.0
12.0
28.0
-11.0
10.0
-4.0
-9.0
-22.0
-23.0
9.0
-67.0
43.0
17.0
-18.0
-9.0
16.0
6.0
-24.0
-26.0
-19.0
-50.0
-15.0
-46.0
-20.0
-19.0
10.0
4.0
25.0
20.0
4.0
7.0
11.0
14.0
-13.0
0.0
-14.0
9.0
-4.0
-4.0
-6.0
-32.0
-10.0
19.0
24.0
9.0
6.0
9.0
-20.0
-18.0
-55.0
-8.0
-20.0
-16.0
-75.0
-38.0
-35.0
-63.0
15.0
18.0
-5.0
7.0
69.0
-45.0
38.0
12.0
57.0
36.0
13.0
0.0
-27.0
-52.0
-11.0
20.0
46.0
40.0
2.0
-34.0
32.0
29.0
-13.0
-22.0
-25.0
-48.0
5.0
2.0
-33.0
-19.0
-9.0
-20.0
-7.0
3.0
0.0
16.0
5.0
3.0
-22.0
-1.0
5.0
6.0
17.0
-28.0
-14.0
21.0
-6.0
-19.0
-18.0
-41.0
-41.0
-38.0
25.0
-1.0
17.0
7.0
20.0
22.0
2.0
-2.0
14.0
11.0
0.0
-13.0
-10.0
6.0
-2.0
3.0
-10.0
-26.0
-29.0
-27.0
-12.0
17.0
-15.0
-9.0
-38.0
-10.0
-27.0
-8.0
-6.0
-8.0
19.0
6.0
13.0
-1.0
3.0
-15.0
-14.0
-29.0
-9.0
-6.0
-6.0
-47.0
-23.0
-9.0
12.0
-6.0
-19.0
-36.0
9.0
6.0
49.0
52.0
37.0
30.0
7.0
11.0
-2.0
-16.0
19.0
26.0
-35.0
-30.0
-42.0
-39.0
-16.0
-30.0
-12.0
2.0
-53.0
-59.0
1.0
9.0
10.0
44.0
17.0
17.0
-24.0
17.0
26.0
27.0
-10.0
-16.0
-105.0
-34.0
-8.0
-9.0
2.0
-41.0
-24.0
-24.0
0.0
28.0
12.0
13.0
15.0
39.0
25.0
7.0
9.0
14.0
7.0
7.0
8.0
-16.0
-18.0
18.0
-28.0
3.0
-22.0
-15.0
-19.0
-78.0
5.0
-17.0
-7.0
13.0
-22.0
-26.0
4.0
1.0
12.0
-11.0
-34.0
-2.0
4.0
-9.0
9.0
-1.0
-22.0
-20.0
15.0
-69.0
12.0
13.0
24.0
16.0
-22.0
-24.0
15.0
14.0
-4.0
-4.0
-10.0
-14.0
-5.0
12.0
10.0
-9.0
21.0
24.0
23.0
-12.0
-13.0
19.0
-16.0
21.0
-51.0
-17.0
22.0
33.0
-41.0
-24.0
-8.0
-25.0
-1.0
-29.0
0.0
14.0
17.0
14.0
-13.0
-20.0
0.0
21.0
6.0
-10.0
-69.0
-59.0
-26.0
-16.0
18.0
27.0
66.0
13.0
-22.0
-4.0
24.0
-6.0
7.0
11.0
-21.0
7.0
3.0
6.0
16.0
10.0
-35.0
42.0
-1.0
4.0
-7.0
-26.0
0.0
31.0
15.0
23.0
-4.0
-12.0
4.0
10.0
15.0
-15.0
-2.0
0.0
-27.0
6.0
-7.0
7.0
14.0
18.0
-21.0
9.0
-16.0
-31.0
-6.0
-19.0
-1.0
10.0
1.0
0.0
-21.0
-11.0
-39.0
19.0
4.0
29.0
15.0
8.0
-4.0
6.0
12.0
11.0
-44.0
-29.0
-6.0
-11.0
-4.0
-46.0
-79.0
-76.0
-15.0
-4.0
-12.0
-41.0
-9.0
-4.0
31.0
-3.0
0.0
6.0
7.0
-12.0
-13.0
-10.0
31.0
-8.0
8.0
12.0
0.0
1.0
3.0
-5.0
-11.0
-24.0
2.0
-2.0
13.0
21.0
11.0
8.0
3.0
-44.0
5.0
2.0
20.0
-13.0
-13.0
-51.0
6.0
14.0
15.0
5.0
8.0
16.0
-3.0
-24.0
-17.0
30.0
12.0
7.0
-5.0
-8.0
-28.0
29.0
-15.0
-14.0
-40.0
-54.0
-3.0
-2.0
4.0
-9.0
-14.0
11.0
5.0
9.0
-12.0
-7.0
20.0
24.0
-27.0
-4.0
-36.0
-24.0
-14.0
-3.0
-16.0
4.0
4.0
2.0
3.0
-21.0
-6.0
1.0
-4.0
-4.0
19.0
24.0
-2.0
-12.0
-18.0
12.0
28.0
12.0
9.0
12.0
-2.0
-4.0
2.0
0.0
10.0
-13.0
-6.0
-64.0
-17.0
0.0
-12.0
-2.0
1.0
3.0
-22.0
9.0
-15.0
-7.0
5.0
-1.0
-13.0
-8.0
-36.0
-30.0
-24.0
-53.0
-12.0
5.0
24.0
28.0
-16.0
-6.0
-1.0
-1.0
17.0
15.0
11.0
3.0
28.0
-44.0
-23.0
1.0
37.0
42.0
7.0
32.0
23.0
3.0
7.0
-11.0
-14.0
-13.0
-20.0
-24.0
-42.0
-4.0
14.0
8.0
-36.0
-2.0
-6.0
1.0
20.0
15.0
1.0
-2.0
-2.0
-8.0
-19.0
7.0
15.0
-23.0
-9.0
-4.0
-9.0
-18.0
-23.0
-29.0
-28.0
-24.0
19.0
-4.0
3.0
-2.0
19.0
18.0
-15.0
-70.0
-4.0
37.0
12.0
32.0
28.0
29.0
24.0
19.0
11.0
-6.0
-2.0
4.0
-19.0
-46.0
-12.0
-13.0
-32.0
21.0
-9.0
-33.0
3.0
-5.0
-30.0
-3.0
-11.0
-17.0
14.0
-7.0
-11.0
-14.0
9.0
10.0
-15.0
-29.0
6.0
4.0
10.0
-1.0
-13.0
-8.0
4.0
28.0
2.0
-9.0
-23.0
-23.0
-16.0
17.0
13.0
-13.0
-31.0
-17.0
-29.0
-21.0
-10.0
-12.0
-27.0
-6.0
-42.0
21.0
3.0
6.0
5.0
-1.0
19.0
20.0
-25.0
-4.0
3.0
-18.0
4.0
-4.0
21.0
-9.0
-18.0
-21.0
-16.0
-8.0
23.0
8.0
2.0
-21.0
11.0
10.0
-13.0
-18.0
-45.0
-28.0
31.0
3.0
-21.0
-39.0
7.0
32.0
35.0
37.0
8.0
-9.0
-15.0
8.0
-29.0
0.0
-5.0
-8.0
8.0
-1.0
3.0
-1.0
-29.0
-4.0
-30.0
5.0
-15.0
-3.0
-1.0
-2.0
5.0
31.0
14.0
12.0
-5.0
-27.0
-44.0
-18.0
-24.0
-24.0
-24.0
-9.0
6.0
-2.0
20.0
-8.0
-27.0
10.0
-8.0
-7.0
17.0
-18.0
9.0
64.0
30.0
-3.0
22.0
-8.0
-28.0
-26.0
-23.0
6.0
16.0
-24.0
-36.0
-23.0
-10.0
-5.0
7.0
5.0
-3.0
15.0
5.0
-1.0
-4.0
-46.0
-33.0
0.0
-6.0
-4.0
-32.0
-33.0
-7.0
-2.0
6.0
-36.0
26.0
16.0
28.0
28.0
-6.0
-46.0
21.0
-21.0
30.0
36.0
-46.0
-25.0
-16.0
-7.0
20.0
-25.0
-16.0
9.0
-9.0
30.0
38.0
21.0
22.0
20.0
18.0
-2.0
-22.0
-34.0
-36.0
-15.0
-24.0
25.0
-8.0
-9.0
-76.0
-41.0
23.0
-15.0
38.0
-27.0
-40.0
-23.0
-73.0
-79.0
-48.0
-12.0
10.0
9.0
-61.0
7.0
24.0
16.0
-6.0
-1.0
62.0
-15.0
21.0
40.0
-29.0
-12.0
-20.0
13.0
57.0
50.0
43.0
-5.0
-10.0
-25.0
-28.0
-8.0
5.0
0.0
-13.0
-15.0
-11.0
-19.0
-2.0
-35.0
-15.0
38.0
6.0
-30.0
-61.0
-65.0
-33.0
-4.0
-8.0
12.0
4.0
8.0
9.0
9.0
-15.0
-24.0
2.0
-8.0
-33.0
-14.0
7.0
-6.0
24.0
14.0
-18.0
-25.0
21.0
6.0
17.0
-34.0
-17.0
-11.0
10.0
20.0
-13.0
-15.0
-23.0
-10.0
-4.0
-36.0
25.0
-20.0
10.0
-8.0
3.0
4.0
-18.0
-9.0
-22.0
29.0
8.0
-18.0
-21.0
-1.0
9.0
7.0
26.0
1.0
21.0
-3.0
-5.0
-22.0
-28.0
9.0
-45.0
-53.0
-41.0
-18.0
7.0
35.0
6.0
-25.0
-5.0
-10.0
48.0
49.0
31.0
-73.0
-68.0
40.0
18.0
-1.0
19.0
-11.0
5.0
6.0
16.0
15.0
-37.0
-14.0
-53.0
-13.0
-46.0
2.0
10.0
9.0
30.0
12.0
19.0
-14.0
0.0
20.0
-19.0
0.0
-9.0
-6.0
-16.0
-1.0
-5.0
1.0
-14.0
12.0
6.0
-40.0
-60.0
-62.0
-22.0
15.0
37.0
-37.0
6.0
39.0
-14.0
16.0
6.0
4.0
-18.0
-15.0
-10.0
-4.0
-23.0
-53.0
-22.0
17.0
-29.0
-28.0
12.0
-5.0
-14.0
-20.0
-8.0
-9.0
9.0
2.0
-10.0
-19.0
21.0
-13.0
-1.0
4.0
-12.0
9.0
-16.0
21.0
32.0
27.0
37.0
7.0
5.0
-22.0
-33.0
-1.0
33.0
28.0
2.0
2.0
-4.0
-3.0
-9.0
-4.0
3.0
-17.0
-15.0
-10.0
0.0
-2.0
-39.0
-25.0
0.0
-17.0
-9.0
-11.0
-25.0
-51.0
4.0
4.0
24.0
22.0
8.0
7.0
-4.0
22.0
14.0
-11.0
31.0
28.0
19.0
-13.0
-9.0
-15.0
-31.0
-23.0
-37.0
-2.0
-48.0
-47.0
4.0
-13.0
-15.0
-42.0
-30.0
22.0
15.0
-5.0
-13.0
-18.0
17.0
-2.0
-26.0
-7.0
-22.0
7.0
-24.0
0.0
-28.0
-28.0
17.0
19.0
32.0
-3.0
8.0
-46.0
-25.0
-76.0
-48.0
-50.0
-28.0
-18.0
5.0
0.0
29.0
35.0
35.0
-32.0
16.0
21.0
12.0
-28.0
22.0
24.0
-13.0
-43.0
-44.0
16.0
5.0
10.0
4.0
16.0
-11.0
12.0
0.0
11.0
-16.0
-14.0
-36.0
-41.0
-34.0
-75.0
-19.0
26.0
-74.0
-100.0
3.0
6.0
38.0
39.0
-11.0
38.0
34.0
-15.0
-6.0
-15.0
-23.0
21.0
-22.0
-21.0
-4.0
-21.0
7.0
10.0
6.0
34.0
0.0
2.0
-19.0
-18.0
-42.0
-15.0
-1.0
-1.0
11.0
17.0
15.0
2.0
-18.0
-15.0
8.0
-2.0
-5.0
-5.0
-3.0
-21.0
-9.0
-35.0
-11.0
-11.0
-6.0
7.0
-12.0
-6.0
-7.0
-9.0
-16.0
-7.0
-15.0
-14.0
-7.0
2.0
17.0
-2.0
-6.0
13.0
33.0
18.0
-7.0
-8.0
-35.0
-17.0
-5.0
14.0
-6.0
-7.0
-34.0
-24.0
-38.0
-40.0
-50.0
-36.0
-4.0
37.0
35.0
32.0
50.0
30.0
-6.0
-4.0
22.0
-28.0
-13.0
33.0
15.0
-14.0
-20.0
-11.0
-7.0
-5.0
-15.0
20.0
16.0
26.0
7.0
-12.0
35.0
-16.0
-54.0
-52.0
-29.0
-16.0
1.0
-1.0
36.0
26.0
12.0
-29.0
3.0
7.0
-23.0
-7.0
1.0
-15.0
38.0
-10.0
-60.0
-9.0
10.0
10.0
3.0
4.0
-10.0
-8.0
-29.0
-92.0
-24.0
-50.0
-25.0
-22.0
36.0
35.0
38.0
2.0
-8.0
-14.0
21.0
3.0
3.0
5.0
-57.0
15.0
23.0
6.0
17.0
21.0
9.0
28.0
-26.0
-21.0
-20.0
-19.0
-38.0
-36.0
-18.0
18.0
5.0
-7.0
-22.0
-22.0
-30.0
-5.0
-7.0
0.0
1.0
20.0
0.0
7.0
-48.0
-54.0
-10.0
-14.0
4.0
-21.0
22.0
2.0
-6.0
-17.0
0.0
-1.0
18.0
6.0
14.0
-12.0
-15.0
-41.0
-29.0
-20.0
-30.0
-26.0
7.0
41.0
18.0
24.0
14.0
-23.0
8.0
-2.0
2.0
-3.0
14.0
-16.0
1.0
-4.0
-47.0
-13.0
-9.0
-14.0
-11.0
-5.0
-2.0
-2.0
1.0
-27.0
-21.0
-7.0
24.0
-7.0
-33.0
-41.0
11.0
12.0
15.0
-25.0
-5.0
0.0
-28.0
-28.0
-14.0
-10.0
-6.0
-17.0
-14.0
-15.0
-23.0
22.0
12.0
2.0
1.0
4.0
12.0
-28.0
-27.0
-3.0
7.0
8.0
9.0
18.0
17.0
17.0
1.0
-9.0
-8.0
35.0
-30.0
-14.0
-53.0
-1.0
9.0
7.0
-33.0
-10.0
-19.0
-10.0
8.0
22.0
-13.0
18.0
-35.0
-30.0
26.0
66.0
11.0
36.0
11.0
-35.0
-34.0
-37.0
-12.0
-2.0
1.0
-15.0
13.0
-61.0
-15.0
2.0
-33.0
13.0
-32.0
-25.0
17.0
20.0
22.0
-34.0
-21.0
7.0
-30.0
7.0
4.0
3.0
3.0
43.0
16.0
-9.0
-16.0
20.0
15.0
-24.0
0.0
1.0
-31.0
-26.0
-25.0
-29.0
9.0
6.0
1.0
-21.0
24.0
22.0
22.0
-25.0
-19.0
-19.0
-6.0
2.0
-23.0
27.0
11.0
10.0
36.0
2.0
3.0
26.0
-48.0
-31.0
-42.0
-19.0
-11.0
-11.0
-52.0
-15.0
-62.0
26.0
25.0
2.0
12.0
6.0
-8.0
-12.0
13.0
-13.0
-9.0
-37.0
1.0
4.0
1.0
46.0
-3.0
-2.0
16.0
35.0
0.0
-41.0
-30.0
-14.0
-28.0
1.0
19.0
20.0
2.0
12.0
-7.0
-27.0
-36.0
7.0
-14.0
-15.0
-29.0
-25.0
-51.0
26.0
-21.0
7.0
3.0
16.0
39.0
-35.0
-1.0
-2.0
-15.0
29.0
-16.0
-29.0
-33.0
-18.0
22.0
34.0
40.0
41.0
24.0
-18.0
-38.0
26.0
22.0
-25.0
-5.0
24.0
-11.0
-10.0
-12.0
15.0
0.0
4.0
-8.0
-17.0
17.0
10.0
-13.0
-11.0
-23.0
-24.0
25.0
-11.0
8.0
25.0
18.0
27.0
1.0
-3.0
-26.0
-4.0
-8.0
-4.0
-2.0
-7.0
-15.0
-10.0
-5.0
-9.0
-14.0
-31.0
-40.0
-30.0
-7.0
9.0
-8.0
-6.0
-27.0
-22.0
-13.0
7.0
9.0
-5.0
-34.0
10.0
5.0
2.0
-21.0
-17.0
-11.0
-12.0
-11.0
-16.0
-9.0
11.0
19.0
-30.0
10.0
11.0
-10.0
-31.0
-9.0
24.0
-5.0
8.0
-5.0
0.0
-13.0
-12.0
-20.0
-8.0
4.0
0.0
-8.0
-27.0
-4.0
-5.0
32.0
37.0
11.0
15.0
-7.0
-44.0
-37.0
-35.0
-3.0
-30.0
-46.0
-50.0
5.0
-5.0
-3.0
-10.0
-5.0
-16.0
13.0
-14.0
2.0
3.0
-70.0
-3.0
-66.0
-50.0
69.0
-2.0
6.0
5.0
4.0
2.0
-14.0
0.0
0.0
25.0
16.0
11.0
-3.0
-2.0
-7.0
-2.0
-4.0
27.0
-3.0
13.0
6.0
-44.0
-28.0
-3.0
5.0
4.0
14.0
-20.0
8.0
-8.0
33.0
-40.0
21.0
-46.0
0.0
-5.0
4.0
-14.0
-25.0
-18.0
-11.0
10.0
-41.0
6.0
-5.0
-12.0
-6.0
-1.0
15.0
11.0
17.0
0.0
5.0
-13.0
5.0
2.0
-9.0
9.0
29.0
14.0
10.0
-8.0
-10.0
-23.0
-17.0
-22.0
3.0
-39.0
-25.0
-16.0
-12.0
-30.0
-17.0
23.0
20.0
19.0
-6.0
10.0
0.0
-28.0
9.0
-37.0
-20.0
-1.0
-17.0
-21.0
-20.0
12.0
-21.0
0.0
28.0
6.0
-20.0
-49.0
-21.0
-22.0
25.0
24.0
43.0
-19.0
-10.0
4.0
-29.0
-23.0
-28.0
-24.0
-14.0
-22.0
6.0
-3.0
20.0
16.0
17.0
-5.0
33.0
24.0
-15.0
24.0
-43.0
39.0
4.0
-18.0
13.0
9.0
-9.0
-3.0
5.0
-1.0
-20.0
-15.0
-20.0
-5.0
2.0
-1.0
-21.0
-19.0
-17.0
4.0
5.0
-3.0
-20.0
-25.0
-23.0
-37.0
-5.0
-1.0
13.0
23.0
9.0
4.0
17.0
-1.0
-33.0
-20.0
-21.0
-14.0
-32.0
-16.0
-35.0
-7.0
-24.0
44.0
-29.0
8.0
1.0
3.0
-1.0
-16.0
-1.0
4.0
-2.0
13.0
-1.0
9.0
11.0
10.0
36.0
19.0
2.0
16.0
-3.0
-5.0
-1.0
-11.0
-6.0
-12.0
30.0
8.0
-3.0
-1.0
-31.0
-13.0
-39.0
-16.0
-5.0
-1.0
3.0
5.0
-35.0
-35.0
-1.0
-8.0
-26.0
-21.0
-8.0
-9.0
16.0
-14.0
-40.0
10.0
14.0
-2.0
-18.0
-19.0
-20.0
-18.0
-13.0
8.0
18.0
-9.0
-24.0
-42.0
-4.0
-13.0
-5.0
2.0
-5.0
20.0
62.0
9.0
-4.0
3.0
-17.0
-10.0
-8.0
-21.0
-34.0
-12.0
9.0
-2.0
-12.0
-25.0
-40.0
-14.0
15.0
29.0
13.0
18.0
-16.0
7.0
-11.0
-4.0
37.0
13.0
-17.0
-17.0
-6.0
-2.0
15.0
-41.0
-24.0
25.0
-14.0
-41.0
-4.0
-9.0
16.0
-1.0
-9.0
12.0
-12.0
0.0
20.0
26.0
-4.0
-8.0
-15.0
-30.0
-14.0
5.0
15.0
13.0
-1.0
36.0
7.0
3.0
-13.0
-45.0
-18.0
11.0
-22.0
-6.0
-16.0
-22.0
4.0
-2.0
-24.0
-5.0
-15.0
-15.0
14.0
-4.0
31.0
-17.0
0.0
2.0
3.0
22.0
-4.0
-2.0
6.0
-20.0
-13.0
-6.0
-67.0
-68.0
-21.0
-5.0
27.0
-14.0
23.0
20.0
14.0
-6.0
-1.0
-4.0
-14.0
-11.0
-1.0
4.0
9.0
5.0
-5.0
-31.0
-26.0
-21.0
-60.0
-19.0
-12.0
-9.0
35.0
19.0
-1.0
10.0
-2.0
-5.0
-24.0
4.0
18.0
-10.0
2.0
7.0
18.0
19.0
-2.0
-2.0
1.0
-16.0
-16.0
-19.0
-13.0
4.0
-18.0
-1.0
-5.0
-1.0
4.0
21.0
23.0
-11.0
-3.0
-44.0
13.0
-35.0
9.0
11.0
-1.0
3.0
-8.0
0.0
-52.0
-44.0
-44.0
-27.0
-4.0
1.0
30.0
-11.0
-11.0
-60.0
38.0
32.0
12.0
31.0
8.0
7.0
21.0
-5.0
9.0
-11.0
-12.0
-7.0
10.0
0.0
8.0
2.0
-17.0
-24.0
-28.0
-7.0
25.0
8.0
-12.0
-13.0
-36.0
-30.0
-39.0
-10.0
-47.0
-1.0
9.0
0.0
-15.0
-1.0
20.0
19.0
53.0
19.0
31.0
8.0
3.0
-22.0
-13.0
-13.0
-14.0
-15.0
-31.0
1.0
-2.0
7.0
19.0
-9.0
-26.0
-39.0
-24.0
-24.0
-25.0
15.0
9.0
12.0
-16.0
-16.0
1.0
41.0
-2.0
-2.0
-17.0
-24.0
-9.0
-21.0
9.0
5.0
5.0
-49.0
-29.0
-26.0
-37.0
-2.0
-6.0
6.0
15.0
-1.0
-18.0
-71.0
-28.0
-26.0
-21.0
1.0
-6.0
41.0
24.0
29.0
33.0
-3.0
4.0
3.0
4.0
24.0
-3.0
12.0
-30.0
-19.0
-18.0
-11.0
-31.0
-24.0
-1.0
-5.0
-33.0
-22.0
2.0
-26.0
0.0
-18.0
10.0
11.0
3.0
10.0
10.0
18.0
-21.0
-7.0
11.0
28.0
14.0
13.0
8.0
17.0
15.0
-22.0
-36.0
-19.0
7.0
-5.0
1.0
-4.0
21.0
-10.0
-70.0
-95.0
-16.0
11.0
-6.0
6.0
16.0
20.0
-10.0
65.0
-54.0
-11.0
-13.0
7.0
17.0
-39.0
10.0
2.0
20.0
-8.0
-8.0
6.0
64.0
31.0
11.0
-14.0
31.0
19.0
-17.0
14.0
-34.0
-28.0
13.0
-20.0
-69.0
-57.0
-16.0
-4.0
14.0
-33.0
16.0
23.0
11.0
-23.0
-9.0
-4.0
-12.0
-13.0
17.0
-58.0
1.0
-42.0
-38.0
-41.0
18.0
-1.0
8.0
4.0
0.0
-12.0
19.0
18.0
-5.0
-20.0
23.0
-1.0
7.0
-1.0
-22.0
-9.0
-27.0
-4.0
46.0
30.0
30.0
1.0
16.0
6.0
-1.0
-1.0
17.0
36.0
-28.0
-18.0
-11.0
15.0
-33.0
-30.0
-30.0
-47.0
-42.0
-22.0
34.0
21.0
8.0
-9.0
-7.0
-6.0
-18.0
4.0
26.0
-26.0
-7.0
23.0
6.0
-22.0
-30.0
-33.0
-55.0
6.0
-39.0
-10.0
-23.0
11.0
36.0
30.0
31.0
29.0
1.0
-17.0
9.0
12.0
-2.0
32.0
9.0
-17.0
-15.0
-18.0
-8.0
-75.0
2.0
28.0
35.0
28.0
6.0
24.0
-7.0
-8.0
-27.0
-80.0
-39.0
30.0
-8.0
-14.0
8.0
-36.0
-11.0
-7.0
-42.0
-9.0
-13.0
-33.0
-10.0
1.0
3.0
-13.0
-9.0
-2.0
5.0
-1.0
-28.0
-14.0
26.0
7.0
-18.0
14.0
7.0
8.0
33.0
-23.0
-14.0
-21.0
-17.0
-20.0
-46.0
-17.0
-53.0
-50.0
-9.0
-31.0
8.0
14.0
-13.0
15.0
-29.0
33.0
17.0
26.0
15.0
-38.0
-4.0
-26.0
-6.0
14.0
26.0
-10.0
6.0
8.0
26.0
6.0
-28.0
-30.0
-44.0
-17.0
-2.0
-19.0
4.0
-1.0
6.0
23.0
19.0
-9.0
-25.0
-18.0
-10.0
-1.0
6.0
-1.0
54.0
-17.0
-13.0
-19.0
-10.0
-30.0
4.0
-6.0
1.0
11.0
-5.0
-10.0
1.0
-1.0
15.0
-85.0
-20.0
-11.0
-5.0
-10.0
21.0
8.0
3.0
-32.0
-19.0
-36.0
19.0
16.0
-20.0
-22.0
15.0
-12.0
-16.0
12.0
22.0
-23.0
-1.0
-6.0
4.0
-3.0
-32.0
-9.0
-3.0
12.0
6.0
-20.0
-15.0
0.0
34.0
33.0
15.0
42.0
18.0
0.0
-15.0
-11.0
-10.0
20.0
-4.0
-3.0
9.0
-30.0
-5.0
25.0
17.0
22.0
-34.0
-39.0
-18.0
-11.0
9.0
37.0
-14.0
-5.0
-17.0
11.0
4.0
-28.0
-9.0
-10.0
-18.0
-25.0
-64.0
-9.0
-44.0
-1.0
-45.0
23.0
1.0
7.0
38.0
16.0
-9.0
-7.0
-31.0
-9.0
-40.0
24.0
-13.0
-15.0
6.0
-11.0
-5.0
-16.0
-31.0
-66.0
-28.0
-9.0
56.0
57.0
5.0
76.0
-21.0
3.0
6.0
-13.0
-47.0
-3.0
-22.0
-14.0
15.0
5.0
-3.0
17.0
-1.0
4.0
-2.0
-39.0
-7.0
-13.0
-16.0
-9.0
-6.0
1.0
2.0
31.0
-5.0
-12.0
-24.0
-33.0
-12.0
-1.0
-41.0
-25.0
37.0
1.0
-13.0
-17.0
11.0
8.0
-11.0
32.0
5.0
-27.0
18.0
-13.0
32.0
18.0
34.0
34.0
-105.0
-36.0
-122.0
-214.0
-10.0
122.0
61.0
48.0
45.0
42.0
74.0
61.0
45.0
33.0
6.0
-3.0
19.0
-15.0
-35.0
-31.0
-17.0
1.0
-27.0
-44.0
-26.0
49.0
-53.0
-33.0
-4.0
-6.0
-38.0
-60.0
-28.0
-83.0
14.0
-8.0
-24.0
-29.0
8.0
9.0
21.0
44.0
6.0
-16.0
14.0
6.0
0.0
-32.0
-13.0
-13.0
1.0
28.0
29.0
-4.0
22.0
9.0
0.0
-17.0
-74.0
-79.0
13.0
-13.0
-14.0
-6.0
14.0
-29.0
-5.0
25.0
35.0
27.0
18.0
13.0
16.0
6.0
25.0
11.0
-20.0
21.0
-69.0
-72.0
-97.0
-19.0
-20.0
-12.0
-22.0
-1.0
-11.0
2.0
-26.0
-22.0
35.0
6.0
2.0
19.0
32.0
12.0
-11.0
-3.0
9.0
6.0
-1.0
-3.0
-46.0
-28.0
-20.0
-56.0
2.0
-17.0
-2.0
-1.0
-13.0
8.0
19.0
8.0
26.0
6.0
-19.0
-19.0
-10.0
-6.0
5.0
23.0
-8.0
-5.0
3.0
-22.0
4.0
-4.0
-49.0
-43.0
-8.0
-17.0
13.0
-14.0
10.0
-4.0
26.0
33.0
-11.0
-7.0
-8.0
18.0
-1.0
-14.0
-15.0
-48.0
5.0
4.0
11.0
10.0
-19.0
-18.0
-32.0
1.0
-17.0
-8.0
-36.0
-14.0
6.0
9.0
0.0
15.0
-13.0
-7.0
-58.0
42.0
88.0
49.0
15.0
18.0
-15.0
-28.0
10.0
42.0
16.0
18.0
19.0
6.0
11.0
9.0
-9.0
-5.0
-15.0
-7.0
-15.0
-21.0
-21.0
-31.0
-28.0
-27.0
-1.0
26.0
-19.0
-6.0
16.0
-8.0
-1.0
23.0
-11.0
-11.0
-2.0
-15.0
-32.0
4.0
11.0
20.0
-6.0
-10.0
-86.0
-81.0
-91.0
-97.0
3.0
29.0
113.0
27.0
7.0
53.0
8.0
10.0
9.0
41.0
-8.0
-23.0
-77.0
-216.0
-61.0
-129.0
313.0
313.0
313.0
313.0
313.0
313.0
313.0
299.0
78.0
-111.0
-234.0
-219.0
-313.0
-313.0
-313.0
-313.0
-313.0
-313.0
-313.0
-313.0
-313.0
-313.0
-313.0
-313.0
-313.0
-313.0
-260.0
-257.0
-213.0
-216.0
-174.0
-165.0
-141.0
-116.0
-53.0
-21.0
-64.0
-28.0
-25.0
-35.0
-72.0
-65.0
-35.0
-15.0
-56.0
9.0
44.0
55.0
46.0
-22.0
-6.0
-8.0
15.0
44.0
39.0
43.0
17.0
14.0
64.0
58.0
65.0
62.0
49.0
21.0
65.0
56.0
37.0
13.0
57.0
63.0
68.0
73.0
24.0
35.0
-27.0
-26.0
6.0
-49.0
-80.0
2.0
20.0
14.0
30.0
39.0
15.0
26.0
21.0
32.0
28.0
12.0
15.0
13.0
22.0
38.0
6.0
8.0
2.0
-14.0
31.0
23.0
9.0
4.0
22.0
6.0
17.0
1.0
30.0
2.0
-38.0
-8.0
-35.0
-38.0
-25.0
17.0
31.0
29.0
31.0
-1.0
-12.0
-28.0
-25.0
-34.0
-6.0
-22.0
-90.0
-113.0
-42.0
73.0
65.0
18.0
25.0
23.0
2.0
-26.0
4.0
12.0
25.0
8.0
3.0
53.0
7.0
10.0
-35.0
19.0
4.0
-30.0
10.0
4.0
24.0
21.0
-21.0
-24.0
2.0
-13.0
-6.0
-33.0
-22.0
11.0
-18.0
11.0
-15.0
-15.0
2.0
-14.0
-86.0
5.0
-7.0
14.0
-16.0
42.0
-19.0
-10.0
-24.0
-19.0
-59.0
-38.0
18.0
-17.0
13.0
31.0
69.0
70.0
45.0
3.0
-1.0
17.0
9.0
34.0
29.0
-32.0
-1.0
5.0
-22.0
-6.0
-12.0
-20.0
1.0
-12.0
-46.0
-57.0
-69.0
-63.0
4.0
0.0
32.0
-1.0
-54.0
-91.0
31.0
58.0
-3.0
4.0
-6.0
39.0
-2.0
24.0
6.0
4.0
-20.0
-15.0
-24.0
-28.0
-8.0
8.0
-29.0
-2.0
-20.0
20.0
-17.0
-25.0
39.0
40.0
-6.0
22.0
3.0
-5.0
-8.0
20.0
-49.0
-21.0
24.0
21.0
17.0
22.0
-5.0
-9.0
-30.0
-54.0
-4.0
-51.0
20.0
7.0
15.0
25.0
-3.0
-80.0
-15.0
-2.0
-13.0
7.0
-7.0
-12.0
31.0
55.0
19.0
-11.0
8.0
1.0
-22.0
-2.0
8.0
2.0
1.0
-15.0
-24.0
8.0
43.0
29.0
-15.0
-9.0
-39.0
-39.0
-26.0
0.0
13.0
15.0
-9.0
-4.0
-26.0
9.0
-20.0
-17.0
18.0
-7.0
20.0
-27.0
-11.0
-15.0
-9.0
7.0
-3.0
-6.0
19.0
-23.0
3.0
-27.0
42.0
5.0
45.0
-2.0
-30.0
-29.0
-15.0
2.0
20.0
28.0
-27.0
-1.0
-16.0
-9.0
5.0
11.0
-35.0
-42.0
18.0
2.0
2.0
-18.0
-24.0
12.0
-24.0
-28.0
-4.0
0.0
-2.0
-27.0
5.0
12.0
28.0
10.0
-10.0
-17.0
-10.0
52.0
-9.0
6.0
-30.0
-28.0
-16.0
-25.0
0.0
-12.0
36.0
8.0
0.0
3.0
-7.0
-9.0
-36.0
-16.0
-7.0
-8.0
-16.0
-23.0
-10.0
-15.0
-30.0
-33.0
-33.0
4.0
10.0
11.0
-11.0
-13.0
-26.0
-7.0
33.0
-2.0
17.0
-3.0
-18.0
-17.0
-36.0
-3.0
-29.0
11.0
15.0
6.0
-16.0
-19.0
-6.0
-4.0
4.0
-25.0
-36.0
11.0
-33.0
-7.0
-15.0
-19.0
-4.0
-3.0
-15.0
-4.0
-14.0
-10.0
0.0
46.0
16.0
14.0
32.0
25.0
25.0
3.0
-17.0
8.0
-4.0
-18.0
-21.0
-10.0
-1.0
-2.0
-28.0
-23.0
33.0
11.0
1.0
8.0
-21.0
-22.0
-24.0
-27.0
-22.0
-26.0
-52.0
-26.0
4.0
-7.0
-7.0
-2.0
37.0
45.0
40.0
20.0
-21.0
33.0
38.0
-6.0
-29.0
-87.0
-11.0
-16.0
-9.0
-28.0
1.0
4.0
-1.0
-13.0
-3.0
7.0
2.0
3.0
-17.0
-32.0
7.0
6.0
4.0
-6.0
-8.0
-8.0
8.0
12.0
-19.0
1.0
3.0
15.0
7.0
7.0
-16.0
34.0
-29.0
-29.0
-26.0
26.0
-27.0
-20.0
48.0
44.0
-9.0
18.0
37.0
29.0
-7.0
-11.0
29.0
17.0
-14.0
-23.0
-33.0
9.0
-2.0
3.0
-18.0
-3.0
18.0
-7.0
-19.0
-4.0
-9.0
0.0
-22.0
-23.0
-44.0
-1.0
20.0
-13.0
17.0
-1.0
-35.0
-5.0
-8.0
-2.0
-24.0
-28.0
17.0
-3.0
-35.0
11.0
1.0
38.0
11.0
12.0
3.0
8.0
-7.0
-33.0
-14.0
-29.0
-26.0
-54.0
-23.0
-24.0
-44.0
10.0
27.0
26.0
34.0
8.0
-12.0
-10.0
8.0
4.0
9.0
-29.0
25.0
12.0
-5.0
-33.0
7.0
19.0
-3.0
-5.0
-16.0
0.0
-15.0
-8.0
11.0
-26.0
-17.0
17.0
11.0
13.0
16.0
-23.0
-32.0
-43.0
-15.0
-23.0
-35.0
26.0
11.0
9.0
22.0
4.0
-2.0
23.0
-2.0
46.0
-3.0
-16.0
15.0
10.0
10.0
0.0
9.0
1.0
11.0
28.0
-19.0
-17.0
27.0
30.0
-18.0
-2.0
-2.0
-33.0
-9.0
-4.0
-10.0
-27.0
-14.0
-14.0
-20.0
-5.0
4.0
-6.0
-41.0
-42.0
-18.0
15.0
-10.0
-8.0
20.0
-13.0
-16.0
20.0
-13.0
-27.0
28.0
29.0
9.0
8.0
0.0
-7.0
-14.0
-8.0
15.0
9.0
-17.0
-19.0
-36.0
-40.0
0.0
-25.0
-4.0
3.0
17.0
-2.0
10.0
-24.0
-7.0
-13.0
-12.0
7.0
15.0
6.0
57.0
17.0
-33.0
0.0
6.0
4.0
11.0
-44.0
-36.0
-29.0
13.0
-6.0
18.0
-1.0
-16.0
-16.0
-28.0
-10.0
17.0
24.0
-13.0
10.0
-9.0
-17.0
18.0
20.0
32.0
45.0
8.0
1.0
-3.0
-12.0
3.0
-18.0
9.0
10.0
17.0
-5.0
-30.0
-11.0
-29.0
-14.0
-30.0
-11.0
-15.0
-16.0
-32.0
-24.0
-9.0
4.0
-5.0
-26.0
-36.0
-17.0
15.0
11.0
-1.0
23.0
25.0
25.0
15.0
-41.0
-37.0
-6.0
-7.0
-7.0
35.0
-32.0
-15.0
5.0
-10.0
-1.0
24.0
16.0
11.0
2.0
-28.0
-17.0
-7.0
18.0
-9.0
8.0
-12.0
5.0
4.0
5.0
-8.0
-4.0
-28.0
-21.0
1.0
-77.0
10.0
35.0
8.0
5.0
20.0
3.0
29.0
9.0
2.0
6.0
-5.0
-21.0
-17.0
-16.0
-48.0
-34.0
-25.0
27.0
34.0
22.0
-8.0
-11.0
-27.0
-34.0
8.0
19.0
34.0
-3.0
-7.0
3.0
-31.0
-19.0
-8.0
-7.0
-27.0
3.0
-9.0
4.0
-24.0
-4.0
-21.0
-16.0
-31.0
-33.0
-48.0
13.0
27.0
36.0
-6.0
5.0
-17.0
-34.0
-3.0
-3.0
-8.0
-34.0
-32.0
-4.0
-11.0
8.0
-17.0
7.0
3.0
3.0
16.0
-4.0
7.0
15.0
-28.0
26.0
-31.0
-2.0
5.0
10.0
6.0
8.0
10.0
-15.0
-20.0
-6.0
2.0
-34.0
-59.0
-50.0
28.0
-33.0
27.0
-27.0
-4.0
-25.0
-37.0
-40.0
-62.0
-58.0
-9.0
21.0
32.0
44.0
7.0
-4.0
-14.0
18.0
13.0
14.0
21.0
34.0
26.0
33.0
30.0
-5.0
8.0
-35.0
-17.0
-19.0
34.0
1.0
12.0
9.0
-18.0
-15.0
-15.0
-2.0
-11.0
-12.0
-25.0
-19.0
-4.0
-36.0
2.0
0.0
3.0
-6.0
-22.0
-22.0
-32.0
-55.0
-15.0
-21.0
-13.0
-3.0
6.0
-27.0
-4.0
-5.0
-22.0
-10.0
-19.0
-10.0
3.0
-14.0
45.0
10.0
2.0
3.0
-1.0
-4.0
-10.0
-29.0
-10.0
-1.0
26.0
-13.0
-24.0
-18.0
15.0
-32.0
0.0
-14.0
7.0
15.0
2.0
-5.0
-5.0
-6.0
-1.0
-11.0
-33.0
-28.0
-17.0
5.0
7.0
1.0
8.0
9.0
3.0
-20.0
6.0
19.0
-24.0
-14.0
4.0
-13.0
6.0
-1.0
0.0
32.0
-22.0
-49.0
-8.0
13.0
-14.0
-82.0
-31.0
-30.0
-13.0
-16.0
0.0
-24.0
-16.0
-19.0
24.0
22.0
14.0
14.0
15.0
12.0
16.0
-3.0
-17.0
-15.0
-19.0
-9.0
-22.0
-21.0
-21.0
-8.0
-23.0
-25.0
7.0
-20.0
-7.0
-14.0
0.0
-13.0
-16.0
11.0
23.0
6.0
4.0
-31.0
-13.0
-12.0
12.0
30.0
7.0
0.0
9.0
-9.0
-8.0
-4.0
-10.0
-20.0
-11.0
-12.0
-22.0
-14.0
-15.0
-32.0
-2.0
24.0
5.0
9.0
18.0
22.0
21.0
17.0
14.0
22.0
36.0
-19.0
-31.0
-24.0
-31.0
-36.0
-28.0
2.0
-12.0
5.0
24.0
6.0
-66.0
-15.0
-24.0
-26.0
-26.0
-69.0
5.0
-28.0
-65.0
4.0
-51.0
26.0
50.0
49.0
-20.0
7.0
4.0
14.0
-18.0
32.0
49.0
10.0
13.0
8.0
9.0
-3.0
-15.0
-8.0
-4.0
-42.0
-58.0
-50.0
16.0
22.0
26.0
-28.0
-24.0
-37.0
-30.0
12.0
17.0
14.0
16.0
21.0
34.0
-10.0
11.0
15.0
5.0
0.0
-14.0
13.0
-21.0
-30.0
-19.0
3.0
28.0
23.0
2.0
-62.0
47.0
-8.0
-12.0
-10.0
36.0
-18.0
-33.0
-31.0
-31.0
-31.0
9.0
-9.0
3.0
4.0
12.0
4.0
22.0
-13.0
12.0
-10.0
-36.0
-32.0
-45.0
-43.0
-16.0
-7.0
29.0
-15.0
-16.0
-19.0
9.0
24.0
25.0
19.0
12.0
-33.0
-12.0
-32.0
9.0
-5.0
-7.0
-13.0
-6.0
-1.0
-8.0
11.0
15.0
36.0
53.0
18.0
-11.0
-25.0
-40.0
-41.0
-5.0
-4.0
-6.0
-8.0
-1.0
-7.0
-4.0
35.0
2.0
4.0
-12.0
39.0
-19.0
-18.0
-40.0
-7.0
-41.0
-22.0
-37.0
-38.0
-35.0
-14.0
-24.0
8.0
-9.0
-22.0
-19.0
-6.0
-22.0
-21.0
12.0
22.0
-7.0
-16.0
14.0
30.0
-16.0
24.0
-22.0
-18.0
9.0
4.0
-4.0
-11.0
-21.0
-18.0
-31.0
-8.0
15.0
21.0
3.0
11.0
1.0
4.0
-34.0
34.0
-60.0
-38.0
14.0
11.0
51.0
26.0
17.0
15.0
24.0
21.0
2.0
-26.0
-25.0
-17.0
-6.0
-61.0
-50.0
-30.0
-70.0
-24.0
10.0
76.0
52.0
53.0
11.0
-32.0
-25.0
35.0
-1.0
-19.0
33.0
42.0
13.0
16.0
5.0
-31.0
-18.0
-37.0
-33.0
-5.0
4.0
-10.0
-7.0
-9.0
-17.0
-33.0
-19.0
-43.0
-12.0
-6.0
-6.0
25.0
41.0
44.0
1.0
-6.0
-3.0
7.0
-18.0
-3.0
-9.0
2.0
-9.0
-10.0
-16.0
-12.0
7.0
10.0
18.0
8.0
0.0
-15.0
-68.0
-63.0
-16.0
27.0
-10.0
8.0
11.0
8.0
-2.0
34.0
11.0
15.0
9.0
15.0
18.0
16.0
0.0
15.0
8.0
-25.0
-33.0
-35.0
-18.0
-3.0
-29.0
-3.0
2.0
10.0
-9.0
-33.0
-21.0
-21.0
-43.0
22.0
7.0
27.0
-11.0
-36.0
-22.0
-9.0
6.0
13.0
13.0
12.0
-18.0
-13.0
0.0
-39.0
-31.0
-35.0
-34.0
-30.0
-23.0
-5.0
39.0
29.0
17.0
14.0
-12.0
4.0
14.0
15.0
23.0
53.0
50.0
31.0
24.0
32.0
16.0
-9.0
-21.0
-20.0
2.0
-14.0
-27.0
-44.0
6.0
-19.0
20.0
14.0
-15.0
-13.0
-11.0
-12.0
-12.0
-56.0
29.0
-28.0
-16.0
14.0
-4.0
-6.0
-27.0
-40.0
-44.0
-37.0
-14.0
2.0
-12.0
-11.0
-17.0
-23.0
-12.0
13.0
-15.0
5.0
-4.0
-1.0
28.0
13.0
22.0
17.0
26.0
-1.0
-9.0
13.0
-123.0
1.0
1.0
-60.0
-53.0
-50.0
-17.0
-21.0
6.0
-42.0
-23.0
-3.0
-46.0
-23.0
4.0
13.0
-4.0
7.0
-24.0
-16.0
24.0
2.0
-5.0
-18.0
2.0
9.0
7.0
-16.0
-13.0
2.0
17.0
-6.0
2.0
-5.0
-13.0
-24.0
-22.0
2.0
-23.0
-15.0
-33.0
37.0
33.0
36.0
11.0
14.0
21.0
-12.0
0.0
-20.0
-35.0
-10.0
11.0
-11.0
-9.0
-6.0
0.0
-13.0
-16.0
3.0
21.0
9.0
-45.0
-59.0
-41.0
-38.0
-43.0
18.0
1.0
15.0
2.0
19.0
16.0
-7.0
-15.0
-14.0
-19.0
21.0
-32.0
-28.0
-42.0
-30.0
-33.0
5.0
3.0
6.0
16.0
16.0
17.0
-1.0
15.0
10.0
3.0
46.0
-6.0
4.0
4.0
-5.0
2.0
-7.0
-3.0
-26.0
-42.0
-52.0
-47.0
-46.0
-51.0
14.0
21.0
2.0
-17.0
28.0
28.0
18.0
3.0
5.0
-10.0
18.0
-8.0
-16.0
-14.0
13.0
9.0
-15.0
-20.0
-15.0
-21.0
-8.0
2.0
26.0
-6.0
-14.0
7.0
-10.0
25.0
29.0
21.0
-4.0
3.0
1.0
-4.0
-12.0
-18.0
-14.0
14.0
12.0
-13.0
-5.0
-42.0
-14.0
-16.0
-3.0
-7.0
-8.0
4.0
4.0
-14.0
-55.0
-24.0
2.0
12.0
28.0
-27.0
-19.0
9.0
9.0
-10.0
22.0
19.0
30.0
-11.0
20.0
-19.0
12.0
-11.0
-10.0
-6.0
-67.0
-31.0
30.0
13.0
-26.0
-11.0
-5.0
8.0
12.0
-14.0
-7.0
46.0
15.0
8.0
32.0
-2.0
-25.0
19.0
18.0
-25.0
14.0
23.0
-4.0
-7.0
-18.0
-34.0
-29.0
-22.0
-24.0
21.0
2.0
20.0
2.0
-26.0
-13.0
-11.0
-27.0
-15.0
-2.0
8.0
-7.0
-2.0
-11.0
-5.0
23.0
-1.0
-27.0
-11.0
-10.0
-18.0
-22.0
-16.0
-16.0
-34.0
-5.0
-14.0
-24.0
6.0
1.0
24.0
13.0
1.0
-2.0
-9.0
-16.0
7.0
10.0
15.0
15.0
-2.0
3.0
2.0
-6.0
14.0
7.0
-19.0
-22.0
8.0
11.0
3.0
-16.0
-22.0
-32.0
-21.0
-19.0
-18.0
-11.0
-4.0
1.0
-7.0
22.0
-22.0
-7.0
2.0
7.0
3.0
32.0
4.0
2.0
27.0
16.0
-12.0
23.0
43.0
6.0
-50.0
3.0
-6.0
-6.0
-8.0
-15.0
2.0
-15.0
-15.0
-7.0
-16.0
-20.0
18.0
21.0
-35.0
13.0
1.0
-5.0
13.0
-9.0
-5.0
-68.0
-32.0
-29.0
-15.0
7.0
-33.0
6.0
9.0
1.0
22.0
3.0
-11.0
-6.0
-21.0
36.0
8.0
-7.0
-8.0
-2.0
14.0
-1.0
5.0
-4.0
-44.0
-13.0
-15.0
9.0
-1.0
-24.0
14.0
-1.0
-8.0
-4.0
-5.0
-21.0
7.0
14.0
2.0
-10.0
-21.0
-4.0
-30.0
-31.0
11.0
-24.0
14.0
-12.0
-31.0
-33.0
-13.0
-9.0
5.0
2.0
-15.0
5.0
-30.0
-4.0
2.0
14.0
-34.0
-18.0
-6.0
-10.0
-20.0
19.0
-37.0
15.0
20.0
-7.0
-21.0
-43.0
-20.0
-18.0
40.0
-1.0
-29.0
-15.0
-36.0
-46.0
-14.0
-3.0
40.0
38.0
16.0
59.0
18.0
-11.0
-26.0
-33.0
1.0
17.0
-19.0
-16.0
-4.0
2.0
-27.0
-6.0
28.0
-32.0
-11.0
7.0
11.0
14.0
27.0
8.0
-14.0
30.0
8.0
-10.0
31.0
20.0
-34.0
-34.0
-6.0
-43.0
7.0
5.0
-24.0
-30.0
9.0
16.0
6.0
4.0
-28.0
15.0
-25.0
-17.0
25.0
24.0
9.0
17.0
-24.0
-29.0
-43.0
-18.0
-47.0
-4.0
-35.0
20.0
58.0
36.0
16.0
12.0
-27.0
-55.0
-48.0
49.0
-97.0
-41.0
-26.0
22.0
15.0
11.0
15.0
39.0
8.0
-10.0
45.0
41.0
40.0
5.0
-13.0
-19.0
15.0
8.0
-10.0
20.0
-8.0
4.0
-16.0
4.0
14.0
18.0
-7.0
-10.0
-51.0
-2.0
-11.0
-4.0
-50.0
-28.0
-16.0
-14.0
-52.0
-19.0
7.0
28.0
33.0
2.0
-7.0
0.0
-29.0
-35.0
-15.0
-29.0
0.0
-4.0
-11.0
-16.0
-39.0
-6.0
-1.0
10.0
-2.0
2.0
-18.0
-22.0
7.0
-2.0
18.0
5.0
4.0
-2.0
-17.0
-20.0
-34.0
-6.0
-5.0
50.0
-50.0
22.0
15.0
14.0
9.0
4.0
9.0
18.0
17.0
-8.0
-4.0
-19.0
-2.0
-2.0
-17.0
-6.0
-5.0
-10.0
-11.0
11.0
4.0
-42.0
-24.0
-24.0
-20.0
22.0
15.0
-10.0
9.0
23.0
-14.0
-27.0
-34.0
-31.0
-14.0
-29.0
-34.0
26.0
14.0
-5.0
8.0
18.0
-2.0
-2.0
22.0
52.0
2.0
21.0
-51.0
9.0
-10.0
-22.0
18.0
13.0
-20.0
-28.0
-13.0
-18.0
-5.0
4.0
-1.0
14.0
-13.0
-4.0
17.0
-2.0
-33.0
36.0
6.0
8.0
5.0
4.0
-26.0
-22.0
2.0
6.0
-14.0
7.0
-16.0
-9.0
-31.0
-13.0
9.0
0.0
-2.0
-11.0
-5.0
-25.0
-8.0
-99.0
-36.0
8.0
17.0
5.0
18.0
-27.0
5.0
-22.0
22.0
2.0
-15.0
-25.0
13.0
15.0
9.0
-17.0
-15.0
-34.0
-51.0
58.0
-7.0
30.0
25.0
31.0
2.0
6.0
4.0
-22.0
-17.0
7.0
-31.0
-33.0
-65.0
-63.0
-27.0
-5.0
65.0
34.0
-2.0
-21.0
16.0
3.0
-5.0
-4.0
-22.0
-29.0
-46.0
-11.0
10.0
27.0
6.0
11.0
-23.0
-26.0
-5.0
-42.0
-26.0
30.0
23.0
6.0
-11.0
0.0
-41.0
-45.0
-9.0
1.0
36.0
-12.0
5.0
40.0
12.0
7.0
-33.0
-36.0
-11.0
15.0
-13.0
-38.0
-31.0
-10.0
1.0
7.0
-25.0
-14.0
-20.0
-10.0
-13.0
15.0
-44.0
-46.0
-8.0
43.0
15.0
22.0
15.0
-61.0
33.0
10.0
-7.0
21.0
-27.0
4.0
9.0
9.0
-13.0
-33.0
6.0
-46.0
22.0
7.0
31.0
34.0
4.0
6.0
13.0
-12.0
-35.0
-31.0
-28.0
-20.0
-20.0
-16.0
-15.0
-13.0
20.0
-13.0
2.0
-22.0
6.0
-18.0
-22.0
-32.0
-19.0
-23.0
-44.0
-10.0
22.0
56.0
6.0
-12.0
6.0
-5.0
-4.0
-5.0
0.0
-1.0
-4.0
-26.0
-18.0
-3.0
-29.0
-33.0
5.0
13.0
69.0
3.0
-37.0
-69.0
-50.0
-86.0
-81.0
-22.0
-35.0
-40.0
-1.0
6.0
50.0
20.0
68.0
68.0
60.0
3.0
-23.0
-23.0
-56.0
-1.0
33.0
24.0
-3.0
9.0
-27.0
-27.0
-13.0
-14.0
3.0
-16.0
-19.0
-4.0
-18.0
-7.0
40.0
-1.0
-42.0
-40.0
-22.0
-8.0
5.0
-26.0
49.0
39.0
10.0
3.0
7.0
6.0
16.0
45.0
5.0
-36.0
8.0
-1.0
-33.0
-29.0
7.0
0.0
-6.0
-23.0
6.0
-54.0
-28.0
-1.0
14.0
52.0
40.0
35.0
13.0
-9.0
7.0
-11.0
-8.0
-11.0
1.0
-38.0
-7.0
-13.0
-22.0
-12.0
13.0
-2.0
-9.0
1.0
0.0
15.0
9.0
13.0
15.0
-23.0
-31.0
-29.0
-13.0
18.0
13.0
-6.0
33.0
30.0
5.0
-10.0
-19.0
-22.0
-11.0
1.0
-36.0
15.0
8.0
-13.0
14.0
-27.0
54.0
43.0
7.0
23.0
7.0
55.0
1.0
-7.0
47.0
-12.0
28.0
67.0
52.0
16.0
35.0
31.0
-15.0
-9.0
-17.0
-21.0
-23.0
-49.0
-44.0
-61.0
-56.0
-56.0
-52.0
-53.0
-17.0
-15.0
-1.0
-57.0
-25.0
-7.0
-12.0
-31.0
-25.0
-24.0
-48.0
-77.0
-59.0
-11.0
-33.0
-27.0
4.0
-34.0
-13.0
-18.0
-56.0
-24.0
-11.0
4.0
16.0
-9.0
-59.0
14.0
35.0
31.0
32.0
14.0
5.0
-7.0
22.0
13.0
15.0
19.0
9.0
19.0
-31.0
31.0
6.0
12.0
13.0
-1.0
-26.0
0.0
6.0
7.0
-18.0
-13.0
-12.0
-15.0
-17.0
-10.0
-11.0
21.0
-11.0
-13.0
-33.0
-44.0
18.0
-10.0
15.0
-4.0
-4.0
-12.0
23.0
25.0
21.0
28.0
-20.0
-5.0
45.0
-5.0
3.0
-17.0
6.0
5.0
19.0
-17.0
-33.0
-14.0
-30.0
-17.0
-3.0
6.0
27.0
26.0
18.0
17.0
2.0
-11.0
-6.0
7.0
-36.0
-20.0
-12.0
-15.0
8.0
14.0
4.0
8.0
-10.0
-32.0
8.0
3.0
-14.0
-16.0
-2.0
-14.0
-7.0
-28.0
-22.0
-22.0
-37.0
6.0
-17.0
-25.0
-16.0
-2.0
9.0
20.0
-4.0
-2.0
-5.0
2.0
35.0
32.0
-28.0
24.0
5.0
-24.0
-33.0
-33.0
17.0
4.0
36.0
29.0
5.0
16.0
-55.0
-76.0
-70.0
11.0
59.0
22.0
41.0
40.0
-17.0
-5.0
-1.0
-29.0
-4.0
-1.0
16.0
-20.0
-51.0
-56.0
-62.0
14.0
-12.0
48.0
41.0
-11.0
-5.0
-9.0
-42.0
-37.0
-22.0
-25.0
-29.0
-8.0
23.0
6.0
-11.0
-39.0
-7.0
-5.0
-34.0
49.0
-7.0
18.0
-62.0
-6.0
-7.0
-23.0
-23.0
-21.0
-17.0
17.0
-26.0
12.0
26.0
-11.0
-51.0
-20.0
-29.0
-22.0
-8.0
-6.0
-3.0
-17.0
-6.0
-8.0
-9.0
-25.0
-75.0
-80.0
-38.0
16.0
-6.0
-3.0
-7.0
38.0
77.0
42.0
36.0
25.0
16.0
28.0
6.0
3.0
6.0
27.0
3.0
-7.0
-8.0
-13.0
-60.0
-68.0
-42.0
37.0
20.0
7.0
14.0
-12.0
-2.0
-2.0
-4.0
21.0
-13.0
34.0
9.0
12.0
17.0
6.0
-1.0
-1.0
-25.0
-16.0
4.0
9.0
2.0
-35.0
-69.0
-5.0
0.0
0.0
-35.0
-56.0
1.0
24.0
23.0
-3.0
4.0
-2.0
6.0
-1.0
-39.0
30.0
-17.0
-13.0
-24.0
20.0
-19.0
-26.0
-19.0
-19.0
-25.0
-27.0
-43.0
-7.0
-5.0
-10.0
-7.0
-22.0
1.0
7.0
34.0
-40.0
210.0
312.0
313.0
313.0
313.0
313.0
313.0
313.0
302.0
30.0
-94.0
-225.0
-310.0
-313.0
-313.0
-311.0
-305.0
-308.0
-226.0
-233.0
-173.0
-160.0
-119.0
-95.0
-60.0
-43.0
-25.0
-21.0
-32.0
1.0
-25.0
9.0
19.0
28.0
11.0
14.0
55.0
52.0
52.0
32.0
-14.0
29.0
8.0
30.0
-14.0
-14.0
18.0
10.0
-23.0
-27.0
-12.0
2.0
26.0
18.0
25.0
-18.0
26.0
26.0
25.0
35.0
2.0
-23.0
-2.0
-13.0
-22.0
-49.0
-2.0
2.0
13.0
2.0
15.0
17.0
-12.0
28.0
-5.0
-1.0
-22.0
-28.0
26.0
18.0
4.0
8.0
0.0
5.0
-6.0
5.0
-1.0
-1.0
-11.0
-28.0
-24.0
-27.0
-6.0
-22.0
2.0
20.0
27.0
32.0
48.0
1.0
-8.0
31.0
-9.0
-4.0
-26.0
2.0
12.0
14.0
8.0
-9.0
-3.0
-2.0
-8.0
-43.0
7.0
2.0
-65.0
-68.0
-10.0
7.0
-18.0
5.0
-11.0
-37.0
-21.0
-13.0
-3.0
2.0
-7.0
36.0
-8.0
-4.0
-17.0
-12.0
-6.0
2.0
58.0
43.0
-9.0
-16.0
-10.0
-35.0
3.0
7.0
0.0
3.0
-4.0
-8.0
-2.0
53.0
21.0
22.0
18.0
-21.0
-17.0
-15.0
-51.0
-46.0
-24.0
-50.0
-40.0
45.0
16.0
9.0
14.0
12.0
-15.0
-7.0
15.0
15.0
-18.0
-43.0
-20.0
-16.0
2.0
18.0
29.0
26.0
10.0
20.0
-5.0
-15.0
12.0
11.0
3.0
-12.0
-37.0
-44.0
-55.0
-22.0
-23.0
-42.0
3.0
-12.0
-14.0
19.0
-2.0
0.0
3.0
8.0
20.0
13.0
21.0
-4.0
-9.0
7.0
-17.0
-19.0
-16.0
-3.0
-12.0
-63.0
-28.0
20.0
2.0
45.0
-20.0
-23.0
9.0
-3.0
-4.0
11.0
1.0
11.0
1.0
-4.0
-5.0
-5.0
-24.0
-6.0
-23.0
-2.0
12.0
18.0
19.0
6.0
-29.0
-29.0
-35.0
7.0
-51.0
25.0
11.0
-5.0
17.0
25.0
50.0
43.0
35.0
1.0
-12.0
11.0
-16.0
11.0
-17.0
-39.0
-38.0
-42.0
-27.0
-6.0
-40.0
17.0
19.0
-15.0
-40.0
16.0
-35.0
-40.0
-26.0
1.0
-32.0
-46.0
25.0
27.0
25.0
46.0
33.0
33.0
6.0
14.0
4.0
-1.0
-59.0
-71.0
-44.0
19.0
-41.0
-39.0
12.0
3.0
-11.0
-12.0
34.0
1.0
-29.0
3.0
11.0
9.0
-26.0
11.0
-68.0
-15.0
16.0
23.0
2.0
3.0
-7.0
-4.0
19.0
24.0
12.0
-18.0
-32.0
-17.0
-3.0
-8.0
13.0
25.0
11.0
16.0
-2.0
-39.0
42.0
6.0
38.0
-20.0
-61.0
-60.0
-24.0
-9.0
6.0
32.0
-11.0
-23.0
-5.0
18.0
15.0
18.0
3.0
2.0
7.0
6.0
20.0
-24.0
-5.0
-26.0
-1.0
1.0
-33.0
4.0
-19.0
14.0
-3.0
-20.0
-19.0
-10.0
-11.0
-7.0
-14.0
-25.0
10.0
4.0
-18.0
-36.0
-6.0
3.0
-17.0
-16.0
6.0
7.0
16.0
-11.0
-5.0
-4.0
-7.0
-15.0
-12.0
-19.0
-12.0
-3.0
-17.0
-27.0
-46.0
-9.0
-19.0
23.0
30.0
22.0
53.0
31.0
13.0
3.0
-7.0
-10.0
-36.0
-11.0
-22.0
-22.0
-30.0
-12.0
-30.0
-5.0
25.0
-16.0
6.0
-6.0
-2.0
-8.0
-11.0
-63.0
-5.0
13.0
7.0
42.0
3.0
28.0
20.0
9.0
39.0
13.0
14.0
21.0
0.0
-24.0
2.0
-2.0
20.0
19.0
13.0
-21.0
-5.0
-88.0
-29.0
-50.0
27.0
-26.0
38.0
43.0
8.0
-11.0
27.0
11.0
-58.0
-40.0
-32.0
-15.0
-2.0
-2.0
-32.0
-33.0
26.0
18.0
-37.0
-26.0
-32.0
31.0
-32.0
-23.0
8.0
6.0
18.0
40.0
-12.0
9.0
-28.0
-59.0
-15.0
-23.0
-52.0
-34.0
79.0
9.0
3.0
42.0
-11.0
-24.0
18.0
23.0
12.0
13.0
22.0
8.0
26.0
-31.0
27.0
-8.0
-18.0
-16.0
-2.0
-37.0
-37.0
-20.0
-15.0
14.0
-8.0
-19.0
-30.0
-35.0
-13.0
16.0
-34.0
-41.0
-21.0
-8.0
5.0
10.0
10.0
2.0
-4.0
-23.0
-14.0
-16.0
-31.0
-3.0
-10.0
-25.0
32.0
31.0
22.0
-2.0
-9.0
-7.0
14.0
14.0
3.0
31.0
2.0
5.0
-13.0
-13.0
-3.0
7.0
-5.0
26.0
13.0
-1.0
-7.0
-11.0
1.0
-65.0
9.0
-5.0
3.0
11.0
-1.0
25.0
-3.0
0.0
-21.0
-16.0
-31.0
-18.0
3.0
-38.0
8.0
37.0
25.0
16.0
-2.0
-29.0
12.0
13.0
-10.0
-5.0
-19.0
2.0
12.0
1.0
-7.0
-6.0
4.0
2.0
-24.0
-29.0
-13.0
-39.0
-37.0
-43.0
-2.0
-21.0
-48.0
-23.0
11.0
5.0
0.0
-17.0
22.0
18.0
-2.0
11.0
3.0
19.0
6.0
6.0
-12.0
-14.0
3.0
-4.0
6.0
8.0
-24.0
-43.0
-32.0
11.0
-13.0
-5.0
16.0
11.0
-37.0
3.0
-5.0
-17.0
-7.0
-10.0
14.0
-13.0
14.0
17.0
-4.0
-5.0
-13.0
-22.0
11.0
-14.0
9.0
-7.0
6.0
4.0
6.0
-35.0
-10.0
-21.0
0.0
4.0
24.0
-27.0
-31.0
-26.0
-20.0
25.0
26.0
7.0
20.0
-23.0
-12.0
-19.0
-5.0
-5.0
-15.0
-4.0
37.0
5.0
-28.0
-30.0
5.0
2.0
-10.0
-16.0
8.0
2.0
6.0
15.0
-21.0
11.0
16.0
2.0
10.0
3.0
-14.0
-14.0
-2.0
-17.0
-17.0
-36.0
4.0
3.0
-24.0
-22.0
-25.0
16.0
29.0
15.0
-4.0
-35.0
-9.0
-8.0
-3.0
-4.0
-10.0
9.0
-10.0
-5.0
8.0
20.0
19.0
9.0
-7.0
-11.0
-31.0
-11.0
-37.0
-7.0
-3.0
-9.0
-6.0
3.0
-37.0
-36.0
-20.0
-2.0
-18.0
12.0
-31.0
13.0
-6.0
-11.0
-5.0
-5.0
-29.0
-23.0
2.0
15.0
44.0
11.0
21.0
10.0
9.0
12.0
10.0
-30.0
28.0
-20.0
7.0
-9.0
-8.0
3.0
-9.0
-10.0
-5.0
14.0
-22.0
-17.0
-13.0
8.0
-9.0
-16.0
-31.0
-32.0
-33.0
-27.0
17.0
9.0
14.0
-9.0
2.0
-11.0
-26.0
-25.0
-6.0
-70.0
-11.0
22.0
9.0
1.0
-16.0
9.0
26.0
24.0
-15.0
-21.0
-2.0
-16.0
7.0
6.0
-41.0
-32.0
-7.0
-6.0
-15.0
5.0
13.0
39.0
38.0
17.0
1.0
5.0
16.0
15.0
30.0
1.0
11.0
-24.0
-20.0
-28.0
10.0
-13.0
-23.0
-29.0
-21.0
-18.0
6.0
-13.0
-20.0
4.0
10.0
-17.0
9.0
10.0
-4.0
-39.0
-21.0
-24.0
-43.0
21.0
-20.0
25.0
14.0
4.0
6.0
-33.0
-1.0
1.0
-1.0
6.0
22.0
10.0
6.0
4.0
-14.0
-47.0
-25.0
-15.0
3.0
5.0
23.0
13.0
19.0
17.0
35.0
32.0
13.0
-19.0
-24.0
-8.0
33.0
-5.0
-4.0
-1.0
-39.0
-3.0
-20.0
-11.0
-39.0
-8.0
34.0
9.0
-11.0
-17.0
-40.0
21.0
11.0
-12.0
38.0
50.0
-35.0
4.0
-80.0
-75.0
4.0
-2.0
9.0
-30.0
0.0
10.0
-5.0
19.0
22.0
17.0
30.0
28.0
-1.0
-26.0
-32.0
11.0
13.0
-35.0
-32.0
-30.0
-55.0
-36.0
-20.0
-1.0
10.0
11.0
-11.0
-24.0
2.0
3.0
-6.0
-31.0
13.0
-19.0
22.0
17.0
22.0
-30.0
20.0
20.0
8.0
42.0
-39.0
-5.0
-29.0
42.0
-45.0
-15.0
-16.0
-9.0
-26.0
12.0
5.0
-19.0
15.0
15.0
15.0
-27.0
-11.0
-10.0
10.0
-8.0
4.0
-9.0
6.0
-2.0
-25.0
-60.0
-28.0
-26.0
-17.0
-10.0
21.0
17.0
-20.0
-29.0
-39.0
-12.0
-2.0
-8.0
18.0
-15.0
-10.0
7.0
1.0
-5.0
-5.0
-22.0
-12.0
-12.0
18.0
19.0
-17.0
8.0
2.0
16.0
-10.0
7.0
-9.0
-8.0
-6.0
-16.0
13.0
15.0
1.0
9.0
1.0
11.0
15.0
20.0
12.0
-40.0
-20.0
-39.0
12.0
2.0
-23.0
-15.0
-9.0
-14.0
-32.0
4.0
23.0
14.0
31.0
-21.0
9.0
13.0
-9.0
-8.0
8.0
-2.0
6.0
7.0
-3.0
14.0
3.0
-15.0
4.0
9.0
8.0
-27.0
0.0
-8.0
-11.0
13.0
-7.0
-2.0
-28.0
-27.0
-34.0
-25.0
26.0
33.0
5.0
-11.0
-26.0
-59.0
-16.0
-8.0
12.0
11.0
-6.0
-20.0
-19.0
-17.0
6.0
-15.0
-43.0
-44.0
-10.0
-1.0
-36.0
-18.0
7.0
-4.0
-20.0
-3.0
15.0
17.0
0.0
-1.0
-22.0
-16.0
-11.0
-23.0
5.0
-1.0
27.0
30.0
13.0
27.0
27.0
-14.0
5.0
-7.0
4.0
8.0
-4.0
-3.0
-43.0
7.0
-15.0
-35.0
20.0
11.0
-11.0
26.0
-36.0
-35.0
17.0
-14.0
-5.0
3.0
-1.0
4.0
0.0
-30.0
4.0
3.0
-14.0
-12.0
-16.0
-2.0
-17.0
11.0
7.0
-28.0
-6.0
-9.0
-10.0
-3.0
-8.0
-6.0
-2.0
36.0
16.0
25.0
13.0
15.0
-26.0
-5.0
11.0
-4.0
24.0
4.0
8.0
-55.0
-20.0
-17.0
-7.0
11.0
16.0
10.0
-24.0
-16.0
-6.0
26.0
-14.0
-23.0
3.0
33.0
5.0
2.0
2.0
1.0
-12.0
-5.0
4.0
9.0
-17.0
-2.0
-30.0
7.0
24.0
28.0
-7.0
17.0
-3.0
0.0
-16.0
-7.0
-28.0
-47.0
13.0
-24.0
-3.0
-14.0
-34.0
-42.0
4.0
-11.0
5.0
17.0
33.0
19.0
2.0
-4.0
6.0
7.0
13.0
-16.0
-11.0
-4.0
-1.0
-31.0
-7.0
-6.0
4.0
10.0
-9.0
9.0
-4.0
5.0
-2.0
-10.0
-14.0
-38.0
-47.0
-42.0
-32.0
-12.0
6.0
6.0
-1.0
0.0
3.0
-20.0
-9.0
-11.0
-12.0
-22.0
2.0
-12.0
-16.0
-1.0
-8.0
-3.0
-40.0
-40.0
-31.0
15.0
22.0
15.0
38.0
18.0
28.0
15.0
9.0
4.0
28.0
11.0
-16.0
11.0
6.0
-22.0
-17.0
-18.0
19.0
15.0
-4.0
-21.0
-4.0
19.0
-10.0
31.0
2.0
-2.0
-4.0
-10.0
-16.0
-33.0
-39.0
-30.0
-23.0
9.0
-13.0
4.0
-13.0
-18.0
-28.0
9.0
-30.0
14.0
6.0
-16.0
7.0
-27.0
-13.0
-7.0
-3.0
9.0
25.0
23.0
13.0
-1.0
8.0
12.0
-17.0
-16.0
-6.0
-27.0
-25.0
17.0
-15.0
-42.0
-29.0
7.0
2.0
4.0
23.0
23.0
9.0
-42.0
20.0
-22.0
-29.0
-1.0
11.0
12.0
-15.0
5.0
-38.0
-9.0
12.0
38.0
21.0
12.0
-5.0
-8.0
-1.0
18.0
7.0
8.0
-18.0
-34.0
18.0
-15.0
-36.0
-34.0
-33.0
19.0
23.0
-15.0
-27.0
-24.0
0.0
5.0
23.0
24.0
24.0
4.0
-1.0
-27.0
-26.0
-17.0
-16.0
6.0
-14.0
-18.0
15.0
-11.0
12.0
-2.0
8.0
-2.0
-12.0
-6.0
-13.0
-7.0
1.0
-2.0
-1.0
-14.0
-9.0
0.0
21.0
7.0
3.0
7.0
-6.0
-68.0
-24.0
-9.0
4.0
28.0
-9.0
-15.0
4.0
1.0
-34.0
-25.0
15.0
-22.0
14.0
6.0
23.0
-36.0
-31.0
-33.0
-40.0
-3.0
5.0
19.0
9.0
-12.0
-11.0
-5.0
-12.0
-18.0
-33.0
-33.0
-40.0
-18.0
-24.0
-1.0
-11.0
23.0
29.0
27.0
43.0
14.0
-13.0
-44.0
-30.0
6.0
4.0
6.0
3.0
9.0
14.0
21.0
11.0
12.0
17.0
-15.0
8.0
-4.0
-2.0
4.0
17.0
-4.0
0.0
3.0
-28.0
-15.0
-17.0
-21.0
-15.0
-20.0
-36.0
-1.0
17.0
17.0
-2.0
12.0
-6.0
16.0
23.0
10.0
-32.0
-14.0
-14.0
-13.0
5.0
-30.0
0.0
21.0
-5.0
-5.0
-32.0
-11.0
-24.0
-37.0
-60.0
-40.0
-44.0
6.0
39.0
47.0
15.0
12.0
-3.0
14.0
21.0
-4.0
25.0
11.0
-28.0
-30.0
8.0
-26.0
-15.0
-19.0
-4.0
15.0
3.0
59.0
-32.0
-42.0
10.0
-20.0
-26.0
2.0
-25.0
17.0
-6.0
-10.0
-34.0
-26.0
18.0
-9.0
29.0
-2.0
-24.0
-11.0
7.0
-24.0
-62.0
-68.0
-30.0
28.0
4.0
35.0
23.0
18.0
-23.0
-11.0
23.0
18.0
-8.0
16.0
0.0
12.0
-12.0
8.0
-20.0
-43.0
-29.0
-31.0
-70.0
-50.0
-23.0
-5.0
8.0
17.0
40.0
0.0
3.0
-3.0
16.0
-27.0
-15.0
-4.0
-40.0
18.0
-29.0
-2.0
4.0
7.0
21.0
34.0
35.0
19.0
1.0
-11.0
37.0
9.0
5.0
1.0
-9.0
-32.0
-45.0
-9.0
-5.0
-8.0
-27.0
17.0
15.0
14.0
1.0
3.0
-2.0
-2.0
-47.0
-45.0
-55.0
-24.0
-38.0
-42.0
18.0
-13.0
16.0
35.0
-42.0
47.0
28.0
-25.0
4.0
8.0
20.0
-4.0
20.0
2.0
10.0
28.0
65.0
12.0
-6.0
-4.0
-19.0
9.0
8.0
1.0
-48.0
-24.0
-27.0
-1.0
40.0
50.0
-23.0
-33.0
-20.0
-92.0
-15.0
-27.0
-6.0
49.0
15.0
15.0
29.0
12.0
16.0
-20.0
-8.0
17.0
9.0
-17.0
-7.0
-10.0
-18.0
-31.0
-5.0
-37.0
-36.0
-18.0
-28.0
-7.0
17.0
20.0
12.0
-8.0
20.0
3.0
44.0
-7.0
-6.0
-9.0
-4.0
-1.0
4.0
-15.0
-26.0
-44.0
-30.0
17.0
-28.0
23.0
-9.0
-11.0
3.0
-22.0
-8.0
17.0
18.0
3.0
-7.0
-30.0
-27.0
-31.0
28.0
6.0
2.0
-13.0
-20.0
-1.0
-29.0
-3.0
8.0
5.0
27.0
24.0
56.0
12.0
2.0
8.0
-9.0
3.0
-8.0
-10.0
-13.0
2.0
-23.0
-12.0
-11.0
-17.0
-8.0
7.0
-12.0
-14.0
12.0
16.0
15.0
-22.0
-6.0
-59.0
-66.0
0.0
16.0
11.0
24.0
-36.0
-11.0
-29.0
17.0
20.0
42.0
-7.0
-1.0
-6.0
12.0
-23.0
-9.0
21.0
6.0
29.0
-37.0
-41.0
-17.0
-15.0
16.0
29.0
5.0
13.0
15.0
-22.0
-4.0
25.0
9.0
16.0
-9.0
-31.0
-33.0
34.0
55.0
29.0
8.0
-26.0
-35.0
-33.0
-49.0
-93.0
-25.0
18.0
-36.0
3.0
-3.0
4.0
-2.0
1.0
12.0
4.0
-2.0
-24.0
-35.0
-75.0
-16.0
-11.0
-14.0
-3.0
-19.0
-18.0
40.0
-14.0
-7.0
47.0
43.0
46.0
-26.0
-20.0
-21.0
-44.0
0.0
30.0
31.0
-7.0
38.0
-23.0
15.0
12.0
-23.0
-8.0
-52.0
24.0
-15.0
24.0
13.0
5.0
-8.0
-15.0
-20.0
-1.0
-1.0
4.0
17.0
-9.0
37.0
11.0
-17.0
-20.0
-46.0
-7.0
-35.0
24.0
2.0
-16.0
-30.0
-41.0
-33.0
-36.0
-23.0
-5.0
8.0
9.0
-56.0
-10.0
-11.0
24.0
46.0
39.0
17.0
36.0
-28.0
5.0
-2.0
-4.0
2.0
13.0
-6.0
-4.0
-4.0
8.0
-33.0
-8.0
-8.0
-29.0
18.0
16.0
10.0
11.0
26.0
35.0
-19.0
-47.0
-53.0
-10.0
12.0
-5.0
28.0
25.0
-23.0
5.0
-1.0
-12.0
-15.0
-11.0
-2.0
-8.0
-69.0
-64.0
28.0
-30.0
-5.0
12.0
8.0
-4.0
45.0
27.0
21.0
25.0
-6.0
-5.0
-23.0
-7.0
-4.0
15.0
-14.0
-20.0
-40.0
-39.0
-20.0
-25.0
-25.0
-23.0
-4.0
-6.0
-20.0
-20.0
32.0
30.0
-26.0
33.0
-10.0
16.0
-13.0
41.0
-43.0
-11.0
46.0
48.0
26.0
-110.0
-10.0
-63.0
8.0
-44.0
-9.0
-13.0
29.0
40.0
-70.0
-17.0
5.0
-20.0
-2.0
5.0
35.0
34.0
62.0
65.0
18.0
4.0
-9.0
-19.0
-30.0
-27.0
-18.0
4.0
0.0
-7.0
15.0
4.0
23.0
-23.0
-34.0
-39.0
-7.0
42.0
7.0
2.0
-33.0
0.0
-29.0
18.0
1.0
-56.0
-10.0
34.0
8.0
14.0
-15.0
-19.0
25.0
4.0
-5.0
36.0
9.0
-25.0
-25.0
-28.0
-18.0
-23.0
-9.0
-2.0
4.0
15.0
1.0
-18.0
50.0
52.0
-8.0
17.0
-81.0
-4.0
-19.0
5.0
-53.0
-13.0
-29.0
-32.0
-17.0
-7.0
7.0
13.0
15.0
18.0
8.0
-4.0
21.0
18.0
25.0
-15.0
22.0
1.0
-4.0
12.0
3.0
-4.0
-35.0
-30.0
-46.0
-30.0
-26.0
-7.0
-13.0
25.0
5.0
28.0
30.0
26.0
-23.0
7.0
39.0
-21.0
-61.0
-41.0
-3.0
27.0
28.0
29.0
-38.0
11.0
-18.0
-11.0
-32.0
-9.0
-9.0
21.0
35.0
37.0
34.0
15.0
7.0
16.0
-26.0
-39.0
-21.0
-10.0
-31.0
-29.0
-30.0
20.0
-5.0
27.0
-6.0
10.0
24.0
-22.0
-11.0
-9.0
-10.0
34.0
5.0
11.0
-15.0
-25.0
-28.0
-63.0
13.0
15.0
8.0
4.0
4.0
-1.0
-23.0
-49.0
-17.0
-16.0
-36.0
-35.0
-39.0
-51.0
-7.0
12.0
30.0
35.0
0.0
5.0
25.0
24.0
18.0
-2.0
-16.0
-15.0
3.0
28.0
24.0
2.0
8.0
14.0
-26.0
2.0
4.0
32.0
-20.0
57.0
12.0
-11.0
7.0
4.0
-30.0
28.0
-30.0
-83.0
-25.0
0.0
24.0
4.0
13.0
8.0
-22.0
-9.0
-7.0
26.0
1.0
13.0
-23.0
-9.0
-38.0
-37.0
-18.0
17.0
-4.0
-7.0
-25.0
7.0
7.0
-26.0
-18.0
-17.0
-24.0
-20.0
35.0
9.0
24.0
-22.0
-7.0
-10.0
-10.0
-14.0
-20.0
16.0
9.0
0.0
-18.0
-7.0
-4.0
12.0
-1.0
0.0
-10.0
3.0
18.0
-17.0
-3.0
-16.0
-16.0
10.0
29.0
29.0
-5.0
9.0
-3.0
4.0
-21.0
-32.0
-116.0
-6.0
19.0
17.0
-15.0
-10.0
41.0
-65.0
-30.0
25.0
25.0
54.0
14.0
6.0
18.0
14.0
12.0
2.0
-32.0
-26.0
-16.0
-37.0
23.0
18.0
-3.0
15.0
0.0
5.0
15.0
10.0
33.0
-19.0
-32.0
-33.0
-16.0
-3.0
3.0
7.0
-20.0
-27.0
-22.0
18.0
-8.0
-15.0
2.0
23.0
43.0
-11.0
-7.0
-6.0
0.0
-25.0
-21.0
-17.0
-6.0
-49.0
-51.0
-55.0
-29.0
-79.0
-28.0
23.0
-1.0
0.0
-2.0
27.0
38.0
-26.0
-3.0
-34.0
4.0
-30.0
-26.0
-25.0
-19.0
-13.0
-20.0
-7.0
-33.0
9.0
-50.0
-14.0
-7.0
-8.0
-14.0
19.0
50.0
13.0
38.0
14.0
36.0
-2.0
-9.0
-14.0
4.0
5.0
-9.0
1.0
-13.0
2.0
6.0
-6.0
7.0
11.0
-1.0
-16.0
-18.0
-3.0
-6.0
-31.0
-17.0
4.0
-12.0
-15.0
21.0
-14.0
2.0
2.0
-13.0
7.0
4.0
13.0
17.0
12.0
-3.0
-14.0
-17.0
-26.0
-20.0
-3.0
9.0
-38.0
-8.0
-12.0
-3.0
-13.0
0.0
-29.0
-41.0
-17.0
-23.0
4.0
25.0
18.0
-6.0
-48.0
1.0
-24.0
20.0
-13.0
-33.0
-31.0
-12.0
-15.0
-4.0
22.0
11.0
29.0
19.0
-5.0
20.0
5.0
4.0
-3.0
-35.0
-10.0
2.0
41.0
19.0
-9.0
-40.0
2.0
29.0
28.0
9.0
-47.0
-5.0
12.0
13.0
15.0
16.0
-4.0
11.0
16.0
9.0
20.0
-22.0
-11.0
-28.0
1.0
-7.0
-6.0
-17.0
-10.0
-28.0
40.0
-3.0
-33.0
-29.0
-12.0
-26.0
-9.0
19.0
20.0
-5.0
-5.0
-9.0
-21.0
-12.0
8.0
-46.0
-35.0
7.0
6.0
-17.0
4.0
-72.0
-6.0
-5.0
11.0
-13.0
19.0
-2.0
-4.0
-15.0
-27.0
13.0
11.0
-15.0
19.0
2.0
-29.0
-37.0
-37.0
-15.0
-6.0
34.0
2.0
13.0
-7.0
10.0
6.0
0.0
0.0
-17.0
-8.0
-15.0
-18.0
-10.0
19.0
18.0
-18.0
-28.0
-34.0
2.0
-11.0
-38.0
-79.0
7.0
-9.0
26.0
15.0
23.0
20.0
3.0
10.0
32.0
11.0
21.0
-28.0
-24.0
-6.0
-16.0
-17.0
0.0
-4.0
-22.0
5.0
-4.0
-22.0
-38.0
0.0
-24.0
-25.0
-13.0
-33.0
-6.0
1.0
-1.0
-5.0
-32.0
-11.0
-7.0
-8.0
-15.0
-24.0
-19.0
5.0
11.0
35.0
4.0
24.0
-14.0
-15.0
-7.0
25.0
0.0
-19.0
24.0
-6.0
-11.0
18.0
15.0
7.0
-12.0
-6.0
-7.0
8.0
-14.0
-10.0
-14.0
-24.0
-10.0
-8.0
-22.0
2.0
-12.0
4.0
-26.0
-12.0
1.0
28.0
-23.0
-22.0
-14.0
-15.0
-26.0
-28.0
2.0
17.0
-39.0
-6.0
16.0
14.0
15.0
-7.0
31.0
11.0
2.0
24.0
6.0
15.0
12.0
19.0
12.0
23.0
-8.0
-10.0
-32.0
43.0
104.0
144.0
150.0
150.0
112.0
88.0
58.0
15.0
-66.0
-50.0
-25.0
-92.0
-119.0
-109.0
-97.0
-90.0
-67.0
-71.0
-72.0
-2.0
31.0
103.0
108.0
107.0
62.0
16.0
23.0
80.0
65.0
-35.0
-50.0
-37.0
-97.0
-94.0
-68.0
-92.0
-95.0
-48.0
-57.0
-23.0
-22.0
-24.0
-42.0
-47.0
-2.0
-53.0
-96.0
-20.0
-28.0
-3.0
-41.0
-18.0
28.0
27.0
45.0
59.0
36.0
31.0
24.0
4.0
4.0
-26.0
-4.0
4.0
-21.0
18.0
1.0
-35.0
-3.0
12.0
8.0
36.0
10.0
5.0
-15.0
-22.0
-2.0
-4.0
-12.0
-7.0
15.0
-11.0
-4.0
-13.0
-18.0
-18.0
-19.0
-8.0
-38.0
-10.0
-28.0
-105.0
-37.0
-26.0
29.0
40.0
33.0
23.0
5.0
-37.0
-13.0
-42.0
-19.0
-19.0
-1.0
25.0
5.0
-10.0
-49.0
51.0
-36.0
32.0
-32.0
-32.0
34.0
-21.0
0.0
2.0
0.0
6.0
-10.0
5.0
28.0
30.0
-1.0
1.0
-20.0
5.0
14.0
3.0
5.0
2.0
-26.0
-22.0
-31.0
-28.0
-39.0
-3.0
-22.0
-1.0
-17.0
-9.0
-4.0
-2.0
-21.0
-8.0
15.0
26.0
-8.0
9.0
-8.0
-7.0
-37.0
-45.0
-30.0
0.0
-24.0
-29.0
-64.0
-48.0
-32.0
-17.0
13.0
10.0
33.0
41.0
33.0
9.0
-33.0
1.0
21.0
15.0
15.0
13.0
3.0
-17.0
-5.0
-14.0
13.0
24.0
-2.0
-21.0
32.0
28.0
-20.0
1.0
14.0
-13.0
-41.0
-23.0
-12.0
-49.0
-58.0
-54.0
-11.0
7.0
22.0
2.0
13.0
21.0
28.0
-52.0
-81.0
-82.0
-76.0
11.0
-54.0
-61.0
79.0
-21.0
33.0
48.0
20.0
18.0
35.0
49.0
35.0
-13.0
16.0
-6.0
-6.0
15.0
11.0
8.0
-6.0
-6.0
-17.0
-7.0
-16.0
-12.0
9.0
-10.0
-11.0
-6.0
6.0
-14.0
7.0
-17.0
-17.0
-47.0
-26.0
-5.0
18.0
21.0
18.0
-26.0
-13.0
-42.0
-48.0
22.0
-1.0
6.0
6.0
3.0
-29.0
-28.0
-19.0
-16.0
-11.0
-13.0
2.0
-13.0
-20.0
-20.0
14.0
25.0
13.0
2.0
-7.0
-1.0
-7.0
-31.0
-16.0
-18.0
-20.0
19.0
-3.0
-32.0
-23.0
14.0
15.0
20.0
7.0
6.0
21.0
-22.0
-13.0
-15.0
1.0
14.0
-10.0
-1.0
-5.0
0.0
-21.0
-25.0
14.0
-8.0
-18.0
10.0
17.0
-12.0
1.0
-1.0
-31.0
-52.0
-8.0
19.0
14.0
5.0
21.0
24.0
4.0
11.0
-1.0
-23.0
-32.0
-21.0
-13.0
18.0
-6.0
3.0
8.0
6.0
6.0
10.0
-9.0
10.0
-25.0
-22.0
-9.0
0.0
-1.0
5.0
22.0
-9.0
-5.0
2.0
-6.0
-13.0
-8.0
19.0
-16.0
-11.0
-3.0
-18.0
20.0
-9.0
-25.0
-61.0
-3.0
-63.0
-13.0
-13.0
-9.0
7.0
28.0
-53.0
-12.0
25.0
37.0
27.0
17.0
13.0
7.0
-14.0
36.0
-14.0
-30.0
-11.0
14.0
11.0
14.0
15.0
-24.0
-7.0
-27.0
-20.0
-2.0
22.0
-4.0
-17.0
5.0
10.0
11.0
0.0
18.0
15.0
-3.0
-28.0
-26.0
-34.0
-23.0
-19.0
-8.0
-18.0
-11.0
14.0
23.0
12.0
7.0
16.0
-11.0
-12.0
-2.0
13.0
-15.0
-6.0
-35.0
-36.0
-31.0
-44.0
-16.0
-20.0
-21.0
-11.0
-9.0
-24.0
-20.0
-7.0
17.0
-2.0
-17.0
-17.0
4.0
22.0
39.0
17.0
2.0
1.0
42.0
-20.0
54.0
56.0
-13.0
16.0
-40.0
-11.0
-22.0
-5.0
-29.0
4.0
5.0
5.0
-58.0
-14.0
-24.0
-37.0
-23.0
-30.0
-2.0
12.0
27.0
25.0
11.0
-6.0
-15.0
-13.0
-25.0
-7.0
-15.0
-11.0
-28.0
-29.0
21.0
-12.0
-6.0
-21.0
-3.0
14.0
7.0
-8.0
7.0
7.0
-27.0
-3.0
22.0
-18.0
-23.0
13.0
11.0
7.0
-13.0
-9.0
-29.0
-43.0
-17.0
-13.0
0.0
-7.0
-21.0
-20.0
-7.0
-3.0
-11.0
15.0
-2.0
-9.0
-1.0
-7.0
-27.0
-8.0
-19.0
-20.0
-6.0
6.0
-4.0
-12.0
-17.0
-10.0
-24.0
-12.0
20.0
18.0
18.0
13.0
3.0
7.0
-5.0
16.0
2.0
24.0
-9.0
-10.0
4.0
-35.0
-28.0
-17.0
-10.0
-25.0
3.0
-11.0
6.0
1.0
11.0
12.0
-24.0
-6.0
7.0
15.0
4.0
-11.0
-21.0
-22.0
-57.0
-110.0
-138.0
-76.0
-53.0
-43.0
-4.0
29.0
27.0
22.0
85.0
49.0
41.0
25.0
55.0
24.0
48.0
33.0
62.0
59.0
35.0
28.0
52.0
36.0
-8.0
19.0
27.0
-6.0
7.0
8.0
-4.0
4.0
-25.0
-33.0
-30.0
0.0
-20.0
-56.0
-66.0
-68.0
-26.0
-33.0
-13.0
10.0
-14.0
0.0
-3.0
12.0
-21.0
-30.0
-5.0
0.0
-28.0
27.0
-4.0
16.0
3.0
6.0
14.0
10.0
11.0
6.0
-43.0
-14.0
-29.0
23.0
-10.0
5.0
-15.0
-12.0
-10.0
1.0
-18.0
-30.0
-8.0
-34.0
-36.0
-48.0
-18.0
-15.0
28.0
7.0
21.0
-2.0
-4.0
4.0
28.0
-1.0
-6.0
-5.0
-19.0
-3.0
-8.0
-22.0
-28.0
-54.0
-28.0
47.0
15.0
16.0
31.0
-21.0
-29.0
15.0
-1.0
-23.0
-21.0
-25.0
4.0
4.0
9.0
13.0
3.0
13.0
11.0
2.0
-4.0
0.0
5.0
9.0
22.0
7.0
-17.0
-32.0
-22.0
-52.0
-77.0
7.0
-13.0
-15.0
-11.0
-12.0
26.0
28.0
1.0
4.0
-1.0
11.0
0.0
-9.0
-9.0
-11.0
-14.0
1.0
3.0
5.0
-2.0
-17.0
-9.0
-6.0
-17.0
-1.0
23.0
30.0
21.0
-40.0
-6.0
-21.0
3.0
4.0
-6.0
3.0
-2.0
21.0
-14.0
-11.0
5.0
44.0
19.0
14.0
-10.0
-33.0
6.0
-36.0
19.0
24.0
-4.0
-13.0
-32.0
-35.0
-10.0
11.0
62.0
11.0
9.0
-5.0
-33.0
-9.0
11.0
11.0
12.0
-10.0
25.0
17.0
-12.0
-9.0
-24.0
-11.0
-23.0
-25.0
-22.0
-2.0
-8.0
-13.0
-4.0
4.0
-10.0
-42.0
-33.0
-28.0
-2.0
-16.0
34.0
20.0
11.0
-45.0
9.0
9.0
-27.0
-34.0
-13.0
25.0
5.0
1.0
-10.0
20.0
8.0
-4.0
9.0
6.0
33.0
12.0
4.0
-2.0
-1.0
-27.0
-10.0
-21.0
-16.0
-26.0
-15.0
3.0
21.0
-8.0
0.0
-65.0
-33.0
-4.0
4.0
7.0
1.0
14.0
-23.0
-23.0
22.0
15.0
8.0
-28.0
-38.0
-37.0
8.0
-1.0
0.0
-15.0
-18.0
10.0
21.0
-13.0
-5.0
-9.0
25.0
14.0
-13.0
-24.0
-43.0
-6.0
-2.0
-60.0
-17.0
-14.0
7.0
-23.0
-6.0
-29.0
-24.0
3.0
-17.0
18.0
17.0
9.0
12.0
-17.0
8.0
-7.0
-3.0
17.0
25.0
54.0
-16.0
-17.0
12.0
-7.0
-63.0
24.0
9.0
6.0
23.0
-40.0
-24.0
-26.0
-39.0
-24.0
10.0
44.0
33.0
16.0
15.0
2.0
-11.0
-11.0
-11.0
-27.0
-33.0
-31.0
-18.0
-20.0
-26.0
-25.0
-12.0
-12.0
-8.0
1.0
0.0
-24.0
14.0
-7.0
28.0
-43.0
-50.0
-50.0
-46.0
42.0
-7.0
-8.0
-9.0
5.0
26.0
29.0
-4.0
-1.0
-13.0
-21.0
-14.0
-2.0
8.0
-5.0
-7.0
-42.0
-4.0
-5.0
-3.0
-23.0
-12.0
-21.0
-2.0
-11.0
-37.0
-5.0
24.0
29.0
12.0
5.0
-4.0
-16.0
-1.0
-28.0
-12.0
-38.0
29.0
23.0
14.0
-20.0
7.0
25.0
16.0
17.0
-12.0
-21.0
-43.0
-43.0
8.0
12.0
23.0
32.0
2.0
12.0
-52.0
-74.0
-61.0
-59.0
18.0
-10.0
-27.0
-10.0
26.0
35.0
15.0
-35.0
-5.0
0.0
-18.0
3.0
-3.0
27.0
39.0
-13.0
-32.0
-33.0
-11.0
-10.0
-13.0
-6.0
-9.0
-4.0
8.0
12.0
-30.0
15.0
20.0
21.0
0.0
-23.0
-42.0
-4.0
27.0
-3.0
-17.0
-30.0
-7.0
-10.0
-34.0
-8.0
9.0
-42.0
-28.0
-1.0
-19.0
-5.0
-22.0
-24.0
-32.0
-5.0
-19.0
-29.0
-4.0
24.0
22.0
12.0
30.0
33.0
27.0
31.0
14.0
-11.0
40.0
-3.0
-11.0
7.0
6.0
0.0
1.0
-3.0
3.0
5.0
-9.0
-31.0
-80.0
-16.0
-17.0
-21.0
-8.0
-10.0
8.0
-5.0
-11.0
15.0
9.0
12.0
-2.0
-2.0
13.0
-5.0
-12.0
-2.0
-27.0
-37.0
17.0
-38.0
-9.0
-14.0
-18.0
-9.0
-30.0
-23.0
-18.0
21.0
-28.0
-12.0
13.0
15.0
42.0
33.0
27.0
25.0
-5.0
-17.0
-18.0
-6.0
-32.0
-33.0
5.0
21.0
-21.0
-19.0
-17.0
-23.0
-24.0
-14.0
-18.0
-16.0
-9.0
-7.0
-3.0
-8.0
17.0
16.0
3.0
26.0
0.0
-5.0
-9.0
-51.0
-18.0
-11.0
-22.0
-3.0
-2.0
-11.0
0.0
-1.0
-11.0
-8.0
-25.0
-10.0
-68.0
-14.0
40.0
13.0
-2.0
-7.0
-13.0
45.0
13.0
-17.0
-5.0
-16.0
27.0
-20.0
13.0
13.0
22.0
34.0
-4.0
-24.0
6.0
13.0
16.0
-17.0
-45.0
-43.0
-31.0
-7.0
-4.0
-12.0
21.0
-1.0
20.0
12.0
-18.0
-22.0
-24.0
8.0
-33.0
-35.0
-28.0
-16.0
30.0
9.0
-16.0
-17.0
-42.0
-24.0
-1.0
-18.0
7.0
17.0
11.0
-4.0
5.0
7.0
-16.0
-22.0
16.0
-8.0
-12.0
11.0
-19.0
-11.0
-15.0
-6.0
-9.0
3.0
15.0
-18.0
24.0
8.0
-27.0
-30.0
0.0
-5.0
20.0
26.0
-20.0
-19.0
-22.0
-7.0
-45.0
-9.0
12.0
16.0
-5.0
19.0
8.0
-28.0
-53.0
-39.0
-5.0
27.0
21.0
17.0
40.0
-42.0
2.0
6.0
-72.0
-43.0
39.0
21.0
-4.0
0.0
-15.0
-10.0
30.0
5.0
-1.0
6.0
-2.0
2.0
4.0
6.0
38.0
-8.0
-19.0
-24.0
0.0
8.0
-11.0
2.0
-24.0
-30.0
-26.0
-25.0
-34.0
-13.0
-13.0
-23.0
-35.0
18.0
-4.0
0.0
42.0
33.0
-33.0
-28.0
-15.0
9.0
-42.0
-1.0
0.0
1.0
49.0
31.0
3.0
-26.0
-41.0
1.0
-34.0
-16.0
-7.0
-4.0
22.0
-18.0
12.0
2.0
16.0
-3.0
-8.0
18.0
-16.0
-9.0
22.0
9.0
-7.0
5.0
13.0
-20.0
13.0
19.0
5.0
-3.0
-24.0
-30.0
-37.0
2.0
9.0
-33.0
-16.0
5.0
-5.0
-10.0
-12.0
-7.0
1.0
-1.0
-38.0
12.0
-2.0
6.0
4.0
7.0
-2.0
-7.0
-23.0
-18.0
4.0
3.0
17.0
-21.0
-14.0
-13.0
-9.0
-9.0
-22.0
27.0
-7.0
-18.0
4.0
0.0
-9.0
-5.0
6.0
2.0
-27.0
-25.0
1.0
28.0
23.0
-55.0
-9.0
1.0
15.0
28.0
-25.0
-17.0
-28.0
-13.0
1.0
9.0
15.0
19.0
33.0
-31.0
-7.0
-19.0
-18.0
-4.0
-17.0
-5.0
-16.0
-10.0
10.0
29.0
6.0
15.0
20.0
-6.0
-4.0
-7.0
27.0
23.0
-21.0
-11.0
-12.0
-30.0
-19.0
0.0
-22.0
-9.0
-24.0
-19.0
-19.0
18.0
33.0
32.0
-2.0
7.0
-23.0
-14.0
-2.0
4.0
-4.0
-12.0
6.0
-12.0
-21.0
-1.0
12.0
-28.0
-7.0
-10.0
-5.0
-25.0
-8.0
-6.0
-32.0
-31.0
-31.0
-11.0
10.0
10.0
31.0
13.0
6.0
-28.0
11.0
-12.0
23.0
-11.0
-5.0
-9.0
2.0
11.0
-49.0
-12.0
-19.0
-26.0
-36.0
27.0
-11.0
-12.0
-10.0
10.0
3.0
5.0
15.0
34.0
1.0
33.0
17.0
16.0
-14.0
6.0
10.0
8.0
-31.0
1.0
19.0
-35.0
-24.0
-28.0
-10.0
-42.0
-17.0
-5.0
40.0
-28.0
4.0
13.0
15.0
10.0
-11.0
-1.0
11.0
-16.0
-6.0
-20.0
-12.0
10.0
3.0
5.0
20.0
6.0
-11.0
10.0
13.0
4.0
-14.0
0.0
2.0
3.0
19.0
-10.0
-30.0
-43.0
-39.0
-9.0
1.0
-20.0
1.0
3.0
11.0
-22.0
-17.0
-13.0
-22.0
-16.0
-44.0
-36.0
-2.0
5.0
-30.0
-17.0
21.0
14.0
15.0
-16.0
20.0
9.0
2.0
2.0
21.0
-24.0
-17.0
-5.0
-11.0
17.0
20.0
-18.0
-15.0
-14.0
-26.0
6.0
23.0
-1.0
26.0
-17.0
-16.0
-8.0
-8.0
-6.0
34.0
28.0
0.0
-14.0
-12.0
-22.0
-10.0
-5.0
-7.0
-3.0
-15.0
-8.0
-26.0
-17.0
-23.0
1.0
-24.0
-24.0
-44.0
-49.0
-29.0
-2.0
33.0
2.0
25.0
-38.0
-12.0
-2.0
-1.0
-6.0
12.0
34.0
-1.0
-2.0
-7.0
-9.0
-13.0
39.0
44.0
39.0
4.0
15.0
8.0
27.0
14.0
-13.0
-21.0
-11.0
-12.0
-4.0
4.0
-21.0
-25.0
4.0
10.0
-11.0
-31.0
-45.0
-29.0
-40.0
-19.0
-1.0
-25.0
-12.0
-6.0
-8.0
-8.0
25.0
23.0
19.0
6.0
11.0
6.0
-1.0
2.0
4.0
23.0
-4.0
-22.0
-14.0
7.0
9.0
-5.0
6.0
-26.0
-19.0
0.0
-17.0
-4.0
-5.0
-4.0
-35.0
-48.0
6.0
7.0
-7.0
-13.0
13.0
-3.0
-1.0
-10.0
-16.0
-15.0
-46.0
-22.0
-11.0
6.0
-6.0
22.0
23.0
17.0
8.0
1.0
15.0
-6.0
-7.0
58.0
14.0
26.0
23.0
-30.0
29.0
-40.0
-58.0
-3.0
3.0
7.0
0.0
45.0
46.0
36.0
43.0
14.0
-1.0
-25.0
-48.0
-18.0
-15.0
-2.0
-2.0
5.0
-1.0
-23.0
-13.0
-4.0
0.0
6.0
-5.0
-26.0
-27.0
-12.0
21.0
-29.0
-15.0
-18.0
-23.0
-10.0
-19.0
-4.0
-4.0
-5.0
-13.0
-33.0
-36.0
-17.0
22.0
9.0
35.0
-16.0
-18.0
11.0
-8.0
7.0
-9.0
18.0
9.0
-30.0
-34.0
23.0
25.0
-5.0
3.0
6.0
10.0
24.0
-8.0
0.0
-3.0
-19.0
-16.0
3.0
-1.0
15.0
-11.0
-37.0
-42.0
-16.0
-22.0
-44.0
-37.0
-7.0
-12.0
8.0
-14.0
-38.0
0.0
-6.0
-5.0
36.0
33.0
27.0
32.0
24.0
26.0
-2.0
15.0
-3.0
19.0
55.0
57.0
9.0
-15.0
-11.0
-42.0
-39.0
11.0
-24.0
15.0
-8.0
-3.0
17.0
-18.0
-11.0
-39.0
-12.0
-24.0
28.0
8.0
10.0
15.0
-15.0
-3.0
-45.0
-39.0
4.0
-6.0
-14.0
1.0
7.0
9.0
3.0
18.0
0.0
12.0
-4.0
-18.0
-4.0
-23.0
-9.0
-4.0
3.0
11.0
5.0
-12.0
-4.0
-17.0
6.0
-12.0
-28.0
-29.0
-56.0
-1.0
-18.0
1.0
-55.0
23.0
-4.0
32.0
-16.0
-10.0
49.0
-40.0
38.0
-1.0
27.0
-22.0
9.0
-11.0
-5.0
-5.0
-34.0
-33.0
12.0
-5.0
-18.0
-6.0
10.0
-10.0
-5.0
0.0
-20.0
-6.0
-2.0
-3.0
17.0
-3.0
-29.0
-17.0
-50.0
-46.0
-15.0
-2.0
-19.0
-2.0
-8.0
234.0
302.0
313.0
313.0
313.0
313.0
313.0
313.0
313.0
313.0
313.0
302.0
198.0
149.0
145.0
63.0
-13.0
-1.0
-58.0
-86.0
-78.0
-133.0
-87.0
-227.0
-228.0
-217.0
-228.0
-242.0
-240.0
-250.0
-229.0
-283.0
-250.0
-238.0
-241.0
-277.0
-246.0
-283.0
-275.0
-307.0
-299.0
-273.0
-245.0
-231.0
-222.0
-195.0
-203.0
-199.0
-189.0
-236.0
-242.0
-194.0
-226.0
-240.0
-243.0
-203.0
-264.0
-226.0
-216.0
-217.0
-199.0
-226.0
-243.0
-199.0
-195.0
-158.0
-125.0
-79.0
-32.0
-25.0
2.0
-9.0
-21.0
-11.0
-19.0
-16.0
3.0
4.0
17.0
37.0
31.0
79.0
81.0
92.0
96.0
91.0
119.0
82.0
46.0
81.0
35.0
53.0
73.0
68.0
65.0
87.0
97.0
100.0
75.0
104.0
77.0
43.0
53.0
42.0
38.0
32.0
26.0
37.0
-2.0
27.0
5.0
31.0
20.0
70.0
67.0
69.0
53.0
21.0
-17.0
-8.0
27.0
25.0
17.0
10.0
9.0
-15.0
48.0
21.0
40.0
19.0
11.0
25.0
-27.0
14.0
9.0
-6.0
-28.0
-5.0
-1.0
-29.0
-90.0
-134.0
-33.0
41.0
28.0
-25.0
10.0
40.0
30.0
15.0
23.0
55.0
41.0
4.0
6.0
72.0
28.0
29.0
57.0
58.0
33.0
4.0
-8.0
8.0
3.0
-12.0
-4.0
-12.0
-12.0
-31.0
-6.0
-82.0
7.0
40.0
37.0
-3.0
10.0
6.0
-11.0
-32.0
-68.0
-37.0
-13.0
-3.0
-4.0
-7.0
4.0
6.0
-28.0
-5.0
-2.0
-34.0
-2.0
-6.0
-2.0
0.0
-37.0
-8.0
-27.0
-9.0
44.0
-19.0
6.0
-12.0
-10.0
-30.0
16.0
24.0
-25.0
15.0
16.0
-25.0
72.0
45.0
47.0
13.0
2.0
11.0
13.0
-14.0
31.0
-15.0
8.0
-9.0
-4.0
-18.0
-14.0
-13.0
-30.0
25.0
-8.0
-10.0
2.0
-11.0
-12.0
-2.0
-22.0
14.0
52.0
-1.0
-18.0
-7.0
-14.0
-12.0
-10.0
5.0
12.0
-2.0
-4.0
-1.0
-4.0
-26.0
-3.0
18.0
22.0
-12.0
2.0
0.0
15.0
-40.0
-59.0
-62.0
3.0
-35.0
-33.0
-25.0
0.0
-8.0
10.0
1.0
-15.0
5.0
36.0
12.0
17.0
35.0
2.0
25.0
-27.0
-32.0
5.0
-19.0
5.0
4.0
1.0
17.0
18.0
15.0
-5.0
-8.0
10.0
1.0
8.0
1.0
2.0
23.0
1.0
-3.0
-16.0
2.0
18.0
-33.0
-46.0
-29.0
-37.0
-13.0
2.0
11.0
-17.0
-17.0
-8.0
41.0
13.0
-30.0
-29.0
-33.0
-2.0
-16.0
14.0
-38.0
-21.0
8.0
-20.0
0.0
7.0
-6.0
90.0
20.0
-25.0
58.0
63.0
-4.0
-59.0
-20.0
-19.0
-40.0
-7.0
2.0
-12.0
-22.0
19.0
-37.0
20.0
-11.0
-7.0
-9.0
-33.0
7.0
21.0
-13.0
-44.0
-4.0
13.0
3.0
5.0
6.0
-36.0
6.0
11.0
17.0
24.0
9.0
-15.0
-20.0
-15.0
-12.0
21.0
18.0
-34.0
-21.0
0.0
-17.0
19.0
6.0
9.0
8.0
-20.0
-19.0
-41.0
-12.0
-32.0
5.0
-13.0
36.0
38.0
21.0
10.0
-14.0
-3.0
-3.0
-7.0
-26.0
-28.0
-15.0
-19.0
-45.0
-10.0
-12.0
11.0
2.0
-9.0
-7.0
22.0
8.0
7.0
-3.0
-2.0
-5.0
3.0
-24.0
6.0
-1.0
23.0
2.0
4.0
-5.0
-8.0
33.0
13.0
-12.0
-12.0
1.0
-6.0
9.0
5.0
-3.0
7.0
-21.0
-20.0
-25.0
-19.0
0.0
-13.0
13.0
11.0
7.0
24.0
21.0
2.0
19.0
7.0
19.0
-26.0
-11.0
-13.0
-49.0
-29.0
-6.0
6.0
-51.0
-58.0
-6.0
3.0
37.0
35.0
-16.0
18.0
21.0
16.0
18.0
16.0
-15.0
4.0
17.0
19.0
9.0
-18.0
-12.0
-47.0
2.0
-24.0
-17.0
-27.0
-13.0
-11.0
-13.0
0.0
0.0
15.0
-31.0
-34.0
-31.0
-12.0
5.0
7.0
21.0
12.0
-23.0
41.0
18.0
-19.0
-5.0
34.0
-8.0
-5.0
-16.0
-15.0
-8.0
-18.0
-19.0
6.0
18.0
-25.0
-28.0
-28.0
-8.0
-23.0
-33.0
7.0
6.0
-6.0
-30.0
3.0
14.0
18.0
-4.0
17.0
2.0
23.0
7.0
-16.0
-1.0
-11.0
-28.0
-24.0
-17.0
-14.0
-24.0
1.0
3.0
-24.0
5.0
-20.0
-17.0
-16.0
-32.0
-32.0
-4.0
5.0
-14.0
10.0
17.0
-9.0
-19.0
-17.0
26.0
-17.0
6.0
-13.0
-38.0
17.0
2.0
-28.0
-41.0
-42.0
-17.0
-14.0
13.0
20.0
15.0
1.0
-7.0
17.0
12.0
12.0
-11.0
22.0
-38.0
18.0
0.0
-31.0
-15.0
-11.0
-16.0
-8.0
2.0
4.0
26.0
-10.0
14.0
8.0
11.0
-7.0
-25.0
-22.0
-14.0
-15.0
-28.0
-20.0
-12.0
-18.0
-42.0
-20.0
-21.0
-13.0
10.0
-33.0
-10.0
-2.0
30.0
16.0
15.0
22.0
1.0
-2.0
31.0
20.0
-46.0
21.0
13.0
21.0
-10.0
-6.0
-3.0
2.0
26.0
-4.0
-39.0
16.0
-30.0
3.0
-3.0
-16.0
-4.0
-9.0
-4.0
-9.0
1.0
10.0
-41.0
26.0
-1.0
-31.0
-4.0
-3.0
-3.0
-8.0
13.0
-17.0
0.0
-27.0
-16.0
4.0
-35.0
-34.0
12.0
-28.0
0.0
-29.0
8.0
-9.0
40.0
-27.0
12.0
4.0
9.0
-17.0
-33.0
1.0
-5.0
3.0
-22.0
-22.0
-1.0
-1.0
-42.0
7.0
-35.0
-5.0
-13.0
-26.0
1.0
-5.0
19.0
22.0
12.0
5.0
30.0
29.0
35.0
-39.0
-1.0
9.0
-6.0
-13.0
-10.0
-33.0
-15.0
19.0
-10.0
33.0
14.0
47.0
16.0
13.0
-10.0
4.0
-4.0
-26.0
12.0
-23.0
-25.0
4.0
14.0
18.0
-49.0
-51.0
-36.0
-32.0
9.0
-36.0
-4.0
28.0
-9.0
-5.0
2.0
8.0
30.0
-19.0
6.0
-13.0
-1.0
-25.0
-6.0
-11.0
2.0
-22.0
8.0
6.0
-7.0
-19.0
-25.0
2.0
-25.0
-26.0
15.0
-9.0
10.0
-26.0
-56.0
-20.0
5.0
11.0
10.0
8.0
36.0
27.0
-4.0
0.0
-7.0
14.0
-6.0
-18.0
-18.0
-17.0
-23.0
-2.0
-11.0
-16.0
25.0
3.0
35.0
4.0
-22.0
-23.0
-31.0
-16.0
-29.0
-26.0
-42.0
-22.0
15.0
17.0
18.0
26.0
-20.0
24.0
15.0
-6.0
1.0
-14.0
-29.0
0.0
-11.0
-9.0
0.0
-38.0
-42.0
-19.0
17.0
18.0
20.0
8.0
-9.0
-8.0
0.0
-19.0
18.0
21.0
-10.0
19.0
43.0
-4.0
-19.0
-19.0
-23.0
-29.0
-77.0
-21.0
-20.0
-7.0
29.0
22.0
1.0
9.0
3.0
10.0
-20.0
-5.0
12.0
25.0
-25.0
5.0
-4.0
-4.0
-4.0
-42.0
-28.0
2.0
1.0
38.0
1.0
43.0
4.0
-2.0
-35.0
-25.0
-3.0
-19.0
-9.0
-2.0
-9.0
-9.0
-13.0
-18.0
-25.0
3.0
10.0
0.0
-24.0
-9.0
8.0
26.0
12.0
7.0
9.0
-9.0
-27.0
5.0
20.0
-6.0
-51.0
2.0
0.0
-2.0
10.0
12.0
0.0
7.0
-15.0
-4.0
-37.0
-7.0
-17.0
-17.0
-8.0
26.0
19.0
19.0
-20.0
-66.0
-57.0
-26.0
48.0
49.0
-13.0
14.0
-38.0
-26.0
-19.0
46.0
10.0
33.0
-29.0
-31.0
-14.0
-36.0
-23.0
-9.0
-4.0
22.0
37.0
34.0
-42.0
-37.0
-23.0
0.0
-33.0
-4.0
20.0
16.0
14.0
4.0
25.0
27.0
-6.0
-27.0
-44.0
-4.0
-17.0
-15.0
7.0
0.0
31.0
35.0
-7.0
-10.0
1.0
5.0
-22.0
-4.0
-14.0
-3.0
-6.0
-11.0
-16.0
20.0
-28.0
2.0
17.0
28.0
-19.0
-21.0
-27.0
-27.0
14.0
9.0
14.0
1.0
1.0
-35.0
1.0
-47.0
8.0
8.0
-21.0
-28.0
-20.0
-9.0
-16.0
-5.0
-41.0
2.0
19.0
23.0
2.0
18.0
18.0
4.0
-9.0
-5.0
-42.0
-6.0
-9.0
-10.0
13.0
23.0
-6.0
-21.0
-6.0
-6.0
22.0
18.0
-31.0
-30.0
26.0
31.0
-15.0
4.0
-15.0
-23.0
10.0
-2.0
-18.0
-14.0
4.0
15.0
-32.0
-46.0
7.0
-3.0
36.0
14.0
-3.0
-2.0
-6.0
-12.0
-19.0
-16.0
0.0
21.0
-9.0
-13.0
-23.0
-24.0
-44.0
-15.0
-28.0
30.0
-6.0
12.0
22.0
11.0
-18.0
-20.0
0.0
-38.0
-33.0
-24.0
-1.0
-1.0
5.0
-40.0
22.0
24.0
10.0
-33.0
-25.0
27.0
55.0
15.0
11.0
2.0
-32.0
-33.0
-23.0
-12.0
25.0
-10.0
1.0
-15.0
-29.0
-1.0
14.0
11.0
8.0
17.0
19.0
16.0
28.0
1.0
-23.0
-44.0
5.0
4.0
-7.0
-26.0
-13.0
-15.0
6.0
27.0
2.0
-12.0
-20.0
-22.0
-3.0
-2.0
-1.0
2.0
10.0
-24.0
-9.0
-17.0
11.0
15.0
-13.0
48.0
8.0
-28.0
36.0
8.0
-4.0
-8.0
-38.0
-31.0
20.0
-9.0
-38.0
26.0
6.0
-5.0
-82.0
-33.0
10.0
15.0
13.0
35.0
-15.0
34.0
15.0
5.0
9.0
6.0
44.0
41.0
18.0
10.0
15.0
-6.0
35.0
6.0
-20.0
-14.0
-36.0
-37.0
-27.0
-37.0
-41.0
-48.0
-59.0
-35.0
11.0
-13.0
-37.0
-42.0
-16.0
-21.0
12.0
-18.0
38.0
-13.0
-7.0
-57.0
-54.0
-55.0
-24.0
1.0
-2.0
-13.0
9.0
26.0
-24.0
11.0
14.0
17.0
11.0
22.0
-11.0
-29.0
-13.0
-1.0
-29.0
3.0
-13.0
-28.0
-20.0
-28.0
2.0
17.0
21.0
24.0
16.0
12.0
10.0
13.0
-4.0
28.0
-12.0
13.0
13.0
24.0
-6.0
16.0
42.0
35.0
19.0
30.0
-9.0
-27.0
-33.0
-9.0
-32.0
-7.0
-13.0
-3.0
4.0
10.0
-1.0
-28.0
-17.0
0.0
-2.0
10.0
19.0
6.0
-12.0
-10.0
13.0
-24.0
-9.0
-9.0
-21.0
23.0
-2.0
-8.0
-18.0
-39.0
24.0
-33.0
4.0
-16.0
-7.0
-28.0
-5.0
1.0
-4.0
8.0
3.0
-13.0
6.0
-46.0
-5.0
1.0
-13.0
-7.0
5.0
-12.0
-4.0
-14.0
4.0
-16.0
-33.0
8.0
-16.0
-21.0
-7.0
-20.0
36.0
8.0
-2.0
3.0
18.0
-18.0
-17.0
-16.0
-15.0
-23.0
-4.0
4.0
-5.0
-8.0
13.0
-1.0
4.0
10.0
0.0
9.0
-39.0
-43.0
-53.0
-1.0
-56.0
-26.0
-16.0
-18.0
33.0
-14.0
-1.0
-8.0
29.0
38.0
32.0
6.0
17.0
17.0
2.0
-14.0
-8.0
-13.0
7.0
-24.0
-10.0
51.0
4.0
3.0
-11.0
-13.0
-55.0
18.0
-54.0
-1.0
-29.0
-18.0
16.0
16.0
9.0
-17.0
-11.0
-10.0
7.0
3.0
-47.0
-6.0
-26.0
-27.0
13.0
34.0
24.0
4.0
-9.0
34.0
-9.0
31.0
9.0
12.0
-22.0
-34.0
-54.0
-13.0
-24.0
11.0
22.0
9.0
24.0
29.0
15.0
6.0
0.0
-12.0
1.0
-16.0
-14.0
-17.0
-15.0
-14.0
35.0
3.0
13.0
-19.0
-22.0
-13.0
-32.0
-6.0
13.0
12.0
10.0
6.0
-10.0
-31.0
-19.0
4.0
5.0
11.0
11.0
7.0
29.0
9.0
-6.0
-24.0
-42.0
-16.0
-30.0
-34.0
12.0
7.0
11.0
6.0
-7.0
8.0
26.0
65.0
-6.0
-9.0
3.0
0.0
-34.0
-26.0
-35.0
-13.0
8.0
-8.0
-11.0
1.0
-29.0
-27.0
-15.0
-9.0
-33.0
41.0
3.0
12.0
6.0
25.0
-30.0
-30.0
-14.0
-23.0
-12.0
1.0
-12.0
11.0
31.0
20.0
-9.0
-8.0
-1.0
-7.0
-35.0
-74.0
-64.0
5.0
71.0
42.0
-16.0
-16.0
-20.0
19.0
-8.0
44.0
5.0
3.0
-51.0
-13.0
10.0
6.0
26.0
3.0
-17.0
-18.0
-36.0
-7.0
3.0
19.0
-15.0
-11.0
23.0
11.0
-33.0
-22.0
-55.0
-6.0
2.0
11.0
28.0
26.0
33.0
14.0
15.0
1.0
-13.0
-14.0
-9.0
-10.0
-7.0
-2.0
-9.0
-21.0
-3.0
23.0
16.0
13.0
-32.0
-14.0
-5.0
0.0
7.0
17.0
-5.0
4.0
-19.0
12.0
-21.0
-38.0
-7.0
-6.0
1.0
15.0
7.0
5.0
8.0
-24.0
-47.0
-8.0
9.0
7.0
-4.0
11.0
-24.0
-32.0
-10.0
-27.0
-47.0
-25.0
-8.0
-6.0
31.0
45.0
66.0
18.0
32.0
50.0
-19.0
-34.0
-36.0
-36.0
1.0
39.0
9.0
20.0
-17.0
-10.0
-6.0
41.0
17.0
17.0
7.0
-17.0
-43.0
-35.0
-11.0
-1.0
-4.0
-22.0
-22.0
-15.0
-4.0
37.0
-8.0
-20.0
-63.0
-20.0
-4.0
-16.0
12.0
7.0
7.0
22.0
-17.0
13.0
-44.0
7.0
-29.0
9.0
10.0
12.0
6.0
3.0
-6.0
-3.0
-14.0
-25.0
-3.0
-16.0
-6.0
-7.0
18.0
-4.0
-2.0
17.0
20.0
7.0
0.0
-5.0
-33.0
-29.0
-19.0
-7.0
-1.0
4.0
23.0
3.0
-26.0
-24.0
-33.0
-36.0
8.0
-18.0
-26.0
-34.0
0.0
4.0
1.0
-24.0
24.0
18.0
1.0
6.0
6.0
7.0
24.0
-6.0
1.0
-23.0
1.0
1.0
-65.0
-17.0
10.0
20.0
9.0
-13.0
-4.0
8.0
-17.0
-25.0
-28.0
8.0
-8.0
3.0
-12.0
-9.0
-10.0
-16.0
-18.0
-10.0
-44.0
-26.0
-25.0
9.0
23.0
-5.0
-13.0
10.0
0.0
6.0
5.0
0.0
24.0
11.0
12.0
0.0
-1.0
-24.0
-20.0
-23.0
-11.0
0.0
4.0
-19.0
-25.0
-32.0
-2.0
-15.0
-19.0
-20.0
11.0
-7.0
-11.0
-13.0
20.0
-14.0
-6.0
-25.0
-4.0
-6.0
-21.0
4.0
-38.0
-9.0
-6.0
0.0
2.0
19.0
-3.0
-1.0
-18.0
-11.0
-16.0
-17.0
-23.0
-5.0
27.0
18.0
46.0
45.0
24.0
14.0
24.0
-3.0
-4.0
5.0
-24.0
-10.0
-7.0
-6.0
-16.0
-26.0
-27.0
-22.0
-3.0
0.0
-16.0
-2.0
-5.0
-5.0
5.0
-19.0
-25.0
-21.0
-7.0
-56.0
-23.0
-12.0
-26.0
-24.0
14.0
-4.0
20.0
69.0
9.0
24.0
18.0
11.0
-6.0
-11.0
1.0
15.0
17.0
-16.0
-40.0
-39.0
-45.0
-37.0
0.0
4.0
6.0
18.0
11.0
14.0
14.0
-18.0
-1.0
-85.0
-11.0
-7.0
2.0
0.0
-11.0
8.0
9.0
3.0
17.0
11.0
-10.0
-3.0
-44.0
-17.0
-23.0
-11.0
-49.0
-2.0
-23.0
-21.0
34.0
34.0
-25.0
27.0
-3.0
-2.0
-2.0
-17.0
-4.0
-31.0
-47.0
-47.0
-50.0
-38.0
-24.0
0.0
22.0
63.0
18.0
1.0
3.0
8.0
-1.0
1.0
-23.0
-26.0
31.0
10.0
4.0
-29.0
1.0
5.0
14.0
16.0
-46.0
-50.0
-64.0
38.0
63.0
11.0
6.0
7.0
-9.0
-18.0
-21.0
-9.0
41.0
24.0
6.0
-20.0
-26.0
-20.0
-13.0
3.0
20.0
-29.0
-41.0
-13.0
-10.0
-30.0
-36.0
-32.0
-53.0
-11.0
6.0
3.0
-10.0
-40.0
7.0
-3.0
40.0
34.0
3.0
9.0
-12.0
36.0
11.0
-4.0
0.0
-12.0
-22.0
-15.0
-13.0
-39.0
-1.0
0.0
10.0
-26.0
12.0
-4.0
-4.0
3.0
22.0
3.0
2.0
-3.0
-1.0
7.0
4.0
-4.0
-29.0
-34.0
-25.0
-66.0
-34.0
-4.0
-4.0
19.0
-2.0
13.0
13.0
21.0
-3.0
-9.0
16.0
-2.0
-18.0
-20.0
-28.0
-12.0
2.0
-4.0
-10.0
-13.0
-18.0
2.0
26.0
9.0
6.0
-15.0
0.0
-3.0
12.0
-10.0
-8.0
-17.0
9.0
-28.0
-36.0
-11.0
5.0
2.0
-27.0
-5.0
-5.0
13.0
-15.0
-5.0
-1.0
-14.0
-11.0
-14.0
-48.0
-22.0
0.0
-5.0
-2.0
1.0
-2.0
-11.0
-8.0
-7.0
2.0
-10.0
7.0
27.0
12.0
-20.0
-25.0
14.0
-31.0
-31.0
5.0
-1.0
19.0
7.0
0.0
2.0
-5.0
-7.0
17.0
16.0
-21.0
13.0
23.0
11.0
-5.0
-22.0
-30.0
1.0
-18.0
-15.0
-2.0
15.0
-52.0
-59.0
-26.0
-1.0
-12.0
7.0
-24.0
-33.0
1.0
47.0
12.0
-15.0
-9.0
5.0
40.0
-8.0
1.0
0.0
-9.0
-28.0
-39.0
-33.0
0.0
19.0
11.0
9.0
-6.0
-9.0
-8.0
24.0
-9.0
9.0
22.0
15.0
-6.0
-31.0
-28.0
-29.0
-26.0
-6.0
-17.0
-4.0
1.0
25.0
35.0
16.0
1.0
5.0
12.0
9.0
10.0
9.0
-11.0
-27.0
-20.0
-9.0
15.0
15.0
-5.0
-37.0
0.0
12.0
10.0
-5.0
-14.0
-13.0
-18.0
-19.0
2.0
11.0
18.0
2.0
-6.0
2.0
-29.0
-2.0
8.0
8.0
-30.0
-7.0
-14.0
-40.0
10.0
18.0
12.0
-5.0
-12.0
-7.0
17.0
9.0
4.0
-31.0
-15.0
2.0
-17.0
-7.0
-32.0
-36.0
-15.0
-23.0
-34.0
-13.0
-31.0
-19.0
19.0
4.0
0.0
9.0
27.0
10.0
2.0
-22.0
2.0
11.0
-4.0
-16.0
-27.0
-28.0
-3.0
-13.0
13.0
21.0
-9.0
-13.0
-5.0
2.0
0.0
-6.0
-50.0
-30.0
17.0
1.0
-14.0
44.0
18.0
13.0
22.0
20.0
-23.0
-27.0
28.0
-7.0
-27.0
-37.0
-29.0
-3.0
-19.0
-17.0
-13.0
10.0
-12.0
-19.0
-30.0
-10.0
-23.0
-30.0
-42.0
-36.0
-31.0
-11.0
-4.0
35.0
38.0
18.0
18.0
4.0
9.0
5.0
20.0
18.0
4.0
-18.0
-27.0
-27.0
-50.0
-18.0
-19.0
-21.0
-2.0
47.0
3.0
0.0
10.0
-92.0
-35.0
1.0
11.0
10.0
1.0
41.0
4.0
10.0
-12.0
-16.0
-3.0
-40.0
-6.0
-9.0
-11.0
-1.0
5.0
11.0
-49.0
-20.0
13.0
-10.0
10.0
14.0
-29.0
11.0
-12.0
9.0
-15.0
7.0
13.0
3.0
-9.0
-13.0
14.0
-15.0
-3.0
-11.0
-6.0
-4.0
4.0
25.0
7.0
7.0
-5.0
-16.0
11.0
13.0
9.0
-6.0
-1.0
-14.0
8.0
4.0
18.0
5.0
-1.0
-20.0
-4.0
-24.0
-26.0
-15.0
-14.0
-16.0
22.0
13.0
4.0
17.0
-20.0
-17.0
-39.0
-11.0
-12.0
-12.0
-32.0
-48.0
-14.0
4.0
14.0
-50.0
-20.0
18.0
9.0
8.0
31.0
5.0
2.0
-5.0
2.0
9.0
-3.0
11.0
-23.0
-24.0
-1.0
44.0
15.0
4.0
-19.0
-11.0
24.0
7.0
-11.0
-9.0
-7.0
0.0
-35.0
-39.0
-27.0
2.0
5.0
-5.0
1.0
9.0
-1.0
-18.0
-3.0
4.0
-24.0
4.0
-25.0
-34.0
-30.0
-26.0
-11.0
29.0
27.0
0.0
-14.0
4.0
-36.0
17.0
-45.0
-37.0
28.0
49.0
14.0
13.0
-8.0
11.0
-21.0
1.0
-17.0
-17.0
-11.0
3.0
32.0
23.0
-7.0
-36.0
-1.0
17.0
-15.0
-6.0
-12.0
-52.0
-41.0
-14.0
-22.0
-37.0
-2.0
-4.0
12.0
7.0
15.0
-3.0
-3.0
3.0
-5.0
-13.0
-10.0
-7.0
-21.0
-19.0
10.0
11.0
-2.0
-3.0
-16.0
-14.0
21.0
7.0
-29.0
-27.0
-27.0
-26.0
3.0
-10.0
6.0
-8.0
-20.0
-16.0
-3.0
-8.0
24.0
6.0
14.0
14.0
-7.0
9.0
8.0
29.0
11.0
6.0
-13.0
-22.0
-25.0
-19.0
-4.0
-8.0
1.0
-6.0
-21.0
-20.0
-4.0
-20.0
3.0
6.0
-1.0
-14.0
-28.0
1.0
-33.0
-33.0
1.0
-2.0
19.0
27.0
7.0
6.0
0.0
0.0
-11.0
-14.0
-8.0
-3.0
-19.0
15.0
0.0
-21.0
-33.0
-2.0
1.0
-1.0
1.0
5.0
-6.0
-26.0
13.0
2.0
-23.0
-14.0
-37.0
-26.0
-39.0
-2.0
23.0
1.0
30.0
-23.0
13.0
-10.0
-5.0
-10.0
-17.0
13.0
0.0
33.0
-35.0
6.0
37.0
41.0
13.0
3.0
-1.0
2.0
11.0
16.0
22.0
-10.0
2.0
-14.0
-8.0
-11.0
-25.0
-47.0
-33.0
-2.0
1.0
3.0
-14.0
-25.0
22.0
19.0
5.0
-4.0
16.0
15.0
17.0
14.0
-7.0
-21.0
-22.0
-25.0
35.0
17.0
11.0
-36.0
0.0
-71.0
-4.0
-2.0
-8.0
-10.0
-39.0
-4.0
-17.0
-27.0
3.0
-4.0
6.0
-27.0
5.0
3.0
-20.0
-7.0
-4.0
-33.0
-8.0
-5.0
14.0
-17.0
-16.0
-16.0
7.0
8.0
7.0
-14.0
9.0
12.0
3.0
5.0
-27.0
-28.0
-7.0
-17.0
-14.0
-5.0
4.0
20.0
12.0
13.0
5.0
4.0
-36.0
-5.0
-30.0
-10.0
-17.0
8.0
-11.0
26.0
4.0
2.0
-31.0
-33.0
-6.0
20.0
3.0
-5.0
30.0
-31.0
-12.0
-11.0
-14.0
-5.0
-4.0
-11.0
-12.0
39.0
5.0
5.0
-5.0
-2.0
5.0
-22.0
-61.0
-29.0
18.0
17.0
-4.0
22.0
-13.0
-7.0
19.0
-13.0
-9.0
0.0
-29.0
1.0
1.0
22.0
20.0
25.0
26.0
-3.0
-3.0
-25.0
12.0
-6.0
-2.0
9.0
-16.0
-17.0
-19.0
-11.0
-14.0
-11.0
-7.0
-55.0
16.0
31.0
1.0
-3.0
27.0
-3.0
31.0
34.0
-9.0
-36.0
-48.0
-8.0
-14.0
-14.0
-21.0
12.0
-46.0
-12.0
-32.0
3.0
-1.0
27.0
-7.0
-9.0
1.0
9.0
-8.0
-26.0
-19.0
-42.0
22.0
-12.0
-7.0
-1.0
-18.0
11.0
-7.0
-11.0
-18.0
39.0
-7.0
-15.0
-29.0
-33.0
-50.0
-50.0
-34.0
-68.0
-13.0
4.0
33.0
52.0
48.0
43.0
27.0
-15.0
-31.0
-6.0
12.0
9.0
-42.0
-4.0
32.0
33.0
-7.0
5.0
20.0
14.0
18.0
21.0
-32.0
-49.0
-22.0
-20.0
-50.0
27.0
-1.0
30.0
-14.0
-50.0
7.0
-1.0
4.0
11.0
15.0
4.0
7.0
-13.0
-12.0
13.0
-21.0
4.0
11.0
8.0
-2.0
-7.0
12.0
-4.0
-1.0
-15.0
-12.0
6.0
3.0
6.0
-14.0
-28.0
-21.0
-19.0
-23.0
5.0
-14.0
-30.0
-35.0
-32.0
-19.0
-2.0
-18.0
-2.0
2.0
-9.0
-7.0
-26.0
-24.0
-25.0
8.0
22.0
-17.0
17.0
4.0
-67.0
-47.0
4.0
12.0
10.0
25.0
31.0
-7.0
-5.0
-11.0
1.0
18.0
15.0
23.0
22.0
17.0
5.0
-33.0
-25.0
-5.0
-14.0
-32.0
-7.0
-6.0
-10.0
-7.0
3.0
-25.0
-11.0
-2.0
7.0
9.0
26.0
52.0
57.0
1.0
-7.0
-24.0
24.0
-12.0
-12.0
3.0
-1.0
-7.0
-15.0
-1.0
0.0
19.0
25.0
41.0
49.0
-14.0
15.0
17.0
11.0
21.0
-1.0
12.0
-24.0
-12.0
1.0
-10.0
-12.0
0.0
-1.0
-17.0
-18.0
-5.0
-24.0
7.0
-16.0
-59.0
-16.0
-33.0
-41.0
-1.0
-14.0
-18.0
-42.0
-28.0
-21.0
4.0
24.0
-21.0
-22.0
-51.0
-11.0
-29.0
-19.0
40.0
37.0
5.0
-4.0
11.0
14.0
2.0
-26.0
-63.0
-16.0
27.0
-5.0
13.0
33.0
-3.0
1.0
-10.0
-3.0
8.0
22.0
26.0
-18.0
-17.0
-36.0
-15.0
-15.0
-24.0
-16.0
-30.0
10.0
8.0
-13.0
-10.0
-26.0
-8.0
-11.0
-33.0
10.0
-12.0
-23.0
-11.0
32.0
18.0
-25.0
-48.0
-52.0
-39.0
16.0
20.0
0.0
-21.0
-33.0
2.0
23.0
-7.0
-2.0
7.0
-4.0
36.0
0.0
13.0
24.0
-10.0
-33.0
-38.0
-39.0
4.0
-45.0
-31.0
-60.0
-35.0
-70.0
-60.0
6.0
43.0
38.0
53.0
38.0
72.0
32.0
12.0
36.0
-19.0
16.0
38.0
37.0
-8.0
-39.0
-42.0
-31.0
28.0
28.0
8.0
8.0
54.0
50.0
19.0
25.0
7.0
-17.0
-27.0
-17.0
-26.0
-15.0
-13.0
-19.0
2.0
-4.0
-25.0
-41.0
-45.0
-1.0
4.0
9.0
24.0
22.0
12.0
-8.0
-4.0
5.0
-8.0
-26.0
-16.0
18.0
-8.0
-13.0
-24.0
-8.0
4.0
33.0
3.0
8.0
29.0
48.0
-27.0
-23.0
-11.0
4.0
31.0
-15.0
-35.0
-13.0
-55.0
-108.0
-40.0
-33.0
7.0
32.0
15.0
-24.0
-25.0
-8.0
-25.0
-27.0
-12.0
-8.0
-3.0
-5.0
-14.0
-2.0
-47.0
-26.0
-8.0
-12.0
-46.0
-66.0
-16.0
-46.0
-95.0
-22.0
-11.0
-27.0
-48.0
-29.0
-1.0
8.0
31.0
6.0
19.0
13.0
20.0
-11.0
54.0
56.0
80.0
71.0
40.0
31.0
11.0
45.0
-2.0
-9.0
-20.0
1.0
1.0
7.0
-14.0
0.0
-35.0
-11.0
27.0
36.0
8.0
13.0
-14.0
-18.0
-41.0
40.0
-32.0
-84.0
-17.0
7.0
-1.0
-2.0
28.0
32.0
24.0
-30.0
-4.0
-14.0
4.0
25.0
21.0
17.0
27.0
29.0
2.0
-62.0
-50.0
-12.0
12.0
16.0
15.0
-25.0
-1.0
0.0
-22.0
-75.0
-4.0
13.0
12.0
29.0
22.0
-20.0
23.0
24.0
-12.0
-12.0
-12.0
-63.0
-49.0
-37.0
-74.0
-31.0
-1.0
6.0
21.0
77.0
38.0
18.0
36.0
3.0
3.0
-35.0
-21.0
-27.0
-46.0
8.0
1.0
11.0
-11.0
15.0
0.0
-23.0
10.0
4.0
2.0
-11.0
-40.0
22.0
-5.0
23.0
-5.0
-15.0
-18.0
-30.0
-6.0
-24.0
-42.0
-47.0
18.0
9.0
-8.0
-11.0
-6.0
-5.0
-34.0
-16.0
-10.0
-38.0
1.0
-42.0
-35.0
50.0
59.0
55.0
46.0
23.0
1.0
-24.0
-132.0
-109.0
-23.0
15.0
29.0
38.0
26.0
9.0
45.0
22.0
31.0
-7.0
-37.0
-20.0
6.0
1.0
2.0
-12.0
22.0
11.0
39.0
13.0
-12.0
-14.0
0.0
-5.0
-20.0
-28.0
-7.0
-15.0
-65.0
-52.0
-2.0
25.0
21.0
15.0
41.0
17.0
3.0
-4.0
-39.0
-24.0
29.0
9.0
-8.0
-15.0
-86.0
21.0
-3.0
-26.0
-15.0
-20.0
2.0
-6.0
10.0
13.0
16.0
39.0
-9.0
5.0
12.0
11.0
-17.0
20.0
21.0
20.0
9.0
-23.0
-21.0
-16.0
17.0
-14.0
-19.0
-1.0
7.0
10.0
15.0
-20.0
-21.0
-40.0
-24.0
-29.0
-43.0
17.0
23.0
21.0
14.0
31.0
14.0
27.0
6.0
24.0
-12.0
-26.0
-12.0
-8.0
13.0
-2.0
-41.0
0.0
-32.0
12.0
-43.0
-32.0
-7.0
-4.0
14.0
22.0
31.0
44.0
31.0
21.0
2.0
-15.0
-17.0
-18.0
-51.0
-84.0
-63.0
-103.0
-12.0
20.0
50.0
11.0
4.0
5.0
18.0
14.0
18.0
-9.0
18.0
8.0
-14.0
-15.0
3.0
6.0
-15.0
29.0
17.0
-15.0
26.0
-18.0
-46.0
-55.0
-5.0
-1.0
26.0
-28.0
-29.0
-38.0
2.0
-13.0
11.0
1.0
2.0
4.0
24.0
33.0
29.0
-1.0
-11.0
7.0
-20.0
-25.0
-14.0
-12.0
-1.0
-12.0
-7.0
-27.0
-6.0
-14.0
-38.0
-39.0
-5.0
1.0
20.0
15.0
21.0
25.0
20.0
10.0
4.0
-9.0
-16.0
-18.0
-19.0
-30.0
-42.0
-22.0
6.0
20.0
-14.0
16.0
9.0
14.0
6.0
-6.0
-20.0
-58.0
7.0
-8.0
6.0
-5.0
-10.0
-11.0
29.0
10.0
-26.0
18.0
5.0
-17.0
-18.0
-12.0
-32.0
-38.0
-36.0
11.0
-20.0
7.0
24.0
33.0
-3.0
22.0
16.0
19.0
17.0
-36.0
-33.0
-52.0
-42.0
0.0
36.0
32.0
-42.0
-43.0
11.0
-42.0
-17.0
-31.0
24.0
-26.0
66.0
50.0
27.0
31.0
20.0
-4.0
-15.0
-22.0
-10.0
-10.0
12.0
-20.0
-31.0
-33.0
-13.0
24.0
0.0
-22.0
-5.0
14.0
8.0
-13.0
-30.0
-29.0
-32.0
-22.0
-3.0
11.0
-8.0
-28.0
20.0
-18.0
-19.0
-18.0
-5.0
-27.0
5.0
-7.0
13.0
68.0
33.0
-6.0
-49.0
-43.0
-44.0
-15.0
-8.0
-4.0
-25.0
11.0
-10.0
12.0
1.0
-4.0
0.0
-13.0
-18.0
-41.0
-37.0
16.0
1.0
24.0
-27.0
-29.0
-27.0
22.0
16.0
12.0
-22.0
2.0
-9.0
11.0
43.0
55.0
16.0
39.0
36.0
-39.0
-8.0
-38.0
-40.0
-28.0
-7.0
-7.0
-5.0
-33.0
-25.0
-13.0
-27.0
-10.0
24.0
-72.0
-3.0
-4.0
18.0
30.0
14.0
36.0
6.0
-5.0
-8.0
6.0
-36.0
-37.0
-44.0
5.0
5.0
47.0
44.0
12.0
-56.0
-48.0
-9.0
-9.0
-10.0
-55.0
-20.0
-5.0
-67.0
-10.0
12.0
-10.0
42.0
48.0
12.0
54.0
47.0
22.0
-7.0
9.0
-23.0
-2.0
-33.0
-21.0
-11.0
-30.0
-27.0
-29.0
-24.0
12.0
5.0
-4.0
20.0
21.0
-18.0
-33.0
-29.0
0.0
14.0
11.0
-3.0
-6.0
-5.0
-4.0
5.0
-20.0
-13.0
-3.0
-2.0
-9.0
4.0
-8.0
2.0
5.0
21.0
-10.0
-38.0
-60.0
-17.0
3.0
-6.0
-24.0
0.0
1.0
-3.0
9.0
26.0
-26.0
-15.0
3.0
-2.0
-37.0
2.0
5.0
3.0
-1.0
7.0
10.0
-22.0
28.0
43.0
35.0
20.0
21.0
12.0
8.0
-3.0
-37.0
-7.0
-25.0
-65.0
-37.0
-32.0
-31.0
-20.0
-16.0
5.0
-18.0
44.0
54.0
-20.0
-50.0
32.0
31.0
9.0
9.0
27.0
5.0
32.0
14.0
-34.0
-28.0
-20.0
-20.0
-38.0
-56.0
-1.0
-27.0
-20.0
35.0
13.0
5.0
14.0
16.0
39.0
4.0
0.0
-53.0
-4.0
-41.0
5.0
23.0
-13.0
-10.0
-4.0
-6.0
5.0
-23.0
0.0
24.0
-11.0
-20.0
-15.0
-15.0
-6.0
-51.0
-43.0
-44.0
-6.0
32.0
36.0
-35.0
-4.0
3.0
22.0
-17.0
-5.0
10.0
-7.0
11.0
33.0
2.0
3.0
7.0
-13.0
-16.0
11.0
15.0
-34.0
26.0
-11.0
-9.0
-20.0
-20.0
-12.0
-18.0
3.0
9.0
-3.0
-28.0
-18.0
17.0
25.0
27.0
17.0
15.0
3.0
-1.0
11.0
-16.0
-21.0
-17.0
-8.0
-7.0
-13.0
-14.0
-9.0
21.0
15.0
-5.0
-106.0
-83.0
11.0
8.0
36.0
-6.0
0.0
20.0
4.0
34.0
-10.0
0.0
-14.0
-21.0
-25.0
-2.0
13.0
-23.0
35.0
13.0
9.0
-15.0
-18.0
-13.0
-10.0
-28.0
27.0
2.0
-47.0
-26.0
-33.0
-26.0
-13.0
-12.0
-8.0
13.0
-10.0
-10.0
7.0
-4.0
28.0
18.0
-26.0
-27.0
-7.0
4.0
14.0
22.0
10.0
-1.0
-6.0
29.0
-6.0
-2.0
-28.0
11.0
2.0
-22.0
5.0
5.0
-13.0
-30.0
-5.0
-7.0
-5.0
12.0
-77.0
8.0
22.0
1.0
-25.0
12.0
-31.0
-32.0
-65.0
-49.0
-50.0
-85.0
2.0
83.0
-7.0
7.0
8.0
3.0
14.0
31.0
53.0
77.0
51.0
6.0
26.0
-24.0
-24.0
-25.0
-16.0
-18.0
-8.0
12.0
-14.0
-25.0
-7.0
-27.0
-46.0
-42.0
-71.0
-44.0
23.0
-2.0
7.0
7.0
-37.0
12.0
10.0
9.0
-2.0
-4.0
2.0
-25.0
-22.0
0.0
-28.0
25.0
27.0
27.0
28.0
1.0
24.0
20.0
42.0
3.0
-34.0
-22.0
-44.0
-48.0
-43.0
-48.0
-36.0
-22.0
23.0
18.0
49.0
20.0
-13.0
-10.0
-54.0
11.0
30.0
3.0
6.0
8.0
12.0
32.0
-17.0
-19.0
-13.0
14.0
13.0
4.0
26.0
17.0
-18.0
-16.0
-17.0
-24.0
-56.0
-36.0
-32.0
4.0
-5.0
7.0
17.0
20.0
-24.0
-29.0
21.0
-39.0
-41.0
-16.0
-10.0
36.0
-25.0
-16.0
-27.0
-25.0
48.0
-13.0
-40.0
1.0
23.0
3.0
-27.0
-53.0
-18.0
-11.0
6.0
-39.0
36.0
-6.0
10.0
12.0
-39.0
-19.0
18.0
21.0
31.0
-1.0
-2.0
1.0
-25.0
-12.0
27.0
-56.0
17.0
17.0
35.0
-1.0
14.0
-1.0
8.0
-27.0
-46.0
-38.0
-30.0
-26.0
-8.0
4.0
3.0
-9.0
-14.0
3.0
-10.0
-34.0
-28.0
-27.0
-5.0
15.0
10.0
-10.0
-36.0
7.0
-16.0
-32.0
8.0
2.0
-19.0
12.0
19.0
11.0
-28.0
3.0
-15.0
-7.0
-7.0
0.0
4.0
39.0
9.0
-18.0
-8.0
8.0
6.0
0.0
-20.0
-16.0
-18.0
-16.0
23.0
27.0
1.0
-4.0
7.0
-41.0
-40.0
-42.0
-51.0
-58.0
20.0
-22.0
-3.0
-9.0
15.0
16.0
20.0
11.0
-3.0
-15.0
1.0
-8.0
-24.0
0.0
15.0
-5.0
4.0
6.0
3.0
-6.0
-28.0
-8.0
-38.0
-3.0
-26.0
-27.0
16.0
13.0
4.0
24.0
20.0
27.0
14.0
6.0
-1.0
-8.0
-24.0
-25.0
5.0
1.0
-18.0
-7.0
-9.0
9.0
-2.0
-37.0
-13.0
-18.0
-15.0
-37.0
-1.0
14.0
9.0
-2.0
-5.0
-3.0
-32.0
-39.0
-40.0
-7.0
17.0
-13.0
6.0
7.0
9.0
16.0
26.0
23.0
14.0
-13.0
-21.0
-29.0
-23.0
18.0
-46.0
-59.0
2.0
-5.0
48.0
-9.0
5.0
15.0
24.0
2.0
28.0
5.0
9.0
11.0
2.0
3.0
6.0
7.0
-11.0
-3.0
-18.0
-11.0
-9.0
-9.0
-7.0
-20.0
-34.0
-17.0
-23.0
2.0
-17.0
-23.0
-94.0
-91.0
-14.0
1.0
-27.0
-39.0
11.0
0.0
4.0
16.0
22.0
11.0
4.0
44.0
27.0
-11.0
-1.0
-9.0
-18.0
-26.0
8.0
-1.0
15.0
39.0
-4.0
-26.0
-27.0
-8.0
-29.0
-51.0
25.0
25.0
-5.0
10.0
-16.0
-48.0
44.0
2.0
-4.0
-20.0
-74.0
-64.0
53.0
37.0
-13.0
11.0
-21.0
3.0
52.0
48.0
35.0
33.0
20.0
0.0
39.0
0.0
-21.0
-42.0
-28.0
10.0
6.0
0.0
0.0
-14.0
12.0
-4.0
-2.0
-25.0
-9.0
-2.0
-2.0
5.0
-25.0
-41.0
-44.0
-4.0
-22.0
-14.0
-27.0
-88.0
-16.0
-20.0
-13.0
-8.0
15.0
-4.0
22.0
-10.0
-5.0
-23.0
-15.0
-6.0
13.0
-18.0
33.0
-26.0
38.0
9.0
6.0
3.0
-63.0
-67.0
-21.0
-13.0
8.0
-3.0
15.0
-8.0
-41.0
-20.0
10.0
10.0
-15.0
3.0
24.0
3.0
-4.0
8.0
-11.0
36.0
-3.0
-1.0
27.0
0.0
-1.0
-5.0
-5.0
-53.0
-41.0
-5.0
-10.0
-15.0
-28.0
-24.0
1.0
-10.0
-9.0
-27.0
10.0
32.0
-6.0
-3.0
5.0
-16.0
-2.0
3.0
2.0
-4.0
6.0
8.0
-8.0
-19.0
-4.0
13.0
-13.0
8.0
-12.0
-18.0
-5.0
-28.0
-25.0
-25.0
-49.0
-2.0
-37.0
0.0
-24.0
-1.0
28.0
4.0
-29.0
-31.0
-7.0
-2.0
16.0
29.0
4.0
29.0
-7.0
11.0
4.0
3.0
-26.0
-32.0
17.0
-42.0
-36.0
2.0
25.0
11.0
-2.0
-4.0
-15.0
-24.0
-5.0
20.0
6.0
3.0
18.0
17.0
-2.0
-13.0
-6.0
14.0
-11.0
-9.0
-7.0
2.0
2.0
0.0
-9.0
-5.0
-13.0
-18.0
-7.0
-4.0
-7.0
-1.0
-18.0
-10.0
10.0
9.0
15.0
-27.0
9.0
-5.0
-23.0
-39.0
-4.0
-16.0
-21.0
-21.0
9.0
-9.0
46.0
13.0
2.0
14.0
-14.0
-20.0
-1.0
-1.0
-28.0
-25.0
24.0
6.0
-3.0
17.0
20.0
44.0
-22.0
-24.0
13.0
-30.0
-29.0
-7.0
-23.0
-6.0
15.0
5.0
-9.0
-7.0
-39.0
-38.0
-23.0
-37.0
8.0
11.0
25.0
20.0
-8.0
-5.0
-7.0
4.0
24.0
-35.0
-5.0
-2.0
12.0
10.0
-8.0
-12.0
-23.0
13.0
-4.0
12.0
10.0
15.0
-4.0
-8.0
-25.0
-24.0
-25.0
7.0
7.0
18.0
12.0
4.0
8.0
-27.0
-20.0
-19.0
-64.0
11.0
-39.0
3.0
33.0
-10.0
4.0
-9.0
3.0
2.0
28.0
35.0
31.0
17.0
-18.0
-1.0
5.0
14.0
-37.0
-35.0
-5.0
1.0
1.0
-16.0
-16.0
-40.0
-30.0
-26.0
-15.0
-12.0
-22.0
-19.0
-7.0
-13.0
-5.0
-71.0
-9.0
17.0
27.0
29.0
25.0
15.0
2.0
7.0
7.0
16.0
3.0
-15.0
-46.0
-45.0
-31.0
-9.0
-7.0
20.0
13.0
24.0
23.0
-15.0
-27.0
-25.0
-24.0
13.0
17.0
26.0
-12.0
-44.0
-47.0
-29.0
-24.0
-20.0
10.0
-15.0
-20.0
-49.0
-12.0
-20.0
-20.0
-22.0
-1.0
-1.0
-3.0
20.0
15.0
14.0
13.0
-15.0
25.0
0.0
-6.0
-8.0
-34.0
-27.0
-24.0
18.0
-16.0
6.0
-17.0
-13.0
26.0
25.0
-37.0
-4.0
-15.0
-36.0
-109.0
-28.0
28.0
30.0
-13.0
-10.0
36.0
19.0
6.0
-9.0
28.0
15.0
17.0
-24.0
10.0
12.0
-18.0
-18.0
10.0
20.0
6.0
7.0
11.0
5.0
12.0
12.0
-7.0
-14.0
-17.0
-5.0
-10.0
-101.0
31.0
-3.0
11.0
14.0
-17.0
-29.0
-5.0
-28.0
6.0
25.0
-19.0
-4.0
-17.0
-6.0
-4.0
-37.0
-17.0
8.0
1.0
-3.0
6.0
6.0
-14.0
-17.0
2.0
37.0
-24.0
-52.0
-43.0
-15.0
31.0
-1.0
-1.0
-6.0
-42.0
-39.0
-88.0
6.0
-22.0
54.0
31.0
69.0
55.0
58.0
29.0
10.0
30.0
21.0
-40.0
43.0
-4.0
-14.0
-59.0
-59.0
-26.0
-1.0
-52.0
-20.0
6.0
38.0
-80.0
31.0
5.0
10.0
20.0
19.0
21.0
0.0
-3.0
30.0
19.0
-6.0
0.0
-4.0
-6.0
-31.0
-1.0
-13.0
-28.0
-12.0
-5.0
-20.0
-6.0
-8.0
-7.0
-42.0
-20.0
-15.0
-12.0
0.0
0.0
-32.0
-30.0
-27.0
-5.0
-31.0
16.0
-72.0
26.0
-19.0
-49.0
-80.0
-1.0
2.0
-25.0
44.0
20.0
3.0
40.0
41.0
16.0
-8.0
7.0
7.0
-2.0
9.0
12.0
9.0
-3.0
30.0
-22.0
1.0
3.0
3.0
26.0
-19.0
1.0
-6.0
2.0
-20.0
-43.0
-10.0
-13.0
-8.0
1.0
-23.0
-3.0
-10.0
-53.0
-44.0
-16.0
-7.0
24.0
23.0
25.0
21.0
-9.0
21.0
7.0
16.0
29.0
-3.0
-1.0
5.0
-22.0
-9.0
-30.0
-29.0
47.0
3.0
-28.0
-31.0
-15.0
-22.0
31.0
3.0
-16.0
-31.0
-38.0
2.0
28.0
-43.0
-132.0
-131.0
-79.0
32.0
47.0
4.0
19.0
17.0
6.0
8.0
20.0
22.0
12.0
33.0
-30.0
5.0
7.0
2.0
18.0
11.0
-28.0
-29.0
-20.0
-2.0
-42.0
-26.0
-4.0
-39.0
-18.0
4.0
6.0
4.0
1.0
14.0
-13.0
-7.0
-5.0
-13.0
-26.0
-12.0
9.0
15.0
-41.0
-36.0
5.0
-19.0
-5.0
-21.0
17.0
-1.0
0.0
-3.0
-11.0
3.0
2.0
21.0
12.0
36.0
9.0
22.0
14.0
14.0
10.0
1.0
-14.0
-39.0
-13.0
-17.0
-31.0
-58.0
-14.0
-6.0
-1.0
1.0
-6.0
-2.0
4.0
-10.0
-1.0
6.0
-18.0
-18.0
-2.0
-48.0
2.0
4.0
26.0
-1.0
-4.0
-1.0
17.0
24.0
8.0
-12.0
-2.0
-21.0
5.0
14.0
-7.0
3.0
-3.0
4.0
6.0
-2.0
-9.0
-41.0
-37.0
-17.0
-29.0
26.0
18.0
23.0
5.0
17.0
-9.0
-11.0
-43.0
-29.0
9.0
7.0
31.0
32.0
-7.0
-20.0
-37.0
-14.0
9.0
45.0
47.0
19.0
-19.0
-16.0
-4.0
-10.0
-13.0
-9.0
-2.0
-14.0
-7.0
24.0
-17.0
-24.0
-37.0
-5.0
-7.0
0.0
-21.0
-25.0
-8.0
-23.0
0.0
-3.0
28.0
5.0
-1.0
5.0
25.0
-27.0
-36.0
9.0
-17.0
-16.0
-29.0
-5.0
50.0
20.0
-14.0
13.0
-23.0
-11.0
-8.0
-8.0
15.0
30.0
-15.0
-10.0
-25.0
-16.0
-13.0
3.0
18.0
17.0
-26.0
-3.0
-40.0
-28.0
-34.0
-3.0
22.0
-8.0
16.0
14.0
19.0
33.0
21.0
21.0
4.0
-14.0
-46.0
-29.0
-33.0
-35.0
-13.0
-26.0
-17.0
-6.0
-15.0
-19.0
-49.0
2.0
26.0
29.0
2.0
4.0
20.0
23.0
10.0
9.0
-29.0
1.0
-12.0
-22.0
-42.0
-42.0
-32.0
-42.0
-55.0
-19.0
12.0
37.0
63.0
59.0
52.0
45.0
33.0
20.0
32.0
30.0
19.0
-10.0
-15.0
-15.0
-10.0
-10.0
-18.0
-29.0
3.0
1.0
11.0
-47.0
-15.0
-17.0
-31.0
-5.0
36.0
49.0
25.0
-19.0
7.0
16.0
9.0
4.0
-27.0
-44.0
-53.0
-54.0
-40.0
-13.0
27.0
13.0
3.0
4.0
15.0
1.0
-19.0
-5.0
1.0
8.0
4.0
-17.0
-33.0
-33.0
-38.0
-46.0
-45.0
2.0
-19.0
-26.0
-3.0
-17.0
-28.0
-29.0
-8.0
92.0
-21.0
68.0
116.0
143.0
214.0
313.0
313.0
313.0
313.0
313.0
313.0
313.0
313.0
313.0
313.0
313.0
313.0
313.0
313.0
218.0
46.0
-146.0
-270.0
-313.0
-313.0
-313.0
-313.0
-313.0
-313.0
-313.0
-313.0
-313.0
-313.0
-313.0
-313.0
-313.0
-313.0
-313.0
-313.0
-313.0
-313.0
-246.0
-237.0
-238.0
-285.0
-195.0
-138.0
-136.0
-160.0
-148.0
-72.0
-102.0
-86.0
-63.0
-61.0
-32.0
-14.0
-12.0
-26.0
-40.0
-6.0
37.0
17.0
3.0
42.0
78.0
42.0
34.0
34.0
69.0
82.0
62.0
60.0
40.0
53.0
20.0
0.0
-4.0
13.0
74.0
99.0
68.0
69.0
74.0
47.0
70.0
54.0
52.0
2.0
13.0
53.0
70.0
26.0
32.0
15.0
21.0
9.0
13.0
-30.0
-64.0
27.0
87.0
36.0
17.0
-31.0
-10.0
-36.0
-36.0
-9.0
53.0
61.0
63.0
59.0
24.0
28.0
33.0
20.0
18.0
-11.0
-11.0
-3.0
18.0
15.0
40.0
12.0
-19.0
-16.0
-10.0
-49.0
-40.0
-34.0
-22.0
-18.0
20.0
25.0
-23.0
-11.0
-14.0
19.0
26.0
30.0
42.0
52.0
7.0
-18.0
9.0
14.0
11.0
-5.0
-1.0
-11.0
-22.0
-62.0
-12.0
-56.0
-5.0
9.0
8.0
19.0
31.0
41.0
36.0
21.0
-5.0
-1.0
-30.0
22.0
27.0
-25.0
-59.0
-58.0
1.0
42.0
8.0
2.0
-19.0
-20.0
-23.0
-9.0
32.0
25.0
-12.0
2.0
-31.0
-27.0
-1.0
-6.0
-5.0
11.0
-13.0
0.0
-35.0
5.0
9.0
15.0
-42.0
-2.0
-5.0
-14.0
5.0
-2.0
9.0
-6.0
3.0
-21.0
-15.0
2.0
8.0
1.0
-19.0
-20.0
19.0
2.0
-31.0
-54.0
-23.0
-11.0
-12.0
-9.0
8.0
-7.0
-11.0
-11.0
8.0
20.0
11.0
-11.0
-14.0
5.0
9.0
18.0
11.0
-5.0
5.0
-7.0
1.0
-26.0
-30.0
18.0
3.0
16.0
2.0
-1.0
-31.0
-31.0
2.0
-14.0
-17.0
0.0
14.0
27.0
7.0
1.0
27.0
-10.0
5.0
-11.0
-13.0
-16.0
-33.0
2.0
-23.0
17.0
-13.0
-32.0
-22.0
0.0
-8.0
-45.0
24.0
29.0
7.0
22.0
-9.0
-17.0
-20.0
-29.0
-31.0
-25.0
8.0
-25.0
-31.0
-92.0
-39.0
36.0
-21.0
21.0
20.0
53.0
57.0
62.0
31.0
12.0
18.0
3.0
-10.0
-1.0
0.0
-12.0
22.0
-20.0
-45.0
-24.0
-6.0
-18.0
-10.0
-7.0
-4.0
4.0
-12.0
-9.0
-1.0
-17.0
-2.0
9.0
-8.0
7.0
5.0
9.0
-15.0
-6.0
12.0
-10.0
32.0
22.0
21.0
7.0
7.0
13.0
25.0
7.0
-12.0
15.0
26.0
-5.0
-12.0
-40.0
-40.0
-34.0
-6.0
-55.0
-34.0
-14.0
-4.0
13.0
15.0
11.0
13.0
-3.0
15.0
-13.0
-16.0
7.0
21.0
8.0
0.0
11.0
12.0
-12.0
-7.0
-10.0
-23.0
3.0
-30.0
-22.0
11.0
8.0
6.0
-54.0
0.0
-73.0
-84.0
-16.0
56.0
34.0
29.0
66.0
64.0
20.0
13.0
-21.0
-29.0
-54.0
-27.0
13.0
25.0
-9.0
-11.0
22.0
-6.0
-25.0
-18.0
-35.0
25.0
27.0
19.0
-47.0
-47.0
18.0
40.0
55.0
19.0
-4.0
-44.0
-48.0
-45.0
-29.0
-32.0
-4.0
20.0
21.0
-9.0
10.0
-22.0
26.0
24.0
19.0
17.0
0.0
-16.0
-7.0
12.0
-29.0
0.0
-32.0
-27.0
-10.0
-9.0
-2.0
8.0
-14.0
-27.0
-47.0
-5.0
19.0
24.0
-13.0
-13.0
-7.0
-32.0
-21.0
-23.0
20.0
17.0
14.0
0.0
-30.0
-30.0
4.0
13.0
4.0
-16.0
-12.0
19.0
5.0
-10.0
-21.0
-24.0
-39.0
-41.0
-15.0
-48.0
-35.0
-35.0
33.0
27.0
-18.0
-20.0
-16.0
55.0
45.0
43.0
12.0
-20.0
-52.0
-8.0
30.0
28.0
-20.0
-23.0
-4.0
23.0
18.0
12.0
-13.0
-33.0
-33.0
-35.0
6.0
4.0
-19.0
-32.0
-28.0
23.0
-14.0
20.0
-7.0
-3.0
3.0
-7.0
-13.0
21.0
23.0
15.0
-39.0
6.0
-15.0
-15.0
18.0
8.0
-7.0
-34.0
-66.0
-93.0
-17.0
14.0
7.0
3.0
3.0
45.0
-25.0
10.0
-11.0
6.0
39.0
29.0
-7.0
-5.0
18.0
8.0
13.0
-42.0
-17.0
-13.0
-19.0
18.0
13.0
9.0
-9.0
-33.0
1.0
-30.0
-3.0
7.0
-9.0
-3.0
-23.0
-23.0
-23.0
2.0
14.0
23.0
8.0
-10.0
-3.0
-26.0
-108.0
-113.0
-125.0
21.0
57.0
38.0
24.0
7.0
17.0
-2.0
7.0
8.0
22.0
-4.0
-19.0
-17.0
-11.0
-20.0
-19.0
-15.0
-15.0
-23.0
-28.0
-25.0
-2.0
-6.0
4.0
-5.0
-8.0
-9.0
-9.0
-5.0
10.0
20.0
-20.0
-24.0
8.0
-13.0
15.0
-9.0
-21.0
-24.0
-17.0
-17.0
22.0
-38.0
16.0
-20.0
-5.0
7.0
12.0
7.0
-15.0
4.0
2.0
-27.0
-25.0
-64.0
-59.0
5.0
17.0
20.0
8.0
14.0
-10.0
-17.0
-14.0
28.0
11.0
33.0
27.0
28.0
-67.0
-44.0
-17.0
-48.0
-18.0
-25.0
3.0
-22.0
25.0
28.0
44.0
4.0
-13.0
15.0
9.0
17.0
-55.0
-20.0
16.0
20.0
15.0
29.0
4.0
30.0
22.0
-16.0
-37.0
13.0
-16.0
-18.0
-52.0
-82.0
-7.0
22.0
2.0
3.0
11.0
-31.0
-11.0
-13.0
-12.0
-17.0
-15.0
47.0
46.0
-8.0
-98.0
-70.0
40.0
42.0
7.0
8.0
39.0
18.0
25.0
37.0
0.0
-35.0
-15.0
-13.0
-15.0
9.0
-26.0
-9.0
0.0
-22.0
-38.0
-14.0
-1.0
2.0
-1.0
-13.0
-7.0
-37.0
-24.0
-85.0
-8.0
-43.0
21.0
26.0
1.0
52.0
48.0
18.0
33.0
29.0
2.0
2.0
-30.0
-35.0
-26.0
-30.0
22.0
-10.0
24.0
29.0
16.0
-13.0
5.0
7.0
2.0
-8.0
13.0
8.0
4.0
-2.0
-42.0
-28.0
-10.0
-12.0
-2.0
-20.0
-19.0
4.0
-4.0
35.0
35.0
17.0
-11.0
-13.0
-2.0
-17.0
11.0
-2.0
15.0
-3.0
-48.0
-54.0
7.0
10.0
-6.0
-2.0
-26.0
-4.0
-32.0
-14.0
-4.0
-7.0
-30.0
-31.0
4.0
-7.0
8.0
21.0
24.0
0.0
-28.0
-13.0
-10.0
-6.0
6.0
7.0
12.0
-30.0
4.0
-15.0
-14.0
0.0
26.0
26.0
-9.0
3.0
-14.0
-12.0
-18.0
-88.0
-12.0
-7.0
6.0
16.0
5.0
21.0
11.0
-6.0
24.0
26.0
15.0
13.0
-21.0
-28.0
-51.0
-33.0
12.0
59.0
4.0
27.0
4.0
-17.0
0.0
-4.0
3.0
-54.0
7.0
-35.0
-15.0
8.0
25.0
0.0
23.0
17.0
-29.0
22.0
-4.0
5.0
18.0
-5.0
-4.0
0.0
-33.0
-32.0
-59.0
6.0
-16.0
-14.0
0.0
4.0
-7.0
-26.0
4.0
7.0
-35.0
5.0
-5.0
-23.0
-36.0
16.0
2.0
1.0
18.0
14.0
-14.0
-22.0
-1.0
-15.0
74.0
26.0
11.0
-31.0
-28.0
-28.0
-36.0
10.0
8.0
-11.0
-3.0
-27.0
1.0
20.0
-9.0
-13.0
4.0
-13.0
-40.0
-6.0
37.0
7.0
-34.0
10.0
-41.0
-53.0
-4.0
-29.0
23.0
18.0
41.0
8.0
30.0
-14.0
49.0
51.0
13.0
4.0
-13.0
-34.0
-35.0
6.0
-3.0
0.0
17.0
17.0
15.0
-7.0
-20.0
-3.0
-14.0
-71.0
-93.0
-95.0
-19.0
-20.0
33.0
68.0
-12.0
-119.0
-85.0
3.0
51.0
76.0
65.0
66.0
37.0
34.0
37.0
9.0
16.0
13.0
4.0
1.0
-17.0
-17.0
-54.0
-26.0
-27.0
-9.0
-24.0
-20.0
-13.0
-8.0
1.0
2.0
-3.0
-9.0
5.0
21.0
5.0
-4.0
-1.0
-17.0
-4.0
0.0
-7.0
-15.0
-25.0
-19.0
-8.0
-16.0
-6.0
0.0
15.0
18.0
5.0
-19.0
-14.0
23.0
0.0
2.0
-11.0
-39.0
-53.0
-51.0
-31.0
-14.0
8.0
32.0
-8.0
2.0
-7.0
29.0
1.0
1.0
-7.0
-2.0
9.0
7.0
-5.0
-3.0
-76.0
-46.0
-31.0
-33.0
-22.0
5.0
-27.0
3.0
-10.0
21.0
37.0
31.0
-7.0
-7.0
23.0
15.0
0.0
-11.0
-28.0
10.0
20.0
3.0
8.0
14.0
19.0
-5.0
-14.0
-28.0
-11.0
14.0
-1.0
9.0
-1.0
-4.0
-26.0
-12.0
-42.0
-3.0
-20.0
18.0
-7.0
-9.0
-10.0
-7.0
-32.0
-9.0
-35.0
-15.0
28.0
6.0
11.0
-15.0
-21.0
-23.0
-22.0
6.0
39.0
-5.0
-30.0
-8.0
24.0
8.0
-8.0
-9.0
16.0
-7.0
-3.0
-17.0
-21.0
10.0
-11.0
-15.0
7.0
2.0
-15.0
-9.0
-27.0
14.0
-2.0
-13.0
19.0
24.0
4.0
5.0
-32.0
-34.0
-14.0
-13.0
-22.0
0.0
-90.0
8.0
33.0
32.0
38.0
26.0
3.0
-27.0
2.0
-40.0
7.0
12.0
2.0
6.0
8.0
14.0
21.0
-6.0
1.0
-10.0
-36.0
2.0
-40.0
-38.0
-84.0
-56.0
-74.0
-11.0
42.0
47.0
66.0
41.0
34.0
28.0
11.0
5.0
-22.0
11.0
-44.0
2.0
-2.0
-9.0
-16.0
-12.0
-7.0
-9.0
-12.0
1.0
-4.0
-30.0
-6.0
-33.0
-17.0
-13.0
-2.0
9.0
10.0
12.0
6.0
-9.0
-11.0
1.0
0.0
-4.0
19.0
15.0
13.0
30.0
-17.0
-15.0
-17.0
3.0
-11.0
-7.0
10.0
1.0
-28.0
-4.0
17.0
0.0
-20.0
-11.0
-5.0
-10.0
-3.0
-10.0
-5.0
-27.0
-26.0
10.0
-2.0
22.0
-2.0
-2.0
-1.0
-15.0
-13.0
-22.0
-20.0
-36.0
-49.0
36.0
34.0
35.0
32.0
-9.0
-3.0
-40.0
4.0
-26.0
-21.0
-6.0
0.0
2.0
2.0
0.0
-17.0
-18.0
10.0
0.0
24.0
-1.0
1.0
4.0
-5.0
-6.0
-21.0
-15.0
-28.0
-13.0
-25.0
-11.0
6.0
9.0
38.0
13.0
-5.0
-17.0
-40.0
-22.0
-2.0
-23.0
-22.0
-31.0
-121.0
9.0
50.0
42.0
7.0
15.0
20.0
16.0
5.0
3.0
-7.0
-13.0
12.0
-3.0
-20.0
11.0
-11.0
-49.0
-19.0
-19.0
-52.0
46.0
22.0
31.0
13.0
-4.0
-13.0
31.0
6.0
7.0
9.0
-8.0
-3.0
-6.0
-7.0
-20.0
-48.0
14.0
-17.0
-20.0
-3.0
-1.0
-43.0
28.0
-23.0
-4.0
-90.0
16.0
55.0
63.0
57.0
20.0
30.0
14.0
3.0
20.0
-21.0
-10.0
-44.0
-43.0
-8.0
-4.0
-57.0
0.0
-9.0
8.0
-10.0
14.0
-48.0
-46.0
18.0
13.0
21.0
-22.0
-12.0
2.0
33.0
-13.0
-31.0
-39.0
-30.0
-17.0
12.0
13.0
24.0
-1.0
2.0
-17.0
1.0
-10.0
-1.0
-7.0
11.0
6.0
-30.0
-48.0
19.0
-23.0
-79.0
-85.0
-53.0
-21.0
8.0
12.0
4.0
24.0
-2.0
-24.0
20.0
17.0
26.0
8.0
19.0
-14.0
-28.0
-8.0
-10.0
-15.0
-49.0
-52.0
-5.0
-10.0
14.0
20.0
-7.0
31.0
-29.0
0.0
39.0
27.0
9.0
-16.0
-20.0
-48.0
-13.0
-29.0
4.0
13.0
13.0
10.0
-41.0
-16.0
-32.0
-12.0
-17.0
-16.0
-11.0
1.0
-4.0
0.0
7.0
13.0
-2.0
16.0
-11.0
-13.0
-47.0
-47.0
-9.0
-7.0
18.0
-2.0
59.0
-13.0
51.0
-76.0
-39.0
18.0
-5.0
2.0
-15.0
-8.0
-4.0
12.0
5.0
2.0
-11.0
-27.0
-46.0
-45.0
-15.0
7.0
2.0
4.0
-50.0
-40.0
24.0
-10.0
18.0
13.0
-2.0
1.0
10.0
15.0
4.0
7.0
-24.0
-35.0
-8.0
-7.0
-3.0
-19.0
7.0
42.0
48.0
24.0
17.0
50.0
-43.0
-39.0
-40.0
-37.0
-51.0
-3.0
3.0
-1.0
12.0
-4.0
-5.0
0.0
-4.0
-3.0
-9.0
3.0
-11.0
-37.0
-1.0
3.0
-2.0
5.0
6.0
2.0
3.0
-3.0
-24.0
-3.0
32.0
-5.0
21.0
24.0
-30.0
-36.0
-42.0
-79.0
-5.0
-17.0
18.0
20.0
2.0
1.0
-23.0
-7.0
-2.0
1.0
6.0
-4.0
3.0
-11.0
-25.0
-20.0
1.0
15.0
24.0
4.0
2.0
-37.0
3.0
8.0
13.0
15.0
-25.0
-22.0
-1.0
-26.0
-7.0
-22.0
22.0
7.0
14.0
9.0
-18.0
-36.0
7.0
-26.0
-4.0
0.0
1.0
16.0
-3.0
-5.0
-14.0
-11.0
-44.0
-32.0
38.0
21.0
49.0
1.0
1.0
8.0
-31.0
-36.0
-17.0
-15.0
-11.0
-2.0
23.0
20.0
13.0
12.0
3.0
-28.0
14.0
13.0
7.0
11.0
14.0
-6.0
-7.0
-2.0
14.0
5.0
-5.0
-18.0
-5.0
3.0
-35.0
0.0
-22.0
-16.0
-60.0
23.0
-5.0
17.0
-31.0
-25.0
4.0
-8.0
6.0
2.0
-43.0
10.0
51.0
-15.0
18.0
2.0
14.0
-9.0
19.0
24.0
-20.0
21.0
17.0
6.0
-15.0
-14.0
-2.0
-19.0
-2.0
-5.0
-10.0
-15.0
-19.0
5.0
5.0
0.0
0.0
7.0
-33.0
-39.0
0.0
58.0
39.0
25.0
-7.0
-3.0
-22.0
-46.0
14.0
10.0
-8.0
3.0
1.0
-12.0
-20.0
-19.0
-8.0
-34.0
-39.0
-36.0
-5.0
-13.0
-12.0
-20.0
-50.0
-61.0
2.0
-24.0
28.0
30.0
46.0
38.0
7.0
10.0
37.0
18.0
41.0
1.0
5.0
8.0
1.0
-8.0
-31.0
-30.0
6.0
-18.0
4.0
-12.0
19.0
22.0
-6.0
-17.0
-37.0
7.0
-61.0
-1.0
-18.0
28.0
-5.0
-4.0
-10.0
-22.0
-19.0
3.0
-17.0
11.0
10.0
-4.0
-9.0
-9.0
-28.0
-23.0
-21.0
-4.0
33.0
36.0
29.0
24.0
2.0
-2.0
-6.0
-8.0
-16.0
-18.0
-25.0
3.0
9.0
-22.0
-35.0
-29.0
-24.0
0.0
11.0
12.0
0.0
13.0
-24.0
-13.0
-4.0
-10.0
-3.0
-29.0
-36.0
-5.0
-6.0
-6.0
-36.0
-55.0
6.0
6.0
28.0
15.0
-25.0
15.0
13.0
30.0
-2.0
20.0
-18.0
-10.0
18.0
-2.0
26.0
-18.0
-44.0
12.0
0.0
25.0
29.0
30.0
48.0
-2.0
-70.0
-76.0
-45.0
-15.0
30.0
35.0
35.0
34.0
11.0
-23.0
-21.0
-12.0
-21.0
-11.0
-40.0
-32.0
-5.0
-2.0
13.0
16.0
-6.0
-31.0
0.0
5.0
-7.0
19.0
-11.0
-5.0
-17.0
-20.0
-33.0
-16.0
-6.0
-25.0
-30.0
-77.0
-39.0
-38.0
-50.0
-50.0
-53.0
-40.0
14.0
83.0
64.0
57.0
39.0
41.0
48.0
38.0
15.0
41.0
30.0
14.0
24.0
-17.0
-36.0
-30.0
-35.0
-52.0
3.0
-31.0
-16.0
-16.0
-28.0
2.0
-121.0
-124.0
-84.0
29.0
38.0
58.0
16.0
21.0
14.0
-9.0
7.0
5.0
-31.0
-4.0
-79.0
-56.0
32.0
22.0
45.0
-8.0
-8.0
-9.0
29.0
46.0
19.0
-22.0
23.0
6.0
-17.0
-17.0
-30.0
-27.0
-18.0
-26.0
4.0
-39.0
-11.0
-9.0
-9.0
-3.0
11.0
11.0
-59.0
17.0
44.0
46.0
21.0
-9.0
-7.0
-39.0
-38.0
-33.0
-20.0
-9.0
-16.0
-17.0
4.0
-15.0
-34.0
-60.0
-70.0
-62.0
-14.0
32.0
42.0
7.0
24.0
31.0
-21.0
-18.0
-35.0
-28.0
5.0
7.0
-46.0
-63.0
5.0
53.0
36.0
5.0
-121.0
-128.0
-158.0
-78.0
61.0
83.0
43.0
21.0
12.0
-40.0
-18.0
-18.0
-3.0
27.0
60.0
48.0
55.0
31.0
34.0
-35.0
-36.0
-42.0
-26.0
-39.0
-35.0
-5.0
13.0
34.0
-35.0
2.0
-53.0
-48.0
12.0
-27.0
6.0
-29.0
-2.0
28.0
10.0
-7.0
-7.0
-13.0
-50.0
-27.0
11.0
-8.0
0.0
24.0
20.0
-51.0
44.0
44.0
-17.0
-20.0
20.0
18.0
-31.0
-71.0
-48.0
18.0
-7.0
-10.0
-14.0
-14.0
-2.0
0.0
-8.0
-6.0
13.0
11.0
6.0
8.0
-13.0
-17.0
8.0
-1.0
-10.0
-5.0
-9.0
-15.0
22.0
20.0
-2.0
-7.0
-9.0
7.0
-31.0
-12.0
-20.0
5.0
21.0
19.0
-20.0
23.0
3.0
-1.0
30.0
35.0
32.0
8.0
-17.0
-18.0
-30.0
-48.0
-18.0
18.0
12.0
-4.0
-6.0
-10.0
0.0
-3.0
-22.0
-36.0
-51.0
-31.0
-7.0
17.0
-70.0
-133.0
-90.0
-84.0
18.0
67.0
32.0
93.0
-14.0
11.0
-13.0
-11.0
-10.0
-6.0
1.0
25.0
38.0
38.0
-9.0
-52.0
-29.0
1.0
-9.0
-6.0
16.0
-4.0
-12.0
8.0
-34.0
18.0
11.0
0.0
-15.0
-10.0
-12.0
5.0
-25.0
-18.0
-17.0
-24.0
2.0
-24.0
39.0
46.0
-8.0
50.0
63.0
7.0
30.0
4.0
-4.0
-14.0
-21.0
-29.0
3.0
-17.0
-8.0
-13.0
-25.0
-3.0
29.0
-15.0
-7.0
1.0
-15.0
-3.0
-9.0
-30.0
-2.0
-27.0
-37.0
0.0
-8.0
-16.0
3.0
-13.0
-48.0
-18.0
3.0
13.0
-17.0
-5.0
-8.0
-3.0
-27.0
-46.0
-48.0
-19.0
21.0
58.0
-5.0
16.0
-3.0
-2.0
-2.0
17.0
-4.0
-6.0
23.0
21.0
-5.0
-63.0
11.0
11.0
-3.0
-12.0
-64.0
-15.0
23.0
-10.0
-32.0
53.0
2.0
-2.0
2.0
-8.0
0.0
-10.0
-26.0
-21.0
-50.0
-23.0
15.0
21.0
14.0
9.0
0.0
5.0
8.0
-12.0
-3.0
12.0
7.0
1.0
40.0
-32.0
-3.0
-19.0
-23.0
-31.0
-5.0
-22.0
-30.0
-33.0
-23.0
5.0
13.0
6.0
-17.0
-13.0
-6.0
0.0
-3.0
-5.0
-3.0
2.0
-31.0
-16.0
20.0
13.0
8.0
-7.0
-17.0
-10.0
-18.0
4.0
-8.0
2.0
4.0
-18.0
-38.0
24.0
9.0
6.0
2.0
-20.0
17.0
-21.0
-51.0
-40.0
-36.0
4.0
7.0
8.0
28.0
26.0
30.0
21.0
33.0
-18.0
-38.0
-11.0
-15.0
-17.0
-12.0
-62.0
-23.0
-11.0
-25.0
69.0
31.0
46.0
10.0
11.0
18.0
0.0
-3.0
-3.0
3.0
-16.0
-19.0
-49.0
-21.0
-25.0
3.0
5.0
13.0
3.0
-42.0
-68.0
-37.0
16.0
40.0
39.0
48.0
32.0
-16.0
-22.0
-28.0
17.0
-23.0
-33.0
-36.0
-37.0
-24.0
-48.0
-50.0
-13.0
44.0
13.0
-14.0
12.0
-18.0
-5.0
3.0
18.0
17.0
11.0
12.0
10.0
33.0
-14.0
4.0
4.0
18.0
13.0
-33.0
-44.0
-19.0
-11.0
2.0
-7.0
-26.0
-35.0
-42.0
-67.0
-25.0
-11.0
-2.0
16.0
55.0
26.0
9.0
7.0
-9.0
-11.0
10.0
7.0
18.0
23.0
-10.0
15.0
9.0
13.0
-9.0
-18.0
13.0
6.0
-115.0
-41.0
29.0
13.0
8.0
15.0
9.0
16.0
-9.0
-22.0
-7.0
3.0
35.0
-13.0
-14.0
-13.0
-18.0
-9.0
-32.0
0.0
-30.0
-9.0
7.0
1.0
19.0
22.0
44.0
-12.0
-27.0
-28.0
-24.0
-64.0
-17.0
-7.0
19.0
13.0
-4.0
-36.0
-34.0
-16.0
47.0
28.0
20.0
7.0
-7.0
-5.0
15.0
-20.0
18.0
28.0
35.0
7.0
-29.0
-27.0
-49.0
-47.0
-32.0
-20.0
-44.0
26.0
-16.0
-18.0
25.0
36.0
25.0
16.0
-10.0
14.0
-3.0
-8.0
7.0
-16.0
-13.0
2.0
3.0
6.0
-27.0
-30.0
-28.0
-42.0
-34.0
11.0
-6.0
1.0
16.0
14.0
21.0
23.0
15.0
6.0
31.0
-18.0
39.0
-8.0
-40.0
-40.0
-17.0
-25.0
13.0
-54.0
-7.0
4.0
-9.0
-11.0
6.0
2.0
-24.0
-12.0
-34.0
-3.0
12.0
4.0
9.0
10.0
5.0
13.0
2.0
4.0
-5.0
3.0
-9.0
5.0
-36.0
6.0
-27.0
-26.0
-2.0
-12.0
9.0
-9.0
15.0
28.0
-31.0
-45.0
17.0
15.0
6.0
2.0
9.0
27.0
12.0
-9.0
-15.0
-58.0
-4.0
-5.0
-4.0
-1.0
26.0
-24.0
-7.0
24.0
-13.0
-2.0
7.0
9.0
-16.0
-23.0
1.0
-2.0
14.0
-33.0
-29.0
-8.0
28.0
28.0
-13.0
-28.0
0.0
24.0
10.0
28.0
24.0
7.0
-37.0
-42.0
-44.0
-33.0
-21.0
13.0
3.0
-32.0
-22.0
24.0
-4.0
-2.0
9.0
-15.0
-12.0
32.0
20.0
-18.0
5.0
-7.0
-61.0
-54.0
5.0
17.0
28.0
-7.0
6.0
19.0
28.0
3.0
-9.0
-7.0
-26.0
-5.0
14.0
-4.0
-14.0
4.0
-28.0
-6.0
4.0
4.0
-14.0
-6.0
-10.0
-19.0
-37.0
5.0
41.0
-24.0
11.0
16.0
-22.0
0.0
-14.0
-19.0
22.0
-4.0
-39.0
8.0
18.0
15.0
24.0
35.0
29.0
-19.0
-41.0
-8.0
-15.0
-3.0
-3.0
-1.0
-26.0
-34.0
-13.0
-26.0
-35.0
-3.0
-35.0
8.0
1.0
5.0
30.0
29.0
18.0
-1.0
43.0
29.0
20.0
-33.0
-27.0
-25.0
-6.0
-32.0
-49.0
-1.0
43.0
16.0
7.0
44.0
27.0
24.0
9.0
-3.0
-35.0
-17.0
-37.0
-18.0
-5.0
7.0
-15.0
-15.0
-5.0
-3.0
11.0
-12.0
-39.0
-92.0
-59.0
-11.0
18.0
18.0
35.0
11.0
12.0
18.0
11.0
-8.0
-13.0
-2.0
8.0
6.0
19.0
-2.0
-2.0
5.0
-5.0
32.0
24.0
13.0
-9.0
-5.0
-2.0
-24.0
-41.0
-24.0
-10.0
39.0
31.0
1.0
-17.0
-19.0
-31.0
9.0
-4.0
-83.0
-32.0
-25.0
43.0
48.0
41.0
38.0
12.0
8.0
-18.0
-18.0
-18.0
-13.0
4.0
-67.0
-29.0
-31.0
2.0
9.0
-13.0
-11.0
-7.0
-10.0
-17.0
4.0
29.0
24.0
18.0
-3.0
-4.0
-35.0
-54.0
-15.0
14.0
8.0
-7.0
-14.0
-4.0
-70.0
37.0
52.0
42.0
13.0
12.0
13.0
2.0
0.0
-30.0
-31.0
-28.0
-27.0
18.0
-23.0
23.0
5.0
1.0
-3.0
-15.0
-42.0
0.0
-27.0
-1.0
13.0
9.0
3.0
-13.0
-16.0
23.0
-21.0
-1.0
-13.0
20.0
27.0
-4.0
-20.0
2.0
-5.0
15.0
3.0
-16.0
12.0
20.0
-23.0
-16.0
-1.0
-2.0
-6.0
-37.0
-20.0
-26.0
-12.0
-29.0
-1.0
16.0
-1.0
-69.0
-63.0
4.0
28.0
25.0
18.0
14.0
5.0
8.0
-15.0
-4.0
-4.0
-12.0
-31.0
20.0
20.0
-30.0
-33.0
-56.0
-95.0
-9.0
-5.0
26.0
39.0
53.0
19.0
1.0
-34.0
-51.0
-27.0
21.0
20.0
32.0
-9.0
-4.0
-10.0
-11.0
-11.0
-2.0
23.0
17.0
11.0
-28.0
15.0
-35.0
20.0
-16.0
2.0
-2.0
4.0
-38.0
-36.0
-78.0
-39.0
-12.0
-24.0
22.0
-10.0
-13.0
52.0
13.0
9.0
0.0
-37.0
-46.0
-38.0
-42.0
-76.0
18.0
49.0
68.0
67.0
53.0
57.0
-46.0
-50.0
-51.0
8.0
80.0
73.0
75.0
75.0
52.0
20.0
44.0
18.0
-16.0
-18.0
-57.0
-42.0
-31.0
-29.0
-4.0
9.0
6.0
5.0
5.0
-13.0
-14.0
-12.0
-51.0
-52.0
-79.0
-25.0
23.0
14.0
10.0
7.0
-4.0
25.0
5.0
8.0
-27.0
-2.0
-61.0
-50.0
17.0
6.0
-10.0
18.0
33.0
28.0
8.0
31.0
-9.0
-33.0
-5.0
-31.0
-83.0
-13.0
7.0
10.0
-3.0
-11.0
22.0
28.0
26.0
29.0
-20.0
-11.0
-3.0
-5.0
-47.0
-52.0
19.0
3.0
6.0
-58.0
-33.0
2.0
7.0
9.0
3.0
72.0
14.0
-26.0
-47.0
34.0
15.0
5.0
-8.0
-7.0
-17.0
-74.0
-41.0
25.0
20.0
21.0
-5.0
-22.0
9.0
16.0
-30.0
-1.0
19.0
26.0
53.0
35.0
-1.0
-29.0
-93.0
-97.0
-108.0
-34.0
-8.0
26.0
-6.0
-8.0
-21.0
-6.0
63.0
59.0
60.0
54.0
28.0
-12.0
0.0
-19.0
3.0
-49.0
-18.0
-19.0
-30.0
4.0
-4.0
15.0
9.0
-20.0
-2.0
10.0
-7.0
-5.0
19.0
27.0
-20.0
-29.0
-9.0
29.0
-12.0
-5.0
-13.0
-13.0
-9.0
14.0
-37.0
-53.0
-7.0
-1.0
-6.0
-14.0
6.0
8.0
-19.0
-10.0
-8.0
-10.0
-27.0
-17.0
-29.0
-8.0
2.0
6.0
24.0
12.0
2.0
8.0
3.0
26.0
-20.0
-21.0
-2.0
-5.0
-71.0
-35.0
-33.0
-17.0
40.0
9.0
-6.0
-39.0
-9.0
-5.0
-3.0
-3.0
-13.0
14.0
-5.0
4.0
48.0
3.0
7.0
15.0
-16.0
25.0
42.0
-7.0
15.0
-14.0
-22.0
-4.0
22.0
23.0
11.0
9.0
-16.0
-22.0
-27.0
-8.0
-6.0
-24.0
7.0
3.0
7.0
-19.0
-11.0
7.0
-18.0
-14.0
-18.0
-16.0
4.0
9.0
-23.0
3.0
-25.0
-7.0
-4.0
19.0
-54.0
3.0
-15.0
-19.0
-24.0
2.0
22.0
37.0
8.0
2.0
21.0
8.0
-15.0
-18.0
-29.0
11.0
6.0
11.0
1.0
-9.0
1.0
-22.0
-11.0
-8.0
-3.0
6.0
-22.0
-33.0
-39.0
28.0
-9.0
11.0
-29.0
-25.0
-14.0
12.0
15.0
17.0
-11.0
-10.0
-5.0
-16.0
2.0
8.0
12.0
-11.0
8.0
-13.0
-3.0
-26.0
-24.0
-18.0
-3.0
7.0
12.0
-8.0
6.0
-35.0
-16.0
0.0
-54.0
-48.0
-43.0
-52.0
-2.0
9.0
29.0
0.0
32.0
64.0
16.0
12.0
6.0
9.0
-5.0
-47.0
-58.0
-46.0
7.0
20.0
21.0
20.0
9.0
14.0
0.0
-39.0
-19.0
0.0
-19.0
-33.0
-19.0
-11.0
-21.0
-24.0
10.0
11.0
-33.0
-5.0
4.0
24.0
46.0
-35.0
5.0
-2.0
-68.0
-4.0
39.0
38.0
9.0
-12.0
0.0
-30.0
-13.0
-16.0
-63.0
-51.0
-19.0
-15.0
-15.0
21.0
60.0
22.0
-1.0
-6.0
15.0
-8.0
13.0
17.0
31.0
-35.0
-16.0
-17.0
-28.0
-30.0
-10.0
-43.0
-18.0
-3.0
4.0
-5.0
28.0
20.0
-5.0
0.0
-5.0
-39.0
-4.0
-53.0
-19.0
33.0
28.0
-37.0
-9.0
-5.0
-45.0
4.0
-33.0
12.0
-5.0
36.0
7.0
4.0
-16.0
-18.0
7.0
7.0
32.0
0.0
-20.0
-29.0
-16.0
-30.0
-50.0
-44.0
-43.0
16.0
-16.0
-29.0
-22.0
6.0
18.0
-6.0
9.0
12.0
3.0
26.0
37.0
-6.0
23.0
11.0
-6.0
0.0
17.0
16.0
4.0
-5.0
-9.0
-41.0
-30.0
2.0
-5.0
0.0
-7.0
-13.0
0.0
-3.0
-24.0
-14.0
13.0
-17.0
-25.0
32.0
22.0
23.0
-16.0
3.0
9.0
27.0
8.0
-10.0
-4.0
-47.0
-31.0
-32.0
5.0
-12.0
1.0
-52.0
-37.0
13.0
23.0
11.0
-5.0
-7.0
24.0
18.0
11.0
-4.0
16.0
-6.0
-2.0
8.0
-31.0
-33.0
-25.0
-19.0
15.0
18.0
2.0
8.0
-22.0
-2.0
-5.0
-6.0
7.0
-6.0
7.0
-5.0
-22.0
-24.0
-3.0
-16.0
-22.0
-25.0
-7.0
0.0
-2.0
12.0
23.0
2.0
-20.0
-13.0
29.0
16.0
6.0
-21.0
11.0
-10.0
-39.0
-99.0
-54.0
8.0
42.0
38.0
24.0
18.0
22.0
-12.0
-29.0
4.0
22.0
14.0
-15.0
-11.0
-8.0
1.0
-17.0
-33.0
20.0
-40.0
-10.0
11.0
16.0
17.0
6.0
1.0
-10.0
9.0
-29.0
-42.0
12.0
-21.0
0.0
-5.0
7.0
-32.0
-25.0
5.0
3.0
-52.0
-38.0
-3.0
-79.0
-75.0
32.0
-9.0
16.0
34.0
-3.0
38.0
9.0
-4.0
18.0
20.0
-2.0
26.0
7.0
12.0
-24.0
-59.0
-1.0
4.0
4.0
4.0
12.0
-41.0
-2.0
-5.0
-17.0
-9.0
6.0
-15.0
-8.0
-7.0
-31.0
-18.0
21.0
0.0
5.0
17.0
15.0
35.0
-18.0
-23.0
-7.0
-14.0
-1.0
-6.0
-21.0
-43.0
-6.0
14.0
3.0
-2.0
-4.0
10.0
21.0
-6.0
3.0
-15.0
-1.0
-37.0
14.0
22.0
18.0
7.0
15.0
11.0
-52.0
16.0
9.0
-9.0
-24.0
-28.0
-9.0
-16.0
-40.0
-17.0
-45.0
-3.0
-7.0
8.0
-17.0
-21.0
26.0
13.0
13.0
18.0
-8.0
-47.0
27.0
20.0
26.0
29.0
33.0
4.0
-15.0
-4.0
-4.0
13.0
-22.0
-31.0
-31.0
-33.0
-32.0
-9.0
-22.0
-4.0
27.0
29.0
-11.0
-24.0
-1.0
-2.0
-8.0
-7.0
-13.0
-32.0
8.0
-3.0
4.0
-18.0
-29.0
-28.0
-15.0
3.0
20.0
-6.0
13.0
-27.0
-13.0
15.0
2.0
1.0
5.0
13.0
-24.0
-33.0
-20.0
-7.0
-41.0
39.0
52.0
47.0
80.0
40.0
1.0
-48.0
-26.0
-12.0
-4.0
29.0
19.0
18.0
-23.0
-22.0
-9.0
-81.0
-2.0
-23.0
-23.0
-15.0
3.0
4.0
21.0
46.0
38.0
27.0
25.0
2.0
-15.0
-13.0
-41.0
-42.0
-42.0
-18.0
-32.0
-7.0
-34.0
21.0
-2.0
7.0
16.0
10.0
19.0
15.0
4.0
1.0
10.0
-8.0
-75.0
-102.0
-83.0
-62.0
-59.0
24.0
59.0
55.0
9.0
-1.0
55.0
-3.0
-46.0
-52.0
-43.0
-48.0
11.0
27.0
7.0
20.0
0.0
-11.0
13.0
16.0
23.0
13.0
3.0
-10.0
7.0
-1.0
4.0
-4.0
15.0
24.0
33.0
-10.0
-28.0
-17.0
-27.0
-23.0
-20.0
16.0
-18.0
-18.0
0.0
-21.0
21.0
18.0
0.0
14.0
-4.0
-5.0
-5.0
-5.0
1.0
-4.0
-11.0
-29.0
-3.0
-12.0
6.0
-22.0
4.0
-3.0
9.0
-6.0
20.0
0.0
-8.0
-20.0
-23.0
-18.0
-4.0
-3.0
-15.0
-5.0
6.0
9.0
27.0
-32.0
-10.0
-10.0
12.0
8.0
-5.0
14.0
-20.0
-17.0
-21.0
26.0
0.0
-9.0
7.0
3.0
-10.0
-19.0
28.0
-21.0
18.0
9.0
-32.0
-9.0
34.0
37.0
13.0
30.0
29.0
1.0
0.0
-6.0
-10.0
-4.0
-22.0
-18.0
-33.0
-35.0
-24.0
-9.0
36.0
14.0
46.0
17.0
-41.0
-43.0
-11.0
-14.0
-2.0
3.0
0.0
-26.0
-27.0
37.0
11.0
15.0
-23.0
-27.0
-18.0
15.0
29.0
29.0
16.0
7.0
-53.0
-56.0
-44.0
-44.0
-3.0
15.0
-8.0
-31.0
-66.0
4.0
24.0
27.0
-2.0
-6.0
-22.0
-36.0
40.0
33.0
54.0
20.0
-4.0
-6.0
-12.0
-21.0
-32.0
-39.0
-27.0
-7.0
23.0
-17.0
-7.0
-8.0
1.0
12.0
-35.0
-22.0
32.0
24.0
0.0
-26.0
-7.0
-8.0
-62.0
-27.0
-1.0
-3.0
4.0
28.0
-33.0
22.0
-17.0
-20.0
0.0
11.0
-38.0
-7.0
-27.0
-49.0
-81.0
-32.0
6.0
3.0
14.0
60.0
49.0
48.0
44.0
24.0
-12.0
-16.0
-24.0
-24.0
-47.0
-18.0
-11.0
-12.0
-18.0
-30.0
-80.0
-9.0
35.0
37.0
35.0
14.0
-21.0
-9.0
16.0
3.0
19.0
1.0
-36.0
-28.0
-13.0
-4.0
-33.0
-12.0
11.0
6.0
2.0
-37.0
-28.0
-24.0
6.0
13.0
7.0
18.0
19.0
-4.0
10.0
-4.0
-29.0
-29.0
6.0
-7.0
5.0
11.0
10.0
4.0
-4.0
-19.0
-40.0
-43.0
7.0
-22.0
-38.0
-14.0
6.0
0.0
-17.0
9.0
16.0
15.0
-7.0
-1.0
11.0
31.0
-18.0
-7.0
-1.0
-17.0
-26.0
-18.0
-51.0
-34.0
4.0
7.0
18.0
-22.0
-33.0
-95.0
-7.0
2.0
33.0
57.0
39.0
25.0
17.0
18.0
-24.0
31.0
6.0
3.0
-9.0
8.0
-35.0
-33.0
-4.0
-11.0
-51.0
-15.0
30.0
32.0
9.0
7.0
-11.0
-71.0
-5.0
17.0
24.0
45.0
12.0
9.0
8.0
17.0
-19.0
-21.0
-17.0
-4.0
-5.0
-50.0
-18.0
-19.0
-5.0
-11.0
-46.0
-23.0
-3.0
-10.0
2.0
5.0
11.0
11.0
41.0
-76.0
-78.0
33.0
0.0
-6.0
6.0
-9.0
13.0
18.0
13.0
5.0
8.0
5.0
-43.0
-7.0
29.0
54.0
55.0
55.0
49.0
19.0
10.0
-16.0
13.0
-31.0
-44.0
-57.0
-17.0
-21.0
-8.0
16.0
3.0
27.0
25.0
-33.0
-35.0
0.0
-7.0
-9.0
-29.0
-45.0
-16.0
-38.0
-39.0
-54.0
-25.0
-17.0
-6.0
-4.0
4.0
23.0
7.0
-21.0
31.0
30.0
11.0
-24.0
-9.0
-6.0
-26.0
-19.0
2.0
-14.0
5.0
4.0
-22.0
10.0
7.0
10.0
-25.0
-40.0
-29.0
-1.0
-11.0
-21.0
10.0
33.0
22.0
18.0
11.0
-5.0
24.0
21.0
26.0
-2.0
-35.0
-15.0
18.0
11.0
10.0
5.0
23.0
23.0
-18.0
-93.0
-91.0
17.0
57.0
61.0
30.0
23.0
5.0
-20.0
-22.0
-10.0
11.0
-1.0
-16.0
-20.0
-28.0
-46.0
-42.0
-10.0
11.0
35.0
-10.0
-13.0
11.0
8.0
0.0
10.0
11.0
11.0
4.0
18.0
-16.0
-63.0
-35.0
-29.0
-17.0
-4.0
17.0
19.0
-19.0
-16.0
-7.0
-48.0
32.0
37.0
1.0
13.0
-21.0
-19.0
20.0
58.0
6.0
13.0
-14.0
-18.0
-18.0
-21.0
-49.0
25.0
4.0
22.0
13.0
-27.0
-42.0
-38.0
6.0
-3.0
0.0
0.0
3.0
-4.0
-49.0
-53.0
-3.0
-5.0
-13.0
28.0
10.0
9.0
22.0
-6.0
-48.0
-81.0
-21.0
-20.0
21.0
23.0
0.0
16.0
-8.0
-5.0
18.0
38.0
12.0
11.0
-14.0
-51.0
-39.0
-41.0
-13.0
-22.0
21.0
-26.0
7.0
3.0
50.0
46.0
30.0
2.0
-14.0
-34.0
-32.0
-139.0
-60.0
-54.0
-14.0
40.0
62.0
54.0
25.0
-17.0
-9.0
-67.0
-26.0
-22.0
34.0
10.0
-4.0
-3.0
-19.0
-72.0
4.0
52.0
33.0
27.0
40.0
6.0
-7.0
4.0
-23.0
-11.0
-22.0
-20.0
-11.0
-13.0
16.0
-20.0
-35.0
-2.0
39.0
19.0
-8.0
7.0
-23.0
-22.0
-34.0
11.0
0.0
41.0
21.0
-24.0
-35.0
-24.0
1.0
-5.0
0.0
-17.0
-15.0
-35.0
-33.0
-19.0
-10.0
-22.0
2.0
1.0
21.0
35.0
-6.0
-27.0
7.0
7.0
-3.0
-23.0
0.0
-7.0
12.0
8.0
-39.0
-60.0
-25.0
9.0
0.0
13.0
-5.0
-8.0
20.0
22.0
-2.0
4.0
12.0
3.0
-33.0
1.0
14.0
20.0
2.0
14.0
29.0
11.0
-54.0
-29.0
-16.0
15.0
18.0
24.0
0.0
-36.0
-6.0
-10.0
-9.0
17.0
-2.0
-54.0
-25.0
-25.0
-56.0
-61.0
-18.0
9.0
26.0
7.0
16.0
-5.0
-48.0
-38.0
-35.0
20.0
37.0
-11.0
-30.0
-47.0
-26.0
5.0
-19.0
-18.0
-1.0
23.0
20.0
49.0
39.0
-10.0
-9.0
17.0
11.0
7.0
-36.0
-3.0
-53.0
0.0
11.0
6.0
-3.0
-25.0
-34.0
-29.0
-24.0
-11.0
-43.0
-17.0
15.0
27.0
37.0
-44.0
-115.0
-111.0
-71.0
46.0
5.0
10.0
24.0
24.0
56.0
22.0
44.0
45.0
54.0
13.0
-6.0
-22.0
-38.0
-34.0
-29.0
-42.0
-25.0
-25.0
-28.0
-10.0
13.0
29.0
14.0
-75.0
-38.0
-26.0
26.0
33.0
33.0
28.0
23.0
16.0
-20.0
-2.0
17.0
4.0
7.0
8.0
-5.0
-17.0
-21.0
9.0
2.0
0.0
17.0
-2.0
11.0
5.0
-31.0
-11.0
-80.0
-60.0
4.0
-15.0
-36.0
-32.0
7.0
9.0
9.0
2.0
22.0
34.0
-9.0
12.0
7.0
-14.0
-12.0
-17.0
-29.0
7.0
-18.0
-41.0
-1.0
28.0
42.0
21.0
-3.0
-3.0
-25.0
-43.0
-18.0
-40.0
20.0
0.0
-17.0
25.0
20.0
16.0
-4.0
-6.0
9.0
4.0
-23.0
13.0
4.0
-1.0
9.0
13.0
-5.0
-13.0
-26.0
-14.0
-33.0
-9.0
-11.0
-49.0
-41.0
-40.0
-17.0
2.0
-36.0
-43.0
-35.0
56.0
74.0
70.0
32.0
30.0
-1.0
5.0
10.0
28.0
-15.0
27.0
38.0
-30.0
1.0
9.0
4.0
-7.0
5.0
-18.0
-7.0
-11.0
-3.0
4.0
-10.0
-8.0
-17.0
-16.0
-14.0
-35.0
0.0
-13.0
-19.0
-55.0
-33.0
-39.0
-54.0
-36.0
28.0
-11.0
7.0
18.0
20.0
15.0
14.0
11.0
4.0
-26.0
13.0
-27.0
-22.0
-4.0
13.0
11.0
44.0
49.0
4.0
15.0
13.0
-21.0
-13.0
-14.0
-17.0
5.0
9.0
11.0
-15.0
-22.0
-24.0
3.0
27.0
16.0
-17.0
-39.0
-22.0
-24.0
-29.0
-45.0
-19.0
-32.0
-10.0
2.0
1.0
23.0
35.0
32.0
22.0
26.0
34.0
28.0
5.0
24.0
-5.0
-12.0
-21.0
-23.0
-39.0
-66.0
-23.0
-5.0
12.0
1.0
5.0
-13.0
8.0
3.0
20.0
8.0
-50.0
-48.0
-38.0
6.0
-5.0
27.0
32.0
37.0
-6.0
2.0
-21.0
-3.0
-14.0
-19.0
-23.0
-28.0
-34.0
-32.0
-18.0
24.0
17.0
38.0
16.0
-16.0
-18.0
43.0
22.0
23.0
25.0
12.0
-20.0
-6.0
-2.0
-18.0
-20.0
-26.0
12.0
12.0
16.0
16.0
-53.0
-26.0
20.0
31.0
-1.0
-21.0
-35.0
-36.0
-5.0
-48.0
-20.0
-27.0
2.0
20.0
23.0
13.0
-13.0
-9.0
-2.0
22.0
9.0
0.0
0.0
-19.0
-42.0
-9.0
3.0
6.0
-4.0
-21.0
-3.0
10.0
-27.0
-2.0
-35.0
-16.0
0.0
5.0
32.0
54.0
-4.0
-24.0
-11.0
-4.0
-10.0
-39.0
-24.0
-23.0
-28.0
-26.0
-27.0
-33.0
-9.0
16.0
12.0
10.0
2.0
7.0
17.0
6.0
2.0
-29.0
8.0
26.0
-18.0
-20.0
-29.0
-29.0
-9.0
37.0
17.0
28.0
-4.0
-43.0
14.0
-11.0
4.0
2.0
-16.0
18.0
16.0
7.0
10.0
-22.0
-1.0
22.0
34.0
33.0
2.0
-14.0
-8.0
-38.0
-26.0
4.0
18.0
-29.0
-10.0
-7.0
-14.0
-10.0
14.0
24.0
7.0
-21.0
-26.0
-33.0
15.0
12.0
23.0
8.0
-17.0
-7.0
8.0
7.0
15.0
-15.0
-13.0
-9.0
-43.0
-7.0
22.0
17.0
22.0
12.0
-20.0
0.0
-52.0
-44.0
-16.0
-3.0
27.0
24.0
-7.0
-11.0
15.0
22.0
4.0
6.0
8.0
-8.0
-24.0
-36.0
-26.0
-36.0
32.0
-5.0
6.0
3.0
-2.0
-8.0
-22.0
-27.0
-57.0
-34.0
43.0
17.0
7.0
11.0
59.0
32.0
21.0
-43.0
-19.0
-57.0
-31.0
-34.0
15.0
16.0
9.0
24.0
34.0
30.0
19.0
-2.0
-35.0
-1.0
1.0
-4.0
-36.0
-17.0
-15.0
0.0
-65.0
-69.0
-72.0
-30.0
0.0
0.0
-1.0
70.0
72.0
38.0
-9.0
-37.0
-52.0
-32.0
-4.0
-1.0
-2.0
9.0
-32.0
-23.0
34.0
49.0
11.0
4.0
-21.0
-18.0
-23.0
-3.0
0.0
-14.0
-5.0
22.0
29.0
-26.0
-3.0
0.0
3.0
-9.0
-8.0
-20.0
-33.0
-17.0
-41.0
-22.0
9.0
10.0
16.0
-9.0
-15.0
-33.0
-4.0
-38.0
-15.0
-40.0
-28.0
-23.0
-11.0
7.0
24.0
12.0
-1.0
-2.0
-2.0
-10.0
16.0
17.0
5.0
16.0
28.0
33.0
2.0
-4.0
-93.0
-85.0
-3.0
1.0
26.0
36.0
19.0
29.0
38.0
-2.0
-35.0
-7.0
-12.0
-11.0
-18.0
14.0
14.0
-23.0
-45.0
-1.0
45.0
26.0
12.0
15.0
-8.0
-13.0
-9.0
39.0
40.0
18.0
-14.0
21.0
-7.0
-15.0
-63.0
-15.0
-32.0
-12.0
-22.0
-7.0
-37.0
-38.0
20.0
20.0
21.0
7.0
-6.0
-1.0
7.0
-11.0
-9.0
-13.0
3.0
-2.0
-25.0
-27.0
3.0
-11.0
5.0
1.0
-17.0
-16.0
18.0
18.0
24.0
1.0
2.0
11.0
-4.0
-7.0
-16.0
-2.0
20.0
18.0
15.0
-32.0
-19.0
-8.0
-14.0
-34.0
-22.0
-20.0
0.0
-1.0
0.0
-9.0
23.0
16.0
-10.0
-49.0
-37.0
9.0
-4.0
-4.0
17.0
48.0
56.0
20.0
34.0
29.0
5.0
7.0
6.0
1.0
-24.0
-30.0
4.0
-11.0
-10.0
-17.0
-8.0
-30.0
-40.0
-40.0
-12.0
-73.0
-54.0
-3.0
3.0
-19.0
-3.0
-24.0
-9.0
-14.0
-9.0
-44.0
-14.0
-1.0
34.0
9.0
2.0
33.0
4.0
-1.0
-31.0
-25.0
-28.0
-74.0
51.0
38.0
-1.0
10.0
-16.0
-18.0
1.0
-4.0
-28.0
49.0
28.0
3.0
0.0
-83.0
-103.0
-101.0
0.0
75.0
57.0
38.0
3.0
-24.0
-17.0
-22.0
-7.0
-12.0
13.0
41.0
34.0
33.0
-4.0
-12.0
-11.0
-11.0
-19.0
-16.0
-21.0
-32.0
-17.0
-13.0
-29.0
-1.0
8.0
10.0
12.0
13.0
-22.0
-22.0
2.0
-12.0
-17.0
19.0
4.0
-35.0
-6.0
-6.0
-11.0
-10.0
21.0
44.0
3.0
-18.0
-19.0
-14.0
-20.0
-19.0
9.0
-7.0
-1.0
-10.0
-28.0
-4.0
-22.0
-4.0
-3.0
-2.0
4.0
5.0
9.0
2.0
-1.0
0.0
-39.0
-33.0
12.0
12.0
40.0
19.0
3.0
-20.0
-11.0
-63.0
-7.0
16.0
41.0
42.0
9.0
-3.0
10.0
-7.0
-55.0
12.0
6.0
-15.0
4.0
4.0
13.0
21.0
-35.0
-48.0
-42.0
-50.0
-24.0
-58.0
14.0
16.0
31.0
49.0
36.0
-12.0
9.0
53.0
38.0
-2.0
-31.0
-38.0
-35.0
-35.0
-18.0
-13.0
-12.0
2.0
2.0
30.0
4.0
5.0
21.0
10.0
-18.0
-32.0
-31.0
-28.0
-20.0
-10.0
-10.0
-11.0
-13.0
-9.0
10.0
4.0
11.0
11.0
-14.0
2.0
-20.0
-20.0
-39.0
-2.0
8.0
-16.0
-24.0
10.0
13.0
-5.0
-2.0
0.0
7.0
7.0
-2.0
-19.0
-16.0
-25.0
-15.0
-4.0
32.0
28.0
6.0
3.0
-5.0
-6.0
-12.0
-14.0
-15.0
-32.0
7.0
12.0
-17.0
13.0
-2.0
-25.0
-17.0
22.0
-15.0
-7.0
-6.0
-4.0
-2.0
13.0
-5.0
-1.0
-4.0
2.0
14.0
-3.0
17.0
15.0
7.0
-14.0
-10.0
-7.0
-68.0
-20.0
8.0
30.0
9.0
10.0
20.0
-9.0
-12.0
2.0
6.0
39.0
33.0
20.0
-16.0
-12.0
-45.0
-37.0
-3.0
3.0
-29.0
-16.0
-2.0
17.0
-6.0
-5.0
-24.0
4.0
-24.0
-3.0
6.0
-21.0
-18.0
-4.0
-3.0
-4.0
-6.0
-25.0
-7.0
22.0
15.0
-10.0
16.0
-2.0
0.0
3.0
-21.0
-12.0
8.0
-7.0
-22.0
-3.0
0.0
-5.0
14.0
13.0
0.0
-62.0
-34.0
-75.0
45.0
22.0
-1.0
45.0
-33.0
-35.0
-86.0
-46.0
14.0
28.0
31.0
-2.0
-54.0
11.0
27.0
28.0
48.0
27.0
26.0
0.0
-15.0
-7.0
57.0
38.0
-9.0
-11.0
-29.0
-1.0
-24.0
-42.0
-21.0
-31.0
-11.0
-9.0
-39.0
-37.0
-17.0
-22.0
-2.0
6.0
37.0
0.0
-23.0
13.0
-56.0
-54.0
5.0
16.0
51.0
-28.0
-25.0
12.0
24.0
-3.0
11.0
7.0
-6.0
-26.0
-28.0
-6.0
-7.0
-9.0
-27.0
-9.0
-28.0
-29.0
-20.0
-9.0
14.0
-23.0
-32.0
-19.0
5.0
30.0
8.0
3.0
-6.0
-9.0
29.0
-6.0
-28.0
5.0
1.0
16.0
-11.0
-17.0
6.0
3.0
-24.0
0.0
1.0
-5.0
-29.0
-18.0
-13.0
-11.0
23.0
10.0
16.0
-32.0
-81.0
-69.0
-22.0
-18.0
-23.0
-18.0
49.0
49.0
34.0
48.0
42.0
-15.0
-34.0
-6.0
-7.0
-3.0
-7.0
25.0
19.0
-12.0
-25.0
-12.0
-8.0
-9.0
-79.0
-84.0
-110.0
-37.0
37.0
87.0
61.0
43.0
67.0
44.0
-12.0
-12.0
-22.0
-16.0
-1.0
5.0
16.0
8.0
-9.0
7.0
16.0
20.0
10.0
26.0
37.0
15.0
-15.0
-6.0
-16.0
-69.0
-51.0
-50.0
-51.0
-25.0
-2.0
6.0
43.0
43.0
-13.0
13.0
-18.0
-14.0
4.0
10.0
-20.0
-24.0
-18.0
-1.0
32.0
15.0
2.0
3.0
-1.0
-5.0
-29.0
-39.0
-37.0
7.0
-124.0
-88.0
-17.0
-16.0
35.0
75.0
114.0
61.0
51.0
-15.0
-5.0
20.0
-39.0
-37.0
-4.0
14.0
-30.0
-38.0
-32.0
-30.0
5.0
-47.0
-91.0
-84.0
-20.0
29.0
42.0
40.0
9.0
-2.0
-5.0
13.0
1.0
0.0
-8.0
-18.0
-42.0
-10.0
-32.0
2.0
-21.0
19.0
-14.0
-9.0
-15.0
4.0
-25.0
-35.0
-14.0
-9.0
-6.0
-4.0
0.0
-4.0
-12.0
21.0
11.0
0.0
-8.0
-1.0
15.0
-20.0
-14.0
-12.0
-16.0
-25.0
-41.0
-23.0
25.0
12.0
-19.0
-4.0
-49.0
-54.0
-31.0
30.0
37.0
6.0
-51.0
-37.0
-11.0
-33.0
10.0
11.0
9.0
16.0
8.0
-5.0
-3.0
41.0
45.0
68.0
25.0
30.0
35.0
20.0
-4.0
-5.0
-29.0
-16.0
-2.0
-89.0
-75.0
-75.0
-34.0
-41.0
44.0
72.0
59.0
21.0
-22.0
24.0
-12.0
-18.0
-27.0
-29.0
-7.0
11.0
-46.0
36.0
-21.0
-64.0
-33.0
-28.0
-4.0
67.0
68.0
29.0
-14.0
-18.0
-18.0
-15.0
-9.0
-10.0
-9.0
-29.0
-4.0
-4.0
-31.0
-12.0
-24.0
6.0
-39.0
-39.0
-33.0
-11.0
18.0
11.0
33.0
10.0
-12.0
-7.0
27.0
27.0
4.0
18.0
2.0
-33.0
-26.0
-1.0
-4.0
11.0
-6.0
-7.0
-18.0
-32.0
-62.0
-37.0
-86.0
32.0
-69.0
-26.0
8.0
10.0
67.0
47.0
36.0
31.0
9.0
26.0
21.0
-3.0
2.0
5.0
-25.0
0.0
-16.0
-45.0
-44.0
-21.0
-11.0
7.0
-28.0
-26.0
8.0
-72.0
-90.0
-51.0
4.0
41.0
29.0
27.0
23.0
17.0
13.0
25.0
49.0
16.0
-1.0
-15.0
-20.0
-7.0
25.0
25.0
14.0
-2.0
-23.0
-46.0
-54.0
-15.0
-7.0
-9.0
10.0
9.0
-4.0
-31.0
-44.0
-1.0
5.0
6.0
-29.0
-28.0
25.0
26.0
13.0
1.0
1.0
12.0
33.0
39.0
-4.0
39.0
9.0
8.0
-24.0
-9.0
15.0
-11.0
-24.0
-41.0
4.0
11.0
-44.0
-41.0
-12.0
24.0
8.0
10.0
8.0
18.0
-13.0
11.0
-28.0
-28.0
-19.0
-7.0
-48.0
-22.0
7.0
-18.0
-6.0
-5.0
-12.0
-12.0
13.0
24.0
11.0
19.0
7.0
-14.0
-26.0
0.0
1.0
2.0
-2.0
-37.0
-30.0
-13.0
-16.0
-22.0
-14.0
-7.0
-7.0
-1.0
30.0
-11.0
17.0
10.0
15.0
26.0
-15.0
-6.0
-47.0
-52.0
-25.0
-5.0
-16.0
9.0
17.0
-10.0
6.0
2.0
-32.0
-34.0
23.0
32.0
22.0
13.0
-12.0
-27.0
-2.0
-23.0
-19.0
-15.0
-15.0
-35.0
6.0
13.0
-9.0
-18.0
-22.0
-14.0
-6.0
-8.0
22.0
-39.0
-61.0
-44.0
1.0
65.0
22.0
32.0
11.0
8.0
13.0
3.0
-4.0
-28.0
-45.0
-8.0
-6.0
0.0
-20.0
-15.0
-16.0
-19.0
-10.0
-2.0
2.0
28.0
-4.0
17.0
15.0
19.0
-22.0
5.0
16.0
-35.0
15.0
-27.0
-3.0
28.0
10.0
8.0
7.0
-6.0
-68.0
-40.0
17.0
39.0
16.0
17.0
-23.0
-24.0
-44.0
-48.0
-4.0
37.0
13.0
-23.0
-14.0
-26.0
23.0
25.0
9.0
-13.0
-33.0
-29.0
-18.0
8.0
9.0
24.0
55.0
55.0
4.0
-15.0
-23.0
1.0
-13.0
-24.0
1.0
46.0
-14.0
-16.0
28.0
-11.0
8.0
-7.0
-61.0
-92.0
-43.0
2.0
-2.0
3.0
-12.0
10.0
0.0
12.0
15.0
23.0
19.0
12.0
30.0
26.0
-116.0
-44.0
-16.0
-8.0
8.0
16.0
30.0
48.0
38.0
32.0
-23.0
-59.0
-70.0
-38.0
-33.0
13.0
7.0
2.0
-41.0
-42.0
-16.0
-14.0
20.0
7.0
-24.0
-24.0
-8.0
-23.0
-3.0
-8.0
-45.0
-1.0
35.0
53.0
32.0
21.0
11.0
1.0
8.0
7.0
18.0
9.0
0.0
-3.0
-9.0
33.0
-22.0
-31.0
-51.0
-52.0
13.0
-1.0
23.0
9.0
-28.0
15.0
-3.0
48.0
11.0
9.0
-52.0
-52.0
-47.0
-1.0
-2.0
-20.0
10.0
21.0
-5.0
0.0
-12.0
-14.0
-34.0
-41.0
-33.0
-50.0
-64.0
-34.0
50.0
48.0
36.0
45.0
20.0
8.0
6.0
0.0
14.0
-40.0
-20.0
-19.0
-18.0
-45.0
26.0
127.0
72.0
24.0
0.0
-15.0
-1.0
-4.0
-36.0
-48.0
-9.0
-2.0
-29.0
-32.0
5.0
34.0
2.0
5.0
-23.0
-67.0
-9.0
36.0
3.0
-9.0
15.0
6.0
-1.0
-4.0
-6.0
11.0
-20.0
-23.0
7.0
-49.0
-67.0
-2.0
-2.0
0.0
16.0
67.0
19.0
28.0
-4.0
-22.0
-9.0
16.0
5.0
4.0
18.0
-4.0
-22.0
-13.0
-18.0
-13.0
8.0
-27.0
4.0
3.0
29.0
-8.0
-44.0
-43.0
-6.0
13.0
-2.0
-8.0
-5.0
-10.0
14.0
7.0
-11.0
15.0
-25.0
-40.0
11.0
22.0
11.0
10.0
43.0
30.0
6.0
2.0
-17.0
-40.0
-9.0
-6.0
11.0
11.0
-22.0
10.0
26.0
-33.0
-67.0
-64.0
-14.0
25.0
62.0
65.0
35.0
-12.0
20.0
7.0
-21.0
8.0
4.0
3.0
-26.0
-21.0
-30.0
-8.0
-6.0
-26.0
-11.0
-21.0
-3.0
-7.0
-4.0
-3.0
18.0
26.0
7.0
4.0
-44.0
26.0
6.0
35.0
-21.0
-23.0
-32.0
-13.0
-49.0
9.0
21.0
11.0
-24.0
-19.0
-26.0
-19.0
28.0
2.0
43.0
22.0
13.0
-3.0
-19.0
-5.0
-7.0
-9.0
-12.0
-48.0
36.0
-66.0
-54.0
-9.0
53.0
59.0
-15.0
-12.0
33.0
36.0
24.0
2.0
-25.0
-5.0
18.0
-16.0
-9.0
-23.0
-64.0
-30.0
-35.0
-17.0
30.0
61.0
-17.0
-22.0
-20.0
-21.0
0.0
30.0
18.0
23.0
11.0
-4.0
-5.0
-11.0
-11.0
-14.0
-4.0
-2.0
-42.0
38.0
53.0
-26.0
-18.0
22.0
-19.0
-21.0
-26.0
1.0
8.0
15.0
-18.0
-40.0
-9.0
-6.0
-12.0
-9.0
3.0
-11.0
-15.0
20.0
-28.0
-23.0
-7.0
-6.0
17.0
25.0
-15.0
-1.0
-14.0
-8.0
0.0
0.0
-22.0
8.0
11.0
8.0
-12.0
-43.0
-35.0
-18.0
4.0
18.0
-4.0
16.0
-14.0
-14.0
5.0
46.0
9.0
-20.0
-24.0
-13.0
-1.0
16.0
-91.0
-95.0
-35.0
13.0
43.0
10.0
-32.0
-5.0
-1.0
11.0
3.0
3.0
14.0
17.0
11.0
-10.0
-28.0
-7.0
-30.0
-21.0
-25.0
-26.0
-33.0
21.0
22.0
-1.0
31.0
-18.0
-29.0
-16.0
23.0
23.0
2.0
-5.0
-18.0
-16.0
-5.0
-39.0
-140.0
-24.0
2.0
7.0
66.0
36.0
14.0
-12.0
56.0
9.0
55.0
-16.0
-49.0
-49.0
-24.0
10.0
18.0
63.0
19.0
-18.0
-2.0
-20.0
-2.0
-4.0
-21.0
-51.0
-15.0
23.0
-3.0
-8.0
31.0
-23.0
-23.0
-25.0
-12.0
-1.0
-22.0
-2.0
8.0
-6.0
7.0
-5.0
-38.0
-41.0
13.0
35.0
26.0
-7.0
-1.0
0.0
-47.0
-13.0
-17.0
-17.0
-6.0
14.0
3.0
11.0
-26.0
-2.0
-40.0
-56.0
-32.0
-34.0
-25.0
8.0
14.0
14.0
6.0
5.0
25.0
9.0
14.0
13.0
25.0
-27.0
-61.0
-16.0
-25.0
-43.0
-28.0
20.0
-41.0
-35.0
-3.0
-4.0
-9.0
-2.0
14.0
17.0
35.0
16.0
-7.0
-6.0
-26.0
-37.0
-6.0
21.0
-13.0
9.0
-6.0
21.0
27.0
32.0
-9.0
10.0
-18.0
-9.0
-1.0
-23.0
-47.0
-52.0
9.0
19.0
10.0
9.0
11.0
-8.0
-1.0
-23.0
-58.0
6.0
-8.0
-5.0
-51.0
5.0
-11.0
-9.0
-45.0
-52.0
7.0
-37.0
27.0
24.0
52.0
48.0
6.0
6.0
2.0
-6.0
-6.0
-8.0
-6.0
-2.0
-17.0
-19.0
2.0
41.0
24.0
16.0
-18.0
-18.0
12.0
15.0
26.0
16.0
-5.0
-51.0
-45.0
2.0
7.0
-27.0
13.0
11.0
9.0
-6.0
-12.0
-31.0
-15.0
-62.0
-42.0
-2.0
-11.0
-10.0
16.0
12.0
-21.0
-20.0
-14.0
25.0
15.0
6.0
4.0
3.0
-19.0
-9.0
5.0
3.0
-32.0
18.0
14.0
12.0
-27.0
-35.0
-59.0
27.0
50.0
60.0
38.0
15.0
10.0
-16.0
6.0
7.0
-36.0
-25.0
-16.0
-20.0
-18.0
-42.0
-23.0
3.0
-13.0
-14.0
-22.0
-11.0
1.0
-38.0
17.0
-10.0
-28.0
28.0
13.0
11.0
37.0
7.0
7.0
33.0
37.0
29.0
65.0
-85.0
-107.0
-109.0
-45.0
-25.0
-3.0
45.0
42.0
3.0
19.0
0.0
-3.0
-7.0
-7.0
-21.0
-12.0
-24.0
19.0
19.0
-4.0
-31.0
-34.0
-38.0
17.0
1.0
-26.0
-39.0
4.0
-21.0
76.0
17.0
-45.0
-44.0
-29.0
-51.0
-97.0
-38.0
28.0
39.0
5.0
8.0
25.0
27.0
11.0
11.0
-4.0
-8.0
-46.0
-16.0
14.0
3.0
-30.0
-28.0
38.0
37.0
14.0
9.0
15.0
-6.0
4.0
-29.0
-1.0
0.0
19.0
27.0
13.0
-2.0
-25.0
-50.0
-47.0
-65.0
-67.0
-68.0
-20.0
-42.0
4.0
21.0
4.0
-10.0
13.0
14.0
18.0
15.0
4.0
18.0
14.0
-39.0
-35.0
4.0
2.0
-31.0
-42.0
-46.0
-10.0
24.0
7.0
19.0
5.0
-39.0
2.0
13.0
32.0
27.0
-11.0
10.0
1.0
-16.0
9.0
-8.0
-21.0
7.0
-10.0
-8.0
-3.0
-20.0
5.0
1.0
-28.0
6.0
-13.0
13.0
15.0
13.0
-45.0
-30.0
-4.0
29.0
-15.0
-65.0
6.0
12.0
20.0
14.0
8.0
5.0
7.0
16.0
-5.0
-17.0
-13.0
-6.0
5.0
4.0
-15.0
-14.0
-14.0
-18.0
40.0
30.0
-5.0
1.0
-17.0
-15.0
-14.0
21.0
-13.0
-42.0
8.0
-3.0
3.0
20.0
-11.0
-9.0
-1.0
-3.0
-42.0
-28.0
17.0
28.0
-47.0
-36.0
-63.0
-60.0
-60.0
-80.0
-24.0
22.0
-17.0
42.0
28.0
-74.0
-9.0
-11.0
16.0
69.0
87.0
12.0
15.0
-2.0
15.0
10.0
-16.0
-21.0
-22.0
-16.0
-22.0
-109.0
-114.0
-29.0
72.0
86.0
29.0
24.0
-12.0
4.0
-1.0
-3.0
-3.0
-45.0
-47.0
-34.0
-14.0
-10.0
19.0
52.0
15.0
6.0
37.0
14.0
20.0
60.0
-22.0
-17.0
-37.0
-15.0
-21.0
-20.0
-7.0
4.0
0.0
-37.0
0.0
0.0
-11.0
-11.0
-20.0
1.0
32.0
3.0
-18.0
-11.0
0.0
4.0
13.0
-21.0
-12.0
6.0
-35.0
-27.0
-31.0
-20.0
-25.0
-20.0
3.0
9.0
28.0
29.0
12.0
2.0
28.0
10.0
27.0
28.0
-18.0
-33.0
-29.0
-5.0
2.0
-12.0
8.0
-31.0
-9.0
-10.0
10.0
25.0
-44.0
-49.0
-11.0
39.0
35.0
13.0
15.0
13.0
-9.0
7.0
7.0
-3.0
-46.0
-25.0
-12.0
-37.0
-19.0
-16.0
-58.0
0.0
-34.0
6.0
6.0
18.0
-4.0
34.0
23.0
26.0
23.0
-6.0
-13.0
-21.0
-38.0
-17.0
-22.0
-8.0
26.0
28.0
28.0
9.0
-15.0
14.0
-9.0
-3.0
1.0
2.0
-17.0
-20.0
-69.0
-42.0
-39.0
-9.0
-17.0
14.0
44.0
15.0
-23.0
-29.0
2.0
-3.0
-39.0
12.0
11.0
5.0
-10.0
5.0
-2.0
1.0
-7.0
-25.0
-40.0
-40.0
49.0
30.0
-2.0
-12.0
30.0
26.0
-7.0
9.0
-18.0
-14.0
-25.0
-21.0
-34.0
-20.0
-2.0
-2.0
8.0
-5.0
-24.0
-23.0
-13.0
-56.0
-25.0
22.0
43.0
36.0
23.0
6.0
-19.0
3.0
-1.0
-17.0
-96.0
-38.0
16.0
26.0
44.0
-5.0
-34.0
-15.0
0.0
2.0
-6.0
-2.0
30.0
30.0
10.0
-8.0
-5.0
-6.0
21.0
20.0
36.0
12.0
-44.0
-39.0
2.0
-36.0
-31.0
-26.0
-23.0
5.0
-12.0
-11.0
18.0
21.0
8.0
5.0
-26.0
16.0
12.0
-21.0
-40.0
-12.0
-41.0
-41.0
4.0
14.0
42.0
50.0
15.0
4.0
-48.0
-41.0
-19.0
-19.0
-43.0
0.0
-26.0
27.0
3.0
11.0
20.0
33.0
10.0
11.0
-33.0
-15.0
-12.0
-26.0
-9.0
-50.0
28.0
17.0
9.0
15.0
-10.0
-53.0
-36.0
-34.0
17.0
-12.0
27.0
-10.0
6.0
3.0
-9.0
-35.0
-36.0
-2.0
-3.0
21.0
34.0
-4.0
5.0
-9.0
24.0
10.0
6.0
17.0
1.0
-3.0
-26.0
-5.0
-36.0
-35.0
-38.0
-22.0
19.0
-5.0
2.0
17.0
49.0
21.0
-23.0
-26.0
-10.0
37.0
23.0
-27.0
-37.0
10.0
-10.0
-20.0
-12.0
-11.0
-8.0
13.0
-11.0
-45.0
-54.0
-33.0
20.0
24.0
23.0
23.0
-16.0
-33.0
-20.0
-22.0
-14.0
-2.0
24.0
31.0
41.0
44.0
1.0
13.0
-2.0
18.0
-69.0
-34.0
-12.0
-4.0
16.0
10.0
37.0
34.0
3.0
40.0
-43.0
-13.0
-20.0
-14.0
6.0
5.0
-8.0
12.0
-8.0
1.0
-28.0
-40.0
-6.0
13.0
27.0
20.0
0.0
-37.0
-34.0
-15.0
-17.0
12.0
15.0
-4.0
-19.0
-17.0
36.0
14.0
-35.0
-47.0
-16.0
-20.0
6.0
0.0
-16.0
-18.0
-17.0
17.0
10.0
0.0
-1.0
-9.0
-39.0
-24.0
17.0
15.0
-5.0
17.0
11.0
16.0
37.0
26.0
-2.0
-4.0
-6.0
-9.0
-19.0
-115.0
-73.0
-21.0
6.0
30.0
9.0
-6.0
15.0
9.0
-6.0
14.0
12.0
12.0
7.0
10.0
-5.0
-15.0
-5.0
-3.0
16.0
-6.0
-14.0
-1.0
2.0
-1.0
13.0
-4.0
5.0
8.0
-22.0
-18.0
-4.0
-34.0
-37.0
-3.0
-31.0
-20.0
-43.0
-46.0
9.0
24.0
24.0
4.0
-6.0
-17.0
-22.0
17.0
41.0
41.0
-13.0
-73.0
-45.0
22.0
23.0
-1.0
15.0
25.0
-14.0
-12.0
-4.0
-54.0
-53.0
27.0
22.0
44.0
40.0
-25.0
14.0
17.0
-9.0
-20.0
-4.0
2.0
-9.0
-34.0
17.0
-7.0
-12.0
-10.0
-46.0
-13.0
-69.0
-46.0
-40.0
21.0
53.0
51.0
20.0
21.0
20.0
9.0
0.0
-21.0
-23.0
-20.0
-52.0
18.0
12.0
6.0
8.0
24.0
3.0
21.0
-38.0
4.0
40.0
60.0
38.0
35.0
10.0
3.0
-38.0
-16.0
-22.0
-3.0
45.0
-5.0
-3.0
0.0
-24.0
-2.0
-1.0
-46.0
-15.0
10.0
18.0
-9.0
-62.0
-66.0
-53.0
-55.0
12.0
-42.0
-15.0
6.0
27.0
-8.0
-57.0
-64.0
-15.0
40.0
61.0
7.0
-18.0
13.0
13.0
21.0
0.0
-14.0
15.0
1.0
1.0
17.0
2.0
6.0
16.0
2.0
-10.0
-13.0
-13.0
-19.0
-23.0
-25.0
-25.0
-27.0
-9.0
4.0
12.0
8.0
-7.0
-26.0
-33.0
-24.0
-2.0
-23.0
33.0
31.0
-18.0
-24.0
-14.0
10.0
28.0
-31.0
-13.0
-11.0
-3.0
-20.0
-24.0
-24.0
-30.0
1.0
15.0
-8.0
-14.0
-16.0
-15.0
15.0
-34.0
-41.0
-59.0
4.0
43.0
48.0
17.0
10.0
5.0
-47.0
-2.0
0.0
-8.0
-25.0
-21.0
2.0
-11.0
-21.0
3.0
10.0
-2.0
0.0
-45.0
-14.0
22.0
18.0
12.0
28.0
-4.0
-5.0
-9.0
-12.0
-17.0
-5.0
-5.0
31.0
1.0
-46.0
-16.0
1.0
2.0
10.0
1.0
-15.0
-12.0
-24.0
1.0
20.0
-18.0
-6.0
3.0
-1.0
-29.0
38.0
-5.0
-28.0
-51.0
-19.0
23.0
-15.0
-3.0
-5.0
-11.0
-50.0
-39.0
22.0
29.0
45.0
5.0
-7.0
-10.0
-10.0
-2.0
24.0
27.0
-22.0
-11.0
-88.0
-22.0
-11.0
44.0
44.0
68.0
-19.0
41.0
-4.0
-23.0
26.0
-33.0
14.0
29.0
32.0
25.0
30.0
-32.0
-36.0
-9.0
19.0
-8.0
-4.0
15.0
15.0
0.0
-25.0
-4.0
-26.0
-29.0
31.0
-7.0
-7.0
-19.0
-24.0
-9.0
2.0
14.0
13.0
-15.0
12.0
1.0
10.0
4.0
6.0
20.0
-5.0
-20.0
-55.0
-32.0
35.0
-11.0
12.0
-13.0
-6.0
5.0
17.0
-1.0
-11.0
-2.0
-29.0
-66.0
-102.0
24.0
29.0
32.0
-37.0
9.0
33.0
13.0
-29.0
11.0
39.0
52.0
49.0
18.0
-2.0
-6.0
-10.0
17.0
-1.0
11.0
6.0
-85.0
-86.0
-90.0
-13.0
0.0
-7.0
23.0
10.0
23.0
58.0
-51.0
-58.0
-68.0
-60.0
-19.0
48.0
37.0
8.0
28.0
22.0
10.0
14.0
-25.0
-12.0
-42.0
-6.0
17.0
-20.0
-13.0
-3.0
-12.0
-16.0
5.0
-2.0
-13.0
-4.0
-19.0
-4.0
-45.0
0.0
7.0
5.0
-5.0
2.0
12.0
-11.0
6.0
-36.0
-24.0
15.0
-33.0
-34.0
11.0
12.0
-6.0
-37.0
6.0
27.0
13.0
-10.0
5.0
3.0
-7.0
-17.0
-10.0
24.0
19.0
15.0
-13.0
-4.0
-28.0
-33.0
-28.0
-6.0
20.0
13.0
24.0
-24.0
-36.0
-8.0
-25.0
-23.0
19.0
-25.0
-40.0
43.0
38.0
-9.0
20.0
15.0
-5.0
-3.0
5.0
-13.0
12.0
26.0
-21.0
-18.0
2.0
-11.0
-4.0
-10.0
-17.0
9.0
-7.0
-7.0
32.0
14.0
-5.0
-15.0
-30.0
-27.0
-44.0
6.0
-4.0
-24.0
-60.0
-38.0
3.0
9.0
-1.0
0.0
-32.0
-11.0
37.0
18.0
-4.0
-38.0
-48.0
-17.0
-1.0
0.0
2.0
8.0
0.0
-4.0
15.0
13.0
-8.0
-6.0
-44.0
-47.0
-90.0
-35.0
12.0
8.0
19.0
-6.0
16.0
67.0
37.0
38.0
-1.0
10.0
5.0
32.0
1.0
-35.0
-30.0
-16.0
-17.0
-20.0
-7.0
-41.0
7.0
-23.0
-3.0
-9.0
0.0
37.0
9.0
13.0
-41.0
-16.0
-18.0
-59.0
-59.0
-38.0
3.0
60.0
42.0
44.0
-4.0
19.0
48.0
31.0
7.0
11.0
-9.0
-29.0
-45.0
-46.0
-57.0
-11.0
6.0
14.0
-29.0
-16.0
45.0
67.0
53.0
54.0
32.0
-12.0
10.0
27.0
-25.0
-43.0
18.0
-19.0
-22.0
-33.0
-14.0
-3.0
-49.0
-18.0
-79.0
4.0
30.0
44.0
22.0
15.0
-22.0
28.0
34.0
-64.0
-163.0
-61.0
-5.0
61.0
47.0
48.0
62.0
3.0
20.0
37.0
23.0
0.0
-33.0
-8.0
-21.0
-23.0
-35.0
20.0
39.0
-13.0
-6.0
25.0
-24.0
-39.0
-37.0
-33.0
3.0
-37.0
-3.0
18.0
20.0
9.0
-21.0
-24.0
9.0
14.0
-3.0
-19.0
-6.0
-1.0
-8.0
-28.0
-11.0
-10.0
-1.0
-6.0
11.0
15.0
3.0
4.0
3.0
-7.0
-16.0
2.0
-13.0
-14.0
-19.0
33.0
-27.0
-78.0
-5.0
22.0
-23.0
29.0
-8.0
-4.0
30.0
10.0
-13.0
-2.0
8.0
12.0
2.0
-20.0
-27.0
-25.0
7.0
-1.0
-3.0
-10.0
4.0
-1.0
16.0
-18.0
-52.0
-53.0
-28.0
-16.0
7.0
10.0
-10.0
-15.0
-47.0
22.0
14.0
17.0
-26.0
-17.0
-7.0
1.0
-33.0
-24.0
-6.0
16.0
37.0
30.0
-10.0
-23.0
10.0
49.0
-22.0
-4.0
-8.0
-28.0
8.0
13.0
-6.0
-12.0
-7.0
2.0
-6.0
10.0
6.0
-9.0
11.0
12.0
27.0
16.0
12.0
-12.0
-15.0
-15.0
-28.0
-69.0
-19.0
-10.0
20.0
-17.0
-91.0
-112.0
-17.0
8.0
23.0
33.0
70.0
71.0
34.0
54.0
33.0
26.0
26.0
-4.0
-7.0
10.0
-11.0
-2.0
-28.0
-20.0
15.0
-25.0
-32.0
-10.0
-12.0
3.0
34.0
36.0
3.0
-34.0
17.0
44.0
-13.0
5.0
14.0
-10.0
-19.0
-25.0
-17.0
-21.0
-19.0
2.0
-11.0
-15.0
-39.0
-14.0
-38.0
-41.0
8.0
0.0
-2.0
6.0
14.0
34.0
18.0
-5.0
32.0
31.0
34.0
19.0
13.0
-39.0
-13.0
23.0
17.0
-3.0
2.0
1.0
-29.0
-59.0
-32.0
-28.0
-37.0
-35.0
-46.0
1.0
21.0
24.0
-4.0
-3.0
-5.0
-9.0
37.0
1.0
-27.0
7.0
6.0
4.0
-57.0
7.0
-17.0
10.0
-41.0
10.0
2.0
10.0
-25.0
-30.0
-59.0
-34.0
-24.0
5.0
23.0
-11.0
18.0
15.0
15.0
18.0
37.0
4.0
3.0
-25.0
24.0
-27.0
-27.0
-70.0
-21.0
-23.0
7.0
36.0
0.0
18.0
3.0
-56.0
-37.0
-31.0
-2.0
0.0
-29.0
7.0
17.0
19.0
-22.0
-6.0
-15.0
35.0
-3.0
-13.0
-19.0
31.0
29.0
-11.0
34.0
-30.0
-15.0
14.0
-47.0
-49.0
-25.0
11.0
-25.0
-23.0
-28.0
-27.0
-13.0
-8.0
24.0
20.0
-10.0
4.0
3.0
-28.0
2.0
24.0
17.0
-2.0
-4.0
-1.0
10.0
7.0
7.0
-9.0
-3.0
13.0
9.0
9.0
-24.0
-23.0
-41.0
-4.0
13.0
10.0
15.0
-24.0
-2.0
-18.0
0.0
-2.0
24.0
-29.0
8.0
0.0
-17.0
10.0
-3.0
0.0
-1.0
1.0
26.0
-61.0
-11.0
6.0
3.0
24.0
29.0
-7.0
-22.0
-26.0
-37.0
-32.0
-16.0
-56.0
-42.0
-75.0
-59.0
20.0
67.0
62.0
12.0
-24.0
3.0
-2.0
13.0
40.0
-29.0
14.0
-9.0
-4.0
-16.0
8.0
30.0
38.0
-14.0
-21.0
-14.0
-20.0
-81.0
-82.0
-51.0
-21.0
33.0
15.0
13.0
37.0
8.0
-23.0
-24.0
-20.0
-15.0
-32.0
-26.0
6.0
5.0
0.0
-15.0
18.0
36.0
39.0
26.0
1.0
-40.0
-10.0
-14.0
6.0
-5.0
20.0
15.0
14.0
32.0
14.0
3.0
1.0
-3.0
18.0
-27.0
-40.0
-51.0
-46.0
-6.0
3.0
-28.0
-4.0
0.0
-15.0
-26.0
-30.0
-31.0
-40.0
-16.0
23.0
-9.0
-4.0
6.0
-45.0
-31.0
6.0
31.0
30.0
36.0
-2.0
30.0
13.0
13.0
-11.0
-14.0
-73.0
-124.0
-117.0
-65.0
-14.0
-22.0
-2.0
1.0
42.0
57.0
61.0
21.0
15.0
12.0
-2.0
-16.0
4.0
-28.0
1.0
31.0
14.0
-39.0
-43.0
15.0
52.0
-14.0
-46.0
-14.0
9.0
42.0
47.0
63.0
70.0
19.0
-49.0
-41.0
-16.0
-10.0
-4.0
-7.0
-8.0
-2.0
0.0
-18.0
2.0
10.0
1.0
-29.0
-20.0
17.0
-2.0
6.0
2.0
22.0
1.0
8.0
-16.0
7.0
11.0
36.0
-23.0
-30.0
-26.0
-8.0
7.0
-18.0
6.0
-21.0
-37.0
-66.0
-15.0
19.0
22.0
30.0
28.0
9.0
-11.0
-27.0
19.0
4.0
2.0
-7.0
-5.0
9.0
19.0
-3.0
-24.0
-2.0
14.0
6.0
-21.0
-21.0
-22.0
-33.0
-81.0
-21.0
35.0
78.0
21.0
-13.0
-17.0
-33.0
-30.0
-14.0
-34.0
-11.0
3.0
-16.0
9.0
-50.0
-30.0
-22.0
-14.0
-15.0
-11.0
27.0
-46.0
-37.0
6.0
-5.0
17.0
13.0
3.0
2.0
-9.0
13.0
12.0
8.0
-12.0
28.0
32.0
24.0
22.0
25.0
-5.0
-5.0
-7.0
9.0
3.0
-2.0
-66.0
-29.0
-36.0
-34.0
-50.0
32.0
23.0
1.0
5.0
13.0
11.0
-4.0
-1.0
15.0
-11.0
-7.0
11.0
14.0
0.0
24.0
14.0
-3.0
-2.0
-40.0
-27.0
-18.0
9.0
-2.0
-7.0
-12.0
-9.0
-29.0
-29.0
-29.0
9.0
-29.0
-17.0
3.0
15.0
-32.0
-8.0
19.0
17.0
-44.0
-86.0
-48.0
-7.0
31.0
22.0
-9.0
-20.0
-35.0
-33.0
35.0
29.0
-22.0
-37.0
-8.0
30.0
-8.0
-14.0
12.0
14.0
-3.0
-12.0
-19.0
-54.0
8.0
27.0
12.0
-17.0
-24.0
-29.0
-72.0
-24.0
1.0
22.0
42.0
-2.0
20.0
7.0
-32.0
-36.0
12.0
5.0
11.0
6.0
34.0
1.0
-6.0
-25.0
-4.0
2.0
18.0
28.0
3.0
-19.0
-63.0
-25.0
-35.0
-14.0
-29.0
-24.0
-25.0
6.0
-15.0
-15.0
21.0
36.0
44.0
22.0
17.0
20.0
-35.0
-30.0
-2.0
12.0
-106.0
-6.0
26.0
11.0
-5.0
-10.0
-51.0
-21.0
6.0
35.0
22.0
30.0
-29.0
-28.0
-46.0
-48.0
-26.0
3.0
4.0
-14.0
-7.0
61.0
45.0
24.0
-12.0
-16.0
-49.0
-12.0
-5.0
17.0
-55.0
-26.0
14.0
28.0
-18.0
-21.0
-32.0
-48.0
4.0
33.0
12.0
20.0
-39.0
-44.0
-2.0
1.0
-7.0
23.0
19.0
25.0
29.0
-11.0
-17.0
-5.0
0.0
-3.0
-67.0
-65.0
-10.0
23.0
-15.0
0.0
36.0
7.0
-6.0
-6.0
-7.0
17.0
-4.0
6.0
14.0
-27.0
27.0
33.0
4.0
-2.0
-14.0
-28.0
26.0
17.0
13.0
-1.0
-22.0
-20.0
-7.0
-5.0
-4.0
2.0
21.0
7.0
-7.0
-22.0
-22.0
-43.0
-23.0
-22.0
-46.0
-19.0
10.0
-7.0
-15.0
9.0
-5.0
17.0
-14.0
-12.0
-68.0
1.0
-24.0
1.0
5.0
-7.0
1.0
43.0
-1.0
-4.0
-54.0
-33.0
-6.0
-12.0
-15.0
-4.0
32.0
49.0
-17.0
-18.0
2.0
18.0
44.0
-10.0
-17.0
-6.0
-28.0
-34.0
-23.0
-25.0
17.0
11.0
-20.0
-2.0
-5.0
-30.0
-18.0
-1.0
2.0
5.0
41.0
12.0
19.0
-11.0
-12.0
-29.0
-20.0
-16.0
11.0
14.0
-20.0
1.0
14.0
24.0
0.0
-8.0
-16.0
-12.0
-8.0
-7.0
28.0
-51.0
-53.0
-10.0
-40.0
30.0
26.0
32.0
18.0
18.0
6.0
-29.0
-14.0
4.0
22.0
-7.0
3.0
-8.0
-7.0
1.0
-19.0
-30.0
39.0
48.0
10.0
-16.0
-27.0
-54.0
-1.0
3.0
-38.0
-16.0
0.0
8.0
-35.0
10.0
12.0
-33.0
35.0
35.0
-8.0
-22.0
21.0
-21.0
-3.0
-3.0
28.0
1.0
-3.0
-2.0
-11.0
-67.0
-70.0
-72.0
-26.0
-1.0
31.0
21.0
33.0
34.0
12.0
14.0
-15.0
18.0
-1.0
-37.0
47.0
4.0
-10.0
-7.0
-46.0
-54.0
-75.0
-41.0
-25.0
1.0
-14.0
-13.0
-58.0
-63.0
33.0
85.0
7.0
3.0
27.0
-36.0
-80.0
-34.0
-52.0
-60.0
-37.0
10.0
50.0
68.0
27.0
8.0
25.0
48.0
38.0
37.0
22.0
6.0
24.0
1.0
-32.0
-37.0
-39.0
-4.0
-1.0
-3.0
14.0
35.0
15.0
3.0
-21.0
-42.0
-53.0
-66.0
8.0
8.0
-2.0
-7.0
15.0
-28.0
-23.0
-26.0
-14.0
-2.0
24.0
21.0
30.0
10.0
-19.0
-32.0
-27.0
-13.0
23.0
3.0
-40.0
-38.0
-22.0
0.0
-8.0
15.0
20.0
4.0
-11.0
4.0
7.0
9.0
5.0
-26.0
-17.0
-11.0
-7.0
-24.0
-33.0
-23.0
-11.0
-12.0
-21.0
-58.0
-7.0
45.0
71.0
34.0
50.0
-10.0
21.0
26.0
10.0
-42.0
-10.0
-22.0
-18.0
-5.0
19.0
21.0
33.0
34.0
17.0
9.0
-12.0
-18.0
-44.0
-38.0
-27.0
-27.0
44.0
45.0
51.0
-24.0
-15.0
1.0
20.0
11.0
22.0
-10.0
-17.0
-15.0
-18.0
17.0
-31.0
-7.0
-2.0
26.0
30.0
-5.0
5.0
4.0
-28.0
-15.0
5.0
11.0
-23.0
-22.0
-26.0
33.0
30.0
22.0
-1.0
-2.0
-11.0
22.0
24.0
14.0
-37.0
-9.0
-8.0
-7.0
-19.0
-15.0
24.0
-16.0
-11.0
-10.0
27.0
-31.0
6.0
12.0
-9.0
38.0
-54.0
-67.0
-40.0
-45.0
-6.0
21.0
-1.0
-1.0
27.0
18.0
3.0
-28.0
-15.0
-78.0
-53.0
4.0
2.0
9.0
-20.0
23.0
12.0
28.0
-75.0
-53.0
-17.0
82.0
141.0
137.0
16.0
-37.0
-28.0
21.0
73.0
26.0
-35.0
19.0
-15.0
-12.0
-14.0
-17.0
-4.0
-44.0
-40.0
-9.0
-37.0
-12.0
13.0
11.0
14.0
-52.0
-26.0
8.0
6.0
1.0
32.0
46.0
-1.0
-4.0
-3.0
-2.0
-10.0
-5.0
0.0
15.0
24.0
25.0
-13.0
-13.0
-17.0
-13.0
-26.0
-19.0
-34.0
4.0
0.0
-22.0
-9.0
-15.0
-40.0
-46.0
-13.0
-8.0
12.0
-19.0
-28.0
-6.0
2.0
0.0
-2.0
28.0
7.0
-3.0
-5.0
2.0
13.0
24.0
24.0
19.0
-11.0
16.0
5.0
18.0
12.0
-22.0
-26.0
-58.0
-28.0
-25.0
-66.0
-9.0
14.0
3.0
0.0
18.0
2.0
-18.0
3.0
4.0
13.0
-5.0
35.0
-1.0
24.0
-13.0
3.0
-18.0
-15.0
-17.0
17.0
34.0
-3.0
-12.0
-67.0
-43.0
-4.0
-6.0
-31.0
-25.0
-26.0
17.0
-6.0
0.0
26.0
4.0
26.0
43.0
18.0
18.0
1.0
-2.0
-11.0
2.0
10.0
-1.0
-60.0
-39.0
-65.0
-63.0
3.0
-7.0
6.0
25.0
-6.0
12.0
15.0
14.0
19.0
20.0
-15.0
-28.0
12.0
33.0
5.0
-21.0
-66.0
-46.0
38.0
49.0
50.0
19.0
20.0
-8.0
7.0
16.0
38.0
54.0
-35.0
-42.0
-61.0
-41.0
15.0
10.0
25.0
-1.0
0.0
-8.0
25.0
18.0
-22.0
-11.0
-25.0
6.0
11.0
-22.0
-58.0
-36.0
-6.0
-5.0
14.0
-18.0
-4.0
0.0
23.0
-32.0
-47.0
19.0
-11.0
-10.0
-13.0
-14.0
20.0
39.0
-12.0
-48.0
-31.0
-47.0
-90.0
-91.0
-44.0
32.0
22.0
19.0
39.0
27.0
0.0
-18.0
18.0
16.0
27.0
-76.0
-53.0
-36.0
-36.0
0.0
6.0
19.0
32.0
28.0
17.0
-23.0
-3.0
-18.0
16.0
-12.0
32.0
21.0
-14.0
-15.0
-6.0
5.0
-10.0
2.0
-33.0
-17.0
31.0
30.0
-15.0
-17.0
-38.0
-9.0
-10.0
-8.0
-30.0
-15.0
-44.0
-60.0
5.0
14.0
24.0
31.0
39.0
7.0
24.0
5.0
-32.0
13.0
0.0
-8.0
-33.0
-17.0
5.0
-7.0
34.0
26.0
-3.0
-36.0
-31.0
-31.0
-27.0
-22.0
-17.0
-13.0
-27.0
-33.0
-64.0
-11.0
9.0
9.0
-12.0
16.0
12.0
11.0
-8.0
-10.0
8.0
21.0
15.0
16.0
-8.0
-50.0
21.0
30.0
12.0
0.0
-3.0
-31.0
64.0
67.0
-51.0
-58.0
-10.0
149.0
123.0
23.0
-28.0
-1.0
14.0
14.0
-20.0
-20.0
1.0
27.0
-18.0
-52.0
-48.0
-33.0
17.0
19.0
-8.0
-29.0
11.0
-2.0
-21.0
-13.0
-16.0
-22.0
-1.0
-7.0
-2.0
-23.0
-28.0
-21.0
-14.0
-8.0
-33.0
-32.0
-87.0
-84.0
15.0
57.0
23.0
-4.0
-12.0
31.0
-23.0
-1.0
-17.0
-17.0
-20.0
14.0
35.0
87.0
64.0
27.0
-12.0
2.0
4.0
6.0
-7.0
-77.0
-55.0
-60.0
-9.0
-4.0
-17.0
2.0
-5.0
-3.0
31.0
47.0
-5.0
-60.0
-79.0
-2.0
24.0
18.0
-12.0
-15.0
-30.0
-18.0
-32.0
-3.0
46.0
53.0
26.0
-16.0
-31.0
-24.0
-74.0
-70.0
-1.0
32.0
-7.0
58.0
36.0
-40.0
-196.0
-188.0
-80.0
31.0
17.0
75.0
62.0
0.0
20.0
-8.0
8.0
9.0
20.0
13.0
23.0
-4.0
26.0
0.0
18.0
-2.0
5.0
9.0
19.0
7.0
-36.0
-23.0
-10.0
10.0
-39.0
-26.0
-37.0
-41.0
1.0
-8.0
5.0
18.0
22.0
4.0
-23.0
60.0
-11.0
-13.0
-30.0
-14.0
16.0
12.0
-6.0
-21.0
-11.0
-1.0
11.0
12.0
-4.0
-23.0
-14.0
-39.0
-7.0
9.0
-5.0
1.0
18.0
16.0
34.0
-52.0
-62.0
-33.0
-17.0
29.0
-9.0
-12.0
11.0
10.0
-18.0
-63.0
-29.0
-16.0
2.0
36.0
68.0
33.0
-15.0
-13.0
-52.0
4.0
-21.0
1.0
23.0
1.0
4.0
25.0
17.0
17.0
0.0
31.0
23.0
-13.0
-16.0
-21.0
2.0
-16.0
-12.0
-12.0
-22.0
0.0
-72.0
-26.0
-20.0
-34.0
-19.0
12.0
32.0
30.0
-21.0
18.0
4.0
30.0
7.0
-9.0
-15.0
-55.0
-59.0
-51.0
17.0
-22.0
-5.0
3.0
18.0
79.0
-29.0
-38.0
42.0
46.0
39.0
11.0
-18.0
-16.0
8.0
9.0
17.0
38.0
-81.0
-85.0
-85.0
-53.0
6.0
41.0
36.0
1.0
17.0
6.0
23.0
15.0
30.0
5.0
-27.0
1.0
-11.0
26.0
-37.0
-47.0
-28.0
-34.0
-22.0
22.0
-11.0
-15.0
-1.0
-1.0
4.0
10.0
1.0
0.0
4.0
-20.0
-11.0
-35.0
-13.0
-12.0
23.0
8.0
-4.0
-9.0
-35.0
5.0
20.0
-20.0
-6.0
18.0
-2.0
3.0
-17.0
-13.0
-16.0
4.0
6.0
-37.0
-10.0
-22.0
37.0
12.0
-15.0
-17.0
-14.0
-16.0
6.0
13.0
-111.0
-49.0
-45.0
29.0
17.0
19.0
14.0
26.0
-41.0
-21.0
-4.0
55.0
-6.0
13.0
5.0
7.0
27.0
22.0
8.0
-23.0
16.0
42.0
23.0
32.0
52.0
58.0
-27.0
-34.0
-46.0
-51.0
-28.0
-15.0
-22.0
-25.0
-19.0
-14.0
13.0
-13.0
-33.0
-60.0
2.0
-45.0
-32.0
-27.0
22.0
26.0
43.0
4.0
14.0
12.0
4.0
10.0
0.0
12.0
37.0
36.0
9.0
-1.0
-11.0
-26.0
-39.0
18.0
-35.0
-33.0
-11.0
-5.0
8.0
-2.0
10.0
-8.0
-56.0
-26.0
17.0
17.0
-17.0
-19.0
-35.0
-53.0
41.0
26.0
38.0
39.0
28.0
18.0
24.0
18.0
7.0
-6.0
-11.0
-40.0
-89.0
-31.0
0.0
30.0
54.0
53.0
-12.0
0.0
11.0
2.0
-30.0
-62.0
-20.0
-7.0
-20.0
-15.0
18.0
-27.0
-11.0
-21.0
-63.0
-16.0
-23.0
-4.0
-7.0
-5.0
-5.0
-98.0
-22.0
66.0
33.0
53.0
25.0
28.0
10.0
17.0
29.0
4.0
-21.0
0.0
-17.0
-11.0
-7.0
-26.0
7.0
4.0
5.0
-50.0
-31.0
-12.0
-40.0
-5.0
41.0
16.0
11.0
19.0
15.0
-24.0
-25.0
8.0
19.0
50.0
17.0
-33.0
-38.0
-38.0
-10.0
-3.0
8.0
-14.0
-35.0
-29.0
-36.0
25.0
17.0
17.0
-9.0
6.0
-15.0
-29.0
42.0
11.0
3.0
-18.0
-50.0
-42.0
4.0
-29.0
23.0
-11.0
-30.0
-23.0
-97.0
-29.0
92.0
95.0
44.0
-37.0
-44.0
46.0
2.0
26.0
-1.0
2.0
-6.0
-10.0
6.0
9.0
12.0
-19.0
-8.0
-23.0
-6.0
-30.0
-14.0
-12.0
29.0
35.0
13.0
-34.0
-16.0
-19.0
17.0
4.0
21.0
22.0
2.0
12.0
6.0
23.0
6.0
2.0
-7.0
-11.0
-30.0
-34.0
-64.0
-5.0
1.0
-17.0
-16.0
-20.0
-19.0
1.0
-3.0
-2.0
-47.0
-13.0
17.0
29.0
0.0
-11.0
-5.0
-2.0
-3.0
-6.0
-17.0
12.0
-48.0
18.0
-22.0
-28.0
-7.0
-16.0
-44.0
-44.0
4.0
26.0
7.0
-19.0
8.0
-5.0
1.0
7.0
66.0
63.0
40.0
-23.0
-36.0
-18.0
-2.0
-12.0
-9.0
-11.0
-8.0
-2.0
-23.0
-21.0
-53.0
35.0
24.0
5.0
9.0
11.0
-23.0
-27.0
-1.0
22.0
-117.0
-54.0
-3.0
14.0
40.0
5.0
49.0
53.0
23.0
5.0
33.0
36.0
20.0
5.0
-14.0
-5.0
-20.0
-18.0
1.0
-7.0
18.0
-17.0
-35.0
-31.0
-2.0
-14.0
7.0
6.0
-11.0
-38.0
-25.0
-6.0
-49.0
-25.0
-30.0
-9.0
-28.0
-24.0
15.0
27.0
12.0
-33.0
-6.0
-35.0
4.0
25.0
2.0
3.0
16.0
-41.0
26.0
22.0
15.0
-109.0
-58.0
37.0
30.0
35.0
26.0
18.0
44.0
7.0
-9.0
36.0
3.0
17.0
-35.0
-44.0
-99.0
-18.0
-22.0
17.0
41.0
27.0
-27.0
-12.0
-7.0
-14.0
-22.0
-35.0
-4.0
2.0
27.0
-8.0
26.0
-4.0
-93.0
-90.0
-69.0
-48.0
-20.0
51.0
62.0
43.0
55.0
55.0
-14.0
-12.0
-28.0
-29.0
6.0
-38.0
-18.0
29.0
-15.0
-6.0
8.0
13.0
-11.0
-7.0
-33.0
-49.0
0.0
-29.0
22.0
-2.0
7.0
4.0
-40.0
8.0
18.0
9.0
17.0
16.0
-7.0
-11.0
-20.0
-15.0
-42.0
-39.0
-16.0
21.0
3.0
-4.0
7.0
-10.0
-8.0
-11.0
-72.0
-12.0
-11.0
1.0
-6.0
-38.0
2.0
-28.0
-18.0
-17.0
20.0
-34.0
17.0
-6.0
-2.0
-5.0
41.0
-6.0
-36.0
-36.0
-23.0
4.0
58.0
7.0
-5.0
20.0
-14.0
-4.0
-15.0
-14.0
18.0
7.0
1.0
-17.0
-34.0
2.0
-26.0
9.0
56.0
53.0
28.0
9.0
-36.0
-82.0
-24.0
19.0
22.0
-2.0
14.0
11.0
12.0
-20.0
-17.0
-10.0
-31.0
9.0
-8.0
-11.0
4.0
4.0
-36.0
-50.0
-25.0
25.0
33.0
0.0
-5.0
-19.0
-7.0
0.0
-31.0
-6.0
26.0
-34.0
-20.0
-5.0
-22.0
-2.0
8.0
8.0
-21.0
6.0
24.0
48.0
6.0
11.0
19.0
7.0
1.0
-3.0
-31.0
-31.0
6.0
-13.0
-15.0
-14.0
-9.0
-16.0
-26.0
-25.0
-20.0
15.0
-6.0
-8.0
-24.0
-5.0
-16.0
-37.0
-12.0
-10.0
25.0
-18.0
-24.0
-24.0
-2.0
-24.0
-24.0
2.0
20.0
28.0
14.0
9.0
-25.0
-10.0
-17.0
13.0
-7.0
-6.0
20.0
15.0
-41.0
-34.0
-22.0
29.0
53.0
9.0
14.0
-12.0
-38.0
-35.0
-23.0
-8.0
-31.0
-33.0
-22.0
37.0
17.0
6.0
-15.0
-14.0
-8.0
1.0
3.0
20.0
-6.0
-38.0
-38.0
-68.0
-17.0
-16.0
-7.0
-3.0
39.0
6.0
35.0
-17.0
24.0
11.0
-2.0
-4.0
5.0
-36.0
-80.0
-25.0
27.0
33.0
39.0
29.0
9.0
7.0
1.0
5.0
-9.0
-7.0
5.0
-29.0
-48.0
-28.0
53.0
54.0
-5.0
-8.0
14.0
-15.0
23.0
-6.0
-23.0
-59.0
-33.0
-27.0
-22.0
2.0
1.0
-14.0
-29.0
-13.0
-13.0
-18.0
-2.0
0.0
35.0
14.0
-30.0
25.0
5.0
5.0
7.0
21.0
-1.0
9.0
3.0
-52.0
-36.0
-5.0
6.0
33.0
-5.0
3.0
37.0
35.0
23.0
-11.0
-33.0
15.0
-17.0
-10.0
-8.0
-16.0
-27.0
-26.0
8.0
2.0
10.0
47.0
111.0
51.0
35.0
-79.0
-115.0
-119.0
-117.0
-20.0
26.0
-8.0
-7.0
-67.0
-44.0
-68.0
36.0
35.0
21.0
37.0
33.0
-15.0
0.0
-9.0
7.0
13.0
39.0
36.0
0.0
-7.0
-18.0
8.0
15.0
-19.0
-14.0
-29.0
30.0
23.0
-1.0
-21.0
0.0
-19.0
-1.0
4.0
30.0
25.0
6.0
14.0
19.0
-16.0
-4.0
33.0
57.0
26.0
-11.0
-44.0
-25.0
-24.0
-17.0
12.0
-25.0
-23.0
-30.0
-7.0
-24.0
-22.0
-9.0
-15.0
-136.0
-156.0
-157.0
-82.0
19.0
120.0
58.0
87.0
73.0
76.0
114.0
119.0
0.0
-85.0
-34.0
-35.0
-3.0
-3.0
7.0
3.0
3.0
0.0
0.0
-70.0
-71.0
12.0
25.0
11.0
60.0
55.0
44.0
13.0
-6.0
22.0
6.0
16.0
-16.0
-36.0
-56.0
-54.0
-51.0
-103.0
-40.0
-50.0
17.0
57.0
54.0
29.0
-38.0
-33.0
-1.0
77.0
55.0
-2.0
-32.0
17.0
-13.0
8.0
44.0
41.0
-21.0
8.0
-6.0
-3.0
-9.0
-18.0
-16.0
15.0
11.0
12.0
-17.0
-8.0
-10.0
-37.0
-8.0
-27.0
0.0
-20.0
0.0
-3.0
-16.0
-6.0
-11.0
-19.0
-21.0
-7.0
1.0
-8.0
2.0
-1.0
-31.0
-4.0
-4.0
-1.0
-17.0
-10.0
13.0
-26.0
-31.0
-35.0
-7.0
-24.0
33.0
-3.0
-12.0
-24.0
-35.0
18.0
17.0
17.0
46.0
2.0
-3.0
-21.0
-58.0
12.0
5.0
-7.0
8.0
10.0
-4.0
-4.0
26.0
65.0
1.0
-14.0
29.0
7.0
-20.0
-17.0
-7.0
-13.0
-15.0
-29.0
11.0
-18.0
-27.0
-25.0
18.0
21.0
24.0
7.0
24.0
41.0
24.0
-26.0
-57.0
-43.0
-16.0
-11.0
23.0
-27.0
-53.0
-15.0
18.0
-11.0
-52.0
-19.0
29.0
32.0
23.0
111.0
66.0
1.0
-55.0
-58.0
-63.0
-40.0
15.0
17.0
-38.0
-15.0
-1.0
6.0
29.0
-7.0
-2.0
-17.0
-24.0
-26.0
-21.0
-16.0
4.0
9.0
5.0
-4.0
-22.0
-15.0
-14.0
-17.0
-33.0
-13.0
-6.0
-15.0
-4.0
6.0
22.0
-19.0
-16.0
-11.0
5.0
19.0
-33.0
-36.0
16.0
22.0
39.0
21.0
4.0
5.0
22.0
31.0
-9.0
-30.0
-52.0
-41.0
-50.0
-29.0
-57.0
-56.0
1.0
27.0
44.0
47.0
-2.0
-25.0
-56.0
-21.0
13.0
20.0
67.0
12.0
-15.0
25.0
-16.0
-8.0
26.0
-9.0
-42.0
-41.0
-24.0
-28.0
-25.0
-8.0
-9.0
14.0
29.0
-19.0
-7.0
-10.0
-17.0
5.0
34.0
-4.0
-29.0
-20.0
-12.0
-12.0
-57.0
-53.0
-6.0
4.0
-14.0
24.0
17.0
-1.0
-10.0
-19.0
-29.0
-19.0
0.0
-11.0
-28.0
3.0
-36.0
-20.0
-24.0
-36.0
-29.0
-27.0
27.0
27.0
8.0
7.0
-21.0
-19.0
-11.0
5.0
15.0
10.0
13.0
3.0
8.0
-7.0
6.0
1.0
-6.0
40.0
19.0
20.0
26.0
-19.0
-35.0
32.0
-29.0
-38.0
-24.0
-13.0
-31.0
-36.0
-37.0
-14.0
-22.0
-22.0
20.0
32.0
20.0
-11.0
13.0
22.0
0.0
-23.0
1.0
7.0
-3.0
-5.0
-22.0
-19.0
-63.0
-65.0
-26.0
-11.0
-7.0
19.0
11.0
5.0
0.0
-3.0
14.0
13.0
32.0
19.0
-18.0
-21.0
-33.0
11.0
-4.0
22.0
-44.0
-33.0
-33.0
14.0
56.0
-1.0
24.0
9.0
-4.0
5.0
9.0
18.0
23.0
16.0
-38.0
-116.0
-46.0
-5.0
14.0
-19.0
18.0
22.0
-42.0
-24.0
-5.0
18.0
58.0
31.0
-26.0
-30.0
2.0
0.0
8.0
-9.0
28.0
48.0
12.0
-8.0
-36.0
-54.0
6.0
16.0
14.0
5.0
-13.0
-43.0
-27.0
11.0
-7.0
-13.0
-35.0
-41.0
-9.0
-3.0
9.0
-5.0
-13.0
-16.0
2.0
-10.0
-3.0
-10.0
-40.0
-38.0
-14.0
-9.0
-41.0
-62.0
-6.0
29.0
27.0
25.0
-41.0
-1.0
13.0
40.0
61.0
45.0
58.0
52.0
10.0
15.0
14.0
21.0
-2.0
11.0
-15.0
-3.0
-19.0
-30.0
-7.0
-9.0
-21.0
-18.0
-11.0
2.0
-2.0
21.0
3.0
-55.0
2.0
-2.0
1.0
31.0
25.0
15.0
-30.0
-63.0
-40.0
-23.0
-20.0
-26.0
-14.0
-35.0
-15.0
11.0
-28.0
-17.0
6.0
16.0
14.0
16.0
6.0
1.0
-3.0
18.0
-2.0
-39.0
-57.0
24.0
18.0
19.0
9.0
-29.0
-37.0
-79.0
-20.0
25.0
33.0
4.0
-25.0
-21.0
-19.0
-2.0
-21.0
-10.0
-76.0
-33.0
11.0
10.0
-34.0
-29.0
23.0
39.0
60.0
10.0
25.0
11.0
-24.0
36.0
28.0
24.0
14.0
29.0
11.0
-10.0
-4.0
-22.0
-7.0
-15.0
-36.0
-33.0
-41.0
-15.0
11.0
18.0
1.0
-17.0
-42.0
-20.0
-17.0
-17.0
6.0
6.0
18.0
45.0
17.0
-4.0
-36.0
-36.0
-29.0
-34.0
-2.0
-23.0
-22.0
12.0
8.0
12.0
19.0
16.0
-6.0
-12.0
12.0
-27.0
-77.0
-37.0
-42.0
-39.0
63.0
93.0
55.0
53.0
9.0
-5.0
-57.0
-32.0
37.0
29.0
23.0
15.0
-21.0
-21.0
-4.0
-37.0
-18.0
-28.0
18.0
25.0
37.0
8.0
-1.0
0.0
-18.0
-8.0
-61.0
-93.0
-60.0
10.0
46.0
-22.0
-15.0
-19.0
3.0
6.0
16.0
-9.0
18.0
-16.0
-132.0
-81.0
-7.0
-6.0
26.0
66.0
73.0
40.0
0.0
2.0
20.0
35.0
11.0
7.0
-6.0
6.0
-38.0
-24.0
-83.0
25.0
64.0
37.0
4.0
4.0
-5.0
31.0
-43.0
-17.0
-29.0
-52.0
-20.0
11.0
-16.0
-21.0
-10.0
-5.0
-160.0
-81.0
-96.0
37.0
99.0
75.0
103.0
105.0
61.0
0.0
-19.0
7.0
11.0
38.0
4.0
-13.0
0.0
-10.0
-23.0
-48.0
-7.0
-19.0
6.0
-23.0
-14.0
15.0
1.0
-8.0
-6.0
-21.0
-14.0
21.0
9.0
-5.0
-22.0
-36.0
-32.0
-39.0
-8.0
-3.0
18.0
2.0
-39.0
3.0
3.0
-27.0
0.0
4.0
-1.0
-6.0
-13.0
6.0
9.0
7.0
-3.0
38.0
6.0
-11.0
-13.0
-18.0
-67.0
-39.0
23.0
-13.0
-31.0
-45.0
-28.0
-26.0
1.0
-16.0
0.0
-13.0
-36.0
12.0
-20.0
-9.0
1.0
-9.0
-21.0
-9.0
20.0
-33.0
-31.0
43.0
59.0
33.0
-13.0
-13.0
8.0
-1.0
-2.0
-16.0
27.0
31.0
24.0
24.0
-58.0
-59.0
23.0
30.0
14.0
-28.0
-68.0
-24.0
18.0
17.0
32.0
29.0
17.0
8.0
-5.0
12.0
-30.0
-4.0
39.0
5.0
8.0
10.0
-40.0
-15.0
-42.0
-17.0
-12.0
-120.0
-55.0
3.0
46.0
52.0
16.0
34.0
4.0
7.0
10.0
13.0
-21.0
-41.0
17.0
13.0
22.0
4.0
-17.0
-17.0
17.0
-6.0
10.0
33.0
10.0
2.0
-15.0
-44.0
-25.0
14.0
-11.0
-18.0
-26.0
-21.0
-24.0
-18.0
-48.0
-15.0
0.0
24.0
-12.0
9.0
63.0
-7.0
3.0
7.0
0.0
1.0
-39.0
-20.0
-24.0
4.0
20.0
7.0
4.0
3.0
-9.0
30.0
-36.0
-13.0
0.0
17.0
-7.0
-3.0
-5.0
-9.0
-7.0
-25.0
25.0
28.0
12.0
-12.0
-32.0
-16.0
-6.0
-3.0
34.0
-19.0
38.0
-17.0
-52.0
-39.0
0.0
59.0
33.0
30.0
-19.0
-43.0
-50.0
10.0
7.0
-3.0
5.0
16.0
14.0
16.0
8.0
-11.0
-28.0
-22.0
-8.0
-8.0
10.0
-10.0
-40.0
-38.0
-15.0
-6.0
-18.0
18.0
-3.0
-4.0
8.0
11.0
-35.0
-34.0
5.0
5.0
-8.0
-14.0
8.0
12.0
-23.0
-43.0
23.0
27.0
17.0
2.0
6.0
12.0
11.0
-17.0
-79.0
7.0
11.0
17.0
26.0
11.0
-10.0
-27.0
-12.0
-9.0
-15.0
-45.0
-37.0
-33.0
-22.0
39.0
25.0
-33.0
7.0
18.0
13.0
0.0
7.0
4.0
-13.0
-11.0
1.0
14.0
-27.0
-56.0
17.0
19.0
-1.0
-2.0
-48.0
-48.0
18.0
8.0
5.0
-15.0
-38.0
-37.0
-16.0
-10.0
-24.0
9.0
15.0
-4.0
22.0
18.0
7.0
-14.0
-12.0
-18.0
-13.0
12.0
-5.0
11.0
33.0
31.0
17.0
34.0
32.0
18.0
-20.0
-3.0
-23.0
-43.0
-64.0
-12.0
30.0
-29.0
-49.0
-59.0
-15.0
0.0
-2.0
5.0
-2.0
-2.0
-36.0
-33.0
33.0
29.0
25.0
42.0
18.0
10.0
42.0
25.0
10.0
-13.0
-20.0
-22.0
-24.0
-7.0
-2.0
-48.0
-12.0
-21.0
-23.0
-64.0
-37.0
-29.0
-3.0
16.0
-28.0
-7.0
-7.0
21.0
-23.0
-3.0
-27.0
-31.0
10.0
-11.0
-20.0
26.0
37.0
44.0
-11.0
19.0
30.0
28.0
-14.0
4.0
44.0
11.0
-41.0
-29.0
-40.0
-47.0
-38.0
-40.0
-40.0
-26.0
8.0
-69.0
-2.0
60.0
-32.0
-34.0
-7.0
1.0
9.0
52.0
61.0
47.0
16.0
29.0
7.0
8.0
7.0
3.0
-13.0
-21.0
-5.0
6.0
0.0
-18.0
-44.0
-22.0
18.0
14.0
15.0
-5.0
8.0
-7.0
6.0
-13.0
-2.0
-17.0
-22.0
-20.0
-39.0
-24.0
-9.0
-7.0
-85.0
-81.0
-9.0
2.0
21.0
22.0
-25.0
-96.0
-61.0
11.0
115.0
120.0
86.0
27.0
-12.0
-14.0
-35.0
-7.0
1.0
24.0
-1.0
-11.0
-43.0
-12.0
-58.0
-53.0
-41.0
49.0
17.0
0.0
-17.0
-3.0
-9.0
7.0
17.0
21.0
-39.0
-6.0
-24.0
-31.0
-26.0
25.0
42.0
33.0
39.0
42.0
-16.0
-15.0
-19.0
-35.0
-29.0
-27.0
-8.0
6.0
13.0
13.0
3.0
-4.0
16.0
17.0
-26.0
-91.0
-11.0
3.0
2.0
1.0
-20.0
-7.0
42.0
18.0
2.0
15.0
28.0
27.0
-16.0
-13.0
-34.0
-3.0
-17.0
-24.0
-21.0
-3.0
10.0
42.0
-44.0
-34.0
-10.0
11.0
-4.0
-30.0
-23.0
-17.0
11.0
-3.0
17.0
18.0
22.0
-2.0
-14.0
-20.0
22.0
46.0
-5.0
-42.0
-63.0
-57.0
-22.0
14.0
-2.0
-36.0
-2.0
-21.0
-5.0
-32.0
-37.0
-39.0
39.0
81.0
22.0
-2.0
-14.0
-5.0
23.0
6.0
10.0
6.0
18.0
2.0
-43.0
2.0
-19.0
-30.0
-24.0
-5.0
-6.0
-8.0
-12.0
-57.0
19.0
37.0
20.0
16.0
-37.0
1.0
-37.0
-41.0
-37.0
-42.0
-31.0
2.0
22.0
7.0
18.0
22.0
7.0
2.0
36.0
-23.0
-18.0
20.0
18.0
-1.0
-4.0
-56.0
-55.0
-50.0
-16.0
1.0
-4.0
14.0
31.0
2.0
-59.0
-3.0
12.0
11.0
21.0
-6.0
1.0
-14.0
-5.0
6.0
-5.0
-23.0
-10.0
-8.0
-7.0
-13.0
-2.0
-4.0
30.0
32.0
22.0
-1.0
-24.0
-29.0
9.0
1.0
-27.0
-44.0
-75.0
-41.0
0.0
2.0
27.0
26.0
31.0
88.0
60.0
-15.0
-27.0
-29.0
-30.0
-65.0
-77.0
-86.0
-63.0
-52.0
-12.0
32.0
19.0
0.0
-16.0
-44.0
-15.0
-15.0
-8.0
15.0
43.0
34.0
-22.0
7.0
-5.0
-19.0
27.0
27.0
31.0
57.0
-13.0
-26.0
-38.0
-45.0
-5.0
8.0
11.0
20.0
40.0
21.0
13.0
4.0
31.0
12.0
-17.0
-6.0
-20.0
-17.0
-23.0
-47.0
-16.0
-7.0
-3.0
-6.0
1.0
-9.0
50.0
48.0
-24.0
-19.0
-81.0
-59.0
9.0
39.0
0.0
-3.0
0.0
-9.0
-38.0
3.0
15.0
-6.0
-7.0
-32.0
-31.0
-17.0
-15.0
-16.0
-25.0
-18.0
18.0
-22.0
-29.0
-17.0
2.0
30.0
17.0
17.0
0.0
-34.0
29.0
44.0
2.0
-26.0
15.0
25.0
-2.0
2.0
2.0
-22.0
-11.0
-36.0
-35.0
-18.0
-16.0
-102.0
-24.0
-27.0
-31.0
51.0
29.0
28.0
44.0
19.0
-23.0
-8.0
11.0
10.0
41.0
-14.0
-18.0
15.0
-31.0
-26.0
-4.0
15.0
-1.0
-7.0
-29.0
-68.0
-68.0
-51.0
-74.0
-4.0
64.0
61.0
13.0
3.0
-1.0
3.0
-8.0
27.0
-1.0
-30.0
-24.0
12.0
26.0
20.0
14.0
-25.0
-25.0
-38.0
-13.0
25.0
22.0
-59.0
6.0
0.0
37.0
-10.0
-34.0
29.0
8.0
-5.0
-15.0
-33.0
-61.0
-62.0
-54.0
55.0
67.0
33.0
-5.0
-17.0
24.0
-4.0
24.0
18.0
-4.0
10.0
-2.0
1.0
13.0
-31.0
-18.0
5.0
19.0
17.0
-12.0
-16.0
-15.0
-8.0
-44.0
-14.0
-7.0
-8.0
-19.0
-22.0
-35.0
-40.0
4.0
1.0
-28.0
-28.0
-23.0
-38.0
-26.0
-22.0
14.0
16.0
-12.0
-10.0
9.0
55.0
8.0
52.0
15.0
12.0
10.0
-10.0
-33.0
26.0
21.0
-5.0
-5.0
-2.0
-15.0
-20.0
17.0
-22.0
23.0
8.0
-32.0
-32.0
10.0
-15.0
-29.0
-32.0
-97.0
-150.0
-61.0
-1.0
73.0
71.0
59.0
11.0
2.0
3.0
-15.0
11.0
-3.0
4.0
-38.0
-40.0
-13.0
33.0
34.0
31.0
-33.0
-109.0
-59.0
47.0
31.0
39.0
28.0
21.0
20.0
20.0
-11.0
-27.0
0.0
1.0
0.0
-5.0
-43.0
11.0
13.0
10.0
23.0
9.0
-6.0
29.0
-36.0
-18.0
-24.0
17.0
-24.0
-27.0
-31.0
-19.0
-15.0
-66.0
-27.0
41.0
-17.0
16.0
1.0
-2.0
31.0
-22.0
-11.0
-19.0
31.0
10.0
-53.0
-21.0
-15.0
-30.0
2.0
-17.0
9.0
55.0
12.0
-81.0
-95.0
-4.0
12.0
13.0
26.0
37.0
45.0
16.0
3.0
-16.0
-7.0
39.0
37.0
35.0
19.0
-22.0
-35.0
-56.0
-40.0
-30.0
38.0
-46.0
-10.0
-11.0
-11.0
5.0
-2.0
-20.0
5.0
13.0
12.0
-49.0
-57.0
-59.0
-13.0
17.0
-14.0
11.0
2.0
1.0
-29.0
33.0
11.0
7.0
20.0
31.0
32.0
-20.0
-44.0
-51.0
-2.0
-4.0
-16.0
-10.0
-32.0
1.0
70.0
26.0
4.0
-13.0
-10.0
-35.0
-17.0
-13.0
30.0
4.0
-56.0
9.0
37.0
39.0
41.0
51.0
19.0
21.0
-4.0
-12.0
-36.0
-35.0
-13.0
2.0
2.0
-17.0
1.0
-3.0
16.0
22.0
-5.0
-31.0
-50.0
-47.0
-98.0
-66.0
-16.0
-12.0
68.0
81.0
63.0
31.0
-2.0
16.0
23.0
-14.0
-7.0
-2.0
10.0
-4.0
-31.0
-23.0
-55.0
-8.0
-13.0
27.0
-8.0
-8.0
-43.0
-3.0
1.0
12.0
-6.0
22.0
-4.0
-63.0
-10.0
-9.0
-6.0
-9.0
22.0
-20.0
-22.0
-19.0
-32.0
-9.0
2.0
-2.0
42.0
22.0
34.0
14.0
23.0
19.0
-33.0
-16.0
-19.0
-23.0
-29.0
-15.0
-14.0
-27.0
-5.0
-24.0
-5.0
0.0
-12.0
-17.0
-8.0
-6.0
-16.0
49.0
-25.0
-16.0
42.0
37.0
9.0
2.0
-6.0
-23.0
-15.0
-20.0
-56.0
-2.0
6.0
-27.0
10.0
13.0
-19.0
49.0
46.0
4.0
4.0
18.0
25.0
36.0
-22.0
-26.0
-33.0
-35.0
-13.0
28.0
22.0
18.0
26.0
-24.0
-49.0
-49.0
-52.0
-34.0
-24.0
-35.0
-20.0
-30.0
-12.0
6.0
-9.0
-12.0
47.0
-1.0
19.0
18.0
-36.0
-9.0
-26.0
0.0
-27.0
-28.0
8.0
-18.0
37.0
1.0
21.0
-50.0
-22.0
42.0
41.0
32.0
-118.0
-118.0
10.0
-3.0
68.0
34.0
-43.0
-15.0
12.0
15.0
17.0
-12.0
-15.0
20.0
3.0
19.0
2.0
-32.0
-47.0
-51.0
-39.0
23.0
1.0
36.0
29.0
17.0
10.0
-25.0
9.0
16.0
6.0
0.0
-11.0
-17.0
-11.0
-25.0
-41.0
-103.0
-70.0
-67.0
10.0
30.0
22.0
54.0
4.0
27.0
-25.0
-19.0
-6.0
-6.0
-42.0
-12.0
9.0
39.0
10.0
33.0
11.0
-1.0
-18.0
-20.0
-17.0
-38.0
-55.0
2.0
31.0
39.0
36.0
3.0
4.0
8.0
22.0
-7.0
-25.0
-18.0
-7.0
-28.0
62.0
25.0
6.0
16.0
-19.0
-26.0
-16.0
-19.0
-1.0
-13.0
-25.0
-25.0
15.0
12.0
13.0
22.0
4.0
-5.0
8.0
34.0
55.0
38.0
22.0
22.0
-6.0
-24.0
-25.0
-14.0
-38.0
-34.0
-25.0
13.0
-10.0
-6.0
12.0
-14.0
-20.0
-13.0
0.0
-17.0
-5.0
-8.0
14.0
11.0
4.0
0.0
-45.0
-44.0
15.0
5.0
-17.0
-34.0
2.0
5.0
-30.0
-50.0
-49.0
-19.0
-9.0
-15.0
13.0
1.0
26.0
15.0
17.0
0.0
21.0
-42.0
7.0
18.0
-13.0
22.0
63.0
54.0
15.0
15.0
-41.0
65.0
7.0
-25.0
-27.0
49.0
48.0
42.0
30.0
-25.0
-46.0
-70.0
-43.0
-9.0
-21.0
-35.0
-26.0
-32.0
-16.0
-56.0
10.0
43.0
49.0
23.0
-9.0
-15.0
-165.0
-161.0
-60.0
80.0
55.0
63.0
7.0
-32.0
-31.0
-5.0
35.0
32.0
0.0
-91.0
-82.0
-101.0
-61.0
19.0
42.0
43.0
84.0
87.0
43.0
16.0
-31.0
-7.0
-21.0
2.0
45.0
-35.0
-34.0
-30.0
8.0
22.0
3.0
6.0
23.0
-1.0
-46.0
-20.0
-15.0
-18.0
15.0
10.0
-27.0
3.0
0.0
-19.0
-39.0
-11.0
-8.0
-8.0
23.0
-15.0
-9.0
-26.0
25.0
-28.0
-10.0
-53.0
-57.0
-52.0
-11.0
-10.0
-3.0
-10.0
-4.0
43.0
63.0
56.0
-1.0
-6.0
7.0
23.0
-14.0
-15.0
-29.0
-16.0
85.0
-33.0
17.0
16.0
-44.0
-51.0
10.0
-9.0
-8.0
5.0
-29.0
-58.0
6.0
8.0
21.0
-29.0
-73.0
-2.0
-29.0
-48.0
0.0
13.0
-11.0
-7.0
4.0
5.0
22.0
23.0
-28.0
-73.0
-46.0
34.0
47.0
54.0
81.0
58.0
7.0
-55.0
-38.0
-40.0
14.0
-18.0
-39.0
-37.0
0.0
18.0
-28.0
0.0
28.0
18.0
31.0
19.0
24.0
19.0
41.0
18.0
-34.0
-34.0
-46.0
-35.0
-28.0
-10.0
-17.0
-15.0
-15.0
-43.0
6.0
6.0
-10.0
-67.0
-129.0
-90.0
-11.0
-4.0
46.0
15.0
4.0
41.0
45.0
47.0
59.0
-16.0
-45.0
-43.0
-11.0
5.0
49.0
35.0
35.0
18.0
29.0
-12.0
-2.0
3.0
-6.0
11.0
0.0
-5.0
-18.0
-8.0
-21.0
0.0
-1.0
3.0
7.0
-15.0
-67.0
-33.0
-12.0
-37.0
23.0
-1.0
-5.0
-10.0
19.0
16.0
-23.0
-16.0
22.0
-7.0
-11.0
-10.0
12.0
9.0
-1.0
-7.0
25.0
-13.0
-11.0
-3.0
13.0
12.0
11.0
16.0
-32.0
-12.0
2.0
-11.0
-5.0
19.0
-14.0
-15.0
22.0
20.0
-54.0
-39.0
9.0
2.0
-49.0
-24.0
33.0
-8.0
2.0
2.0
13.0
7.0
-12.0
-37.0
-52.0
-40.0
14.0
22.0
-11.0
-18.0
5.0
-29.0
15.0
37.0
38.0
-10.0
-39.0
26.0
18.0
17.0
-47.0
-15.0
0.0
25.0
-12.0
-31.0
-45.0
-22.0
-18.0
-16.0
7.0
-22.0
-18.0
10.0
1.0
-37.0
-23.0
29.0
8.0
11.0
-8.0
-58.0
-46.0
-18.0
-2.0
1.0
-55.0
-13.0
46.0
48.0
28.0
35.0
20.0
-4.0
-7.0
36.0
57.0
1.0
-26.0
-22.0
-13.0
42.0
15.0
39.0
11.0
-5.0
-161.0
-159.0
-61.0
-57.0
-25.0
70.0
29.0
49.0
12.0
17.0
-10.0
4.0
-27.0
-23.0
42.0
30.0
-7.0
-32.0
13.0
-11.0
30.0
32.0
3.0
9.0
-26.0
28.0
14.0
-33.0
-51.0
-62.0
-17.0
-64.0
50.0
47.0
60.0
9.0
20.0
26.0
12.0
-25.0
-40.0
-11.0
5.0
11.0
-25.0
0.0
30.0
16.0
-11.0
-7.0
6.0
-63.0
-27.0
-24.0
16.0
1.0
2.0
14.0
8.0
16.0
-9.0
-29.0
-9.0
-10.0
-26.0
-25.0
6.0
-28.0
-21.0
-28.0
-35.0
-39.0
2.0
10.0
2.0
-17.0
-55.0
-16.0
52.0
25.0
-22.0
19.0
25.0
24.0
2.0
9.0
2.0
-35.0
2.0
-36.0
2.0
-78.0
-47.0
-51.0
14.0
23.0
75.0
46.0
31.0
76.0
25.0
-19.0
-45.0
-49.0
-87.0
-14.0
27.0
17.0
-14.0
-4.0
-8.0
-44.0
-31.0
-31.0
25.0
-5.0
-3.0
23.0
15.0
-35.0
-1.0
-11.0
-6.0
-11.0
-32.0
-49.0
-26.0
13.0
50.0
38.0
-10.0
-44.0
65.0
64.0
-5.0
37.0
48.0
-20.0
-83.0
-1.0
-9.0
23.0
8.0
3.0
-90.0
-83.0
-30.0
0.0
30.0
-29.0
1.0
-6.0
9.0
8.0
63.0
18.0
38.0
-4.0
20.0
40.0
-6.0
-20.0
-58.0
-57.0
-98.0
-65.0
-6.0
42.0
42.0
67.0
-3.0
35.0
15.0
12.0
6.0
4.0
20.0
-11.0
-9.0
-1.0
-13.0
0.0
-25.0
-22.0
-2.0
-14.0
16.0
-21.0
-8.0
-5.0
-6.0
-53.0
-24.0
-23.0
14.0
30.0
26.0
-9.0
13.0
14.0
0.0
13.0
-7.0
-10.0
-29.0
-32.0
-8.0
3.0
33.0
15.0
-18.0
-15.0
-47.0
-46.0
-32.0
4.0
9.0
-8.0
-43.0
-26.0
-49.0
-8.0
-4.0
-7.0
-31.0
-20.0
-3.0
31.0
34.0
25.0
12.0
-77.0
15.0
14.0
35.0
1.0
-7.0
1.0
-5.0
-2.0
-3.0
-20.0
22.0
22.0
14.0
-3.0
-15.0
-2.0
6.0
7.0
-9.0
-32.0
-103.0
-101.0
-39.0
-13.0
31.0
34.0
13.0
22.0
50.0
12.0
-2.0
-12.0
-49.0
-113.0
-76.0
-47.0
-79.0
52.0
116.0
103.0
4.0
5.0
14.0
27.0
8.0
-20.0
-28.0
8.0
25.0
25.0
-36.0
-38.0
-6.0
-11.0
-5.0
-19.0
-4.0
-22.0
-86.0
-6.0
30.0
31.0
-17.0
-16.0
-23.0
8.0
13.0
15.0
-8.0
41.0
83.0
84.0
-15.0
-62.0
-3.0
31.0
39.0
37.0
31.0
21.0
0.0
-2.0
-13.0
-27.0
-22.0
-41.0
15.0
-18.0
-29.0
-5.0
21.0
28.0
22.0
34.0
35.0
-13.0
-13.0
-27.0
-3.0
-7.0
12.0
14.0
-46.0
-31.0
23.0
36.0
-65.0
-18.0
33.0
-55.0
-97.0
-102.0
-63.0
-5.0
41.0
-57.0
-47.0
43.0
38.0
37.0
36.0
36.0
-14.0
-83.0
-16.0
3.0
55.0
1.0
-49.0
-32.0
-7.0
-4.0
-13.0
23.0
28.0
28.0
-38.0
-36.0
-13.0
7.0
18.0
17.0
24.0
32.0
25.0
-4.0
34.0
-4.0
-26.0
4.0
-1.0
-1.0
-37.0
-26.0
-19.0
-11.0
-4.0
13.0
9.0
8.0
-27.0
-28.0
-27.0
-19.0
-7.0
-12.0
-11.0
-30.0
-12.0
-1.0
20.0
17.0
34.0
20.0
3.0
-15.0
-38.0
-44.0
-59.0
-33.0
19.0
20.0
4.0
-36.0
-58.0
-14.0
28.0
43.0
11.0
-18.0
-43.0
-37.0
-43.0
6.0
52.0
8.0
-19.0
-10.0
-19.0
-5.0
-1.0
-2.0
-5.0
-2.0
15.0
47.0
5.0
18.0
31.0
-20.0
-9.0
9.0
19.0
2.0
8.0
-37.0
6.0
-20.0
-51.0
-9.0
-2.0
-2.0
19.0
6.0
5.0
-26.0
-5.0
-31.0
-41.0
-21.0
13.0
14.0
21.0
17.0
23.0
-5.0
-41.0
-21.0
-4.0
9.0
-25.0
-30.0
-17.0
2.0
4.0
-16.0
-4.0
7.0
-15.0
-41.0
-59.0
-53.0
-38.0
-19.0
-51.0
-50.0
39.0
93.0
72.0
50.0
80.0
79.0
1.0
-31.0
20.0
-38.0
11.0
57.0
-2.0
17.0
14.0
15.0
-2.0
26.0
-64.0
-19.0
-17.0
-10.0
-26.0
-21.0
-9.0
-8.0
-17.0
9.0
19.0
-54.0
-52.0
-123.0
-8.0
28.0
1.0
2.0
20.0
6.0
-28.0
25.0
-1.0
34.0
17.0
14.0
-4.0
-6.0
-41.0
-64.0
-33.0
-35.0
7.0
-47.0
-45.0
-16.0
19.0
16.0
61.0
27.0
46.0
28.0
1.0
21.0
1.0
-11.0
-1.0
0.0
-28.0
3.0
-18.0
-18.0
-1.0
13.0
-13.0
1.0
-8.0
-14.0
6.0
-18.0
-20.0
-20.0
6.0
22.0
55.0
44.0
21.0
20.0
3.0
1.0
-5.0
-28.0
-45.0
-23.0
35.0
15.0
-2.0
-2.0
11.0
-15.0
-25.0
-19.0
-9.0
-1.0
7.0
1.0
-7.0
1.0
6.0
7.0
-7.0
-53.0
-6.0
-4.0
-10.0
5.0
-21.0
-30.0
3.0
24.0
41.0
13.0
-14.0
-44.0
2.0
-16.0
-30.0
-25.0
-69.0
22.0
24.0
4.0
-12.0
5.0
29.0
-1.0
-86.0
-82.0
5.0
2.0
29.0
29.0
-12.0
-11.0
-28.0
-13.0
-17.0
-21.0
-34.0
-51.0
-2.0
42.0
2.0
16.0
15.0
19.0
-52.0
-49.0
-46.0
-21.0
-9.0
-18.0
19.0
27.0
18.0
11.0
9.0
0.0
-16.0
-12.0
-14.0
-30.0
-21.0
-24.0
0.0
-42.0
9.0
8.0
40.0
8.0
0.0
-10.0
66.0
25.0
-3.0
-23.0
-31.0
-28.0
-17.0
42.0
-10.0
0.0
-14.0
8.0
-13.0
-19.0
-31.0
-30.0
-29.0
3.0
5.0
20.0
-35.0
-10.0
1.0
3.0
-85.0
-91.0
-6.0
6.0
-60.0
-88.0
-42.0
-33.0
-13.0
-3.0
-70.0
-76.0
-91.0
46.0
86.0
100.0
88.0
26.0
28.0
-8.0
-14.0
-12.0
-58.0
-37.0
-29.0
-35.0
-46.0
-32.0
43.0
23.0
40.0
32.0
63.0
10.0
28.0
-7.0
-39.0
-61.0
-33.0
-35.0
4.0
6.0
26.0
6.0
25.0
13.0
21.0
26.0
21.0
-37.0
-41.0
-45.0
-93.0
-66.0
-43.0
-20.0
14.0
69.0
33.0
7.0
-137.0
-137.0
-71.0
-33.0
16.0
37.0
30.0
-2.0
29.0
-1.0
-36.0
-38.0
-22.0
-37.0
10.0
51.0
51.0
57.0
38.0
10.0
-4.0
0.0
-49.0
-94.0
-5.0
8.0
43.0
33.0
-2.0
-13.0
12.0
10.0
33.0
-28.0
-61.0
-28.0
6.0
-4.0
17.0
-7.0
23.0
22.0
-18.0
-29.0
-14.0
2.0
-5.0
17.0
9.0
-43.0
-20.0
-21.0
-36.0
1.0
4.0
-19.0
-19.0
-4.0
-2.0
-18.0
4.0
9.0
-22.0
-2.0
6.0
-13.0
9.0
18.0
23.0
-13.0
10.0
3.0
-46.0
-45.0
-20.0
11.0
19.0
-52.0
-10.0
-4.0
-13.0
-19.0
-45.0
5.0
41.0
43.0
5.0
9.0
-4.0
-17.0
-59.0
-51.0
-99.0
-25.0
50.0
48.0
22.0
17.0
26.0
-30.0
2.0
-1.0
17.0
16.0
7.0
32.0
-13.0
-7.0
-10.0
-36.0
-39.0
-27.0
15.0
14.0
8.0
-2.0
-7.0
-11.0
-40.0
-28.0
-16.0
-11.0
23.0
3.0
14.0
38.0
23.0
-11.0
-37.0
-12.0
14.0
8.0
-5.0
-24.0
-10.0
-20.0
9.0
-32.0
-39.0
-10.0
16.0
10.0
-11.0
39.0
43.0
22.0
-11.0
-19.0
-12.0
-19.0
-16.0
-16.0
-29.0
-46.0
6.0
4.0
-9.0
8.0
6.0
19.0
33.0
39.0
-5.0
-27.0
-7.0
-6.0
16.0
-21.0
-29.0
-11.0
-20.0
-21.0
6.0
-32.0
-33.0
-46.0
-35.0
-1.0
24.0
-7.0
0.0
0.0
9.0
-6.0
10.0
26.0
18.0
-6.0
-6.0
6.0
22.0
12.0
-25.0
-15.0
17.0
-42.0
-28.0
-39.0
-23.0
-13.0
-16.0
-15.0
-17.0
23.0
-5.0
-14.0
6.0
36.0
6.0
-64.0
-37.0
-35.0
34.0
10.0
44.0
9.0
-30.0
-1.0
64.0
14.0
-55.0
-55.0
-33.0
29.0
-21.0
10.0
8.0
18.0
24.0
18.0
2.0
4.0
16.0
14.0
33.0
-9.0
-34.0
5.0
-5.0
-7.0
3.0
5.0
-26.0
-30.0
-13.0
-60.0
-31.0
27.0
30.0
49.0
34.0
34.0
14.0
-4.0
-41.0
-22.0
10.0
-65.0
10.0
29.0
29.0
30.0
12.0
-38.0
-13.0
19.0
-35.0
-53.0
-30.0
5.0
27.0
31.0
34.0
12.0
-21.0
-35.0
0.0
-25.0
-26.0
47.0
20.0
18.0
-21.0
-23.0
-9.0
-55.0
-36.0
-20.0
-13.0
-28.0
42.0
42.0
39.0
-9.0
-9.0
-12.0
-9.0
2.0
23.0
3.0
-23.0
-26.0
33.0
7.0
-7.0
-28.0
-20.0
-75.0
-28.0
25.0
19.0
21.0
53.0
3.0
-7.0
30.0
32.0
14.0
11.0
-41.0
-36.0
-29.0
-40.0
-67.0
-4.0
-8.0
4.0
-40.0
-50.0
18.0
99.0
97.0
-6.0
-5.0
-8.0
16.0
25.0
-11.0
-90.0
-68.0
-5.0
-3.0
43.0
37.0
32.0
15.0
63.0
10.0
2.0
-5.0
3.0
-3.0
-11.0
-31.0
-50.0
18.0
-21.0
13.0
19.0
-21.0
25.0
27.0
17.0
25.0
30.0
11.0
-33.0
42.0
-18.0
11.0
-15.0
-9.0
-32.0
-58.0
-50.0
-40.0
-21.0
13.0
3.0
-4.0
42.0
39.0
-37.0
-58.0
-1.0
26.0
41.0
7.0
27.0
0.0
-26.0
-27.0
3.0
43.0
32.0
16.0
-29.0
-35.0
-56.0
-41.0
-53.0
-58.0
-79.0
-71.0
-73.0
5.0
58.0
84.0
23.0
-4.0
26.0
23.0
0.0
-15.0
-8.0
-5.0
20.0
9.0
33.0
24.0
-12.0
-23.0
2.0
-26.0
-38.0
-9.0
19.0
-4.0
-15.0
16.0
-18.0
-15.0
-1.0
-19.0
-9.0
-13.0
-6.0
-38.0
-4.0
20.0
28.0
26.0
-19.0
6.0
-24.0
-29.0
-51.0
-53.0
-45.0
-41.0
-12.0
-9.0
10.0
16.0
-8.0
11.0
18.0
32.0
-4.0
11.0
17.0
14.0
-8.0
-49.0
-25.0
-50.0
-113.0
-16.0
71.0
48.0
-28.0
-30.0
-8.0
-17.0
32.0
-19.0
-29.0
16.0
-31.0
5.0
-15.0
-24.0
-23.0
51.0
51.0
34.0
15.0
30.0
9.0
-38.0
9.0
6.0
0.0
15.0
13.0
-40.0
-21.0
-18.0
-27.0
-42.0
-9.0
-13.0
12.0
-24.0
-1.0
-5.0
9.0
20.0
-20.0
-20.0
0.0
6.0
44.0
11.0
-19.0
58.0
-12.0
16.0
3.0
-7.0
65.0
65.0
43.0
-186.0
-142.0
-3.0
49.0
18.0
-15.0
-13.0
8.0
11.0
22.0
10.0
-2.0
8.0
3.0
8.0
32.0
-2.0
-23.0
-24.0
-13.0
-46.0
-8.0
-2.0
-49.0
10.0
-29.0
-12.0
4.0
4.0
3.0
2.0
5.0
44.0
-2.0
-24.0
-23.0
2.0
20.0
16.0
7.0
-29.0
-22.0
-68.0
-23.0
6.0
20.0
23.0
1.0
9.0
-4.0
-16.0
27.0
21.0
25.0
13.0
43.0
-22.0
-18.0
-17.0
-39.0
17.0
-25.0
-16.0
-1.0
-14.0
-70.0
-83.0
-74.0
-70.0
60.0
19.0
-6.0
-10.0
-22.0
-21.0
-4.0
23.0
31.0
39.0
28.0
-34.0
7.0
27.0
39.0
27.0
-23.0
-21.0
-44.0
-41.0
-46.0
-19.0
-6.0
10.0
-4.0
-12.0
0.0
-13.0
-44.0
-41.0
-31.0
4.0
-17.0
12.0
-18.0
1.0
-39.0
-9.0
11.0
15.0
6.0
7.0
5.0
27.0
-28.0
-33.0
0.0
-10.0
-4.0
-9.0
-21.0
21.0
-17.0
11.0
-26.0
-110.0
-65.0
-73.0
41.0
40.0
51.0
38.0
41.0
20.0
-31.0
-71.0
-59.0
-11.0
30.0
24.0
-5.0
16.0
29.0
17.0
-21.0
-2.0
34.0
-4.0
24.0
22.0
15.0
33.0
6.0
8.0
-23.0
-13.0
8.0
5.0
13.0
12.0
-28.0
6.0
0.0
3.0
17.0
-19.0
6.0
5.0
13.0
12.0
7.0
14.0
-8.0
-33.0
-44.0
6.0
0.0
-8.0
0.0
2.0
-14.0
-13.0
-38.0
-20.0
-23.0
-35.0
-16.0
-3.0
9.0
13.0
13.0
-31.0
-9.0
-47.0
-35.0
-33.0
-5.0
37.0
14.0
9.0
11.0
-9.0
0.0
-13.0
10.0
9.0
54.0
1.0
1.0
4.0
3.0
-24.0
-8.0
-24.0
0.0
12.0
28.0
-20.0
-43.0
-41.0
-10.0
16.0
-38.0
-8.0
3.0
-12.0
2.0
-29.0
-25.0
-22.0
-25.0
5.0
14.0
29.0
-3.0
16.0
1.0
-35.0
-22.0
-25.0
-26.0
-13.0
-13.0
-22.0
-18.0
17.0
22.0
-2.0
23.0
26.0
36.0
10.0
-27.0
-40.0
-14.0
-12.0
4.0
0.0
12.0
11.0
32.0
20.0
21.0
-2.0
-25.0
-37.0
9.0
42.0
32.0
30.0
28.0
-34.0
-52.0
-68.0
-85.0
-31.0
36.0
42.0
-5.0
-2.0
15.0
-3.0
6.0
46.0
4.0
-17.0
-97.0
-52.0
-35.0
-30.0
4.0
21.0
30.0
5.0
-37.0
-44.0
9.0
23.0
30.0
39.0
15.0
-45.0
-51.0
-12.0
13.0
11.0
-22.0
60.0
11.0
12.0
-3.0
14.0
-8.0
-31.0
-100.0
-105.0
-131.0
-64.0
-52.0
-51.0
-70.0
40.0
102.0
83.0
102.0
74.0
49.0
5.0
-11.0
-16.0
-22.0
-38.0
-61.0
-9.0
21.0
-13.0
7.0
12.0
18.0
16.0
23.0
12.0
-5.0
-22.0
-23.0
25.0
15.0
7.0
-30.0
-37.0
-8.0
-57.0
-9.0
17.0
45.0
20.0
18.0
-12.0
-24.0
-25.0
-29.0
-7.0
-24.0
-20.0
30.0
24.0
-37.0
1.0
-15.0
-11.0
-63.0
-5.0
14.0
-6.0
23.0
22.0
18.0
4.0
-16.0
-13.0
-35.0
8.0
-45.0
-43.0
-13.0
-11.0
-57.0
-48.0
9.0
15.0
43.0
43.0
31.0
-1.0
-51.0
-54.0
-19.0
-15.0
-17.0
-18.0
-11.0
20.0
41.0
53.0
3.0
-2.0
-30.0
1.0
6.0
-1.0
-18.0
-23.0
-22.0
40.0
-8.0
-11.0
-32.0
13.0
-10.0
-8.0
-20.0
-41.0
15.0
16.0
18.0
30.0
-20.0
10.0
21.0
14.0
7.0
4.0
-22.0
-69.0
-52.0
-10.0
40.0
45.0
-2.0
1.0
-11.0
-10.0
-23.0
13.0
-26.0
17.0
11.0
-13.0
-26.0
-26.0
-37.0
-26.0
22.0
48.0
36.0
0.0
-23.0
6.0
17.0
22.0
-5.0
-12.0
-9.0
-25.0
-19.0
26.0
-11.0
-25.0
-46.0
-43.0
-26.0
13.0
19.0
6.0
-6.0
-16.0
-12.0
-23.0
12.0
13.0
-5.0
0.0
-14.0
10.0
20.0
16.0
-16.0
-30.0
-44.0
-48.0
-112.0
-126.0
-81.0
-7.0
28.0
-74.0
-27.0
87.0
122.0
115.0
95.0
29.0
40.0
60.0
24.0
17.0
23.0
34.0
-15.0
-21.0
-9.0
2.0
-8.0
5.0
-48.0
-36.0
-5.0
-22.0
-10.0
-19.0
11.0
0.0
4.0
-32.0
0.0
2.0
1.0
-13.0
-1.0
4.0
-34.0
-37.0
-28.0
0.0
18.0
12.0
11.0
-18.0
-1.0
1.0
37.0
-15.0
-13.0
4.0
4.0
7.0
-8.0
11.0
-27.0
-34.0
22.0
-13.0
-27.0
-30.0
-36.0
-9.0
-2.0
52.0
17.0
23.0
-39.0
0.0
10.0
-7.0
-29.0
-33.0
-86.0
25.0
-4.0
-13.0
18.0
-13.0
31.0
8.0
-29.0
11.0
47.0
52.0
8.0
9.0
9.0
-33.0
-13.0
9.0
8.0
-4.0
-52.0
-4.0
29.0
30.0
13.0
20.0
-21.0
-4.0
-13.0
-19.0
-39.0
-53.0
-31.0
-24.0
9.0
40.0
18.0
2.0
-8.0
-5.0
10.0
13.0
-48.0
-46.0
15.0
-4.0
-26.0
-39.0
-14.0
16.0
28.0
-13.0
-7.0
-11.0
-17.0
16.0
-8.0
-45.0
-10.0
-3.0
21.0
-7.0
1.0
6.0
16.0
-20.0
-14.0
38.0
-40.0
-25.0
-90.0
17.0
64.0
59.0
65.0
28.0
2.0
24.0
10.0
-35.0
-51.0
-44.0
0.0
-5.0
-63.0
-38.0
-8.0
5.0
36.0
-17.0
-12.0
47.0
71.0
72.0
62.0
31.0
0.0
-35.0
-39.0
-16.0
-11.0
-53.0
-32.0
-37.0
-9.0
22.0
2.0
3.0
13.0
-29.0
-1.0
4.0
21.0
18.0
19.0
-2.0
-23.0
14.0
22.0
-30.0
-32.0
-51.0
-2.0
-6.0
-15.0
28.0
55.0
74.0
1.0
-63.0
-92.0
-61.0
-31.0
-28.0
-19.0
-5.0
6.0
18.0
-15.0
-6.0
-15.0
11.0
-6.0
-5.0
25.0
0.0
-8.0
-1.0
-1.0
32.0
39.0
-36.0
2.0
6.0
3.0
-35.0
-51.0
-29.0
0.0
9.0
13.0
-3.0
20.0
21.0
-16.0
25.0
4.0
-15.0
-43.0
-12.0
-26.0
-6.0
-1.0
-2.0
-17.0
-28.0
4.0
-8.0
13.0
-3.0
4.0
10.0
22.0
22.0
-19.0
-52.0
-23.0
-15.0
-1.0
6.0
-15.0
13.0
15.0
17.0
15.0
2.0
-13.0
-46.0
-37.0
26.0
36.0
-7.0
-1.0
-5.0
-30.0
0.0
17.0
-2.0
-38.0
10.0
41.0
8.0
6.0
9.0
0.0
-12.0
-11.0
-25.0
-15.0
-49.0
-8.0
-17.0
6.0
6.0
2.0
2.0
0.0
-4.0
-5.0
-15.0
-2.0
-11.0
-32.0
-37.0
-3.0
-50.0
-26.0
-26.0
-17.0
19.0
23.0
-31.0
41.0
31.0
34.0
33.0
4.0
-15.0
-15.0
-29.0
-53.0
-13.0
-29.0
-27.0
-21.0
-18.0
10.0
-4.0
-11.0
-7.0
22.0
65.0
59.0
60.0
46.0
17.0
-13.0
-19.0
-12.0
-20.0
-8.0
-8.0
-40.0
-43.0
-16.0
-36.0
-20.0
22.0
34.0
-37.0
-28.0
-34.0
53.0
58.0
67.0
39.0
9.0
-6.0
-54.0
-39.0
30.0
-5.0
28.0
24.0
35.0
43.0
40.0
-11.0
-16.0
-46.0
-30.0
7.0
30.0
26.0
-6.0
-1.0
-15.0
-8.0
5.0
-2.0
-64.0
-14.0
-30.0
-36.0
-36.0
-18.0
-59.0
-21.0
-53.0
-74.0
2.0
77.0
71.0
77.0
59.0
-25.0
-48.0
-34.0
-30.0
-13.0
24.0
36.0
-24.0
-31.0
-47.0
-24.0
28.0
14.0
18.0
9.0
-5.0
-17.0
-47.0
-48.0
-38.0
-15.0
-1.0
-3.0
1.0
-15.0
4.0
16.0
0.0
-2.0
-1.0
2.0
14.0
7.0
-44.0
-37.0
3.0
12.0
15.0
16.0
31.0
24.0
5.0
61.0
57.0
20.0
-38.0
-13.0
-14.0
-7.0
18.0
12.0
13.0
11.0
0.0
-36.0
-13.0
-12.0
-11.0
-15.0
-26.0
2.0
6.0
-9.0
-10.0
-26.0
-8.0
20.0
4.0
-2.0
-41.0
-40.0
-24.0
-2.0
8.0
-26.0
19.0
1.0
-9.0
-7.0
0.0
-6.0
1.0
-22.0
36.0
-5.0
-62.0
-86.0
-48.0
-45.0
2.0
41.0
50.0
-3.0
-23.0
-15.0
-9.0
1.0
4.0
4.0
0.0
-31.0
20.0
13.0
3.0
8.0
-4.0
-64.0
-23.0
-20.0
21.0
-6.0
-59.0
-17.0
-42.0
-22.0
3.0
27.0
21.0
23.0
9.0
29.0
1.0
-9.0
-9.0
-25.0
-50.0
-45.0
-1.0
4.0
20.0
41.0
88.0
43.0
-11.0
-4.0
-3.0
17.0
6.0
5.0
-15.0
-20.0
-18.0
-19.0
-16.0
-34.0
-3.0
16.0
-13.0
-21.0
-13.0
1.0
-6.0
-18.0
13.0
0.0
-32.0
-17.0
-11.0
-17.0
28.0
52.0
42.0
-18.0
-88.0
-106.0
-35.0
13.0
43.0
38.0
18.0
4.0
3.0
15.0
0.0
-20.0
-11.0
-28.0
-48.0
-46.0
-47.0
-41.0
-13.0
-6.0
33.0
59.0
41.0
9.0
-6.0
-8.0
-13.0
-12.0
4.0
7.0
-13.0
-15.0
-39.0
-26.0
-5.0
-5.0
5.0
-10.0
6.0
20.0
-21.0
-14.0
40.0
31.0
11.0
16.0
-23.0
5.0
-12.0
-14.0
-21.0
-1.0
-19.0
-44.0
7.0
6.0
40.0
27.0
26.0
-5.0
-21.0
-67.0
-33.0
-15.0
-30.0
-22.0
14.0
2.0
-14.0
6.0
-6.0
-10.0
3.0
-105.0
-71.0
-70.0
-5.0
-16.0
43.0
89.0
63.0
59.0
-63.0
-85.0
-73.0
-75.0
40.0
106.0
109.0
10.0
-49.0
-52.0
19.0
-37.0
-8.0
-9.0
-1.0
26.0
-13.0
19.0
-43.0
-92.0
10.0
-9.0
-101.0
-92.0
-56.0
6.0
19.0
0.0
21.0
-17.0
-3.0
28.0
17.0
18.0
-20.0
-1.0
20.0
26.0
-13.0
15.0
20.0
16.0
22.0
26.0
-22.0
-12.0
-38.0
-18.0
-39.0
-15.0
-1.0
-21.0
-22.0
-21.0
17.0
3.0
-13.0
-41.0
-16.0
-36.0
-30.0
-19.0
-17.0
-19.0
-25.0
-1.0
26.0
-11.0
-56.0
12.0
23.0
51.0
12.0
8.0
-3.0
48.0
-5.0
-28.0
-41.0
-9.0
7.0
-32.0
-49.0
-48.0
-42.0
10.0
-37.0
61.0
50.0
18.0
-70.0
-167.0
-50.0
-48.0
12.0
-14.0
34.0
-1.0
-8.0
29.0
46.0
46.0
85.0
87.0
99.0
46.0
17.0
-10.0
-27.0
-26.0
-49.0
-13.0
-109.0
-113.0
-43.0
-79.0
-33.0
3.0
6.0
64.0
119.0
54.0
29.0
27.0
-1.0
-4.0
-16.0
-11.0
-23.0
-30.0
-9.0
2.0
-34.0
-26.0
-10.0
-26.0
-12.0
-28.0
-14.0
-14.0
3.0
-8.0
-25.0
-22.0
-15.0
-40.0
8.0
34.0
39.0
64.0
33.0
21.0
-3.0
-7.0
-23.0
-8.0
-24.0
-25.0
7.0
22.0
-30.0
-16.0
-16.0
-20.0
-24.0
-34.0
-6.0
-17.0
20.0
18.0
17.0
26.0
4.0
2.0
-2.0
-1.0
-2.0
4.0
-45.0
-60.0
19.0
17.0
10.0
3.0
-4.0
1.0
-15.0
-35.0
-29.0
4.0
-34.0
-25.0
-34.0
-29.0
8.0
8.0
22.0
-2.0
5.0
16.0
23.0
-36.0
1.0
4.0
2.0
-38.0
-47.0
14.0
2.0
-2.0
-4.0
-28.0
-8.0
-8.0
6.0
-13.0
-14.0
-24.0
-61.0
-13.0
26.0
23.0
42.0
34.0
69.0
34.0
5.0
-26.0
-37.0
-27.0
-10.0
-22.0
-37.0
-38.0
-2.0
-17.0
-12.0
38.0
-6.0
-15.0
25.0
11.0
-44.0
-37.0
-38.0
-8.0
13.0
-19.0
20.0
7.0
2.0
-4.0
-23.0
-31.0
-61.0
-8.0
-22.0
-7.0
-16.0
-12.0
-10.0
10.0
-55.0
-52.0
-108.0
-33.0
-23.0
-38.0
-96.0
37.0
62.0
59.0
52.0
54.0
68.0
38.0
-15.0
-11.0
28.0
30.0
-3.0
35.0
15.0
9.0
18.0
-7.0
-35.0
-22.0
-41.0
-17.0
5.0
-27.0
-4.0
-1.0
-20.0
10.0
2.0
-13.0
34.0
5.0
-24.0
-36.0
-18.0
-16.0
-2.0
3.0
26.0
3.0
13.0
19.0
2.0
-45.0
-69.0
-68.0
-37.0
26.0
15.0
-15.0
8.0
-4.0
-26.0
-11.0
12.0
13.0
-4.0
37.0
22.0
-31.0
-68.0
-10.0
33.0
12.0
37.0
44.0
22.0
-24.0
-23.0
-8.0
-45.0
-11.0
-29.0
-43.0
-30.0
-25.0
1.0
43.0
38.0
6.0
29.0
15.0
2.0
6.0
21.0
21.0
-32.0
-20.0
2.0
-1.0
13.0
12.0
9.0
-6.0
-13.0
-7.0
-15.0
-18.0
-33.0
-13.0
-19.0
-9.0
54.0
6.0
-134.0
-134.0
-71.0
-9.0
-5.0
3.0
59.0
35.0
4.0
-8.0
-15.0
-16.0
16.0
-5.0
-27.0
-11.0
-13.0
-83.0
-45.0
-4.0
31.0
30.0
-12.0
2.0
19.0
21.0
-14.0
-13.0
15.0
66.0
34.0
36.0
22.0
-21.0
-18.0
-28.0
-7.0
26.0
-13.0
-70.0
-66.0
-64.0
-29.0
23.0
53.0
44.0
36.0
21.0
0.0
-3.0
-58.0
-62.0
-54.0
0.0
43.0
31.0
-24.0
-38.0
-43.0
-20.0
17.0
16.0
-52.0
-179.0
-85.0
58.0
104.0
91.0
15.0
6.0
20.0
24.0
22.0
33.0
51.0
26.0
17.0
-4.0
1.0
-4.0
11.0
14.0
35.0
-4.0
-14.0
-44.0
-27.0
11.0
-24.0
-22.0
8.0
14.0
25.0
-8.0
33.0
-8.0
-15.0
-38.0
-9.0
8.0
-48.0
-40.0
-42.0
2.0
-43.0
-93.0
-5.0
73.0
48.0
25.0
11.0
11.0
-35.0
-8.0
-37.0
-46.0
-3.0
27.0
18.0
3.0
-33.0
-33.0
-26.0
-24.0
-35.0
-44.0
-20.0
-38.0
-31.0
47.0
48.0
44.0
-37.0
-15.0
17.0
50.0
39.0
-3.0
-8.0
27.0
4.0
-4.0
14.0
-3.0
-6.0
-31.0
-18.0
-33.0
-41.0
-28.0
-2.0
-1.0
-10.0
-44.0
-54.0
7.0
21.0
16.0
29.0
36.0
25.0
23.0
-42.0
-60.0
-9.0
-19.0
-8.0
20.0
-16.0
2.0
-16.0
-13.0
-122.0
-131.0
-62.0
27.0
10.0
32.0
63.0
40.0
0.0
0.0
33.0
-2.0
34.0
37.0
-16.0
35.0
-17.0
18.0
18.0
17.0
-19.0
63.0
42.0
18.0
-29.0
-32.0
-7.0
-27.0
5.0
6.0
9.0
1.0
35.0
-7.0
-5.0
-39.0
-8.0
-8.0
-5.0
-5.0
0.0
1.0
9.0
15.0
6.0
-36.0
-6.0
-9.0
-20.0
-21.0
-16.0
-9.0
-9.0
-17.0
-47.0
7.0
-21.0
-11.0
-16.0
-13.0
-23.0
-22.0
-26.0
-7.0
-2.0
-12.0
-19.0
-11.0
24.0
26.0
36.0
1.0
15.0
-4.0
-44.0
-8.0
-22.0
9.0
19.0
24.0
16.0
37.0
36.0
-38.0
-38.0
-48.0
-18.0
10.0
55.0
53.0
16.0
37.0
14.0
-28.0
-40.0
-64.0
-78.0
-20.0
16.0
10.0
43.0
80.0
38.0
-28.0
-40.0
6.0
-14.0
10.0
9.0
8.0
20.0
-37.0
-45.0
1.0
28.0
1.0
-20.0
41.0
28.0
23.0
16.0
13.0
-6.0
-11.0
-15.0
-42.0
-35.0
-26.0
-25.0
-27.0
-25.0
-34.0
13.0
-26.0
-41.0
-57.0
-41.0
-29.0
-33.0
-38.0
13.0
26.0
43.0
-5.0
39.0
38.0
-11.0
-26.0
1.0
-10.0
-5.0
-6.0
11.0
-39.0
-21.0
25.0
11.0
-7.0
-108.0
-106.0
-62.0
25.0
39.0
33.0
60.0
-18.0
-3.0
2.0
-1.0
-9.0
7.0
-7.0
2.0
-61.0
-23.0
-70.0
10.0
-39.0
-5.0
-3.0
31.0
19.0
11.0
-46.0
22.0
23.0
18.0
-19.0
28.0
22.0
41.0
-11.0
-24.0
28.0
2.0
-17.0
-23.0
6.0
5.0
10.0
-21.0
15.0
-15.0
-37.0
9.0
2.0
-26.0
-17.0
-37.0
-40.0
-46.0
35.0
-1.0
-69.0
-19.0
-7.0
-24.0
10.0
12.0
5.0
33.0
49.0
41.0
29.0
-3.0
-2.0
2.0
-13.0
-40.0
-31.0
-5.0
-7.0
5.0
-42.0
-25.0
-6.0
1.0
34.0
5.0
12.0
-11.0
15.0
-2.0
-13.0
0.0
-25.0
-20.0
-13.0
13.0
10.0
-18.0
-29.0
-2.0
-28.0
-57.0
-9.0
18.0
-3.0
-25.0
-26.0
-38.0
-40.0
-53.0
-32.0
28.0
58.0
53.0
7.0
26.0
32.0
48.0
11.0
52.0
-27.0
-15.0
-17.0
-40.0
10.0
-74.0
-75.0
-155.0
-56.0
89.0
79.0
24.0
-5.0
13.0
64.0
7.0
1.0
-21.0
-6.0
5.0
-1.0
-26.0
-24.0
-15.0
-4.0
-52.0
-50.0
-33.0
-16.0
-4.0
19.0
17.0
3.0
-21.0
-57.0
-73.0
-72.0
-12.0
-5.0
12.0
21.0
-24.0
-15.0
0.0
14.0
5.0
4.0
34.0
24.0
50.0
60.0
21.0
-13.0
-22.0
29.0
22.0
25.0
-3.0
-5.0
-19.0
-15.0
4.0
3.0
-7.0
-18.0
-13.0
-13.0
-4.0
-27.0
-20.0
-49.0
-18.0
-25.0
1.0
13.0
3.0
-11.0
-12.0
-28.0
6.0
31.0
13.0
18.0
-19.0
-23.0
-23.0
-22.0
-12.0
-3.0
-18.0
27.0
-10.0
19.0
11.0
-30.0
-63.0
-66.0
-15.0
16.0
46.0
40.0
-14.0
21.0
-3.0
8.0
-3.0
-8.0
-27.0
-47.0
-15.0
-34.0
9.0
19.0
43.0
17.0
-39.0
-45.0
-15.0
38.0
8.0
-20.0
-70.0
-58.0
-84.0
-10.0
22.0
26.0
75.0
-70.0
-18.0
-42.0
-2.0
-4.0
17.0
-40.0
-68.0
-72.0
56.0
107.0
72.0
28.0
23.0
23.0
-24.0
-43.0
-40.0
-39.0
-39.0
6.0
38.0
-168.0
-268.0
-155.0
-32.0
67.0
114.0
106.0
-7.0
-24.0
90.0
61.0
-101.0
-59.0
7.0
73.0
96.0
96.0
71.0
37.0
35.0
34.0
39.0
46.0
38.0
21.0
-35.0
-39.0
-61.0
-31.0
-8.0
4.0
9.0
-8.0
0.0
-1.0
-20.0
-23.0
-1.0
-18.0
-8.0
-16.0
-57.0
-64.0
-11.0
7.0
4.0
4.0
30.0
-10.0
-20.0
-37.0
25.0
15.0
13.0
6.0
10.0
7.0
-15.0
-26.0
8.0
-6.0
-42.0
-14.0
-16.0
14.0
3.0
6.0
-6.0
-27.0
-32.0
-27.0
-5.0
0.0
10.0
-5.0
15.0
15.0
15.0
-24.0
-46.0
-50.0
-25.0
-5.0
-11.0
-26.0
-17.0
-13.0
-49.0
-48.0
55.0
35.0
23.0
49.0
60.0
37.0
-7.0
-11.0
-40.0
1.0
-48.0
-131.0
-64.0
27.0
39.0
4.0
10.0
14.0
55.0
30.0
37.0
-18.0
-21.0
-14.0
-3.0
-30.0
-17.0
-15.0
-34.0
10.0
24.0
44.0
16.0
-47.0
-26.0
-55.0
-11.0
-8.0
-14.0
-12.0
47.0
32.0
-10.0
-63.0
-24.0
-34.0
-40.0
-40.0
-16.0
27.0
19.0
-135.0
-116.0
-15.0
20.0
-88.0
-89.0
-88.0
51.0
146.0
110.0
15.0
-28.0
-65.0
22.0
3.0
90.0
94.0
166.0
56.0
36.0
37.0
9.0
-27.0
-9.0
5.0
-11.0
-12.0
-38.0
-31.0
-26.0
11.0
8.0
11.0
-5.0
-37.0
-8.0
-9.0
-31.0
-23.0
-28.0
-42.0
-25.0
-26.0
-22.0
-1.0
-2.0
-3.0
-7.0
-3.0
-41.0
-37.0
25.0
-8.0
-34.0
-63.0
-44.0
-39.0
-28.0
-15.0
42.0
43.0
9.0
17.0
-48.0
1.0
-5.0
-7.0
-7.0
-10.0
25.0
21.0
4.0
-15.0
36.0
45.0
8.0
6.0
-36.0
4.0
10.0
-6.0
15.0
-24.0
5.0
-31.0
33.0
29.0
18.0
-12.0
-22.0
-51.0
-22.0
26.0
4.0
50.0
50.0
47.0
9.0
-21.0
-24.0
-17.0
-44.0
-43.0
-35.0
39.0
25.0
20.0
-24.0
-16.0
-1.0
-27.0
-6.0
31.0
-40.0
1.0
-4.0
-12.0
-65.0
-11.0
109.0
46.0
20.0
23.0
6.0
-85.0
-39.0
-38.0
-69.0
-57.0
-20.0
-6.0
29.0
-2.0
13.0
-19.0
-33.0
-26.0
-8.0
15.0
-1.0
9.0
-12.0
28.0
-4.0
-5.0
-11.0
-11.0
-53.0
3.0
-14.0
-7.0
19.0
5.0
-18.0
7.0
30.0
31.0
76.0
-40.0
-36.0
-30.0
-1.0
-55.0
-2.0
10.0
-18.0
-16.0
-33.0
-40.0
28.0
14.0
22.0
4.0
-38.0
40.0
42.0
46.0
45.0
-9.0
-51.0
-55.0
12.0
43.0
-26.0
1.0
27.0
19.0
-19.0
-32.0
-14.0
-1.0
2.0
45.0
24.0
-26.0
-51.0
-57.0
13.0
-7.0
-64.0
-10.0
16.0
8.0
-6.0
-72.0
-30.0
-24.0
-5.0
-13.0
12.0
21.0
34.0
37.0
-13.0
4.0
-15.0
-14.0
-54.0
-44.0
-28.0
-24.0
-29.0
-21.0
-14.0
-7.0
18.0
17.0
-4.0
1.0
5.0
49.0
28.0
-2.0
-17.0
-26.0
-16.0
-18.0
48.0
17.0
-6.0
-7.0
-33.0
-69.0
-26.0
17.0
19.0
23.0
16.0
19.0
27.0
-9.0
12.0
-2.0
-35.0
-33.0
-15.0
-19.0
11.0
31.0
-31.0
-70.0
-32.0
-16.0
-1.0
-13.0
-56.0
-57.0
-14.0
7.0
45.0
-24.0
-20.0
-37.0
-35.0
-1.0
50.0
55.0
41.0
54.0
31.0
-2.0
-29.0
-29.0
-49.0
-48.0
-21.0
-21.0
-10.0
8.0
11.0
36.0
19.0
-9.0
-15.0
-26.0
-14.0
-17.0
9.0
51.0
49.0
15.0
19.0
23.0
38.0
7.0
-33.0
-36.0
-17.0
-32.0
-32.0
-22.0
-46.0
-37.0
-24.0
-25.0
-8.0
-1.0
41.0
-27.0
-20.0
-19.0
-76.0
-61.0
-52.0
-86.0
-50.0
-46.0
-18.0
57.0
36.0
39.0
53.0
43.0
-33.0
-3.0
-52.0
-48.0
-10.0
62.0
118.0
59.0
3.0
37.0
-67.0
-57.0
-20.0
-21.0
-10.0
6.0
30.0
54.0
-49.0
-58.0
44.0
64.0
13.0
10.0
-12.0
-3.0
9.0
-8.0
-54.0
-72.0
13.0
45.0
52.0
48.0
-11.0
-27.0
-21.0
-54.0
-70.0
-18.0
-9.0
-14.0
-12.0
-10.0
4.0
-11.0
-16.0
-17.0
-13.0
13.0
-26.0
-29.0
8.0
14.0
-18.0
-33.0
-2.0
10.0
1.0
15.0
-9.0
13.0
21.0
17.0
21.0
14.0
-19.0
-28.0
-17.0
-10.0
-5.0
-23.0
-11.0
-14.0
-9.0
13.0
42.0
31.0
-4.0
-35.0
-81.0
-39.0
27.0
26.0
-19.0
-16.0
11.0
7.0
24.0
-18.0
1.0
2.0
-61.0
-58.0
-9.0
41.0
-15.0
-12.0
-8.0
0.0
4.0
14.0
-42.0
-47.0
37.0
-15.0
25.0
18.0
-25.0
-13.0
1.0
-14.0
-23.0
-28.0
-11.0
-14.0
-4.0
-6.0
-25.0
-16.0
13.0
-3.0
-35.0
-31.0
20.0
43.0
-7.0
5.0
-42.0
-2.0
9.0
-37.0
-23.0
-30.0
-44.0
3.0
21.0
29.0
32.0
-24.0
17.0
23.0
23.0
24.0
-11.0
-31.0
-15.0
38.0
-2.0
32.0
-11.0
-21.0
-28.0
-26.0
-10.0
-26.0
-83.0
-32.0
-15.0
11.0
57.0
6.0
-9.0
-8.0
-1.0
-40.0
-29.0
-41.0
-28.0
6.0
27.0
6.0
3.0
2.0
44.0
29.0
-26.0
-5.0
19.0
-7.0
-32.0
-7.0
14.0
13.0
8.0
-22.0
-33.0
-24.0
-42.0
-97.0
-208.0
-122.0
39.0
42.0
112.0
124.0
122.0
40.0
-34.0
-43.0
-10.0
43.0
11.0
9.0
-77.0
-64.0
-7.0
-44.0
49.0
47.0
27.0
14.0
-68.0
-77.0
-77.0
3.0
-74.0
10.0
74.0
0.0
-30.0
20.0
30.0
32.0
68.0
42.0
27.0
3.0
-7.0
16.0
31.0
11.0
4.0
3.0
-12.0
16.0
9.0
-20.0
-14.0
-7.0
-1.0
-10.0
-8.0
-12.0
12.0
-23.0
-44.0
-26.0
93.0
-20.0
-43.0
-54.0
-99.0
-104.0
-102.0
-24.0
35.0
-12.0
-87.0
-20.0
105.0
27.0
20.0
20.0
24.0
26.0
-1.0
-5.0
-1.0
10.0
-4.0
-4.0
-3.0
4.0
-20.0
-18.0
-16.0
-55.0
-3.0
1.0
18.0
-24.0
-132.0
-126.0
1.0
8.0
-5.0
-31.0
64.0
19.0
15.0
31.0
35.0
25.0
1.0
-7.0
-18.0
-31.0
35.0
31.0
15.0
9.0
-1.0
2.0
-7.0
-15.0
-18.0
-18.0
-22.0
-16.0
-23.0
-48.0
-18.0
-14.0
-23.0
-6.0
-16.0
3.0
16.0
-14.0
7.0
1.0
-6.0
-8.0
-44.0
-31.0
20.0
55.0
7.0
-5.0
-62.0
-14.0
-15.0
-18.0
-16.0
-17.0
-36.0
-24.0
25.0
-36.0
-18.0
26.0
19.0
22.0
16.0
7.0
15.0
11.0
9.0
-12.0
0.0
21.0
-3.0
-10.0
8.0
-19.0
-10.0
-29.0
-63.0
-15.0
18.0
63.0
4.0
0.0
-17.0
-14.0
-15.0
-15.0
-1.0
0.0
-13.0
30.0
-44.0
-55.0
-128.0
-100.0
23.0
57.0
91.0
28.0
-4.0
-10.0
-25.0
-26.0
-22.0
-19.0
34.0
-13.0
-20.0
10.0
-5.0
-93.0
-66.0
-68.0
-33.0
-35.0
21.0
62.0
44.0
7.0
-16.0
23.0
52.0
53.0
65.0
0.0
1.0
-39.0
-25.0
31.0
-9.0
-33.0
-5.0
-10.0
-32.0
-17.0
-7.0
17.0
31.0
-9.0
-12.0
-10.0
17.0
20.0
-3.0
0.0
-22.0
-46.0
-22.0
-17.0
-3.0
7.0
22.0
21.0
46.0
28.0
-35.0
-54.0
-9.0
8.0
-25.0
-85.0
-48.0
-46.0
-7.0
-67.0
-48.0
-36.0
16.0
20.0
57.0
1.0
-5.0
4.0
54.0
4.0
0.0
23.0
22.0
-54.0
-77.0
-82.0
3.0
10.0
53.0
68.0
45.0
18.0
-37.0
7.0
32.0
8.0
-3.0
-6.0
-49.0
-75.0
-20.0
38.0
23.0
26.0
23.0
20.0
0.0
-1.0
-2.0
-2.0
-21.0
-67.0
-7.0
35.0
-8.0
-2.0
-22.0
-20.0
-7.0
-37.0
-54.0
-11.0
9.0
-4.0
3.0
6.0
-11.0
-11.0
-9.0
-26.0
25.0
14.0
52.0
9.0
-36.0
-28.0
12.0
13.0
4.0
-18.0
6.0
-26.0
-16.0
30.0
-4.0
-17.0
1.0
-2.0
43.0
2.0
-23.0
6.0
14.0
30.0
13.0
-22.0
-46.0
-45.0
-18.0
13.0
6.0
13.0
1.0
-7.0
-47.0
-59.0
-22.0
-23.0
-54.0
-41.0
-3.0
59.0
56.0
44.0
-15.0
6.0
-33.0
-33.0
-13.0
-28.0
2.0
-25.0
9.0
8.0
36.0
14.0
37.0
44.0
29.0
-2.0
-27.0
-16.0
-21.0
-5.0
0.0
-28.0
-30.0
-31.0
-4.0
3.0
3.0
-14.0
12.0
-14.0
-41.0
-42.0
-22.0
-25.0
-38.0
42.0
-5.0
5.0
-9.0
-1.0
-42.0
-2.0
59.0
63.0
35.0
-19.0
4.0
-17.0
-10.0
-16.0
11.0
11.0
-59.0
-64.0
-14.0
-40.0
35.0
6.0
-6.0
-35.0
25.0
-8.0
-55.0
-56.0
-73.0
-80.0
-37.0
-7.0
56.0
54.0
32.0
49.0
42.0
40.0
22.0
43.0
22.0
26.0
6.0
22.0
-9.0
-32.0
-20.0
-15.0
-25.0
-13.0
21.0
0.0
12.0
-12.0
-45.0
16.0
20.0
23.0
14.0
-31.0
-41.0
-14.0
-5.0
20.0
-27.0
-65.0
24.0
28.0
24.0
9.0
-33.0
-18.0
20.0
-7.0
-2.0
-59.0
-65.0
-68.0
-61.0
25.0
-6.0
14.0
-6.0
-5.0
0.0
-58.0
-53.0
-56.0
5.0
-10.0
6.0
1.0
-6.0
9.0
-9.0
57.0
1.0
-3.0
20.0
-4.0
-38.0
6.0
30.0
19.0
-1.0
-31.0
1.0
1.0
19.0
-16.0
-17.0
18.0
7.0
-20.0
4.0
-40.0
-38.0
-37.0
-39.0
-53.0
23.0
35.0
16.0
14.0
40.0
32.0
21.0
23.0
9.0
-24.0
-31.0
-34.0
-21.0
15.0
12.0
-6.0
-20.0
-27.0
-56.0
-44.0
-22.0
-6.0
-16.0
-1.0
12.0
6.0
-24.0
-28.0
-40.0
-70.0
-76.0
-5.0
-24.0
-104.0
-115.0
-12.0
53.0
59.0
133.0
116.0
89.0
70.0
-75.0
-170.0
-79.0
17.0
61.0
64.0
71.0
-9.0
-88.0
-75.0
24.0
42.0
65.0
42.0
53.0
45.0
32.0
11.0
34.0
9.0
-22.0
-31.0
9.0
-13.0
-119.0
-125.0
-85.0
-52.0
-8.0
3.0
51.0
59.0
64.0
42.0
21.0
30.0
3.0
2.0
-13.0
-4.0
11.0
-15.0
-21.0
14.0
-9.0
-14.0
7.0
17.0
4.0
2.0
-5.0
-31.0
-25.0
-32.0
-42.0
-41.0
-52.0
-48.0
-12.0
9.0
-14.0
-31.0
-17.0
-20.0
-29.0
-31.0
-26.0
-30.0
-22.0
50.0
2.0
2.0
-53.0
-39.0
14.0
18.0
56.0
8.0
23.0
25.0
11.0
18.0
38.0
23.0
0.0
-7.0
-41.0
-5.0
-80.0
-42.0
-12.0
-6.0
2.0
21.0
24.0
23.0
26.0
3.0
5.0
-25.0
-17.0
18.0
-17.0
10.0
10.0
9.0
-64.0
-33.0
-40.0
18.0
45.0
9.0
-24.0
11.0
38.0
33.0
23.0
-34.0
-20.0
-26.0
-10.0
20.0
53.0
37.0
-72.0
-73.0
-99.0
-48.0
-27.0
-12.0
49.0
63.0
33.0
-53.0
-49.0
-44.0
-27.0
-3.0
29.0
-10.0
-27.0
-1.0
21.0
8.0
6.0
5.0
-8.0
-43.0
-52.0
2.0
36.0
-14.0
-17.0
19.0
26.0
24.0
10.0
-93.0
-69.0
26.0
53.0
7.0
-30.0
27.0
3.0
-7.0
-19.0
-56.0
-66.0
-30.0
10.0
33.0
31.0
26.0
13.0
18.0
-7.0
-147.0
-40.0
50.0
-64.0
-89.0
35.0
162.0
73.0
69.0
-124.0
-99.0
-27.0
44.0
24.0
-11.0
10.0
-6.0
2.0
-2.0
9.0
32.0
-32.0
-22.0
-13.0
-85.0
2.0
92.0
71.0
76.0
16.0
-129.0
-98.0
-5.0
98.0
116.0
13.0
25.0
15.0
8.0
43.0
17.0
14.0
23.0
-23.0
-64.0
-36.0
28.0
-8.0
-7.0
2.0
26.0
-5.0
-35.0
0.0
-53.0
-22.0
-12.0
-5.0
-7.0
-22.0
24.0
8.0
-21.0
-33.0
-6.0
3.0
-19.0
-22.0
-22.0
-19.0
4.0
8.0
9.0
-9.0
-2.0
-26.0
-13.0
-17.0
-16.0
-27.0
-4.0
-10.0
8.0
7.0
-14.0
10.0
-34.0
-32.0
-28.0
18.0
21.0
-37.0
-21.0
3.0
46.0
10.0
-7.0
14.0
5.0
-45.0
-31.0
-63.0
-31.0
49.0
2.0
27.0
26.0
-15.0
-12.0
-34.0
-7.0
37.0
11.0
3.0
22.0
-1.0
-22.0
2.0
4.0
5.0
13.0
31.0
36.0
-11.0
-26.0
-24.0
-45.0
-17.0
-18.0
-9.0
-14.0
-51.0
-25.0
-5.0
4.0
-28.0
-29.0
-42.0
-37.0
-7.0
13.0
-30.0
-69.0
-27.0
29.0
28.0
0.0
21.0
19.0
21.0
6.0
-4.0
14.0
-6.0
15.0
-10.0
9.0
7.0
3.0
-27.0
-39.0
-18.0
-9.0
-33.0
-1.0
15.0
-9.0
-16.0
-18.0
-21.0
1.0
25.0
-1.0
-3.0
1.0
-5.0
-49.0
-28.0
-27.0
-8.0
79.0
66.0
26.0
-17.0
13.0
-42.0
-54.0
-77.0
-72.0
-32.0
-29.0
-15.0
40.0
9.0
27.0
-12.0
-6.0
-25.0
-20.0
7.0
39.0
10.0
-14.0
-44.0
-14.0
-41.0
-66.0
-30.0
-30.0
19.0
44.0
33.0
6.0
0.0
-19.0
18.0
12.0
-22.0
-27.0
-52.0
-119.0
-61.0
1.0
17.0
38.0
43.0
27.0
-6.0
-8.0
3.0
-46.0
-24.0
-33.0
-22.0
6.0
-3.0
-37.0
-37.0
-36.0
-10.0
-3.0
-61.0
-17.0
-14.0
54.0
19.0
5.0
28.0
26.0
5.0
55.0
47.0
23.0
14.0
17.0
26.0
22.0
34.0
31.0
6.0
-10.0
-37.0
-22.0
-21.0
-2.0
13.0
22.0
-32.0
-22.0
-21.0
23.0
-29.0
7.0
-4.0
12.0
28.0
24.0
30.0
28.0
-42.0
-78.0
-31.0
-29.0
8.0
41.0
22.0
-10.0
-3.0
-1.0
13.0
-17.0
-20.0
-40.0
-21.0
22.0
13.0
1.0
-20.0
-20.0
-29.0
-62.0
17.0
26.0
-44.0
-32.0
-24.0
6.0
-6.0
-14.0
-55.0
-32.0
-7.0
-3.0
41.0
37.0
15.0
15.0
27.0
27.0
-4.0
-25.0
31.0
17.0
24.0
-34.0
-37.0
-31.0
-37.0
-41.0
-28.0
0.0
4.0
-7.0
-28.0
6.0
2.0
-13.0
14.0
11.0
38.0
11.0
3.0
10.0
-36.0
-20.0
6.0
14.0
37.0
31.0
-3.0
-33.0
17.0
21.0
-20.0
-24.0
-16.0
11.0
-25.0
-26.0
-77.0
-28.0
-9.0
8.0
51.0
77.0
73.0
38.0
16.0
13.0
-37.0
-51.0
-2.0
4.0
28.0
23.0
-16.0
-7.0
5.0
6.0
-7.0
15.0
-27.0
1.0
-60.0
-80.0
-19.0
27.0
-5.0
-10.0
1.0
-24.0
-29.0
-35.0
-21.0
7.0
56.0
59.0
-7.0
-10.0
-29.0
-69.0
-27.0
-8.0
-2.0
23.0
9.0
42.0
29.0
22.0
-36.0
-64.0
-44.0
-25.0
-42.0
0.0
24.0
55.0
7.0
6.0
-46.0
23.0
-11.0
-3.0
3.0
5.0
-18.0
46.0
21.0
15.0
46.0
41.0
-66.0
-96.0
-75.0
1.0
47.0
-44.0
1.0
2.0
74.0
19.0
26.0
60.0
46.0
23.0
34.0
-74.0
-51.0
-50.0
-37.0
-20.0
-33.0
9.0
2.0
-35.0
-28.0
12.0
-2.0
0.0
-15.0
-15.0
-42.0
-15.0
-25.0
9.0
-40.0
-24.0
-17.0
-11.0
62.0
36.0
-2.0
4.0
-1.0
0.0
-11.0
-13.0
22.0
25.0
-15.0
-3.0
-50.0
15.0
-11.0
8.0
24.0
25.0
15.0
16.0
0.0
-6.0
-53.0
-89.0
-16.0
23.0
59.0
35.0
20.0
22.0
-23.0
-33.0
-23.0
-45.0
-45.0
-25.0
-20.0
-7.0
-15.0
-8.0
-6.0
-4.0
-10.0
-20.0
30.0
12.0
4.0
-38.0
-106.0
-111.0
5.0
51.0
55.0
51.0
33.0
25.0
-20.0
-48.0
-16.0
-18.0
-19.0
-46.0
9.0
3.0
-20.0
-131.0
-18.0
-11.0
-19.0
-24.0
7.0
99.0
52.0
49.0
41.0
-6.0
-34.0
-4.0
32.0
33.0
11.0
17.0
5.0
54.0
-53.0
-57.0
4.0
-9.0
28.0
27.0
22.0
29.0
31.0
-27.0
-17.0
-13.0
-24.0
18.0
-15.0
-17.0
-29.0
-17.0
10.0
4.0
-4.0
-16.0
-12.0
28.0
18.0
18.0
-26.0
-17.0
32.0
-9.0
4.0
-16.0
6.0
33.0
-1.0
-2.0
-15.0
-5.0
-58.0
-23.0
12.0
-18.0
-41.0
-50.0
-32.0
-33.0
11.0
17.0
-20.0
7.0
5.0
-17.0
-31.0
4.0
31.0
24.0
39.0
6.0
-24.0
-33.0
7.0
21.0
19.0
-15.0
-45.0
-42.0
-22.0
-28.0
-22.0
-49.0
11.0
-2.0
-26.0
-86.0
-60.0
-57.0
-61.0
5.0
22.0
51.0
48.0
45.0
-24.0
-21.0
7.0
16.0
-7.0
46.0
42.0
-3.0
22.0
-34.0
-42.0
-34.0
-7.0
-10.0
-27.0
-2.0
20.0
22.0
-7.0
-34.0
6.0
-6.0
-71.0
-72.0
-46.0
-34.0
-5.0
35.0
46.0
-1.0
-32.0
44.0
-31.0
-29.0
-29.0
-5.0
0.0
-5.0
-36.0
36.0
-10.0
-2.0
-17.0
-14.0
-46.0
3.0
18.0
5.0
-28.0
-34.0
-8.0
-23.0
-3.0
-4.0
-3.0
15.0
-15.0
2.0
9.0
5.0
24.0
-47.0
-72.0
-64.0
14.0
-22.0
-21.0
16.0
18.0
41.0
54.0
17.0
-9.0
-3.0
-34.0
-34.0
-11.0
-16.0
-24.0
-19.0
27.0
27.0
7.0
3.0
-66.0
-144.0
-18.0
4.0
-17.0
-46.0
28.0
71.0
76.0
73.0
72.0
16.0
38.0
14.0
-27.0
2.0
0.0
-32.0
11.0
14.0
-30.0
28.0
-5.0
-36.0
-5.0
-26.0
-58.0
15.0
55.0
53.0
15.0
2.0
-52.0
-24.0
-8.0
-24.0
-10.0
32.0
21.0
21.0
-52.0
-103.0
-79.0
-18.0
33.0
0.0
2.0
33.0
22.0
25.0
-2.0
-20.0
-19.0
-29.0
-12.0
25.0
23.0
14.0
22.0
21.0
7.0
-19.0
-21.0
-9.0
5.0
17.0
-9.0
-24.0
-66.0
-67.0
-84.0
-24.0
20.0
21.0
-29.0
-7.0
34.0
44.0
28.0
26.0
20.0
31.0
8.0
-44.0
-31.0
-10.0
-26.0
-15.0
-3.0
0.0
10.0
28.0
28.0
6.0
-11.0
-35.0
7.0
11.0
-14.0
-17.0
-49.0
-81.0
-71.0
-37.0
-13.0
15.0
44.0
33.0
25.0
21.0
7.0
-11.0
-24.0
1.0
7.0
69.0
24.0
-17.0
13.0
10.0
-6.0
0.0
16.0
18.0
34.0
-7.0
-45.0
-30.0
-7.0
-2.0
6.0
29.0
-3.0
10.0
-3.0
-13.0
-28.0
-20.0
-5.0
-5.0
5.0
-40.0
-22.0
-37.0
-47.0
-51.0
4.0
45.0
4.0
-4.0
13.0
1.0
8.0
-22.0
-7.0
-37.0
-74.0
-24.0
-38.0
-31.0
26.0
77.0
49.0
-21.0
-48.0
21.0
28.0
26.0
27.0
25.0
-18.0
43.0
53.0
-23.0
-36.0
-12.0
8.0
11.0
11.0
1.0
4.0
-15.0
-20.0
-12.0
13.0
-16.0
-87.0
-119.0
-104.0
-107.0
12.0
103.0
93.0
31.0
-2.0
-19.0
4.0
9.0
39.0
39.0
35.0
-21.0
-58.0
-40.0
-6.0
1.0
8.0
-14.0
-20.0
-19.0
-42.0
-15.0
18.0
-5.0
29.0
-3.0
-46.0
-16.0
-8.0
-2.0
-33.0
-133.0
-67.0
6.0
88.0
66.0
92.0
17.0
12.0
10.0
3.0
-19.0
-56.0
-48.0
-74.0
-71.0
-2.0
59.0
70.0
70.0
28.0
30.0
-19.0
-36.0
-2.0
20.0
0.0
1.0
-6.0
-11.0
-43.0
-31.0
-5.0
0.0
-14.0
4.0
-6.0
-3.0
-10.0
-11.0
27.0
-7.0
13.0
-21.0
-5.0
-28.0
-22.0
-12.0
-5.0
-8.0
25.0
-6.0
-3.0
16.0
29.0
-20.0
-65.0
-22.0
44.0
42.0
34.0
-116.0
-140.0
-51.0
-20.0
47.0
88.0
93.0
7.0
8.0
-110.0
-77.0
10.0
-29.0
-21.0
30.0
60.0
14.0
55.0
57.0
19.0
8.0
-17.0
-28.0
-33.0
-8.0
7.0
48.0
44.0
47.0
60.0
33.0
12.0
-17.0
-21.0
-7.0
-24.0
-54.0
-25.0
-22.0
-18.0
-7.0
29.0
-12.0
-11.0
-3.0
-14.0
-9.0
6.0
10.0
-13.0
-76.0
4.0
-10.0
39.0
17.0
1.0
-33.0
-20.0
-24.0
-33.0
17.0
-10.0
-26.0
-6.0
7.0
-26.0
-40.0
-3.0
0.0
-2.0
27.0
30.0
12.0
-26.0
-36.0
-5.0
11.0
9.0
8.0
-24.0
-65.0
-17.0
-5.0
-15.0
-18.0
-1.0
53.0
81.0
80.0
44.0
-9.0
5.0
31.0
-12.0
-32.0
-24.0
-7.0
-94.0
-95.0
-97.0
-82.0
-24.0
48.0
15.0
6.0
-6.0
7.0
-3.0
3.0
10.0
17.0
13.0
25.0
50.0
28.0
29.0
44.0
2.0
-4.0
-23.0
-28.0
-7.0
-31.0
0.0
11.0
-52.0
-37.0
-23.0
-24.0
25.0
48.0
-11.0
-43.0
-113.0
-121.0
-73.0
-3.0
40.0
34.0
-62.0
-92.0
-5.0
99.0
117.0
93.0
69.0
50.0
39.0
42.0
18.0
-8.0
3.0
-6.0
21.0
-20.0
-48.0
-20.0
-5.0
-6.0
-21.0
-7.0
4.0
4.0
-38.0
-59.0
-41.0
-4.0
23.0
22.0
33.0
11.0
-13.0
-40.0
-17.0
33.0
4.0
21.0
15.0
12.0
-36.0
-12.0
0.0
25.0
6.0
-20.0
-39.0
-17.0
7.0
3.0
-17.0
-19.0
-15.0
1.0
2.0
-47.0
-64.0
-15.0
-5.0
-1.0
-8.0
1.0
-2.0
16.0
23.0
-33.0
15.0
36.0
27.0
27.0
-12.0
-32.0
-31.0
-2.0
-1.0
1.0
26.0
14.0
38.0
38.0
-3.0
-1.0
-15.0
31.0
-21.0
3.0
-2.0
-1.0
-38.0
-39.0
-30.0
-2.0
18.0
-10.0
2.0
-3.0
15.0
-15.0
-30.0
-28.0
-8.0
2.0
-31.0
-35.0
1.0
11.0
14.0
-23.0
44.0
46.0
26.0
30.0
-10.0
-51.0
-9.0
31.0
-15.0
22.0
44.0
47.0
-4.0
11.0
-15.0
-27.0
-51.0
-63.0
-127.0
12.0
28.0
27.0
25.0
30.0
20.0
-69.0
-22.0
25.0
32.0
-18.0
5.0
6.0
6.0
33.0
2.0
14.0
-2.0
-9.0
-29.0
-105.0
-128.0
-120.0
20.0
63.0
6.0
-48.0
4.0
22.0
14.0
23.0
44.0
42.0
15.0
-15.0
-30.0
-21.0
-35.0
-35.0
13.0
39.0
82.0
82.0
-14.0
-70.0
-209.0
-27.0
57.0
23.0
-3.0
50.0
1.0
3.0
-3.0
-4.0
-17.0
-48.0
57.0
69.0
9.0
31.0
32.0
28.0
-4.0
0.0
-47.0
-24.0
-23.0
-32.0
8.0
-8.0
21.0
27.0
22.0
10.0
24.0
19.0
24.0
-22.0
-11.0
3.0
-38.0
-37.0
-24.0
-37.0
-15.0
-4.0
13.0
6.0
30.0
18.0
-20.0
-18.0
-6.0
-27.0
-13.0
-21.0
-17.0
1.0
3.0
9.0
12.0
14.0
50.0
-22.0
-12.0
-174.0
-34.0
48.0
85.0
41.0
-22.0
-21.0
8.0
-5.0
14.0
-7.0
15.0
38.0
25.0
-28.0
-26.0
-19.0
-35.0
-27.0
11.0
26.0
-14.0
-6.0
10.0
-22.0
-28.0
-30.0
-21.0
30.0
-13.0
1.0
-3.0
15.0
28.0
21.0
7.0
5.0
-42.0
-31.0
-4.0
-48.0
-12.0
22.0
19.0
30.0
11.0
13.0
-9.0
-1.0
-23.0
-8.0
-70.0
-112.0
-43.0
10.0
-20.0
-15.0
21.0
30.0
6.0
30.0
43.0
15.0
-11.0
11.0
3.0
1.0
-42.0
-34.0
-30.0
-58.0
-59.0
25.0
24.0
56.0
41.0
38.0
17.0
-52.0
23.0
3.0
5.0
-20.0
12.0
-18.0
-10.0
-10.0
-33.0
-16.0
-32.0
-71.0
-69.0
-7.0
19.0
65.0
46.0
40.0
-6.0
-32.0
15.0
43.0
20.0
17.0
48.0
-22.0
-3.0
-4.0
-40.0
-31.0
25.0
47.0
4.0
-18.0
5.0
68.0
41.0
42.0
-46.0
-13.0
-9.0
-46.0
-10.0
2.0
-83.0
16.0
30.0
29.0
-48.0
-43.0
-81.0
-35.0
33.0
-9.0
-26.0
-7.0
13.0
16.0
-56.0
-61.0
9.0
-3.0
31.0
18.0
33.0
-36.0
15.0
16.0
26.0
-17.0
-12.0
-9.0
15.0
-4.0
7.0
13.0
-20.0
-23.0
-56.0
-22.0
7.0
-11.0
6.0
6.0
55.0
13.0
28.0
29.0
19.0
-26.0
-70.0
-76.0
-22.0
16.0
-3.0
-20.0
-2.0
-5.0
33.0
2.0
21.0
-26.0
3.0
35.0
9.0
48.0
33.0
31.0
-45.0
-38.0
32.0
40.0
-13.0
-26.0
8.0
2.0
-19.0
-14.0
12.0
7.0
-6.0
-21.0
-15.0
-16.0
-54.0
-45.0
-11.0
-6.0
46.0
-2.0
23.0
41.0
36.0
-7.0
17.0
-17.0
15.0
14.0
22.0
-18.0
-27.0
-2.0
-2.0
-11.0
-57.0
-14.0
-18.0
-13.0
-8.0
-2.0
2.0
4.0
-93.0
-24.0
18.0
24.0
59.0
56.0
30.0
7.0
-24.0
4.0
13.0
-5.0
-23.0
-83.0
-48.0
-42.0
-1.0
26.0
1.0
-15.0
-37.0
-56.0
-25.0
15.0
30.0
26.0
41.0
-3.0
-1.0
-9.0
16.0
50.0
54.0
23.0
-45.0
-48.0
-15.0
-5.0
13.0
-29.0
-15.0
-6.0
-17.0
-9.0
24.0
19.0
-7.0
7.0
-32.0
-49.0
-3.0
-51.0
-48.0
-22.0
18.0
25.0
-3.0
-8.0
11.0
28.0
17.0
-8.0
-11.0
22.0
-9.0
-10.0
-20.0
10.0
-27.0
-96.0
-39.0
2.0
57.0
22.0
-8.0
-9.0
13.0
-23.0
5.0
49.0
16.0
-26.0
-30.0
-33.0
-21.0
-26.0
-2.0
-27.0
16.0
9.0
-3.0
43.0
17.0
0.0
1.0
5.0
16.0
8.0
0.0
1.0
-20.0
26.0
-26.0
9.0
-15.0
-16.0
-4.0
-71.0
-22.0
19.0
18.0
9.0
18.0
-29.0
-32.0
-27.0
39.0
25.0
10.0
-2.0
-63.0
-9.0
14.0
18.0
-20.0
-19.0
17.0
4.0
-4.0
1.0
-37.0
9.0
-29.0
-69.0
-119.0
-114.0
-13.0
-55.0
12.0
68.0
6.0
45.0
45.0
2.0
48.0
48.0
33.0
-14.0
-42.0
-19.0
-18.0
2.0
-3.0
14.0
3.0
-3.0
1.0
-62.0
-2.0
41.0
50.0
28.0
-4.0
-6.0
-11.0
-12.0
-19.0
4.0
-33.0
-14.0
-17.0
1.0
6.0
-13.0
-55.0
-57.0
-23.0
-16.0
52.0
24.0
-18.0
0.0
-28.0
-58.0
-32.0
-36.0
-33.0
-59.0
-33.0
-24.0
-9.0
-17.0
-111.0
-52.0
26.0
19.0
-24.0
-9.0
50.0
115.0
63.0
46.0
50.0
76.0
24.0
22.0
-13.0
-34.0
31.0
31.0
0.0
28.0
7.0
-25.0
2.0
2.0
-12.0
-10.0
11.0
-30.0
-30.0
-26.0
-38.0
-21.0
-23.0
-24.0
-7.0
-9.0
-14.0
-44.0
9.0
11.0
-27.0
-5.0
10.0
10.0
-63.0
-42.0
-35.0
-9.0
-19.0
12.0
31.0
43.0
45.0
39.0
-3.0
-20.0
-31.0
-43.0
-2.0
-2.0
-17.0
-40.0
8.0
9.0
1.0
-15.0
-19.0
-19.0
-41.0
-28.0
-16.0
1.0
19.0
27.0
33.0
-3.0
-34.0
-9.0
4.0
40.0
25.0
9.0
-28.0
-37.0
-30.0
-36.0
-33.0
18.0
4.0
13.0
31.0
22.0
-12.0
-10.0
0.0
-8.0
-25.0
-21.0
-7.0
0.0
13.0
-7.0
3.0
3.0
14.0
-30.0
-67.0
18.0
68.0
43.0
-10.0
-43.0
-58.0
-66.0
-88.0
-11.0
-7.0
-18.0
34.0
16.0
-15.0
28.0
11.0
14.0
-32.0
-108.0
-67.0
5.0
-9.0
1.0
7.0
8.0
-3.0
0.0
0.0
22.0
56.0
52.0
31.0
15.0
-16.0
-12.0
-4.0
-2.0
-25.0
-113.0
-31.0
11.0
72.0
12.0
-44.0
-20.0
40.0
35.0
-4.0
0.0
10.0
34.0
9.0
-10.0
-7.0
-4.0
-6.0
-10.0
14.0
35.0
30.0
12.0
-10.0
-48.0
-60.0
-4.0
-28.0
-27.0
-15.0
-20.0
-4.0
-33.0
-4.0
-3.0
6.0
13.0
-25.0
-25.0
0.0
-36.0
-24.0
23.0
11.0
11.0
-3.0
-59.0
-64.0
-67.0
33.0
41.0
4.0
23.0
-58.0
4.0
41.0
-28.0
36.0
33.0
52.0
-63.0
-51.0
-6.0
55.0
56.0
-14.0
-13.0
-17.0
-25.0
-20.0
10.0
5.0
-37.0
-35.0
-28.0
21.0
38.0
18.0
11.0
-1.0
-17.0
-24.0
-25.0
11.0
9.0
31.0
-57.0
-35.0
-29.0
7.0
-16.0
-19.0
34.0
2.0
-37.0
-48.0
9.0
27.0
31.0
46.0
20.0
-24.0
-6.0
-11.0
-39.0
-42.0
-29.0
3.0
4.0
25.0
-134.0
-133.0
1.0
36.0
35.0
59.0
42.0
39.0
43.0
25.0
10.0
32.0
-11.0
-7.0
-5.0
12.0
-2.0
24.0
25.0
4.0
44.0
23.0
-43.0
-29.0
6.0
23.0
6.0
-15.0
-22.0
-31.0
-50.0
-27.0
-3.0
1.0
-21.0
15.0
27.0
-12.0
-15.0
-41.0
-45.0
-94.0
-8.0
-5.0
31.0
-17.0
-34.0
24.0
27.0
10.0
-20.0
-31.0
-8.0
-12.0
12.0
-5.0
36.0
5.0
7.0
26.0
49.0
57.0
11.0
-23.0
-69.0
-40.0
-56.0
2.0
4.0
5.0
-59.0
-71.0
-7.0
-11.0
29.0
-121.0
-156.0
-83.0
-78.0
70.0
115.0
92.0
50.0
16.0
70.0
54.0
21.0
31.0
28.0
-38.0
-46.0
-32.0
9.0
13.0
-11.0
4.0
49.0
4.0
8.0
-19.0
-4.0
4.0
16.0
26.0
-57.0
-43.0
-14.0
-44.0
-43.0
4.0
-11.0
-6.0
-2.0
1.0
2.0
-46.0
-9.0
44.0
34.0
19.0
32.0
-7.0
-12.0
-25.0
-32.0
-40.0
-6.0
23.0
23.0
34.0
-7.0
6.0
13.0
-38.0
20.0
3.0
-6.0
-18.0
-21.0
-59.0
-64.0
23.0
-18.0
27.0
-7.0
27.0
7.0
19.0
20.0
-10.0
31.0
1.0
-22.0
-5.0
10.0
-30.0
-7.0
28.0
27.0
-13.0
-15.0
20.0
-52.0
-31.0
-18.0
-21.0
-40.0
-10.0
-9.0
30.0
41.0
5.0
17.0
-16.0
-19.0
12.0
16.0
-19.0
-22.0
-47.0
-46.0
-25.0
6.0
23.0
38.0
18.0
-4.0
-12.0
-1.0
12.0
-12.0
-16.0
-14.0
-20.0
-30.0
20.0
-32.0
-9.0
-4.0
-18.0
-33.0
10.0
-10.0
2.0
6.0
-13.0
1.0
8.0
7.0
-15.0
7.0
-38.0
-22.0
-16.0
-5.0
17.0
36.0
43.0
42.0
6.0
-61.0
-67.0
-19.0
-13.0
-10.0
17.0
31.0
15.0
17.0
18.0
15.0
5.0
13.0
28.0
5.0
-2.0
-59.0
-12.0
-11.0
-57.0
-59.0
-22.0
-24.0
1.0
47.0
-126.0
-67.0
-3.0
-9.0
3.0
42.0
6.0
0.0
16.0
22.0
15.0
10.0
55.0
50.0
47.0
24.0
1.0
-32.0
-16.0
-35.0
19.0
31.0
-2.0
-12.0
-46.0
-27.0
-67.0
-53.0
-8.0
40.0
28.0
1.0
-19.0
-14.0
13.0
-20.0
-39.0
-24.0
6.0
-55.0
-55.0
-34.0
-13.0
-16.0
1.0
18.0
-13.0
32.0
43.0
-32.0
23.0
48.0
69.0
71.0
50.0
-4.0
-39.0
1.0
35.0
12.0
-14.0
-6.0
-21.0
-19.0
-55.0
-92.0
-45.0
28.0
39.0
42.0
-46.0
-41.0
-7.0
-9.0
1.0
-57.0
-52.0
-15.0
-8.0
37.0
59.0
53.0
7.0
2.0
19.0
-15.0
-6.0
-19.0
2.0
8.0
9.0
16.0
26.0
28.0
10.0
-7.0
-40.0
-24.0
-24.0
-18.0
30.0
24.0
6.0
-1.0
-57.0
-49.0
-12.0
-22.0
-56.0
-62.0
-13.0
-17.0
-2.0
3.0
56.0
60.0
83.0
61.0
29.0
-6.0
-14.0
-13.0
-32.0
-34.0
-38.0
-31.0
-72.0
-114.0
-36.0
-9.0
44.0
42.0
54.0
50.0
-8.0
7.0
49.0
64.0
-7.0
-57.0
-22.0
-17.0
-1.0
-6.0
-34.0
-21.0
-14.0
24.0
45.0
19.0
-39.0
-22.0
7.0
8.0
0.0
20.0
35.0
-7.0
-46.0
-7.0
-10.0
-52.0
-58.0
-54.0
0.0
14.0
2.0
-16.0
-12.0
-17.0
-14.0
-4.0
-45.0
-39.0
-20.0
-2.0
12.0
-25.0
-123.0
-137.0
-135.0
-20.0
22.0
23.0
83.0
104.0
102.0
66.0
80.0
82.0
29.0
0.0
-14.0
-10.0
-8.0
-17.0
7.0
-22.0
-13.0
1.0
15.0
-14.0
6.0
3.0
-28.0
-1.0
-23.0
-22.0
-47.0
-6.0
17.0
50.0
-112.0
-119.0
-180.0
-145.0
-48.0
85.0
56.0
27.0
-37.0
-50.0
25.0
26.0
33.0
37.0
40.0
45.0
-13.0
1.0
32.0
65.0
16.0
16.0
18.0
4.0
9.0
18.0
12.0
3.0
16.0
4.0
9.0
7.0
-19.0
-45.0
-53.0
-63.0
-18.0
7.0
11.0
-58.0
-25.0
-26.0
7.0
34.0
21.0
-2.0
-1.0
-26.0
-41.0
-54.0
-12.0
-12.0
17.0
20.0
37.0
31.0
42.0
1.0
-31.0
-28.0
19.0
24.0
34.0
3.0
-14.0
-23.0
-52.0
-74.0
-70.0
-11.0
-1.0
-11.0
-22.0
-1.0
-30.0
37.0
41.0
0.0
-10.0
-16.0
19.0
21.0
18.0
-17.0
-15.0
-3.0
-74.0
-24.0
59.0
77.0
74.0
73.0
39.0
-45.0
-66.0
-56.0
-9.0
-30.0
-18.0
3.0
47.0
44.0
23.0
26.0
44.0
25.0
6.0
10.0
41.0
9.0
18.0
19.0
-4.0
-33.0
-11.0
-48.0
-56.0
-57.0
-23.0
-12.0
-22.0
-21.0
4.0
-5.0
-28.0
-33.0
-37.0
-1.0
28.0
-11.0
-11.0
-13.0
-6.0
-31.0
-8.0
18.0
5.0
-27.0
-35.0
-16.0
-5.0
-5.0
15.0
40.0
14.0
25.0
9.0
-20.0
-14.0
-33.0
-35.0
-32.0
9.0
22.0
6.0
-41.0
-17.0
24.0
-7.0
-77.0
-52.0
-49.0
-39.0
19.0
28.0
56.0
41.0
-47.0
-24.0
9.0
-44.0
-48.0
-97.0
-28.0
30.0
34.0
14.0
7.0
-4.0
-36.0
-3.0
-7.0
19.0
26.0
24.0
-14.0
15.0
3.0
14.0
2.0
45.0
44.0
9.0
3.0
-4.0
-9.0
-11.0
-5.0
-5.0
5.0
-60.0
-61.0
27.0
22.0
-21.0
-155.0
-70.0
7.0
9.0
40.0
63.0
59.0
14.0
17.0
18.0
-28.0
-6.0
4.0
-63.0
-22.0
11.0
9.0
-18.0
-11.0
6.0
33.0
23.0
-18.0
38.0
34.0
20.0
25.0
-33.0
-17.0
-18.0
-14.0
-36.0
-5.0
-12.0
-19.0
-3.0
-4.0
28.0
32.0
0.0
-2.0
21.0
3.0
-63.0
-21.0
15.0
10.0
-37.0
-18.0
-18.0
18.0
-13.0
-66.0
-63.0
6.0
-13.0
-3.0
-3.0
-8.0
-58.0
-20.0
34.0
16.0
4.0
7.0
-34.0
-25.0
-43.0
47.0
0.0
18.0
11.0
7.0
43.0
14.0
-3.0
-4.0
21.0
43.0
12.0
-36.0
-79.0
-28.0
-81.0
-83.0
-111.0
-110.0
-81.0
-33.0
-10.0
31.0
24.0
112.0
43.0
-68.0
-34.0
-28.0
-52.0
11.0
71.0
85.0
-42.0
15.0
0.0
-40.0
-19.0
-24.0
76.0
33.0
31.0
42.0
87.0
29.0
10.0
-100.0
-105.0
-91.0
40.0
137.0
174.0
58.0
-63.0
30.0
-26.0
-61.0
22.0
35.0
59.0
112.0
89.0
131.0
69.0
20.0
94.0
112.0
197.0
178.0
46.0
131.0
300.0
313.0
313.0
313.0
313.0
313.0
313.0
313.0
313.0
313.0
313.0
313.0
313.0
313.0
313.0
313.0
313.0
313.0
313.0
313.0
313.0
313.0
313.0
257.0
-45.0
-116.0
-132.0
-164.0
-168.0
-220.0
-269.0
-300.0
-313.0
-313.0
-313.0
-313.0
-313.0
-313.0
-313.0
-313.0
-313.0
-313.0
-313.0
-313.0
-313.0
-275.0
-257.0
-260.0
-158.0
-171.0
-112.0
-75.0
-137.0
-245.0
-284.0
-175.0
-57.0
-42.0
-54.0
-137.0
-116.0
-141.0
-203.0
-119.0
-130.0
-129.0
-120.0
-133.0
-103.0
-169.0
-179.0
-155.0
-120.0
-159.0
-167.0
-88.0
-102.0
-101.0
-30.0
-97.0
-168.0
-165.0
-148.0
-147.0
-102.0
-65.0
-136.0
-132.0
-124.0
-76.0
-120.0
-153.0
-121.0
-89.0
-124.0
-113.0
-90.0
-88.0
-100.0
-87.0
-105.0
-85.0
-57.0
-67.0
-60.0
-93.0
-45.0
-40.0
-122.0
-131.0
-80.0
-73.0
-31.0
-20.0
-73.0
-35.0
-7.0
-9.0
-14.0
-21.0
-16.0
-94.0
-93.0
-56.0
-30.0
-2.0
6.0
6.0
-39.0
-24.0
20.0
2.0
-39.0
-35.0
-51.0
-46.0
-90.0
-89.0
-109.0
-10.0
26.0
-34.0
14.0
-4.0
31.0
6.0
-33.0
-28.0
-25.0
42.0
-67.0
-21.0
5.0
-3.0
44.0
2.0
-20.0
-24.0
-49.0
-30.0
-14.0
-24.0
-13.0
-29.0
-37.0
8.0
9.0
9.0
25.0
22.0
-23.0
31.0
32.0
-38.0
-3.0
12.0
62.0
63.0
27.0
28.0
78.0
38.0
-13.0
27.0
18.0
32.0
30.0
26.0
24.0
18.0
-1.0
-5.0
46.0
25.0
25.0
-35.0
3.0
-4.0
-22.0
-17.0
-29.0
40.0
68.0
36.0
31.0
-17.0
-7.0
-6.0
5.0
53.0
64.0
30.0
10.0
35.0
29.0
40.0
-8.0
0.0
-1.0
-22.0
19.0
23.0
-9.0
13.0
43.0
17.0
17.0
11.0
6.0
-18.0
41.0
6.0
1.0
-17.0
13.0
-12.0
-31.0
-26.0
-17.0
-28.0
-96.0
-18.0
8.0
24.0
7.0
25.0
44.0
47.0
5.0
-6.0
15.0
30.0
9.0
24.0
-5.0
-16.0
-30.0
-23.0
38.0
9.0
1.0
-11.0
-18.0
11.0
53.0
38.0
-17.0
-20.0
-36.0
-63.0
-21.0
9.0
48.0
-2.0
-50.0
16.0
-86.0
-87.0
-25.0
-20.0
-43.0
-64.0
-24.0
22.0
33.0
27.0
-10.0
-17.0
-25.0
-53.0
-33.0
-77.0
-78.0
21.0
40.0
-9.0
-4.0
-8.0
40.0
15.0
6.0
-8.0
27.0
21.0
22.0
11.0
-3.0
-11.0
-20.0
-51.0
-59.0
0.0
-46.0
-20.0
9.0
23.0
3.0
6.0
-82.0
-120.0
-79.0
-34.0
93.0
97.0
85.0
32.0
-49.0
-57.0
-25.0
15.0
123.0
52.0
-39.0
-35.0
49.0
50.0
51.0
55.0
56.0
-9.0
-98.0
2.0
41.0
21.0
48.0
31.0
72.0
61.0
45.0
114.0
-4.0
-58.0
-11.0
-42.0
-52.0
-16.0
-70.0
-22.0
-30.0
-44.0
-70.0
-73.0
-75.0
-38.0
-42.0
-96.0
-25.0
-63.0
-9.0
-3.0
-9.0
-8.0
11.0
-14.0
44.0
-6.0
22.0
34.0
16.0
-14.0
1.0
13.0
-23.0
-12.0
-46.0
69.0
40.0
87.0
124.0
170.0
237.0
313.0
313.0
313.0
313.0
313.0
313.0
313.0
313.0
313.0
184.0
-18.0
-313.0
-313.0
-313.0
-313.0
-147.0
-214.0
-313.0
-257.0
-313.0
-313.0
-313.0
-313.0
-313.0
-94.0
-198.0
-223.0
-313.0
-300.0
-119.0
-233.0
-313.0
-194.0
-222.0
-313.0
-313.0
-313.0
-299.0
208.0
31.0
99.0
36.0
-30.0
-124.0
-68.0
73.0
54.0
130.0
149.0
73.0
27.0
-62.0
54.0
120.0
118.0
58.0
62.0
-33.0
11.0
-8.0
78.0
169.0
226.0
33.0
-12.0
-16.0
8.0
117.0
156.0
117.0
117.0
16.0
-79.0
105.0
105.0
50.0
28.0
32.0
83.0
-24.0
6.0
83.0
-12.0
-35.0
-11.0
-53.0
-44.0
-12.0
-16.0
19.0
-12.0
-13.0
-54.0
-9.0
39.0
76.0
76.0
64.0
56.0
-8.0
52.0
44.0
49.0
76.0
19.0
-2.0
5.0
25.0
26.0
-42.0
-35.0
-22.0
-76.0
-36.0
-16.0
-16.0
-16.0
-10.0
-26.0
-49.0
-76.0
-7.0
-10.0
-3.0
28.0
0.0
-8.0
-20.0
-24.0
4.0
-5.0
-59.0
-30.0
-6.0
-6.0
1.0
2.0
41.0
49.0
19.0
-47.0
-19.0
15.0
7.0
-33.0
-2.0
1.0
-22.0
22.0
14.0
-7.0
7.0
-28.0
-5.0
-37.0
5.0
9.0
-20.0
-10.0
9.0
21.0
-10.0
27.0
22.0
28.0
37.0
39.0
-98.0
-77.0
5.0
73.0
124.0
105.0
7.0
-17.0
-60.0
-63.0
-134.0
-80.0
8.0
50.0
24.0
21.0
-81.0
-108.0
-54.0
-59.0
90.0
112.0
7.0
-68.0
-4.0
44.0
42.0
16.0
-16.0
-14.0
-51.0
-12.0
17.0
50.0
16.0
14.0
4.0
-11.0
-45.0
-44.0
-34.0
19.0
24.0
-7.0
-20.0
-14.0
-14.0
-20.0
28.0
24.0
1.0
-45.0
-39.0
-39.0
0.0
-2.0
-40.0
-78.0
-13.0
-5.0
33.0
48.0
16.0
-1.0
-20.0
-13.0
-19.0
6.0
-20.0
-23.0
-6.0
-3.0
-13.0
-54.0
-20.0
22.0
75.0
20.0
-14.0
-26.0
-4.0
18.0
8.0
5.0
-8.0
15.0
3.0
8.0
-50.0
-56.0
-23.0
7.0
32.0
-9.0
6.0
6.0
49.0
34.0
-91.0
-91.0
-154.0
-115.0
-85.0
74.0
133.0
68.0
27.0
11.0
-25.0
-20.0
-33.0
-14.0
7.0
-9.0
17.0
49.0
31.0
13.0
5.0
9.0
-10.0
3.0
6.0
9.0
-34.0
-51.0
-36.0
15.0
-3.0
4.0
13.0
25.0
9.0
-15.0
-29.0
-45.0
-36.0
20.0
10.0
14.0
9.0
-21.0
13.0
8.0
1.0
9.0
-6.0
-18.0
-9.0
-6.0
-38.0
5.0
7.0
-5.0
0.0
-4.0
-38.0
-39.0
-33.0
-35.0
-7.0
-26.0
-17.0
1.0
20.0
27.0
38.0
0.0
-9.0
-15.0
25.0
1.0
-31.0
-20.0
-30.0
-33.0
-18.0
28.0
33.0
44.0
7.0
19.0
3.0
4.0
3.0
-82.0
-36.0
-4.0
9.0
8.0
17.0
50.0
65.0
24.0
-112.0
-188.0
-57.0
-9.0
22.0
27.0
4.0
40.0
82.0
7.0
-57.0
49.0
57.0
26.0
64.0
61.0
-35.0
-28.0
-46.0
-29.0
39.0
43.0
26.0
10.0
-19.0
-19.0
-20.0
1.0
28.0
19.0
-6.0
-33.0
-60.0
-9.0
7.0
9.0
36.0
-3.0
22.0
-19.0
-19.0
9.0
11.0
-28.0
-50.0
-50.0
-10.0
6.0
-24.0
-19.0
-3.0
-13.0
-12.0
-18.0
-23.0
-21.0
-25.0
-31.0
5.0
23.0
30.0
-2.0
-6.0
-38.0
-61.0
-70.0
-92.0
-90.0
30.0
59.0
60.0
70.0
10.0
0.0
-27.0
-33.0
-55.0
-27.0
12.0
4.0
1.0
-3.0
-1.0
-40.0
-22.0
-28.0
16.0
10.0
4.0
20.0
31.0
-9.0
-40.0
21.0
6.0
10.0
-6.0
-65.0
-57.0
-23.0
-18.0
26.0
-1.0
-1.0
14.0
14.0
35.0
43.0
13.0
8.0
-33.0
-35.0
-51.0
-31.0
-5.0
-5.0
20.0
-4.0
-7.0
-11.0
36.0
8.0
-3.0
-15.0
-53.0
-44.0
20.0
30.0
24.0
11.0
20.0
-13.0
-11.0
-21.0
-11.0
-12.0
-5.0
-25.0
-6.0
-13.0
-28.0
-44.0
-80.0
-17.0
-42.0
-35.0
5.0
7.0
-50.0
-38.0
19.0
12.0
39.0
44.0
34.0
37.0
-4.0
-12.0
-77.0
-70.0
20.0
55.0
41.0
-12.0
26.0
28.0
-39.0
-104.0
-13.0
23.0
-11.0
42.0
10.0
39.0
13.0
14.0
29.0
7.0
-19.0
-42.0
-18.0
-30.0
-76.0
-7.0
20.0
30.0
9.0
34.0
55.0
-87.0
-70.0
-93.0
-56.0
2.0
33.0
23.0
6.0
-36.0
-15.0
53.0
21.0
29.0
18.0
16.0
-12.0
-10.0
13.0
4.0
16.0
-23.0
20.0
6.0
10.0
-18.0
11.0
5.0
3.0
1.0
3.0
-21.0
-16.0
-38.0
-76.0
-47.0
8.0
5.0
19.0
28.0
3.0
17.0
19.0
-7.0
-7.0
-19.0
-10.0
-13.0
-4.0
-17.0
6.0
-15.0
3.0
-11.0
-31.0
-5.0
12.0
12.0
1.0
1.0
2.0
-7.0
-27.0
-53.0
-45.0
13.0
-10.0
-8.0
-19.0
-34.0
-4.0
24.0
24.0
-14.0
-27.0
-9.0
16.0
11.0
39.0
-20.0
-26.0
-4.0
16.0
26.0
-5.0
-18.0
-33.0
-26.0
-15.0
-16.0
-31.0
-46.0
-2.0
0.0
-1.0
-1.0
33.0
30.0
27.0
44.0
12.0
2.0
-10.0
39.0
-16.0
-13.0
15.0
14.0
11.0
20.0
-11.0
20.0
-1.0
-12.0
-66.0
-86.0
-40.0
-43.0
10.0
-110.0
-123.0
36.0
-1.0
56.0
19.0
84.0
100.0
102.0
52.0
26.0
27.0
30.0
0.0
13.0
-22.0
-38.0
-37.0
-38.0
-15.0
28.0
-11.0
-16.0
-1.0
-20.0
-31.0
2.0
14.0
16.0
-7.0
20.0
3.0
-21.0
-25.0
-14.0
-57.0
-45.0
-39.0
-36.0
-28.0
8.0
13.0
-6.0
4.0
13.0
-2.0
9.0
17.0
10.0
11.0
5.0
2.0
-1.0
-42.0
-57.0
-3.0
-30.0
-14.0
-25.0
5.0
57.0
21.0
36.0
-27.0
-18.0
3.0
0.0
8.0
9.0
1.0
5.0
24.0
9.0
7.0
7.0
-9.0
-24.0
18.0
20.0
59.0
-45.0
-73.0
-40.0
-9.0
2.0
9.0
22.0
12.0
7.0
-21.0
50.0
34.0
-7.0
-44.0
-32.0
-3.0
22.0
8.0
5.0
-29.0
-196.0
-58.0
-15.0
35.0
41.0
-52.0
-8.0
40.0
40.0
63.0
36.0
46.0
40.0
10.0
-7.0
28.0
6.0
13.0
11.0
-22.0
-18.0
-29.0
-30.0
-35.0
-25.0
7.0
-14.0
-31.0
-24.0
-11.0
-21.0
13.0
-14.0
-17.0
-11.0
-3.0
-24.0
-11.0
-13.0
-5.0
-31.0
-3.0
-7.0
7.0
-16.0
14.0
9.0
-27.0
-24.0
-13.0
16.0
-3.0
17.0
18.0
-2.0
31.0
17.0
0.0
-4.0
-97.0
-100.0
14.0
15.0
2.0
-9.0
34.0
24.0
38.0
45.0
53.0
13.0
-4.0
0.0
-17.0
3.0
-8.0
7.0
-10.0
-14.0
-50.0
-35.0
-47.0
-14.0
19.0
39.0
22.0
41.0
-7.0
-6.0
-15.0
-18.0
12.0
-2.0
17.0
-18.0
18.0
-35.0
-3.0
-1.0
4.0
17.0
-8.0
15.0
-17.0
-59.0
-60.0
-66.0
-46.0
-48.0
-74.0
-42.0
20.0
68.0
44.0
7.0
-28.0
-8.0
32.0
29.0
47.0
18.0
-19.0
-14.0
16.0
9.0
13.0
14.0
26.0
29.0
13.0
30.0
29.0
16.0
10.0
-26.0
4.0
3.0
-34.0
-30.0
-36.0
-18.0
-27.0
14.0
-14.0
6.0
18.0
-4.0
-22.0
-26.0
-68.0
-27.0
-24.0
-25.0
15.0
17.0
5.0
9.0
8.0
6.0
25.0
3.0
-26.0
-13.0
-38.0
-32.0
2.0
3.0
22.0
22.0
21.0
-13.0
11.0
-2.0
8.0
4.0
17.0
-1.0
-10.0
-10.0
-14.0
-29.0
-10.0
31.0
-3.0
-4.0
-35.0
-20.0
9.0
16.0
-44.0
-24.0
-48.0
-10.0
-15.0
20.0
-9.0
6.0
7.0
17.0
-8.0
-9.0
7.0
32.0
39.0
13.0
23.0
-36.0
-42.0
-51.0
-49.0
-19.0
-61.0
-32.0
24.0
12.0
-6.0
-1.0
-20.0
-33.0
4.0
12.0
18.0
22.0
24.0
-45.0
-19.0
21.0
14.0
11.0
-7.0
-15.0
-13.0
-16.0
7.0
13.0
-17.0
-16.0
-15.0
-8.0
-9.0
-59.0
-5.0
44.0
37.0
-2.0
-21.0
0.0
-10.0
-14.0
-6.0
-13.0
9.0
-46.0
-2.0
-29.0
-15.0
24.0
45.0
47.0
29.0
-11.0
-18.0
-23.0
-104.0
-34.0
35.0
31.0
-22.0
-13.0
-56.0
-34.0
-27.0
1.0
-5.0
4.0
58.0
42.0
69.0
65.0
50.0
19.0
54.0
4.0
-65.0
-35.0
-50.0
-9.0
0.0
0.0
-15.0
-24.0
-62.0
-26.0
-117.0
-58.0
47.0
75.0
60.0
65.0
43.0
26.0
42.0
8.0
9.0
-26.0
-12.0
-11.0
-4.0
2.0
1.0
-7.0
-6.0
-11.0
-3.0
-25.0
-30.0
-13.0
-8.0
2.0
-20.0
-19.0
-39.0
-16.0
-97.0
-29.0
2.0
16.0
3.0
1.0
-17.0
26.0
5.0
2.0
-6.0
2.0
-19.0
-10.0
-10.0
-17.0
17.0
-3.0
16.0
-18.0
-35.0
-22.0
-34.0
14.0
44.0
42.0
11.0
-84.0
-70.0
10.0
35.0
37.0
-2.0
-15.0
15.0
21.0
42.0
26.0
31.0
0.0
-76.0
0.0
17.0
29.0
50.0
48.0
25.0
19.0
7.0
-15.0
-3.0
-21.0
-16.0
-25.0
-40.0
-41.0
-13.0
-100.0
-106.0
-12.0
-12.0
21.0
7.0
16.0
29.0
29.0
-37.0
-9.0
-12.0
-40.0
-49.0
-26.0
-33.0
18.0
54.0
59.0
48.0
84.0
9.0
-99.0
-83.0
-12.0
17.0
46.0
97.0
91.0
-52.0
-36.0
3.0
16.0
53.0
74.0
6.0
26.0
-30.0
-31.0
-58.0
-9.0
19.0
36.0
-10.0
-12.0
20.0
36.0
25.0
33.0
-20.0
-52.0
0.0
-72.0
-1.0
7.0
40.0
28.0
14.0
19.0
-17.0
-24.0
-18.0
2.0
0.0
-9.0
13.0
0.0
16.0
16.0
6.0
-4.0
-4.0
1.0
-3.0
-26.0
-21.0
19.0
-23.0
-30.0
-56.0
-52.0
-10.0
-9.0
28.0
0.0
5.0
12.0
-9.0
-9.0
-45.0
-17.0
8.0
-8.0
9.0
4.0
-13.0
-59.0
-32.0
-30.0
-11.0
2.0
10.0
15.0
-13.0
-27.0
-27.0
-9.0
42.0
38.0
-14.0
-20.0
-51.0
6.0
9.0
13.0
15.0
-13.0
23.0
23.0
2.0
30.0
35.0
21.0
5.0
4.0
-51.0
-29.0
-23.0
-26.0
-26.0
-7.0
7.0
24.0
-20.0
-8.0
-19.0
18.0
-16.0
-15.0
7.0
22.0
44.0
15.0
11.0
7.0
-13.0
-15.0
18.0
25.0
-6.0
-15.0
-20.0
-25.0
-11.0
-16.0
-25.0
-98.0
-17.0
-5.0
22.0
2.0
9.0
-18.0
20.0
31.0
-9.0
-8.0
19.0
17.0
-8.0
-16.0
-35.0
-34.0
-107.0
-57.0
30.0
41.0
0.0
-4.0
-3.0
11.0
25.0
15.0
32.0
-2.0
24.0
-13.0
-31.0
-42.0
22.0
4.0
16.0
-13.0
-15.0
7.0
10.0
10.0
2.0
1.0
-70.0
-40.0
-6.0
-3.0
9.0
28.0
20.0
2.0
4.0
3.0
8.0
-13.0
-6.0
3.0
1.0
4.0
41.0
23.0
-2.0
-1.0
-15.0
10.0
6.0
28.0
9.0
-10.0
-25.0
1.0
-15.0
-11.0
52.0
23.0
4.0
0.0
-9.0
6.0
-2.0
13.0
-15.0
-26.0
-39.0
-52.0
-25.0
-3.0
22.0
19.0
3.0
-15.0
-14.0
-12.0
-15.0
-9.0
-1.0
-20.0
-22.0
-16.0
-39.0
17.0
5.0
0.0
2.0
5.0
11.0
7.0
22.0
-94.0
-59.0
0.0
-19.0
-21.0
26.0
-22.0
-79.0
11.0
50.0
23.0
23.0
39.0
8.0
1.0
0.0
10.0
9.0
-46.0
-17.0
-1.0
24.0
-26.0
29.0
34.0
-5.0
11.0
8.0
13.0
-47.0
-62.0
-48.0
-42.0
-3.0
-1.0
2.0
13.0
1.0
-7.0
-2.0
-7.0
-19.0
-7.0
-10.0
-16.0
-17.0
-41.0
-29.0
-26.0
-3.0
8.0
19.0
16.0
18.0
14.0
39.0
41.0
7.0
-19.0
-1.0
13.0
-9.0
-1.0
-8.0
-6.0
-1.0
-15.0
-20.0
-2.0
-38.0
-65.0
-72.0
-54.0
-26.0
-22.0
-37.0
1.0
-12.0
4.0
-49.0
0.0
36.0
77.0
63.0
64.0
71.0
37.0
11.0
-14.0
-42.0
-36.0
5.0
48.0
7.0
9.0
-1.0
-22.0
-16.0
21.0
9.0
-35.0
-23.0
-25.0
-40.0
-37.0
15.0
5.0
-14.0
-49.0
-6.0
24.0
-1.0
5.0
-11.0
-15.0
-20.0
-38.0
-35.0
-18.0
39.0
30.0
16.0
27.0
24.0
22.0
13.0
-9.0
-44.0
-48.0
8.0
42.0
11.0
-21.0
-66.0
-68.0
-69.0
15.0
13.0
47.0
16.0
-12.0
-29.0
30.0
25.0
27.0
31.0
-29.0
-16.0
-29.0
-20.0
-24.0
-25.0
4.0
-4.0
-3.0
0.0
-16.0
-12.0
2.0
-5.0
-21.0
-45.0
12.0
18.0
15.0
2.0
21.0
3.0
-51.0
-49.0
-28.0
-11.0
-33.0
-34.0
-33.0
7.0
22.0
46.0
13.0
-9.0
-76.0
-71.0
27.0
69.0
70.0
26.0
3.0
-5.0
-5.0
-25.0
7.0
-43.0
-96.0
-273.0
-265.0
-112.0
27.0
97.0
121.0
68.0
22.0
64.0
12.0
18.0
23.0
20.0
45.0
40.0
39.0
23.0
8.0
9.0
-18.0
-29.0
-30.0
-10.0
-35.0
21.0
-42.0
-15.0
1.0
2.0
10.0
-12.0
-14.0
-26.0
-39.0
-7.0
5.0
-12.0
-17.0
-5.0
-5.0
-6.0
0.0
8.0
-7.0
-26.0
-17.0
-27.0
-66.0
-9.0
27.0
28.0
28.0
19.0
-8.0
7.0
-26.0
-33.0
-24.0
-34.0
-31.0
-5.0
4.0
-1.0
20.0
34.0
2.0
-74.0
-128.0
-117.0
-71.0
8.0
7.0
9.0
120.0
62.0
70.0
72.0
72.0
19.0
-30.0
-56.0
-59.0
-26.0
24.0
49.0
61.0
28.0
-24.0
-64.0
-29.0
22.0
17.0
7.0
-14.0
24.0
39.0
37.0
-10.0
11.0
16.0
-4.0
-9.0
-12.0
-38.0
-50.0
-15.0
-2.0
-15.0
-23.0
-11.0
-8.0
-10.0
-6.0
-34.0
-14.0
-9.0
3.0
14.0
-10.0
-32.0
-12.0
-8.0
-43.0
-6.0
-12.0
6.0
10.0
1.0
-31.0
-21.0
-2.0
0.0
2.0
22.0
12.0
-24.0
4.0
16.0
10.0
9.0
15.0
20.0
-5.0
-25.0
-28.0
-13.0
40.0
-3.0
-57.0
-155.0
-99.0
-103.0
-43.0
78.0
81.0
84.0
19.0
35.0
44.0
12.0
24.0
29.0
20.0
12.0
0.0
-18.0
-7.0
9.0
-10.0
-10.0
-22.0
-18.0
-9.0
14.0
-15.0
-36.0
5.0
-25.0
9.0
-57.0
-75.0
-73.0
-10.0
5.0
38.0
40.0
1.0
14.0
3.0
-11.0
7.0
3.0
26.0
-6.0
-23.0
-23.0
-55.0
-3.0
-38.0
-37.0
-5.0
-6.0
13.0
47.0
4.0
12.0
13.0
16.0
-8.0
-5.0
-1.0
-1.0
6.0
-15.0
-34.0
-48.0
10.0
-8.0
-3.0
14.0
17.0
12.0
22.0
-14.0
-5.0
-27.0
-43.0
-25.0
4.0
-12.0
1.0
-5.0
27.0
-55.0
-66.0
-31.0
-19.0
2.0
1.0
14.0
13.0
5.0
9.0
16.0
19.0
-4.0
-13.0
8.0
-12.0
6.0
9.0
10.0
-20.0
12.0
-8.0
-8.0
-7.0
-1.0
12.0
-26.0
-15.0
-19.0
8.0
2.0
-52.0
2.0
-1.0
8.0
-2.0
-16.0
5.0
-7.0
-5.0
-14.0
15.0
30.0
-5.0
-19.0
-85.0
-30.0
1.0
6.0
-6.0
28.0
30.0
18.0
10.0
-1.0
26.0
5.0
-11.0
-14.0
-14.0
14.0
4.0
18.0
1.0
5.0
-12.0
-14.0
2.0
3.0
-23.0
-1.0
21.0
13.0
39.0
-1.0
2.0
-26.0
-27.0
-28.0
-2.0
-23.0
-54.0
-29.0
-16.0
-13.0
-29.0
-20.0
-3.0
-1.0
-4.0
-11.0
-3.0
1.0
-18.0
15.0
-3.0
54.0
18.0
26.0
13.0
-13.0
5.0
-27.0
-28.0
-37.0
-45.0
-5.0
-8.0
-10.0
13.0
19.0
23.0
23.0
-10.0
-15.0
-55.0
-41.0
19.0
22.0
14.0
33.0
4.0
2.0
-2.0
18.0
0.0
-21.0
-58.0
-60.0
-30.0
-55.0
-18.0
20.0
16.0
12.0
-37.0
5.0
-92.0
-96.0
-180.0
-94.0
2.0
119.0
135.0
98.0
63.0
11.0
30.0
35.0
-41.0
-54.0
13.0
-26.0
-9.0
3.0
-19.0
-3.0
-4.0
1.0
32.0
-2.0
-22.0
-13.0
20.0
-38.0
-15.0
32.0
12.0
13.0
-8.0
11.0
28.0
3.0
0.0
26.0
-20.0
4.0
9.0
6.0
-36.0
-9.0
-46.0
-18.0
-22.0
19.0
-11.0
-3.0
-5.0
-12.0
-17.0
-16.0
-82.0
-99.0
-5.0
3.0
10.0
51.0
67.0
64.0
17.0
48.0
-32.0
11.0
53.0
-12.0
13.0
17.0
21.0
16.0
-8.0
-76.0
-4.0
-4.0
3.0
0.0
-2.0
6.0
-47.0
-46.0
-97.0
-90.0
26.0
25.0
18.0
48.0
18.0
17.0
21.0
24.0
2.0
-9.0
3.0
27.0
10.0
-13.0
7.0
18.0
-16.0
-18.0
-42.0
-18.0
-15.0
-24.0
24.0
29.0
-29.0
-56.0
3.0
7.0
22.0
-18.0
-24.0
-51.0
-44.0
-9.0
0.0
10.0
-108.0
-110.0
-72.0
41.0
79.0
43.0
25.0
22.0
10.0
-29.0
-17.0
-19.0
-11.0
-36.0
-23.0
51.0
14.0
-18.0
-1.0
-24.0
3.0
-5.0
-11.0
6.0
-5.0
-39.0
-64.0
-92.0
9.0
22.0
28.0
26.0
3.0
-6.0
-18.0
-20.0
-1.0
63.0
0.0
-37.0
38.0
31.0
66.0
16.0
-13.0
-17.0
-10.0
-11.0
-16.0
1.0
14.0
16.0
1.0
-30.0
18.0
-9.0
-39.0
-58.0
-23.0
4.0
-18.0
-15.0
-11.0
-18.0
-26.0
-29.0
13.0
53.0
-16.0
-56.0
-2.0
7.0
22.0
6.0
27.0
3.0
13.0
24.0
11.0
-22.0
-7.0
-11.0
-13.0
-39.0
-42.0
8.0
4.0
0.0
-30.0
2.0
26.0
30.0
23.0
-7.0
-4.0
20.0
9.0
-110.0
-87.0
-79.0
-21.0
-16.0
72.0
70.0
-1.0
-9.0
48.0
28.0
52.0
54.0
23.0
20.0
-6.0
12.0
-1.0
-3.0
-1.0
-3.0
-39.0
-13.0
-29.0
-28.0
-14.0
-96.0
-169.0
-81.0
-48.0
49.0
81.0
23.0
38.0
36.0
59.0
15.0
15.0
25.0
22.0
4.0
16.0
5.0
17.0
8.0
6.0
33.0
42.0
11.0
-15.0
-12.0
-15.0
-6.0
-12.0
-10.0
-8.0
-18.0
-45.0
-114.0
-46.0
-14.0
24.0
16.0
-20.0
-17.0
19.0
16.0
-9.0
38.0
25.0
7.0
-17.0
-37.0
-11.0
-7.0
2.0
10.0
-21.0
-3.0
1.0
-12.0
12.0
-13.0
-11.0
-11.0
-12.0
-24.0
4.0
-12.0
-18.0
6.0
8.0
-53.0
-75.0
-71.0
-55.0
5.0
35.0
16.0
29.0
13.0
22.0
30.0
25.0
23.0
33.0
14.0
2.0
-22.0
-42.0
-25.0
-20.0
-22.0
-15.0
-13.0
0.0
-15.0
-42.0
-5.0
24.0
0.0
18.0
-12.0
-29.0
-33.0
-28.0
20.0
26.0
-3.0
-12.0
-47.0
-47.0
-39.0
20.0
3.0
45.0
20.0
3.0
14.0
17.0
28.0
40.0
-47.0
-135.0
-123.0
-105.0
-18.0
59.0
116.0
68.0
33.0
-3.0
14.0
-20.0
-17.0
9.0
-20.0
-12.0
-25.0
-32.0
1.0
-37.0
-16.0
19.0
16.0
-50.0
-18.0
49.0
38.0
11.0
6.0
-4.0
9.0
-19.0
-15.0
-4.0
18.0
-1.0
-22.0
18.0
-7.0
-34.0
-10.0
-25.0
-20.0
-58.0
-23.0
32.0
35.0
11.0
-7.0
-22.0
-41.0
-29.0
-23.0
11.0
34.0
21.0
48.0
31.0
-8.0
-6.0
-19.0
8.0
12.0
22.0
1.0
2.0
2.0
-6.0
-1.0
-30.0
-63.0
-55.0
-61.0
-9.0
-30.0
-19.0
3.0
3.0
31.0
94.0
14.0
-6.0
2.0
-19.0
12.0
0.0
-13.0
-12.0
-17.0
7.0
1.0
-5.0
-8.0
-9.0
-19.0
-27.0
-51.0
-68.0
-79.0
-17.0
15.0
26.0
34.0
31.0
41.0
18.0
36.0
11.0
-2.0
-12.0
-9.0
-74.0
-69.0
-28.0
26.0
22.0
18.0
12.0
31.0
6.0
-3.0
-59.0
-60.0
-37.0
-9.0
-44.0
-22.0
22.0
2.0
-36.0
14.0
38.0
41.0
64.0
41.0
-24.0
-23.0
-25.0
-50.0
41.0
23.0
23.0
27.0
12.0
37.0
-14.0
-67.0
-70.0
-7.0
-9.0
24.0
-30.0
-36.0
-19.0
-68.0
-43.0
37.0
37.0
58.0
44.0
-9.0
-4.0
-8.0
-26.0
1.0
-9.0
-16.0
-28.0
25.0
48.0
23.0
5.0
8.0
10.0
-7.0
7.0
-29.0
-14.0
5.0
-19.0
-30.0
-36.0
-40.0
-16.0
-4.0
40.0
22.0
-14.0
24.0
0.0
12.0
8.0
8.0
-20.0
-42.0
-29.0
-15.0
-38.0
-33.0
-7.0
-25.0
-4.0
-6.0
-11.0
-75.0
-54.0
-106.0
-76.0
-50.0
27.0
49.0
55.0
51.0
40.0
48.0
33.0
30.0
47.0
36.0
20.0
6.0
-1.0
4.0
-3.0
6.0
7.0
-9.0
-29.0
4.0
27.0
-41.0
-98.0
-89.0
-41.0
-29.0
-39.0
-27.0
-46.0
-11.0
-2.0
-30.0
3.0
3.0
7.0
-20.0
17.0
-1.0
-13.0
-5.0
-45.0
-53.0
5.0
4.0
17.0
9.0
-34.0
-17.0
1.0
6.0
33.0
1.0
-3.0
-4.0
-15.0
-20.0
-15.0
18.0
5.0
16.0
15.0
12.0
4.0
7.0
29.0
-35.0
-31.0
-44.0
-14.0
-27.0
-2.0
-34.0
-22.0
-27.0
-17.0
39.0
46.0
62.0
17.0
-17.0
-20.0
-30.0
-41.0
-46.0
-38.0
-21.0
9.0
12.0
-11.0
13.0
-38.0
-26.0
-18.0
-28.0
-72.0
-22.0
-37.0
18.0
46.0
79.0
45.0
-13.0
-67.0
-64.0
-48.0
-25.0
16.0
33.0
34.0
50.0
-4.0
-26.0
-34.0
-36.0
-18.0
6.0
18.0
16.0
11.0
7.0
21.0
15.0
-28.0
-27.0
-27.0
-25.0
-6.0
-7.0
-92.0
-48.0
-6.0
2.0
0.0
4.0
21.0
-24.0
-19.0
18.0
21.0
17.0
-13.0
3.0
17.0
22.0
21.0
14.0
53.0
-1.0
10.0
2.0
-24.0
-28.0
-20.0
-23.0
14.0
-11.0
-15.0
-24.0
-14.0
-13.0
-22.0
-18.0
-12.0
-19.0
0.0
-3.0
-22.0
18.0
-15.0
-26.0
-29.0
-9.0
14.0
7.0
1.0
7.0
-9.0
2.0
0.0
-4.0
23.0
18.0
21.0
32.0
19.0
23.0
50.0
47.0
4.0
-52.0
-59.0
-17.0
-22.0
-20.0
-8.0
-2.0
-15.0
-34.0
-8.0
6.0
-22.0
-2.0
-26.0
-19.0
-5.0
4.0
21.0
-5.0
-42.0
3.0
-42.0
-42.0
-18.0
-17.0
-33.0
6.0
35.0
14.0
10.0
6.0
0.0
-2.0
0.0
6.0
32.0
-2.0
-22.0
-38.0
-9.0
-9.0
-15.0
9.0
-11.0
-8.0
-2.0
-36.0
-8.0
-17.0
-16.0
-18.0
4.0
18.0
-3.0
5.0
21.0
3.0
-28.0
-7.0
-11.0
-2.0
-23.0
-8.0
-2.0
-8.0
-8.0
-8.0
-5.0
19.0
-1.0
1.0
18.0
-35.0
-20.0
-16.0
24.0
53.0
31.0
0.0
-13.0
-13.0
-34.0
-46.0
15.0
17.0
18.0
8.0
-46.0
-32.0
17.0
23.0
14.0
7.0
0.0
-2.0
24.0
29.0
4.0
15.0
-19.0
8.0
-66.0
-19.0
34.0
36.0
3.0
-4.0
-37.0
-54.0
31.0
-19.0
19.0
23.0
-4.0
6.0
-7.0
-6.0
-26.0
-39.0
-65.0
-42.0
3.0
15.0
7.0
7.0
23.0
22.0
30.0
13.0
7.0
-17.0
-15.0
23.0
33.0
34.0
16.0
-4.0
15.0
-41.0
-9.0
-13.0
-21.0
0.0
-12.0
-6.0
-35.0
-10.0
-2.0
28.0
48.0
13.0
11.0
-31.0
-12.0
-10.0
-21.0
-2.0
-5.0
-13.0
-21.0
-14.0
33.0
14.0
-25.0
-26.0
-13.0
5.0
-29.0
-17.0
-25.0
-58.0
-47.0
22.0
-12.0
-10.0
-13.0
13.0
72.0
-6.0
-15.0
-41.0
-18.0
-10.0
-2.0
4.0
-5.0
-11.0
-24.0
25.0
12.0
-17.0
-5.0
31.0
10.0
6.0
-9.0
-6.0
-12.0
-29.0
3.0
-2.0
15.0
-4.0
-14.0
-12.0
-30.0
-28.0
3.0
-12.0
8.0
-30.0
-57.0
-47.0
1.0
1.0
20.0
-6.0
-30.0
-24.0
-21.0
13.0
15.0
22.0
14.0
15.0
33.0
11.0
12.0
6.0
33.0
-15.0
-20.0
2.0
17.0
14.0
42.0
41.0
23.0
-6.0
-27.0
-20.0
-25.0
-12.0
1.0
-3.0
8.0
-44.0
-35.0
19.0
6.0
-25.0
23.0
-5.0
-15.0
-13.0
-39.0
-17.0
30.0
22.0
26.0
5.0
13.0
-18.0
-32.0
-40.0
-36.0
-15.0
-11.0
1.0
-11.0
28.0
7.0
-11.0
-28.0
-18.0
-22.0
-25.0
-29.0
40.0
20.0
22.0
25.0
-2.0
-2.0
-6.0
-18.0
-36.0
-7.0
-61.0
5.0
32.0
-24.0
-22.0
-17.0
-14.0
-34.0
-35.0
-20.0
9.0
48.0
34.0
9.0
11.0
-19.0
-16.0
-35.0
-3.0
10.0
7.0
30.0
-18.0
-22.0
-8.0
-10.0
-8.0
9.0
9.0
-2.0
-5.0
-19.0
-24.0
-11.0
6.0
-1.0
2.0
-11.0
-4.0
4.0
8.0
-17.0
-4.0
-13.0
10.0
1.0
8.0
3.0
-26.0
-22.0
12.0
-5.0
-39.0
-135.0
-150.0
-98.0
-105.0
-44.0
73.0
72.0
-18.0
-51.0
14.0
3.0
18.0
-22.0
-14.0
-36.0
-15.0
16.0
22.0
-88.0
-40.0
13.0
120.0
95.0
79.0
-1.0
53.0
6.0
7.0
-9.0
17.0
34.0
18.0
64.0
65.0
35.0
17.0
79.0
18.0
-4.0
17.0
10.0
-18.0
19.0
29.0
15.0
21.0
-73.0
-45.0
1.0
7.0
3.0
-45.0
-17.0
-17.0
-28.0
-31.0
-4.0
-13.0
4.0
14.0
-6.0
-5.0
-23.0
-31.0
1.0
5.0
13.0
-1.0
14.0
-46.0
-72.0
-64.0
-55.0
-56.0
-25.0
-11.0
58.0
7.0
24.0
-3.0
30.0
5.0
-21.0
-30.0
-31.0
7.0
-19.0
-5.0
-1.0
11.0
36.0
3.0
-14.0
-24.0
-19.0
-10.0
-26.0
-24.0
-22.0
23.0
-10.0
-7.0
-19.0
-29.0
-63.0
-38.0
6.0
-9.0
-39.0
-4.0
-21.0
-47.0
78.0
64.0
-65.0
-36.0
-15.0
-15.0
-20.0
24.0
61.0
32.0
15.0
12.0
11.0
-55.0
-39.0
-36.0
31.0
-4.0
5.0
5.0
-13.0
-25.0
0.0
48.0
-32.0
32.0
51.0
-5.0
-53.0
-50.0
-21.0
-15.0
22.0
-11.0
13.0
6.0
-25.0
-4.0
-5.0
11.0
-5.0
-3.0
-28.0
2.0
-5.0
5.0
40.0
12.0
-4.0
8.0
-24.0
-24.0
-29.0
9.0
6.0
-10.0
24.0
30.0
-50.0
27.0
1.0
-5.0
-63.0
-18.0
47.0
-4.0
-61.0
-95.0
-38.0
-51.0
0.0
-3.0
42.0
52.0
35.0
22.0
12.0
24.0
19.0
-26.0
18.0
16.0
17.0
-2.0
-35.0
-23.0
30.0
-2.0
-13.0
2.0
-1.0
-1.0
11.0
14.0
-30.0
7.0
-2.0
-29.0
-11.0
33.0
10.0
0.0
-14.0
-52.0
-24.0
-43.0
-111.0
-84.0
-4.0
29.0
11.0
11.0
7.0
-26.0
10.0
-11.0
-26.0
-38.0
-17.0
103.0
29.0
26.0
-4.0
-10.0
-53.0
-31.0
60.0
-15.0
13.0
13.0
33.0
36.0
47.0
70.0
46.0
-9.0
-19.0
18.0
-56.0
-24.0
23.0
32.0
4.0
-20.0
-11.0
-18.0
-12.0
-40.0
-55.0
-31.0
18.0
18.0
0.0
4.0
8.0
19.0
-4.0
-4.0
-13.0
-14.0
-13.0
-13.0
-15.0
-33.0
-20.0
-17.0
-42.0
3.0
-10.0
17.0
26.0
14.0
4.0
-32.0
-38.0
1.0
-8.0
15.0
-4.0
8.0
9.0
21.0
22.0
-8.0
-20.0
-28.0
-11.0
-2.0
18.0
4.0
30.0
32.0
-65.0
54.0
-10.0
-52.0
-25.0
39.0
-21.0
-1.0
-43.0
-34.0
-12.0
34.0
11.0
-27.0
8.0
0.0
-1.0
18.0
56.0
46.0
37.0
17.0
23.0
58.0
13.0
-63.0
0.0
55.0
-65.0
-75.0
28.0
-1.0
-20.0
-26.0
22.0
-26.0
-22.0
37.0
-72.0
-52.0
-10.0
29.0
33.0
8.0
-49.0
-6.0
73.0
54.0
31.0
-14.0
-36.0
-48.0
-2.0
-25.0
12.0
3.0
14.0
-9.0
-53.0
-34.0
3.0
-28.0
10.0
-9.0
-14.0
-22.0
-10.0
-2.0
-7.0
0.0
25.0
-6.0
10.0
13.0
-22.0
1.0
-23.0
-14.0
-36.0
-47.0
-14.0
43.0
-22.0
-13.0
1.0
-42.0
16.0
-32.0
8.0
-3.0
-40.0
23.0
32.0
4.0
38.0
6.0
59.0
-31.0
73.0
63.0
13.0
22.0
19.0
-29.0
9.0
-31.0
6.0
-69.0
-75.0
-82.0
-5.0
-16.0
20.0
23.0
-47.0
-27.0
16.0
9.0
10.0
17.0
8.0
22.0
0.0
18.0
-17.0
-55.0
-3.0
-33.0
-9.0
-19.0
16.0
4.0
-33.0
-2.0
30.0
-3.0
15.0
4.0
14.0
9.0
-21.0
-16.0
-79.0
-31.0
-18.0
-69.0
15.0
51.0
27.0
22.0
-14.0
-24.0
28.0
16.0
18.0
43.0
49.0
15.0
-30.0
-24.0
-6.0
-23.0
-17.0
-40.0
-30.0
-22.0
27.0
-43.0
-9.0
-13.0
-12.0
-31.0
1.0
34.0
16.0
32.0
15.0
13.0
-6.0
-4.0
-36.0
-15.0
-13.0
-12.0
-49.0
-6.0
4.0
-30.0
5.0
2.0
-16.0
-9.0
-43.0
-31.0
-12.0
6.0
35.0
65.0
28.0
21.0
-19.0
-18.0
-14.0
-22.0
-5.0
-12.0
-9.0
23.0
-13.0
-16.0
-11.0
14.0
-8.0
-38.0
-27.0
-24.0
4.0
0.0
2.0
-5.0
31.0
3.0
13.0
7.0
28.0
-23.0
-2.0
-26.0
-33.0
-25.0
-65.0
-28.0
1.0
48.0
41.0
12.0
-6.0
-20.0
-63.0
-58.0
-3.0
34.0
27.0
-39.0
-56.0
-22.0
26.0
50.0
-1.0
15.0
-19.0
-22.0
17.0
22.0
-14.0
-22.0
-41.0
2.0
-63.0
-55.0
-14.0
-40.0
16.0
-5.0
-1.0
30.0
-18.0
18.0
-5.0
-2.0
-3.0
-31.0
9.0
-1.0
-45.0
-6.0
-25.0
-60.0
-39.0
-51.0
-1.0
55.0
-52.0
7.0
31.0
-32.0
-35.0
2.0
-100.0
-102.0
-164.0
-69.0
44.0
96.0
78.0
21.0
30.0
5.0
68.0
68.0
47.0
-45.0
29.0
98.0
30.0
79.0
81.0
10.0
-24.0
-35.0
-31.0
8.0
-13.0
-3.0
-5.0
-30.0
-36.0
-24.0
-73.0
-79.0
-41.0
-3.0
-5.0
-23.0
-49.0
-37.0
-28.0
-29.0
-13.0
-12.0
-6.0
-7.0
-18.0
-33.0
-3.0
-20.0
-36.0
27.0
-17.0
-7.0
4.0
10.0
-17.0
-142.0
-82.0
-18.0
29.0
64.0
13.0
16.0
37.0
1.0
-10.0
-5.0
3.0
29.0
16.0
15.0
43.0
52.0
23.0
-17.0
-83.0
-138.0
2.0
39.0
-57.0
-79.0
18.0
12.0
81.0
79.0
49.0
53.0
11.0
4.0
66.0
-22.0
0.0
-3.0
5.0
-18.0
0.0
-7.0
8.0
-11.0
18.0
-37.0
0.0
-27.0
-5.0
15.0
9.0
-13.0
-33.0
-35.0
-28.0
7.0
0.0
7.0
33.0
-9.0
9.0
-9.0
-54.0
-49.0
-64.0
-40.0
-29.0
-27.0
39.0
4.0
11.0
16.0
5.0
11.0
6.0
0.0
40.0
41.0
-13.0
2.0
-53.0
-17.0
-18.0
19.0
0.0
-35.0
-88.0
-85.0
-10.0
15.0
-38.0
-5.0
56.0
30.0
7.0
-17.0
33.0
18.0
-3.0
37.0
-2.0
-46.0
-40.0
-9.0
-9.0
23.0
45.0
40.0
52.0
11.0
-10.0
-37.0
-84.0
-25.0
7.0
26.0
6.0
13.0
25.0
19.0
5.0
-57.0
-24.0
20.0
16.0
39.0
-33.0
-20.0
-19.0
-24.0
-23.0
22.0
-59.0
5.0
-46.0
2.0
20.0
22.0
-31.0
-34.0
-21.0
-24.0
-5.0
4.0
17.0
-50.0
-9.0
2.0
-20.0
-6.0
-6.0
-22.0
-33.0
6.0
51.0
52.0
28.0
22.0
-84.0
-24.0
13.0
-2.0
43.0
-21.0
4.0
-10.0
29.0
32.0
-4.0
-7.0
21.0
28.0
11.0
30.0
28.0
-15.0
3.0
-12.0
-11.0
-34.0
-46.0
-79.0
-59.0
-31.0
35.0
34.0
26.0
24.0
13.0
-9.0
17.0
29.0
13.0
-13.0
35.0
5.0
-9.0
-9.0
-17.0
-12.0
-7.0
-37.0
6.0
-41.0
-54.0
-5.0
-33.0
-35.0
-31.0
-31.0
-3.0
-25.0
-51.0
-85.0
5.0
50.0
16.0
13.0
28.0
25.0
38.0
41.0
15.0
30.0
-23.0
-34.0
-32.0
-35.0
-28.0
27.0
26.0
4.0
1.0
-15.0
-66.0
-80.0
-1.0
8.0
10.0
-38.0
30.0
3.0
42.0
23.0
35.0
18.0
1.0
-10.0
-12.0
38.0
56.0
-20.0
-78.0
-54.0
-2.0
-61.0
-9.0
-7.0
2.0
-11.0
13.0
31.0
-20.0
-10.0
37.0
21.0
-10.0
-9.0
37.0
-15.0
-14.0
7.0
-1.0
19.0
10.0
12.0
15.0
14.0
1.0
-15.0
-20.0
-16.0
1.0
-31.0
-31.0
-12.0
-119.0
-126.0
-82.0
20.0
29.0
3.0
1.0
11.0
15.0
29.0
-21.0
-16.0
-1.0
-9.0
-11.0
12.0
13.0
-16.0
5.0
8.0
0.0
8.0
-7.0
-4.0
3.0
-9.0
-14.0
8.0
-18.0
-7.0
-43.0
-33.0
12.0
-113.0
-103.0
-6.0
21.0
55.0
-7.0
25.0
-12.0
-18.0
-2.0
-20.0
-6.0
19.0
21.0
-8.0
3.0
19.0
12.0
6.0
13.0
7.0
3.0
6.0
3.0
22.0
2.0
3.0
-4.0
-4.0
20.0
10.0
8.0
-5.0
-28.0
-37.0
-5.0
-4.0
22.0
32.0
-12.0
-7.0
4.0
-4.0
17.0
26.0
0.0
-17.0
-40.0
-34.0
-28.0
-24.0
-42.0
-80.0
-24.0
7.0
-109.0
-36.0
2.0
-2.0
14.0
15.0
8.0
16.0
9.0
6.0
30.0
34.0
-16.0
-7.0
-9.0
-6.0
-10.0
-10.0
8.0
7.0
-58.0
-42.0
-36.0
-30.0
25.0
17.0
17.0
-20.0
-14.0
21.0
-3.0
-3.0
33.0
32.0
15.0
0.0
-18.0
-3.0
-11.0
-54.0
-24.0
12.0
8.0
6.0
18.0
6.0
-18.0
-28.0
-79.0
-32.0
11.0
58.0
31.0
23.0
-2.0
-34.0
23.0
-22.0
-11.0
8.0
-19.0
25.0
4.0
9.0
-2.0
-29.0
-17.0
-25.0
7.0
-4.0
-44.0
-42.0
-15.0
-9.0
19.0
29.0
-20.0
-17.0
1.0
17.0
-7.0
2.0
22.0
19.0
6.0
-13.0
-18.0
2.0
-22.0
-3.0
2.0
2.0
-27.0
-27.0
-28.0
-14.0
-29.0
-16.0
-18.0
3.0
-23.0
-2.0
3.0
-5.0
3.0
-16.0
-13.0
17.0
-30.0
-41.0
15.0
27.0
54.0
47.0
2.0
6.0
18.0
13.0
-10.0
4.0
13.0
7.0
12.0
13.0
-25.0
-4.0
-33.0
-21.0
-6.0
-9.0
-52.0
-30.0
-26.0
-35.0
-7.0
-16.0
-7.0
7.0
-28.0
-7.0
-8.0
4.0
8.0
12.0
6.0
-1.0
-10.0
34.0
35.0
11.0
-2.0
-37.0
-22.0
-19.0
13.0
-8.0
28.0
-3.0
-19.0
-30.0
-14.0
-12.0
9.0
8.0
-26.0
-25.0
13.0
2.0
20.0
-4.0
-10.0
-1.0
0.0
-10.0
41.0
22.0
-2.0
-26.0
-100.0
-99.0
-94.0
-35.0
19.0
22.0
60.0
54.0
37.0
4.0
3.0
16.0
-29.0
3.0
3.0
5.0
2.0
15.0
32.0
64.0
25.0
5.0
-9.0
3.0
5.0
0.0
-25.0
-21.0
-33.0
-27.0
9.0
-52.0
-29.0
-3.0
-48.0
-54.0
4.0
15.0
-4.0
-12.0
12.0
40.0
10.0
13.0
2.0
8.0
-7.0
-1.0
15.0
-4.0
-24.0
-19.0
-19.0
-4.0
-25.0
-24.0
-65.0
-39.0
-4.0
18.0
32.0
25.0
-27.0
-13.0
-10.0
-12.0
4.0
-11.0
-44.0
4.0
-29.0
-154.0
-85.0
-15.0
37.0
37.0
98.0
33.0
44.0
63.0
12.0
-9.0
36.0
48.0
33.0
24.0
-3.0
-11.0
-3.0
-3.0
-32.0
-8.0
-13.0
-43.0
-16.0
-8.0
9.0
-43.0
-78.0
35.0
57.0
59.0
-10.0
-24.0
-10.0
-24.0
-15.0
19.0
50.0
-12.0
-3.0
4.0
-25.0
11.0
-17.0
-19.0
25.0
6.0
23.0
1.0
37.0
94.0
41.0
33.0
68.0
53.0
64.0
63.0
42.0
-3.0
21.0
-6.0
17.0
79.0
103.0
73.0
58.0
49.0
-43.0
-59.0
-94.0
-111.0
-93.0
-95.0
-131.0
-114.0
-96.0
-179.0
-174.0
-90.0
-83.0
-68.0
-69.0
-8.0
-40.0
-55.0
-116.0
-189.0
-131.0
-65.0
-9.0
8.0
28.0
19.0
-1.0
19.0
25.0
53.0
-2.0
64.0
46.0
56.0
47.0
32.0
10.0
31.0
34.0
-12.0
18.0
-13.0
33.0
-6.0
-37.0
-8.0
45.0
42.0
22.0
-6.0
-32.0
-31.0
-29.0
-16.0
-4.0
23.0
27.0
20.0
33.0
28.0
1.0
14.0
-7.0
22.0
12.0
44.0
22.0
19.0
31.0
11.0
-7.0
5.0
-7.0
-2.0
1.0
-21.0
-7.0
-14.0
-20.0
26.0
14.0
9.0
-2.0
-10.0
-37.0
0.0
-6.0
-14.0
-83.0
-18.0
15.0
10.0
33.0
-14.0
-24.0
-12.0
-12.0
-18.0
-9.0
-10.0
2.0
-36.0
17.0
-20.0
-38.0
-11.0
30.0
29.0
-18.0
-7.0
5.0
1.0
-15.0
4.0
-20.0
-20.0
-18.0
-5.0
-21.0
-13.0
10.0
2.0
37.0
14.0
-3.0
35.0
46.0
37.0
41.0
24.0
28.0
3.0
23.0
19.0
-14.0
29.0
-27.0
-30.0
-14.0
-67.0
-43.0
-36.0
-10.0
-85.0
-85.0
-20.0
-85.0
-78.0
2.0
-46.0
-33.0
-32.0
-57.0
-45.0
-35.0
-63.0
-45.0
-52.0
-38.0
-71.0
-6.0
7.0
9.0
-7.0
16.0
24.0
16.0
10.0
5.0
-15.0
-2.0
33.0
26.0
31.0
5.0
-12.0
-8.0
-7.0
16.0
19.0
-6.0
1.0
21.0
8.0
-11.0
-23.0
-35.0
-29.0
13.0
37.0
0.0
-18.0
25.0
56.0
31.0
48.0
9.0
-2.0
16.0
25.0
-15.0
-4.0
24.0
8.0
18.0
-5.0
-43.0
-47.0
0.0
40.0
16.0
33.0
13.0
-30.0
-7.0
-37.0
-18.0
-16.0
12.0
5.0
-51.0
-31.0
-11.0
55.0
29.0
10.0
10.0
5.0
10.0
-52.0
-54.0
-11.0
14.0
-1.0
-17.0
-3.0
-58.0
-55.0
19.0
56.0
43.0
20.0
5.0
-9.0
-1.0
-38.0
-22.0
-21.0
-11.0
-7.0
16.0
7.0
-17.0
-32.0
-40.0
23.0
-16.0
-24.0
-17.0
-6.0
-4.0
-18.0
0.0
12.0
-7.0
-15.0
-24.0
-23.0
-1.0
50.0
37.0
-2.0
-3.0
-35.0
-17.0
-21.0
1.0
3.0
-55.0
0.0
4.0
-64.0
-38.0
54.0
12.0
8.0
-50.0
-46.0
-26.0
12.0
-10.0
29.0
24.0
3.0
-28.0
28.0
9.0
15.0
8.0
12.0
42.0
30.0
-46.0
-32.0
-17.0
-2.0
-42.0
-45.0
-31.0
-49.0
-16.0
6.0
2.0
-28.0
-57.0
-33.0
8.0
5.0
66.0
37.0
-35.0
-75.0
-48.0
-79.0
-50.0
21.0
42.0
44.0
19.0
24.0
34.0
38.0
31.0
25.0
-1.0
1.0
9.0
7.0
-3.0
-12.0
-25.0
-44.0
8.0
-27.0
-7.0
37.0
-9.0
-5.0
-1.0
3.0
-28.0
-7.0
-20.0
-2.0
7.0
9.0
12.0
27.0
3.0
10.0
16.0
-27.0
15.0
-26.0
-22.0
-66.0
-96.0
-98.0
-45.0
40.0
46.0
20.0
2.0
-9.0
-49.0
-14.0
-8.0
-8.0
0.0
1.0
5.0
21.0
-23.0
15.0
-12.0
33.0
45.0
50.0
20.0
-11.0
-5.0
-11.0
-100.0
-110.0
-44.0
-13.0
9.0
5.0
-15.0
-13.0
64.0
56.0
54.0
30.0
10.0
13.0
10.0
17.0
5.0
-6.0
19.0
12.0
4.0
-9.0
-37.0
-51.0
-32.0
-31.0
-16.0
38.0
34.0
15.0
12.0
-9.0
-16.0
20.0
-15.0
-12.0
8.0
-3.0
-5.0
-45.0
-9.0
0.0
9.0
-4.0
-35.0
-36.0
-22.0
-13.0
-17.0
-38.0
-8.0
-5.0
-7.0
-22.0
-18.0
-19.0
15.0
-71.0
-21.0
-36.0
45.0
-14.0
30.0
-6.0
4.0
10.0
1.0
42.0
43.0
-10.0
1.0
-103.0
-58.0
-36.0
1.0
-9.0
9.0
-33.0
-90.0
-13.0
18.0
-7.0
26.0
31.0
11.0
12.0
5.0
0.0
-34.0
-11.0
-21.0
57.0
31.0
9.0
31.0
37.0
0.0
8.0
31.0
19.0
14.0
-4.0
-2.0
-9.0
-1.0
0.0
6.0
30.0
29.0
0.0
-8.0
-23.0
-33.0
-19.0
-1.0
3.0
-29.0
-4.0
-25.0
-32.0
-46.0
-69.0
-72.0
-21.0
35.0
44.0
44.0
55.0
25.0
39.0
1.0
-14.0
11.0
-27.0
-14.0
-15.0
9.0
-7.0
-18.0
-4.0
-39.0
-14.0
-1.0
13.0
16.0
17.0
11.0
-3.0
-14.0
-24.0
-54.0
-37.0
-35.0
-50.0
6.0
6.0
3.0
-8.0
25.0
-22.0
-37.0
1.0
-8.0
13.0
-4.0
3.0
6.0
-20.0
16.0
-2.0
12.0
-10.0
-36.0
-26.0
-8.0
-20.0
-11.0
21.0
10.0
-8.0
-9.0
-18.0
1.0
7.0
-7.0
-6.0
11.0
2.0
-35.0
-14.0
34.0
-4.0
-3.0
15.0
9.0
8.0
21.0
-2.0
10.0
-18.0
4.0
37.0
-7.0
-72.0
-84.0
-80.0
-19.0
7.0
9.0
-29.0
15.0
-3.0
6.0
1.0
-13.0
-13.0
-11.0
-5.0
-15.0
11.0
-4.0
22.0
32.0
7.0
-17.0
-21.0
-40.0
-11.0
29.0
23.0
-46.0
-7.0
-21.0
17.0
-4.0
-4.0
4.0
-31.0
-34.0
-11.0
13.0
-40.0
-24.0
-7.0
25.0
18.0
-3.0
-19.0
-31.0
21.0
5.0
23.0
30.0
-1.0
2.0
9.0
38.0
33.0
8.0
1.0
-2.0
-25.0
-40.0
-39.0
-33.0
-31.0
40.0
27.0
3.0
-19.0
-11.0
6.0
-10.0
-90.0
-45.0
-45.0
-12.0
10.0
-7.0
-1.0
-25.0
-13.0
8.0
15.0
17.0
17.0
-2.0
-13.0
-29.0
-18.0
-5.0
-12.0
-6.0
18.0
22.0
20.0
22.0
-15.0
2.0
-29.0
-5.0
-11.0
5.0
6.0
-18.0
-25.0
-50.0
-98.0
-25.0
21.0
6.0
37.0
-1.0
9.0
-6.0
-5.0
-4.0
3.0
-3.0
14.0
15.0
-11.0
-19.0
-3.0
21.0
25.0
-2.0
-9.0
-28.0
-30.0
-29.0
-26.0
-24.0
-22.0
-2.0
0.0
2.0
33.0
-1.0
11.0
5.0
12.0
9.0
11.0
-19.0
-20.0
-3.0
12.0
10.0
2.0
11.0
7.0
-16.0
-26.0
-36.0
-37.0
20.0
11.0
7.0
8.0
7.0
0.0
13.0
-8.0
-9.0
-15.0
1.0
22.0
-13.0
11.0
-24.0
-2.0
0.0
-18.0
20.0
25.0
21.0
-23.0
2.0
37.0
33.0
-38.0
-69.0
-77.0
-41.0
-29.0
7.0
-5.0
65.0
55.0
-5.0
-6.0
-52.0
-5.0
-10.0
-2.0
-4.0
-3.0
-16.0
-10.0
-37.0
16.0
29.0
-20.0
-32.0
-36.0
-46.0
-29.0
46.0
6.0
-1.0
-7.0
-12.0
19.0
25.0
20.0
12.0
-11.0
33.0
7.0
10.0
36.0
12.0
-40.0
-41.0
-36.0
-21.0
-41.0
-68.0
-26.0
-27.0
-3.0
-22.0
29.0
18.0
18.0
9.0
-18.0
1.0
-1.0
3.0
-1.0
-27.0
-9.0
26.0
25.0
58.0
24.0
11.0
-18.0
-24.0
-24.0
-21.0
26.0
-35.0
-31.0
7.0
-54.0
8.0
27.0
-25.0
3.0
14.0
-24.0
-7.0
-7.0
35.0
17.0
15.0
-24.0
-13.0
11.0
-48.0
-25.0
-10.0
-9.0
-36.0
-27.0
-9.0
0.0
8.0
-3.0
4.0
-35.0
-16.0
-12.0
40.0
10.0
67.0
34.0
6.0
-55.0
-28.0
-2.0
-3.0
-6.0
18.0
-11.0
-42.0
-88.0
-80.0
-67.0
1.0
63.0
49.0
45.0
-3.0
9.0
-15.0
-19.0
-22.0
-23.0
9.0
11.0
16.0
20.0
21.0
16.0
-17.0
-37.0
-19.0
5.0
3.0
23.0
23.0
27.0
-23.0
22.0
10.0
-7.0
-29.0
15.0
-15.0
-19.0
-7.0
-2.0
-5.0
-13.0
-26.0
8.0
13.0
-24.0
-23.0
9.0
14.0
11.0
-22.0
-43.0
-11.0
14.0
7.0
-16.0
-62.0
14.0
18.0
17.0
24.0
19.0
17.0
-3.0
1.0
-12.0
-56.0
-57.0
-18.0
-20.0
-33.0
22.0
43.0
33.0
-18.0
39.0
-50.0
-30.0
15.0
9.0
-14.0
17.0
-8.0
-13.0
17.0
0.0
5.0
-27.0
18.0
24.0
43.0
-1.0
-18.0
-11.0
-6.0
-15.0
12.0
-16.0
-4.0
-7.0
-19.0
7.0
-3.0
-6.0
-9.0
-25.0
-6.0
9.0
18.0
8.0
16.0
-17.0
-18.0
4.0
20.0
-20.0
4.0
9.0
12.0
10.0
-47.0
-137.0
-90.0
-8.0
38.0
93.0
-16.0
-178.0
-89.0
-95.0
-47.0
13.0
-7.0
61.0
86.0
80.0
42.0
-47.0
-9.0
-7.0
26.0
46.0
36.0
27.0
37.0
18.0
27.0
4.0
-23.0
-24.0
-51.0
-12.0
31.0
33.0
-22.0
-20.0
-77.0
-58.0
4.0
1.0
-41.0
17.0
24.0
-54.0
-21.0
27.0
41.0
14.0
9.0
-1.0
-11.0
-8.0
-8.0
-19.0
-31.0
-40.0
-68.0
-53.0
-53.0
-46.0
46.0
51.0
1.0
-39.0
2.0
28.0
23.0
-34.0
22.0
22.0
6.0
49.0
-32.0
25.0
-30.0
-34.0
11.0
22.0
18.0
12.0
-29.0
0.0
-8.0
-13.0
-29.0
7.0
23.0
-29.0
-59.0
-60.0
-185.0
68.0
28.0
-43.0
-30.0
67.0
19.0
-83.0
-54.0
-53.0
-37.0
23.0
-72.0
-86.0
-13.0
15.0
101.0
43.0
96.0
83.0
-9.0
-17.0
39.0
122.0
119.0
59.0
-32.0
27.0
-3.0
3.0
12.0
1.0
25.0
0.0
-9.0
-1.0
-2.0
-4.0
-17.0
-34.0
-71.0
-34.0
51.0
-5.0
-40.0
-66.0
6.0
-58.0
-45.0
-41.0
-38.0
-29.0
-22.0
-2.0
-62.0
-46.0
-34.0
27.0
35.0
33.0
41.0
-28.0
-29.0
-5.0
16.0
6.0
-26.0
-8.0
-6.0
4.0
-13.0
-51.0
-7.0
-10.0
28.0
-11.0
-4.0
-16.0
0.0
-3.0
14.0
-5.0
-16.0
1.0
-9.0
-10.0
-29.0
-33.0
-7.0
-3.0
7.0
10.0
-25.0
-19.0
-25.0
-37.0
-51.0
-34.0
13.0
14.0
39.0
34.0
-24.0
22.0
28.0
15.0
4.0
7.0
-35.0
-36.0
-14.0
17.0
42.0
33.0
-9.0
-47.0
-43.0
-24.0
-120.0
-116.0
-45.0
24.0
52.0
63.0
-41.0
-27.0
17.0
37.0
27.0
28.0
-2.0
15.0
31.0
48.0
28.0
-84.0
-48.0
-37.0
2.0
3.0
-16.0
-12.0
4.0
1.0
-11.0
-15.0
17.0
14.0
3.0
3.0
-5.0
2.0
-34.0
-44.0
-21.0
5.0
8.0
-26.0
24.0
24.0
31.0
-17.0
-33.0
-11.0
33.0
-17.0
-9.0
-9.0
20.0
5.0
-14.0
26.0
-5.0
-29.0
-26.0
-14.0
1.0
-18.0
-6.0
-6.0
-15.0
18.0
23.0
-35.0
-90.0
-25.0
15.0
16.0
48.0
48.0
-37.0
-1.0
10.0
2.0
-38.0
23.0
-20.0
6.0
31.0
26.0
-1.0
-17.0
9.0
21.0
20.0
-13.0
5.0
-6.0
-25.0
-23.0
-1.0
-42.0
-52.0
-61.0
-64.0
-71.0
-39.0
-10.0
26.0
28.0
37.0
-8.0
38.0
5.0
35.0
41.0
19.0
-1.0
29.0
30.0
29.0
8.0
17.0
18.0
-16.0
-12.0
29.0
-8.0
-19.0
-15.0
5.0
1.0
-29.0
-32.0
-9.0
-15.0
5.0
18.0
-16.0
-17.0
-18.0
-7.0
-2.0
0.0
26.0
-12.0
-18.0
10.0
-1.0
-5.0
-14.0
11.0
7.0
19.0
16.0
7.0
9.0
-31.0
-82.0
-82.0
-88.0
-3.0
4.0
36.0
35.0
15.0
-7.0
7.0
12.0
21.0
13.0
-7.0
-22.0
7.0
-15.0
-17.0
-21.0
20.0
-24.0
-24.0
-37.0
-2.0
-66.0
-29.0
4.0
45.0
-33.0
6.0
25.0
24.0
24.0
12.0
-16.0
-20.0
-5.0
-48.0
-29.0
-28.0
-23.0
-24.0
-20.0
12.0
1.0
36.0
-17.0
7.0
-9.0
-5.0
-9.0
-7.0
-10.0
-26.0
-8.0
26.0
3.0
18.0
80.0
-22.0
-58.0
-58.0
-25.0
-40.0
-42.0
-18.0
23.0
6.0
73.0
60.0
-16.0
-8.0
8.0
-33.0
-25.0
-13.0
-30.0
-27.0
-25.0
-29.0
-46.0
-50.0
-29.0
6.0
-4.0
19.0
16.0
-6.0
-30.0
-7.0
19.0
21.0
37.0
-11.0
38.0
79.0
64.0
12.0
13.0
1.0
-35.0
-38.0
-44.0
-3.0
-9.0
-59.0
16.0
41.0
35.0
-10.0
-29.0
-24.0
11.0
-43.0
-42.0
-5.0
-33.0
-8.0
13.0
-9.0
-37.0
-37.0
-28.0
-25.0
17.0
-10.0
-15.0
-30.0
-18.0
-10.0
-11.0
-11.0
1.0
12.0
-20.0
14.0
-34.0
-9.0
57.0
-73.0
-70.0
-77.0
60.0
38.0
-17.0
-11.0
6.0
28.0
23.0
72.0
90.0
90.0
53.0
39.0
0.0
34.0
8.0
14.0
-22.0
-42.0
-45.0
-47.0
13.0
17.0
0.0
-2.0
-2.0
-19.0
-29.0
-35.0
5.0
-3.0
-42.0
-1.0
17.0
4.0
-11.0
16.0
-9.0
-2.0
-9.0
-13.0
-12.0
-9.0
-13.0
6.0
9.0
31.0
-18.0
-38.0
-19.0
-20.0
-9.0
-7.0
-15.0
-8.0
-15.0
-10.0
-3.0
-118.0
-63.0
-62.0
15.0
27.0
32.0
25.0
11.0
22.0
10.0
44.0
8.0
6.0
-26.0
-30.0
5.0
42.0
5.0
2.0
-14.0
14.0
-4.0
-3.0
-27.0
-23.0
-21.0
-42.0
-178.0
-63.0
17.0
76.0
51.0
55.0
30.0
6.0
9.0
2.0
24.0
13.0
-6.0
6.0
2.0
3.0
-5.0
-21.0
-14.0
-10.0
8.0
7.0
6.0
16.0
-10.0
-7.0
-53.0
-25.0
15.0
-26.0
-71.0
-39.0
-16.0
-11.0
-4.0
-1.0
3.0
1.0
-3.0
19.0
37.0
17.0
63.0
24.0
-7.0
-11.0
-20.0
-14.0
-1.0
-18.0
0.0
-23.0
-67.0
-6.0
6.0
5.0
21.0
-1.0
-1.0
3.0
-3.0
-3.0
-21.0
1.0
-2.0
3.0
13.0
3.0
12.0
16.0
-7.0
-24.0
-24.0
-24.0
-25.0
-22.0
-31.0
-17.0
-6.0
3.0
-20.0
-44.0
-11.0
1.0
23.0
20.0
-90.0
-20.0
44.0
47.0
51.0
52.0
-7.0
-10.0
-1.0
-4.0
-17.0
12.0
-36.0
-83.0
-19.0
0.0
45.0
-2.0
-5.0
-1.0
-10.0
-11.0
-8.0
7.0
18.0
-26.0
-65.0
-35.0
-5.0
-4.0
0.0
-14.0
-30.0
8.0
21.0
28.0
58.0
7.0
-23.0
-19.0
8.0
6.0
0.0
5.0
-25.0
-20.0
-36.0
-56.0
-26.0
-29.0
13.0
12.0
11.0
11.0
10.0
2.0
-32.0
-43.0
10.0
12.0
-10.0
-34.0
-10.0
-3.0
-4.0
-8.0
-48.0
-74.0
-12.0
-18.0
30.0
2.0
-5.0
-15.0
9.0
8.0
8.0
-29.0
-69.0
-73.0
-62.0
35.0
22.0
15.0
60.0
50.0
27.0
15.0
-23.0
-19.0
-32.0
-33.0
-5.0
-10.0
-16.0
11.0
32.0
-49.0
-34.0
-39.0
-3.0
-6.0
6.0
-9.0
13.0
25.0
3.0
6.0
-1.0
0.0
14.0
-14.0
8.0
-4.0
-28.0
-9.0
-18.0
5.0
-6.0
-13.0
1.0
5.0
-11.0
-8.0
-12.0
-22.0
-38.0
-16.0
-15.0
-20.0
-29.0
-7.0
-12.0
6.0
-7.0
5.0
31.0
-27.0
2.0
-2.0
-13.0
-8.0
-15.0
1.0
3.0
-15.0
13.0
-3.0
-10.0
-6.0
12.0
23.0
19.0
17.0
-41.0
-23.0
-4.0
-31.0
0.0
0.0
2.0
-4.0
2.0
11.0
-8.0
-17.0
-3.0
5.0
26.0
24.0
-14.0
-29.0
-15.0
-3.0
-39.0
-19.0
24.0
-18.0
13.0
12.0
17.0
7.0
-2.0
19.0
11.0
16.0
-7.0
5.0
60.0
57.0
-14.0
-51.0
-30.0
-13.0
-17.0
-26.0
2.0
12.0
-19.0
-19.0
-88.0
-9.0
3.0
23.0
41.0
9.0
5.0
15.0
14.0
14.0
-10.0
-19.0
-26.0
-47.0
-33.0
-24.0
-4.0
4.0
23.0
22.0
26.0
-2.0
24.0
-42.0
-31.0
37.0
51.0
28.0
42.0
42.0
-26.0
-24.0
-11.0
-19.0
-9.0
-45.0
-6.0
7.0
9.0
8.0
28.0
75.0
-5.0
-14.0
-43.0
-1.0
-13.0
-7.0
-28.0
-31.0
-1.0
-4.0
-18.0
-29.0
10.0
-7.0
15.0
-5.0
-33.0
-36.0
-29.0
-10.0
10.0
-13.0
25.0
28.0
-6.0
-9.0
-52.0
-53.0
-20.0
-7.0
-12.0
-5.0
-18.0
22.0
18.0
22.0
11.0
15.0
-4.0
-16.0
-19.0
-26.0
2.0
6.0
-18.0
-12.0
10.0
6.0
-5.0
15.0
14.0
29.0
15.0
-24.0
-7.0
-27.0
-25.0
-19.0
36.0
7.0
5.0
-8.0
-3.0
2.0
-31.0
15.0
-27.0
-25.0
-21.0
-21.0
-65.0
-3.0
-45.0
21.0
1.0
50.0
30.0
21.0
-8.0
-17.0
16.0
1.0
-37.0
-50.0
-32.0
-14.0
10.0
7.0
-30.0
-13.0
-17.0
1.0
7.0
1.0
25.0
14.0
57.0
57.0
79.0
56.0
21.0
-38.0
-88.0
-34.0
-36.0
-18.0
-8.0
-3.0
29.0
23.0
23.0
15.0
14.0
4.0
-4.0
22.0
-15.0
-16.0
-38.0
-76.0
-57.0
-7.0
59.0
22.0
-7.0
15.0
14.0
11.0
3.0
-7.0
15.0
-1.0
11.0
-9.0
-24.0
-29.0
-9.0
-8.0
-27.0
-7.0
-44.0
-68.0
-62.0
27.0
-74.0
-38.0
-14.0
-11.0
50.0
108.0
54.0
20.0
-13.0
12.0
21.0
22.0
15.0
17.0
0.0
-32.0
-41.0
-12.0
20.0
-21.0
-33.0
-17.0
-33.0
-32.0
-7.0
-9.0
-9.0
-16.0
-17.0
8.0
-13.0
-22.0
-3.0
2.0
28.0
31.0
4.0
13.0
0.0
-15.0
-2.0
31.0
45.0
48.0
22.0
24.0
-11.0
11.0
35.0
-13.0
-37.0
-19.0
-27.0
-34.0
-1.0
-32.0
-61.0
-24.0
-66.0
-39.0
-21.0
0.0
-15.0
-12.0
-4.0
-40.0
-7.0
19.0
9.0
49.0
22.0
-19.0
-4.0
1.0
-15.0
-3.0
16.0
-7.0
-27.0
-19.0
-27.0
7.0
-17.0
-17.0
-8.0
-5.0
-21.0
-31.0
-13.0
-48.0
-17.0
-44.0
0.0
0.0
59.0
50.0
27.0
12.0
-15.0
8.0
3.0
-21.0
-56.0
-47.0
-15.0
-50.0
-28.0
31.0
21.0
20.0
-28.0
-95.0
-24.0
-23.0
6.0
12.0
13.0
13.0
59.0
29.0
9.0
-12.0
-12.0
-12.0
-1.0
-41.0
-50.0
-48.0
35.0
24.0
23.0
-11.0
10.0
10.0
-13.0
42.0
13.0
35.0
2.0
11.0
-16.0
-3.0
-4.0
-7.0
-8.0
-17.0
-29.0
-16.0
-7.0
9.0
-20.0
-49.0
4.0
4.0
7.0
2.0
-9.0
-19.0
-32.0
-22.0
43.0
-23.0
-5.0
-5.0
9.0
-5.0
-13.0
1.0
-19.0
30.0
28.0
1.0
-10.0
-13.0
13.0
40.0
28.0
-36.0
-28.0
-2.0
-20.0
-9.0
-31.0
-31.0
-49.0
15.0
22.0
27.0
15.0
-14.0
-23.0
-29.0
1.0
-9.0
2.0
8.0
22.0
20.0
28.0
12.0
-40.0
13.0
-129.0
-130.0
-33.0
15.0
37.0
22.0
37.0
-7.0
-26.0
24.0
20.0
22.0
15.0
-23.0
-55.0
-23.0
29.0
39.0
16.0
-31.0
-52.0
-53.0
4.0
-2.0
-30.0
10.0
0.0
7.0
8.0
-39.0
-45.0
-44.0
-7.0
-20.0
-30.0
-10.0
14.0
-53.0
-103.0
20.0
-11.0
-12.0
-1.0
47.0
37.0
14.0
6.0
49.0
0.0
-14.0
-61.0
-67.0
-26.0
27.0
-28.0
5.0
39.0
36.0
9.0
16.0
14.0
11.0
-6.0
31.0
-6.0
-3.0
5.0
7.0
13.0
11.0
-5.0
-8.0
0.0
-1.0
2.0
9.0
-11.0
-31.0
-28.0
-6.0
-16.0
-2.0
-10.0
-20.0
-14.0
-11.0
-1.0
29.0
-3.0
22.0
-14.0
-20.0
-17.0
-29.0
-9.0
25.0
-20.0
11.0
-8.0
-6.0
25.0
30.0
24.0
-7.0
-16.0
-54.0
3.0
14.0
11.0
-31.0
-10.0
-8.0
-58.0
-6.0
22.0
15.0
19.0
-31.0
-85.0
-86.0
-14.0
-16.0
-9.0
38.0
54.0
1.0
16.0
-6.0
29.0
8.0
-16.0
-24.0
-18.0
-123.0
-148.0
-20.0
18.0
77.0
32.0
1.0
47.0
38.0
-64.0
-91.0
-30.0
-22.0
8.0
107.0
101.0
49.0
20.0
19.0
-50.0
-73.0
-50.0
7.0
81.0
53.0
33.0
3.0
10.0
12.0
16.0
7.0
33.0
59.0
-12.0
38.0
24.0
-120.0
-165.0
-162.0
-111.0
-64.0
-56.0
7.0
37.0
-5.0
35.0
2.0
-52.0
-48.0
39.0
-53.0
18.0
54.0
11.0
-5.0
43.0
2.0
-40.0
-41.0
-5.0
58.0
41.0
-13.0
14.0
-76.0
-15.0
31.0
42.0
42.0
42.0
21.0
-4.0
9.0
17.0
22.0
38.0
5.0
-18.0
-17.0
-46.0
-25.0
-5.0
4.0
14.0
3.0
-1.0
-20.0
6.0
7.0
-22.0
-54.0
-39.0
-83.0
20.0
-80.0
26.0
-116.0
-13.0
2.0
-8.0
32.0
27.0
-116.0
-107.0
31.0
138.0
109.0
41.0
37.0
-4.0
22.0
33.0
16.0
10.0
-2.0
-3.0
16.0
9.0
5.0
11.0
3.0
-24.0
-3.0
-11.0
-9.0
-22.0
-4.0
-26.0
-26.0
-45.0
-13.0
-175.0
-87.0
-313.0
313.0
288.0
313.0
47.0
37.0
201.0
25.0
-8.0
34.0
7.0
-133.0
-313.0
-202.0
-195.0
-151.0
-168.0
196.0
-59.0
-5.0
90.0
69.0
131.0
0.0
-56.0
-171.0
65.0
-72.0
-119.0
-27.0
37.0
75.0
-243.0
-166.0
0.0
-103.0
48.0
-154.0
-43.0
-121.0
-59.0
-132.0
80.0
61.0
26.0
121.0
109.0
5.0
-195.0
-70.0
63.0
65.0
16.0
36.0
-13.0
9.0
46.0
33.0
-26.0
17.0
-19.0
137.0
-60.0
-21.0
77.0
26.0
-7.0
-86.0
74.0
283.0
29.0
202.0
-8.0
-4.0
121.0
60.0
0.0
-2.0
-80.0
-59.0
-112.0
-66.0
-19.0
40.0
6.0
4.0
95.0
-33.0
-57.0
0.0
61.0
-48.0
33.0
-46.0
-8.0
-25.0
40.0
55.0
-72.0
29.0
-5.0
-5.0
87.0
55.0
21.0
7.0
30.0
-36.0
2.0
40.0
7.0
14.0
36.0
-43.0
-50.0
-56.0
-70.0
-27.0
-34.0
-1.0
24.0
-26.0
41.0
-28.0
-61.0
-4.0
0.0
-70.0
-39.0
111.0
-3.0
-124.0
26.0
-13.0
66.0
32.0
83.0
78.0
77.0
77.0
135.0
24.0
60.0
7.0
14.0
46.0
42.0
-8.0
38.0
23.0
-49.0
3.0
-45.0
-18.0
35.0
-21.0
-63.0
-36.0
-28.0
-51.0
-39.0
-16.0
-17.0
-38.0
-26.0
-22.0
-21.0
-60.0
-34.0
-28.0
-84.0
-52.0
-42.0
-67.0
-45.0
-122.0
-29.0
-15.0
38.0
38.0
5.0
12.0
1.0
7.0
-30.0
-22.0
-7.0
-6.0
-23.0
-71.0
-44.0
26.0
4.0
-34.0
-211.0
-39.0
-27.0
-50.0
-29.0
-131.0
-18.0
-39.0
111.0
90.0
57.0
50.0
27.0
52.0
60.0
96.0
98.0
114.0
-6.0
40.0
-24.0
-34.0
-16.0
0.0
2.0
114.0
38.0
28.0
2.0
11.0
74.0
-97.0
-15.0
-29.0
-127.0
-2.0
-118.0
-13.0
-110.0
-225.0
58.0
23.0
37.0
96.0
22.0
0.0
82.0
-35.0
55.0
-189.0
14.0
17.0
-115.0
23.0
-37.0
-51.0
-42.0
-65.0
8.0
-37.0
21.0
-4.0
126.0
39.0
-57.0
-127.0
-51.0
14.0
206.0
37.0
81.0
114.0
210.0
153.0
105.0
45.0
48.0
52.0
-51.0
-17.0
1.0
114.0
14.0
-86.0
-138.0
-100.0
66.0
-1.0
-40.0
-25.0
-24.0
25.0
75.0
68.0
86.0
-40.0
44.0
-48.0
-14.0
-31.0
-101.0
-177.0
-56.0
-127.0
-83.0
-145.0
-57.0
-55.0
-32.0
-52.0
-32.0
-40.0
-2.0
-47.0
-47.0
-13.0
-3.0
-44.0
-15.0
12.0
8.0
14.0
14.0
0.0
28.0
37.0
10.0
5.0
44.0
-14.0
-13.0
-54.0
-70.0
50.0
14.0
111.0
66.0
117.0
79.0
141.0
67.0
98.0
102.0
97.0
98.0
46.0
74.0
50.0
20.0
17.0
-15.0
29.0
-43.0
15.0
-49.0
-90.0
-30.0
75.0
39.0
90.0
78.0
2.0
43.0
19.0
50.0
29.0
63.0
10.0
-27.0
80.0
-151.0
-103.0
-287.0
-175.0
-174.0
-184.0
-159.0
-188.0
-147.0
-129.0
-168.0
-171.0
-143.0
-159.0
-156.0
-126.0
-111.0
-127.0
-78.0
-33.0
-111.0
-103.0
-77.0
-46.0
47.0
-30.0
-30.0
-61.0
-86.0
44.0
-8.0
93.0
54.0
102.0
97.0
111.0
53.0
-86.0
46.0
87.0
-8.0
4.0
26.0
180.0
7.0
-21.0
87.0
71.0
-22.0
15.0
-27.0
23.0
42.0
9.0
-60.0
3.0
67.0
-48.0
-3.0
15.0
6.0
-3.0
5.0
42.0
17.0
-12.0
5.0
-8.0
-68.0
-7.0
-55.0
-22.0
22.0
3.0
-44.0
33.0
-16.0
21.0
-6.0
-27.0
-11.0
29.0
21.0
104.0
4.0
-49.0
-5.0
22.0
18.0
-37.0
-70.0
22.0
-47.0
-12.0
-5.0
-32.0
-42.0
-42.0
-63.0
17.0
0.0
-2.0
41.0
-11.0
-23.0
-46.0
8.0
-32.0
-59.0
-2.0
-9.0
4.0
52.0
-126.0
36.0
71.0
-101.0
-13.0
120.0
82.0
85.0
87.0
-25.0
84.0
-31.0
46.0
45.0
-48.0
-109.0
-19.0
21.0
44.0
-14.0
-2.0
-52.0
-83.0
-13.0
19.0
-42.0
-24.0
-71.0
-44.0
-23.0
-63.0
22.0
-97.0
-51.0
-216.0
-52.0
-92.0
-50.0
-104.0
-77.0
31.0
-96.0
42.0
-104.0
51.0
-98.0
-14.0
61.0
9.0
-76.0
5.0
-40.0
14.0
-31.0
17.0
90.0
-22.0
-31.0
23.0
39.0
-7.0
-30.0
-66.0
-45.0
12.0
23.0
27.0
-20.0
11.0
-21.0
44.0
30.0
-22.0
-4.0
3.0
-6.0
5.0
20.0
-21.0
-43.0
-48.0
-78.0
141.0
57.0
-44.0
85.0
62.0
-19.0
16.0
-20.0
15.0
80.0
-7.0
53.0
-4.0
-3.0
-25.0
-46.0
-60.0
-70.0
-9.0
-5.0
8.0
-33.0
-62.0
-1.0
6.0
-36.0
-14.0
-10.0
16.0
25.0
-29.0
-22.0
-14.0
14.0
-34.0
-42.0
-24.0
26.0
217.0
101.0
-122.0
-159.0
-124.0
-126.0
14.0
19.0
-129.0
64.0
9.0
215.0
-261.0
-41.0
93.0
-57.0
-281.0
-65.0
-71.0
10.0
139.0
109.0
16.0
3.0
-1.0
133.0
-130.0
-61.0
50.0
-27.0
22.0
-88.0
-5.0
-108.0
-55.0
15.0
-7.0
72.0
-30.0
-171.0
-115.0
39.0
57.0
-57.0
-69.0
-92.0
-51.0
-34.0
-14.0
76.0
-18.0
89.0
44.0
28.0
-48.0
-24.0
-43.0
-27.0
-21.0
43.0
-58.0
8.0
-43.0
42.0
-62.0
-50.0
-40.0
-15.0
109.0
-40.0
14.0
-21.0
-11.0
9.0
-2.0
-47.0
20.0
-16.0
36.0
-73.0
-50.0
-71.0
-142.0
-112.0
-72.0
-137.0
-142.0
4.0
-90.0
33.0
-60.0
55.0
24.0
-4.0
-31.0
2.0
-36.0
59.0
27.0
61.0
42.0
34.0
75.0
-88.0
22.0
-25.0
-41.0
17.0
13.0
19.0
2.0
-41.0
16.0
-5.0
-29.0
-48.0
5.0
7.0
2.0
66.0
9.0
90.0
86.0
-35.0
-75.0
10.0
-12.0
9.0
-33.0
51.0
-48.0
-28.0
40.0
-5.0
-42.0
5.0
-47.0
-27.0
-10.0
11.0
-128.0
-77.0
-47.0
-95.0
-29.0
22.0
-160.0
-142.0
107.0
-6.0
1.0
29.0
37.0
-18.0
21.0
-48.0
44.0
-29.0
-51.0
-21.0
-104.0
40.0
-58.0
-68.0
-88.0
-24.0
130.0
-16.0
-61.0
-32.0
-40.0
-51.0
-25.0
-43.0
26.0
-12.0
28.0
47.0
-61.0
30.0
38.0
-47.0
-116.0
66.0
-71.0
-118.0
-68.0
-14.0
-56.0
-10.0
-6.0
15.0
56.0
27.0
13.0
-13.0
63.0
67.0
-21.0
-28.0
18.0
-15.0
6.0
-23.0
-6.0
14.0
3.0
-8.0
-21.0
-10.0
-52.0
-19.0
8.0
-61.0
-43.0
-3.0
-10.0
64.0
43.0
7.0
43.0
-65.0
54.0
21.0
82.0
31.0
75.0
12.0
24.0
11.0
-54.0
-49.0
80.0
84.0
28.0
-147.0
-15.0
-52.0
-26.0
-77.0
102.0
-47.0
44.0
-76.0
-91.0
-59.0
-42.0
-19.0
-18.0
14.0
-138.0
-8.0
2.0
-21.0
-45.0
-63.0
-51.0
-43.0
-11.0
-58.0
-5.0
-14.0
-46.0
11.0
-64.0
-237.0
-113.0
-26.0
-125.0
-87.0
-5.0
61.0
36.0
-96.0
-54.0
94.0
23.0
-7.0
-15.0
48.0
-84.0
97.0
28.0
-52.0
52.0
22.0
-13.0
17.0
-132.0
0.0
6.0
9.0
21.0
25.0
-25.0
-22.0
-79.0
-24.0
-1.0
76.0
1.0
-29.0
-6.0
-50.0
49.0
-54.0
-22.0
6.0
-36.0
-12.0
-35.0
-23.0
-27.0
-1.0
-47.0
-6.0
-98.0
19.0
40.0
54.0
-40.0
4.0
-37.0
-25.0
-54.0
2.0
5.0
34.0
-1.0
-45.0
30.0
74.0
21.0
72.0
32.0
30.0
48.0
70.0
-8.0
17.0
47.0
-29.0
16.0
-17.0
-20.0
-5.0
-11.0
-44.0
-92.0
17.0
3.0
13.0
-20.0
-30.0
-35.0
-43.0
-21.0
-20.0
-51.0
-22.0
-22.0
-44.0
-12.0
2.0
8.0
0.0
-27.0
1.0
-6.0
-14.0
16.0
-14.0
-11.0
20.0
17.0
-14.0
-8.0
-12.0
-22.0
11.0
-4.0
-22.0
0.0
45.0
-59.0
19.0
-106.0
0.0
-6.0
23.0
-15.0
-24.0
-71.0
-33.0
-36.0
-51.0
-44.0
-73.0
-54.0
-17.0
-92.0
49.0
13.0
8.0
94.0
313.0
175.0
48.0
138.0
53.0
32.0
-37.0
32.0
100.0
37.0
87.0
19.0
-102.0
60.0
61.0
-11.0
12.0
65.0
41.0
-21.0
20.0
92.0
-59.0
-64.0
20.0
18.0
-28.0
11.0
11.0
-34.0
-66.0
-92.0
-53.0
-4.0
14.0
-84.0
-33.0
-29.0
-96.0
91.0
142.0
-85.0
-81.0
-100.0
-70.0
17.0
-31.0
15.0
-29.0
-66.0
-15.0
-4.0
22.0
74.0
55.0
22.0
8.0
25.0
13.0
21.0
2.0
22.0
65.0
65.0
31.0
24.0
8.0
67.0
-6.0
44.0
0.0
42.0
49.0
30.0
41.0
29.0
33.0
23.0
-34.0
17.0
-35.0
-5.0
24.0
6.0
42.0
46.0
-22.0
-62.0
74.0
-25.0
13.0
37.0
65.0
27.0
10.0
-31.0
22.0
-31.0
9.0
-33.0
43.0
-1.0
78.0
9.0
-20.0
-37.0
-23.0
-10.0
55.0
-28.0
-111.0
-40.0
-75.0
-90.0
-20.0
67.0
-29.0
-13.0
-41.0
5.0
-28.0
30.0
-23.0
-6.0
-16.0
13.0
23.0
-25.0
20.0
29.0
15.0
-45.0
101.0
-8.0
-16.0
-36.0
4.0
-97.0
45.0
39.0
-115.0
-6.0
-61.0
-108.0
-63.0
-25.0
-45.0
-22.0
-7.0
-7.0
-30.0
0.0
5.0
30.0
-64.0
-6.0
15.0
50.0
-3.0
3.0
8.0
-26.0
-50.0
12.0
-28.0
-63.0
-29.0
-11.0
-8.0
-23.0
-14.0
-20.0
-7.0
-38.0
-12.0
-13.0
-27.0
0.0
-16.0
-12.0
-3.0
-26.0
20.0
-12.0
4.0
10.0
-13.0
-9.0
22.0
-29.0
29.0
-27.0
-7.0
18.0
-32.0
17.0
-13.0
16.0
3.0
48.0
47.0
28.0
2.0
11.0
48.0
17.0
11.0
-49.0
-14.0
-15.0
14.0
4.0
5.0
-28.0
-8.0
-3.0
4.0
9.0
-21.0
15.0
-9.0
-26.0
-24.0
-7.0
-21.0
-50.0
-2.0
-25.0
-17.0
33.0
45.0
1.0
-10.0
-33.0
-15.0
4.0
19.0
-19.0
-3.0
41.0
21.0
-17.0
-25.0
-7.0
-45.0
-5.0
-11.0
24.0
-13.0
-13.0
-45.0
-28.0
-53.0
-40.0
-5.0
-19.0
-51.0
-5.0
29.0
22.0
13.0
-30.0
-5.0
-13.0
-61.0
-16.0
-64.0
36.0
11.0
5.0
-11.0
-16.0
2.0
-25.0
-3.0
-13.0
41.0
42.0
19.0
-26.0
12.0
-43.0
-11.0
-5.0
-10.0
-2.0
10.0
-5.0
3.0
5.0
1.0
-10.0
-13.0
11.0
3.0
-37.0
-28.0
-17.0
-11.0
-35.0
-2.0
-9.0
27.0
11.0
-35.0
-27.0
0.0
-28.0
-45.0
-43.0
-36.0
-12.0
60.0
4.0
51.0
-27.0
4.0
16.0
-6.0
36.0
-52.0
4.0
-30.0
-6.0
-42.0
208.0
-33.0
37.0
117.0
-12.0
10.0
15.0
29.0
20.0
10.0
2.0
0.0
11.0
-12.0
-29.0
0.0
-30.0
-23.0
-7.0
-15.0
-12.0
-41.0
-38.0
-3.0
-43.0
-31.0
-37.0
-44.0
-37.0
-18.0
4.0
-19.0
-32.0
-48.0
-24.0
26.0
7.0
7.0
36.0
-9.0
-13.0
-21.0
3.0
-6.0
-5.0
-1.0
18.0
8.0
-18.0
9.0
2.0
-26.0
-33.0
25.0
-43.0
15.0
-13.0
3.0
-31.0
-17.0
-15.0
-29.0
-96.0
75.0
52.0
18.0
-27.0
28.0
48.0
-1.0
-33.0
-53.0
5.0
-16.0
-1.0
-31.0
-14.0
-72.0
-115.0
-313.0
20.0
126.0
108.0
112.0
44.0
47.0
97.0
30.0
-210.0
27.0
205.0
206.0
57.0
39.0
197.0
48.0
193.0
107.0
103.0
100.0
7.0
18.0
-17.0
-37.0
11.0
-184.0
-149.0
-23.0
14.0
-51.0
-50.0
-18.0
-31.0
-4.0
-31.0
100.0
-8.0
-16.0
-10.0
-13.0
0.0
-38.0
-15.0
-117.0
-48.0
-124.0
-79.0
42.0
-61.0
18.0
35.0
-11.0
-23.0
-41.0
41.0
-177.0
-194.0
-89.0
-116.0
-109.0
-57.0
-50.0
-1.0
13.0
-17.0
-4.0
15.0
2.0
-3.0
7.0
13.0
19.0
40.0
31.0
5.0
-26.0
7.0
-20.0
9.0
-12.0
-26.0
-28.0
-5.0
27.0
4.0
1.0
-29.0
-39.0
-25.0
23.0
47.0
-13.0
46.0
29.0
25.0
13.0
-48.0
-5.0
-58.0
-36.0
-3.0
-10.0
-12.0
-27.0
45.0
48.0
-2.0
-7.0
28.0
-25.0
12.0
-22.0
-37.0
37.0
10.0
-40.0
-27.0
-1.0
-29.0
1.0
-12.0
-5.0
34.0
-6.0
-65.0
-11.0
18.0
31.0
-3.0
10.0
23.0
-38.0
28.0
-69.0
-8.0
41.0
-22.0
21.0
24.0
3.0
15.0
-28.0
30.0
8.0
-15.0
18.0
-20.0
-36.0
-24.0
-2.0
-15.0
10.0
-8.0
2.0
-14.0
13.0
-27.0
-62.0
-29.0
7.0
-15.0
64.0
-16.0
24.0
11.0
3.0
-19.0
-2.0
-20.0
-25.0
13.0
-68.0
-47.0
-10.0
-38.0
-18.0
0.0
10.0
4.0
95.0
56.0
36.0
5.0
45.0
55.0
26.0
115.0
-39.0
37.0
-44.0
-78.0
12.0
5.0
-25.0
-9.0
-52.0
3.0
-35.0
-39.0
-96.0
-33.0
-87.0
-35.0
-26.0
-39.0
-49.0
-1.0
-39.0
-63.0
-89.0
-46.0
-49.0
-66.0
-7.0
-49.0
0.0
30.0
28.0
9.0
-30.0
-20.0
-18.0
2.0
-1.0
33.0
-29.0
23.0
-34.0
-77.0
57.0
23.0
-1.0
25.0
-1.0
4.0
-9.0
-19.0
-11.0
-33.0
47.0
11.0
-8.0
-9.0
8.0
20.0
19.0
-11.0
-5.0
15.0
-43.0
13.0
-21.0
-31.0
27.0
-27.0
-24.0
-37.0
7.0
-3.0
-27.0
23.0
5.0
-27.0
31.0
-24.0
-35.0
-1.0
46.0
-6.0
-27.0
65.0
13.0
-27.0
0.0
-4.0
4.0
23.0
4.0
-55.0
-49.0
-67.0
1.0
16.0
-98.0
10.0
-12.0
23.0
-25.0
-13.0
1.0
36.0
-30.0
31.0
18.0
15.0
-14.0
-47.0
22.0
-13.0
-8.0
-2.0
-9.0
-10.0
57.0
-3.0
6.0
64.0
17.0
19.0
28.0
37.0
45.0
-3.0
-19.0
37.0
-4.0
1.0
-33.0
-20.0
-44.0
-36.0
-37.0
69.0
15.0
-56.0
-21.0
-54.0
-16.0
19.0
25.0
-48.0
39.0
-54.0
-32.0
30.0
4.0
12.0
17.0
15.0
63.0
43.0
24.0
41.0
2.0
-46.0
-15.0
60.0
-39.0
-26.0
24.0
2.0
-13.0
-22.0
22.0
-15.0
-8.0
-50.0
25.0
19.0
17.0
6.0
-60.0
-15.0
18.0
-28.0
-69.0
26.0
-63.0
-32.0
-81.0
-24.0
-91.0
33.0
15.0
-53.0
-35.0
-3.0
39.0
-19.0
13.0
30.0
-48.0
-9.0
-35.0
0.0
-44.0
22.0
47.0
94.0
-17.0
-35.0
12.0
21.0
-12.0
-48.0
-37.0
51.0
52.0
33.0
29.0
17.0
-39.0
-68.0
-78.0
-92.0
-5.0
-27.0
87.0
-41.0
-25.0
27.0
6.0
-30.0
53.0
18.0
13.0
202.0
-29.0
-2.0
4.0
-94.0
-68.0
8.0
-14.0
5.0
3.0
-36.0
10.0
-36.0
-18.0
59.0
41.0
-20.0
51.0
41.0
12.0
22.0
-6.0
-6.0
20.0
17.0
4.0
9.0
3.0
38.0
-21.0
17.0
-16.0
-14.0
-33.0
-28.0
-16.0
17.0
-16.0
-8.0
-5.0
-18.0
-7.0
-12.0
-138.0
-8.0
-60.0
-28.0
52.0
43.0
-19.0
-11.0
40.0
10.0
100.0
15.0
5.0
15.0
-36.0
42.0
23.0
52.0
-88.0
16.0
71.0
5.0
9.0
48.0
-18.0
82.0
-63.0
-23.0
-120.0
-29.0
-25.0
-60.0
11.0
-16.0
-48.0
-13.0
2.0
-3.0
51.0
1.0
65.0
12.0
18.0
74.0
30.0
107.0
74.0
-52.0
-16.0
-91.0
16.0
-23.0
-49.0
-40.0
-3.0
-3.0
-58.0
23.0
29.0
52.0
51.0
39.0
-8.0
3.0
-35.0
-48.0
11.0
62.0
-1.0
-53.0
-24.0
-26.0
-36.0
-6.0
-10.0
21.0
-10.0
4.0
-30.0
-9.0
15.0
-17.0
33.0
25.0
7.0
6.0
46.0
-7.0
-42.0
-50.0
-6.0
22.0
54.0
-21.0
-55.0
-23.0
-41.0
14.0
20.0
21.0
-13.0
-14.0
-53.0
36.0
-8.0
11.0
-37.0
-45.0
4.0
-29.0
19.0
13.0
7.0
24.0
-30.0
15.0
30.0
5.0
-16.0
26.0
41.0
13.0
41.0
12.0
-7.0
18.0
-36.0
7.0
8.0
-21.0
-4.0
10.0
25.0
-15.0
-44.0
-22.0
-11.0
64.0
-17.0
-10.0
34.0
-9.0
-29.0
-10.0
0.0
1.0
7.0
-20.0
2.0
33.0
29.0
-5.0
-10.0
-33.0
-22.0
-15.0
-24.0
-51.0
-23.0
9.0
35.0
-6.0
50.0
-27.0
-35.0
-6.0
-29.0
28.0
18.0
2.0
-2.0
8.0
99.0
29.0
15.0
0.0
35.0
19.0
7.0
5.0
-39.0
31.0
-9.0
3.0
-19.0
-23.0
2.0
-18.0
18.0
12.0
-11.0
-64.0
-33.0
34.0
13.0
7.0
-21.0
-7.0
49.0
4.0
15.0
12.0
9.0
29.0
20.0
-5.0
14.0
22.0
28.0
81.0
-17.0
2.0
6.0
-35.0
-11.0
-5.0
13.0
-73.0
-29.0
-31.0
0.0
-18.0
-11.0
-23.0
-52.0
-17.0
22.0
6.0
10.0
14.0
20.0
13.0
-11.0
25.0
-34.0
14.0
47.0
28.0
-6.0
-36.0
-5.0
2.0
-33.0
-7.0
-70.0
-3.0
-16.0
-12.0
-3.0
8.0
27.0
35.0
-16.0
12.0
-9.0
-29.0
34.0
-31.0
14.0
9.0
-26.0
-34.0
-15.0
69.0
21.0
16.0
-24.0
43.0
42.0
1.0
25.0
0.0
-52.0
-54.0
49.0
9.0
-8.0
10.0
23.0
43.0
29.0
19.0
65.0
6.0
-56.0
23.0
15.0
-4.0
-42.0
-24.0
-50.0
3.0
0.0
26.0
-52.0
-53.0
-14.0
60.0
91.0
87.0
13.0
66.0
69.0
77.0
12.0
19.0
-2.0
-7.0
11.0
10.0
17.0
58.0
-13.0
-10.0
-67.0
-27.0
-91.0
13.0
-17.0
25.0
-14.0
10.0
10.0
51.0
-77.0
35.0
17.0
83.0
54.0
35.0
69.0
46.0
1.0
7.0
-14.0
-54.0
142.0
-58.0
20.0
-18.0
-13.0
-48.0
-72.0
-63.0
-58.0
-28.0
-30.0
-10.0
-20.0
-8.0
2.0
-3.0
-20.0
-11.0
-23.0
30.0
24.0
5.0
-13.0
24.0
20.0
32.0
9.0
2.0
6.0
6.0
15.0
19.0
2.0
9.0
62.0
-18.0
19.0
10.0
25.0
11.0
-54.0
9.0
9.0
26.0
2.0
-49.0
2.0
-1.0
15.0
23.0
-88.0
-10.0
28.0
39.0
-19.0
-11.0
4.0
3.0
-19.0
-18.0
39.0
-23.0
47.0
-21.0
21.0
-18.0
-77.0
-26.0
-30.0
23.0
-25.0
2.0
21.0
57.0
-53.0
10.0
-36.0
5.0
-16.0
58.0
81.0
43.0
132.0
15.0
23.0
-5.0
20.0
-3.0
34.0
29.0
15.0
-34.0
-54.0
-91.0
-16.0
-45.0
7.0
-57.0
4.0
1.0
-54.0
-17.0
5.0
22.0
0.0
6.0
38.0
-62.0
-83.0
10.0
-70.0
-10.0
57.0
17.0
10.0
45.0
-48.0
7.0
16.0
44.0
11.0
23.0
37.0
-26.0
11.0
1.0
-58.0
9.0
-24.0
-6.0
27.0
-26.0
-74.0
-48.0
-18.0
5.0
-10.0
33.0
-79.0
15.0
48.0
-25.0
22.0
18.0
-52.0
16.0
30.0
-74.0
-10.0
47.0
22.0
2.0
-94.0
39.0
70.0
31.0
8.0
46.0
-5.0
43.0
1.0
61.0
-1.0
15.0
-15.0
92.0
28.0
-22.0
-70.0
-27.0
-96.0
28.0
30.0
-44.0
-73.0
-35.0
-22.0
-33.0
-31.0
-66.0
-45.0
-20.0
21.0
41.0
-20.0
-11.0
16.0
-24.0
43.0
60.0
9.0
-64.0
-48.0
-14.0
7.0
-10.0
-13.0
24.0
-57.0
-21.0
37.0
13.0
-46.0
16.0
-89.0
46.0
14.0
17.0
51.0
63.0
-48.0
16.0
-17.0
11.0
-13.0
-45.0
-18.0
-15.0
-20.0
-11.0
-52.0
-5.0
-8.0
-31.0
-19.0
-12.0
31.0
-11.0
8.0
-16.0
-10.0
25.0
-48.0
-10.0
-40.0
-47.0
19.0
-31.0
35.0
13.0
23.0
8.0
-32.0
3.0
-8.0
13.0
4.0
2.0
-5.0
34.0
76.0
-23.0
22.0
18.0
-13.0
25.0
-5.0
-17.0
-69.0
-67.0
-5.0
-3.0
-12.0
-9.0
-46.0
28.0
13.0
33.0
25.0
32.0
80.0
-10.0
33.0
62.0
49.0
-26.0
-4.0
-1.0
-47.0
12.0
19.0
17.0
25.0
76.0
-27.0
6.0
31.0
-72.0
-14.0
40.0
-6.0
-9.0
-38.0
9.0
-32.0
37.0
1.0
29.0
17.0
27.0
5.0
5.0
-71.0
-81.0
-12.0
-29.0
-6.0
-33.0
-13.0
-3.0
1.0
20.0
30.0
22.0
30.0
-5.0
-23.0
-32.0
3.0
67.0
26.0
-41.0
-7.0
-1.0
32.0
-8.0
4.0
-19.0
10.0
73.0
-11.0
-20.0
15.0
-23.0
24.0
-24.0
-31.0
4.0
-38.0
-19.0
18.0
-34.0
-8.0
31.0
-27.0
-8.0
32.0
-36.0
-85.0
-3.0
-1.0
17.0
-3.0
-30.0
14.0
21.0
-30.0
-6.0
31.0
-28.0
-8.0
-19.0
-9.0
-30.0
-19.0
-3.0
34.0
-30.0
-11.0
-9.0
-15.0
62.0
-27.0
32.0
29.0
-11.0
10.0
71.0
34.0
-6.0
24.0
-47.0
-4.0
-33.0
-16.0
-21.0
-24.0
-12.0
23.0
-7.0
-20.0
42.0
19.0
9.0
-36.0
23.0
-27.0
-16.0
-37.0
-7.0
-29.0
14.0
-59.0
7.0
-14.0
-59.0
-19.0
-17.0
-18.0
-13.0
-24.0
13.0
27.0
38.0
-5.0
62.0
-56.0
35.0
73.0
25.0
-17.0
-47.0
-92.0
14.0
20.0
71.0
-6.0
34.0
75.0
50.0
-22.0
-45.0
19.0
-9.0
-10.0
-35.0
-44.0
-29.0
0.0
9.0
15.0
19.0
-10.0
-60.0
-23.0
25.0
-2.0
-6.0
-16.0
69.0
-15.0
-8.0
46.0
46.0
-20.0
10.0
-61.0
9.0
-37.0
-18.0
60.0
-31.0
-64.0
-27.0
-7.0
-16.0
-25.0
-22.0
33.0
-22.0
15.0
-11.0
-9.0
-14.0
-10.0
-22.0
20.0
3.0
3.0
78.0
-9.0
-27.0
-67.0
-16.0
-61.0
-24.0
17.0
71.0
-62.0
-54.0
-9.0
58.0
-6.0
0.0
7.0
39.0
-10.0
53.0
36.0
-1.0
65.0
-46.0
-25.0
55.0
9.0
25.0
11.0
-28.0
5.0
-24.0
-29.0
11.0
-25.0
6.0
-37.0
84.0
-47.0
64.0
-11.0
4.0
23.0
-49.0
-18.0
-46.0
50.0
18.0
10.0
44.0
-20.0
16.0
56.0
-88.0
-13.0
-26.0
-27.0
-29.0
0.0
-12.0
-4.0
-44.0
13.0
6.0
-12.0
-24.0
-48.0
-59.0
-44.0
-13.0
-21.0
16.0
-12.0
-36.0
54.0
40.0
-53.0
-68.0
50.0
109.0
7.0
36.0
8.0
-86.0
27.0
48.0
84.0
11.0
-109.0
1.0
-17.0
-30.0
12.0
14.0
-13.0
12.0
-4.0
-13.0
-16.0
-3.0
-59.0
-76.0
-42.0
-1.0
17.0
10.0
-10.0
-4.0
-26.0
17.0
-35.0
-55.0
9.0
-22.0
93.0
9.0
-2.0
-43.0
-3.0
0.0
-25.0
15.0
1.0
-61.0
5.0
-52.0
-10.0
-19.0
-35.0
24.0
10.0
25.0
42.0
18.0
-48.0
0.0
4.0
40.0
5.0
33.0
-21.0
-48.0
-30.0
60.0
-11.0
-47.0
-9.0
-83.0
-37.0
2.0
21.0
-39.0
-59.0
-95.0
-25.0
-12.0
-14.0
10.0
16.0
65.0
-4.0
-17.0
-19.0
-9.0
-16.0
16.0
-39.0
-4.0
-2.0
52.0
-4.0
65.0
19.0
45.0
13.0
20.0
-30.0
-3.0
-88.0
-40.0
6.0
-57.0
-7.0
-40.0
12.0
12.0
8.0
68.0
86.0
-51.0
-20.0
-27.0
-2.0
3.0
58.0
11.0
14.0
-58.0
13.0
-57.0
32.0
-21.0
10.0
-28.0
-26.0
-94.0
-2.0
-83.0
-6.0
-1.0
1.0
60.0
50.0
34.0
46.0
65.0
64.0
-32.0
60.0
-18.0
-20.0
4.0
-10.0
-12.0
-51.0
-27.0
-39.0
-12.0
35.0
-2.0
-17.0
0.0
-46.0
-5.0
-26.0
14.0
-10.0
-25.0
-77.0
-19.0
-49.0
-39.0
-24.0
-7.0
15.0
20.0
24.0
51.0
24.0
-31.0
-33.0
15.0
21.0
-79.0
-78.0
-15.0
6.0
-28.0
27.0
3.0
-54.0
22.0
-15.0
-4.0
55.0
-8.0
-12.0
-50.0
-26.0
-44.0
-39.0
-9.0
-29.0
19.0
0.0
25.0
29.0
50.0
28.0
40.0
-18.0
36.0
22.0
-66.0
-18.0
-5.0
-6.0
7.0
-5.0
-10.0
12.0
-38.0
-26.0
-40.0
4.0
-47.0
-20.0
-41.0
-44.0
35.0
23.0
-41.0
16.0
-15.0
-7.0
7.0
-48.0
17.0
2.0
38.0
6.0
-20.0
60.0
9.0
30.0
-58.0
-29.0
13.0
-5.0
-9.0
-31.0
7.0
-2.0
-21.0
71.0
43.0
-28.0
8.0
-16.0
-61.0
-10.0
-14.0
-17.0
-10.0
-16.0
13.0
-37.0
40.0
30.0
-1.0
5.0
18.0
-12.0
-28.0
-4.0
-51.0
-28.0
5.0
-35.0
18.0
-15.0
-5.0
25.0
9.0
14.0
-25.0
61.0
-28.0
39.0
-2.0
56.0
-2.0
-9.0
-17.0
-78.0
-39.0
-3.0
-34.0
-99.0
-14.0
-41.0
-41.0
-67.0
-79.0
-9.0
13.0
-1.0
-40.0
-61.0
-51.0
11.0
-1.0
5.0
3.0
11.0
19.0
-28.0
-13.0
0.0
30.0
31.0
16.0
-6.0
38.0
18.0
23.0
73.0
25.0
0.0
-31.0
-49.0
31.0
-8.0
22.0
-25.0
-20.0
-7.0
-80.0
-12.0
-77.0
-24.0
-38.0
-43.0
-62.0
-3.0
-17.0
-46.0
66.0
-20.0
-18.0
-19.0
32.0
-5.0
53.0
85.0
4.0
11.0
-16.0
8.0
-11.0
-88.0
21.0
-35.0
-53.0
63.0
51.0
-244.0
41.0
38.0
-34.0
-11.0
-45.0
4.0
28.0
-67.0
40.0
-8.0
-67.0
7.0
-7.0
-84.0
-6.0
-24.0
-45.0
-32.0
-66.0
3.0
49.0
33.0
-58.0
-39.0
34.0
1.0
5.0
-19.0
-22.0
42.0
7.0
16.0
66.0
54.0
-41.0
-22.0
-39.0
-32.0
3.0
11.0
18.0
46.0
71.0
59.0
-20.0
-62.0
57.0
-27.0
-47.0
-3.0
15.0
-13.0
24.0
55.0
-39.0
12.0
48.0
-33.0
-2.0
-4.0
-42.0
-6.0
-4.0
63.0
11.0
-3.0
37.0
9.0
-78.0
-4.0
-32.0
13.0
-6.0
-5.0
-47.0
17.0
4.0
-36.0
-11.0
-39.0
-22.0
-1.0
2.0
-45.0
30.0
-50.0
-6.0
-18.0
-54.0
-15.0
-4.0
-9.0
-2.0
-30.0
0.0
40.0
38.0
18.0
73.0
38.0
46.0
6.0
-97.0
4.0
-58.0
5.0
-98.0
28.0
-2.0
25.0
42.0
-2.0
-29.0
42.0
-59.0
13.0
-56.0
45.0
-32.0
-15.0
-38.0
11.0
-30.0
-47.0
-46.0
-22.0
-22.0
9.0
16.0
60.0
80.0
11.0
-38.0
-19.0
-93.0
13.0
-29.0
-5.0
44.0
-88.0
52.0
-38.0
-57.0
-66.0
-93.0
-26.0
22.0
22.0
14.0
21.0
4.0
25.0
45.0
29.0
6.0
47.0
19.0
-8.0
-32.0
13.0
-17.0
42.0
23.0
65.0
-42.0
-28.0
-15.0
18.0
35.0
-38.0
43.0
-5.0
-17.0
0.0
-57.0
26.0
5.0
-11.0
-14.0
-3.0
52.0
3.0
29.0
-6.0
-7.0
1.0
-4.0
-22.0
16.0
1.0
-11.0
82.0
32.0
-69.0
55.0
-32.0
-85.0
-15.0
-18.0
15.0
-25.0
30.0
-8.0
1.0
-147.0
-15.0
11.0
-18.0
-5.0
44.0
-20.0
-39.0
-106.0
-56.0
8.0
33.0
-55.0
-21.0
-77.0
-38.0
62.0
6.0
-2.0
-62.0
2.0
0.0
16.0
44.0
-17.0
19.0
-14.0
46.0
-5.0
-38.0
-7.0
6.0
22.0
-61.0
-73.0
-94.0
-17.0
3.0
4.0
20.0
-10.0
7.0
-38.0
-13.0
-7.0
20.0
-14.0
-3.0
-54.0
-13.0
54.0
-28.0
-4.0
17.0
-9.0
-29.0
-40.0
-37.0
50.0
39.0
-4.0
14.0
-37.0
11.0
-29.0
-42.0
39.0
-1.0
3.0
-21.0
-18.0
68.0
0.0
-34.0
75.0
6.0
29.0
-2.0
-20.0
-19.0
16.0
9.0
-11.0
-4.0
25.0
-14.0
-2.0
-53.0
-80.0
-9.0
-14.0
-38.0
-10.0
-1.0
-55.0
15.0
22.0
32.0
37.0
55.0
42.0
-5.0
-17.0
-50.0
-35.0
12.0
-11.0
-70.0
-100.0
-20.0
-43.0
-25.0
9.0
13.0
-27.0
-18.0
25.0
-29.0
24.0
-21.0
-37.0
-31.0
40.0
-50.0
6.0
11.0
17.0
-96.0
-52.0
-44.0
-35.0
31.0
51.0
-14.0
63.0
-9.0
22.0
-20.0
4.0
15.0
45.0
-7.0
4.0
-48.0
-27.0
27.0
0.0
-26.0
-17.0
9.0
-16.0
59.0
61.0
61.0
-25.0
26.0
-78.0
30.0
-12.0
-70.0
-60.0
-59.0
-20.0
-26.0
-46.0
60.0
-45.0
15.0
19.0
-28.0
-68.0
-40.0
-41.0
-74.0
56.0
35.0
-2.0
-52.0
19.0
-59.0
-28.0
-61.0
-17.0
70.0
36.0
35.0
-3.0
-24.0
-23.0
30.0
46.0
-65.0
-49.0
59.0
74.0
146.0
51.0
11.0
-28.0
67.0
36.0
42.0
21.0
26.0
24.0
-19.0
-55.0
-7.0
8.0
-10.0
20.0
-30.0
27.0
-38.0
-16.0
-41.0
-27.0
52.0
-37.0
-40.0
-41.0
-14.0
65.0
-62.0
-32.0
-48.0
-28.0
14.0
39.0
12.0
-66.0
-11.0
-17.0
36.0
48.0
4.0
9.0
-15.0
18.0
-9.0
29.0
16.0
-16.0
-77.0
-92.0
-91.0
-52.0
34.0
34.0
24.0
-18.0
25.0
0.0
-1.0
8.0
0.0
11.0
38.0
39.0
-8.0
21.0
-29.0
-48.0
27.0
-30.0
-16.0
18.0
45.0
59.0
12.0
5.0
-60.0
-5.0
-79.0
28.0
17.0
-9.0
-15.0
-49.0
17.0
44.0
46.0
41.0
-15.0
2.0
30.0
6.0
-62.0
14.0
-8.0
-28.0
-26.0
-15.0
-45.0
-24.0
11.0
-56.0
33.0
44.0
39.0
-2.0
42.0
17.0
-31.0
37.0
47.0
-33.0
37.0
21.0
23.0
-5.0
2.0
7.0
-70.0
-56.0
-31.0
-30.0
15.0
32.0
-15.0
24.0
5.0
-48.0
51.0
-20.0
-33.0
-74.0
-40.0
-40.0
-69.0
39.0
-48.0
5.0
-41.0
8.0
-10.0
4.0
-22.0
-17.0
-62.0
-3.0
24.0
-46.0
-17.0
-71.0
-18.0
2.0
-4.0
47.0
11.0
38.0
-98.0
-19.0
-3.0
-44.0
79.0
-38.0
25.0
62.0
-29.0
-69.0
-74.0
34.0
-9.0
32.0
-72.0
32.0
-91.0
-7.0
-226.0
-178.0
51.0
-19.0
-108.0
55.0
-76.0
10.0
-18.0
30.0
30.0
-1.0
37.0
20.0
79.0
121.0
61.0
55.0
-3.0
-24.0
-91.0
-44.0
-19.0
-28.0
-24.0
7.0
-13.0
4.0
30.0
20.0
2.0
-81.0
52.0
31.0
24.0
-24.0
35.0
-7.0
23.0
-2.0
-2.0
-18.0
-5.0
59.0
-5.0
17.0
33.0
51.0
9.0
35.0
15.0
-10.0
-135.0
-40.0
-78.0
-29.0
-64.0
23.0
-103.0
166.0
-4.0
0.0
41.0
185.0
-132.0
-38.0
-82.0
-64.0
63.0
-305.0
-313.0
33.0
313.0
313.0
302.0
274.0
313.0
264.0
308.0
292.0
257.0
306.0
186.0
-16.0
-3.0
-87.0
-58.0
64.0
-224.0
-188.0
-128.0
-55.0
-149.0
-95.0
-92.0
-132.0
-190.0
-112.0
-177.0
-180.0
-126.0
-98.0
-124.0
-24.0
-74.0
-110.0
-105.0
-131.0
-66.0
-114.0
-83.0
-123.0
-313.0
-313.0
-313.0
-279.0
-218.0
181.0
214.0
232.0
163.0
103.0
105.0
206.0
33.0
19.0
40.0
-32.0
3.0
88.0
-14.0
5.0
-95.0
-178.0
0.0
54.0
-24.0
-91.0
-13.0
-18.0
150.0
-89.0
71.0
25.0
-13.0
56.0
10.0
67.0
70.0
68.0
170.0
141.0
171.0
2.0
135.0
132.0
-7.0
-15.0
-107.0
-82.0
-121.0
-59.0
32.0
36.0
65.0
104.0
110.0
58.0
52.0
-34.0
56.0
22.0
-43.0
-92.0
2.0
5.0
-46.0
-15.0
9.0
-33.0
41.0
-79.0
-51.0
23.0
-9.0
17.0
-4.0
-35.0
-22.0
9.0
-28.0
-134.0
-20.0
-135.0
104.0
-42.0
43.0
9.0
-40.0
32.0
24.0
-29.0
11.0
-61.0
20.0
42.0
-23.0
112.0
102.0
23.0
57.0
45.0
-33.0
-38.0
-36.0
-16.0
20.0
-112.0
44.0
95.0
41.0
26.0
64.0
-49.0
-47.0
-104.0
-56.0
-134.0
-53.0
-25.0
70.0
-28.0
-11.0
-27.0
-133.0
-27.0
-9.0
-89.0
-52.0
-20.0
-63.0
88.0
-2.0
26.0
-10.0
-72.0
-58.0
-76.0
107.0
41.0
9.0
4.0
-16.0
29.0
-77.0
-64.0
40.0
-39.0
-58.0
-37.0
2.0
45.0
25.0
47.0
-40.0
-18.0
150.0
37.0
-26.0
109.0
39.0
6.0
53.0
3.0
-5.0
-21.0
-60.0
-4.0
58.0
30.0
40.0
0.0
-50.0
-150.0
-244.0
-266.0
-288.0
-26.0
40.0
49.0
72.0
80.0
105.0
92.0
127.0
102.0
91.0
114.0
146.0
86.0
52.0
38.0
12.0
69.0
21.0
33.0
14.0
4.0
-47.0
-30.0
28.0
-44.0
-10.0
-70.0
-98.0
-120.0
-61.0
-20.0
-107.0
-121.0
-20.0
-11.0
-49.0
-72.0
-88.0
-68.0
-50.0
-23.0
8.0
-36.0
-50.0
-11.0
-59.0
-47.0
-13.0
-32.0
-46.0
-54.0
-14.0
-27.0
-6.0
-49.0
-30.0
-70.0
-43.0
-62.0
-42.0
17.0
0.0
-57.0
-25.0
-42.0
-18.0
22.0
-56.0
26.0
-22.0
24.0
-8.0
-26.0
12.0
-1.0
-22.0
-4.0
59.0
-68.0
25.0
42.0
31.0
-2.0
-3.0
-5.0
-29.0
17.0
48.0
7.0
26.0
9.0
28.0
-29.0
52.0
29.0
64.0
52.0
-31.0
11.0
22.0
-8.0
11.0
20.0
5.0
6.0
15.0
7.0
39.0
4.0
10.0
6.0
-28.0
23.0
-32.0
-50.0
-16.0
-20.0
-49.0
